date	open	high	low	close
736593.000000	82600.000000	82950.000000	82600.000000	82940.000000
736595.000000	83120.000000	85070.000000	83120.000000	84490.000000
736596.000000	84950.000000	85170.000000	84190.000000	85170.000000
736599.000000	84970.000000	85410.000000	83700.000000	84250.000000
736600.000000	84320.000000	85350.000000	82910.000000	85350.000000
736601.000000	84520.000000	85330.000000	84230.000000	84890.000000
736602.000000	84680.000000	86300.000000	84460.000000	84460.000000
736603.000000	84570.000000	85640.000000	83370.000000	84030.000000
736613.000000	83740.000000	84570.000000	83210.000000	84480.000000
736614.000000	84550.000000	85700.000000	84550.000000	85700.000000
736615.000000	85260.000000	85800.000000	84630.000000	85070.000000
736616.000000	85410.000000	85620.000000	83610.000000	84000.000000
736617.000000	83940.000000	84820.000000	83400.000000	84500.000000
736620.000000	84340.000000	85200.000000	84340.000000	84640.000000
736621.000000	84760.000000	84760.000000	83790.000000	84570.000000
736622.000000	84710.000000	85000.000000	83370.000000	83730.000000
736623.000000	83440.000000	84000.000000	82690.000000	83590.000000
736624.000000	83180.000000	83330.000000	82230.000000	82250.000000
736627.000000	82160.000000	83400.000000	81950.000000	83300.000000
736628.000000	83220.000000	84620.000000	83220.000000	84300.000000
736629.000000	84430.000000	85000.000000	83350.000000	83680.000000
736630.000000	83800.000000	84500.000000	83200.000000	83850.000000
736631.000000	84080.000000	85300.000000	84070.000000	85180.000000
736634.000000	85180.000000	86600.000000	84900.000000	86570.000000
736635.000000	86660.000000	87000.000000	85620.000000	86340.000000
736636.000000	86340.000000	87000.000000	84700.000000	84880.000000
736637.000000	85280.000000	86000.000000	85000.000000	85880.000000
736638.000000	86370.000000	86680.000000	85500.000000	85600.000000
736641.000000	85620.000000	91170.000000	85500.000000	90700.000000
736642.000000	91090.000000	93610.000000	89900.000000	92900.000000
736643.000000	92510.000000	94300.000000	91130.000000	93490.000000
736644.000000	94650.000000	98780.000000	94200.000000	98780.000000
736645.000000	98420.000000	100070.000000	95600.000000	99050.000000
736648.000000	98990.000000	102500.000000	92010.000000	94510.000000
736649.000000	94850.000000	97000.000000	92340.000000	93500.000000
736650.000000	93600.000000	95690.000000	93560.000000	95510.000000
736651.000000	94510.000000	95260.000000	93800.000000	94130.000000
736652.000000	94990.000000	94990.000000	92810.000000	93710.000000
736655.000000	93820.000000	94770.000000	91210.000000	94200.000000
736656.000000	94650.000000	97470.000000	93890.000000	96330.000000
736657.000000	95810.000000	96440.000000	95250.000000	95900.000000
736658.000000	95340.000000	99980.000000	95340.000000	97700.000000
736659.000000	97770.000000	99300.000000	96750.000000	98200.000000
736662.000000	97920.000000	100840.000000	97100.000000	100510.000000
736663.000000	100000.000000	101600.000000	95790.000000	96170.000000
736664.000000	96580.000000	96580.000000	91700.000000	92760.000000
736665.000000	94010.000000	95500.000000	93050.000000	94590.000000
736666.000000	94550.000000	94940.000000	92890.000000	93900.000000
736669.000000	93900.000000	97500.000000	93750.000000	96780.000000
736670.000000	97510.000000	98120.000000	96000.000000	96620.000000
736671.000000	96620.000000	98480.000000	96220.000000	98100.000000
736672.000000	98060.000000	98500.000000	95430.000000	96260.000000
736673.000000	96260.000000	96990.000000	94200.000000	96400.000000
736676.000000	96400.000000	99200.000000	95700.000000	95890.000000
736677.000000	95900.000000	97360.000000	95650.000000	97350.000000
736678.000000	97420.000000	98070.000000	95000.000000	97720.000000
736679.000000	97720.000000	98390.000000	95840.000000	97450.000000
736680.000000	96870.000000	97890.000000	96050.000000	96590.000000
736683.000000	96190.000000	96670.000000	94700.000000	94780.000000
736684.000000	94550.000000	94550.000000	92250.000000	93960.000000
736685.000000	93960.000000	94680.000000	93500.000000	93960.000000
736686.000000	93880.000000	94070.000000	91090.000000	91400.000000
736687.000000	91330.000000	92650.000000	91010.000000	91550.000000
736690.000000	91010.000000	91750.000000	85390.000000	85600.000000
736691.000000	85550.000000	87220.000000	85190.000000	86920.000000
736692.000000	86720.000000	88810.000000	86680.000000	87250.000000
736693.000000	87390.000000	87960.000000	86320.000000	87770.000000
736694.000000	87300.000000	87800.000000	86330.000000	86920.000000
736698.000000	87490.000000	88420.000000	86880.000000	87420.000000
736699.000000	87540.000000	87870.000000	84880.000000	86600.000000
736700.000000	86400.000000	87560.000000	86100.000000	86660.000000
736701.000000	86660.000000	87270.000000	86000.000000	86230.000000
736704.000000	86340.000000	88080.000000	86340.000000	87850.000000
736705.000000	86980.000000	89250.000000	86980.000000	88620.000000
736706.000000	88710.000000	89790.000000	88710.000000	89190.000000
736707.000000	88940.000000	89610.000000	86760.000000	87190.000000
736708.000000	85490.000000	87870.000000	85070.000000	86990.000000
736711.000000	86720.000000	89060.000000	86600.000000	87970.000000
736712.000000	88000.000000	88610.000000	85520.000000	86590.000000
736713.000000	86980.000000	87500.000000	85900.000000	86410.000000
736714.000000	86570.000000	86860.000000	86000.000000	86400.000000
736715.000000	86150.000000	86300.000000	83250.000000	83290.000000
736718.000000	83450.000000	84800.000000	83310.000000	84120.000000
736719.000000	83970.000000	84380.000000	83340.000000	83970.000000
736720.000000	84020.000000	84250.000000	82900.000000	83060.000000
736721.000000	82870.000000	84640.000000	82660.000000	83960.000000
736729.000000	87010.000000	87900.000000	85050.000000	86160.000000
736732.000000	86470.000000	88050.000000	86350.000000	87790.000000
736733.000000	87950.000000	88320.000000	87300.000000	87760.000000
736734.000000	87910.000000	88730.000000	87420.000000	88460.000000
736735.000000	88820.000000	88970.000000	88100.000000	88240.000000
736736.000000	88560.000000	88600.000000	87450.000000	88380.000000
736739.000000	88550.000000	91200.000000	88550.000000	90840.000000
736740.000000	91140.000000	91870.000000	90360.000000	91840.000000
736741.000000	92030.000000	92470.000000	90150.000000	91410.000000
736742.000000	91400.000000	93710.000000	90510.000000	92110.000000
736743.000000	92120.000000	93400.000000	91300.000000	92300.000000
736746.000000	92470.000000	93500.000000	91700.000000	93260.000000
736747.000000	93330.000000	94110.000000	92810.000000	93150.000000
736748.000000	93180.000000	93430.000000	90790.000000	91390.000000
736749.000000	91270.000000	92180.000000	89810.000000	90280.000000
736750.000000	90610.000000	90990.000000	89110.000000	90900.000000
736753.000000	90730.000000	93240.000000	90300.000000	92520.000000
736754.000000	92630.000000	93200.000000	92100.000000	92400.000000
736755.000000	92600.000000	93120.000000	90900.000000	92850.000000
736756.000000	92920.000000	93550.000000	92380.000000	92840.000000
736757.000000	92650.000000	92660.000000	91180.000000	92490.000000
736760.000000	92490.000000	93500.000000	92050.000000	92750.000000
736761.000000	92790.000000	93280.000000	92230.000000	92810.000000
736762.000000	92670.000000	92740.000000	89310.000000	89790.000000
736763.000000	89730.000000	89900.000000	84800.000000	85760.000000
736764.000000	85630.000000	86770.000000	85300.000000	85360.000000
736767.000000	85510.000000	86460.000000	83750.000000	85810.000000
736768.000000	85820.000000	87100.000000	85230.000000	85690.000000
736769.000000	85900.000000	87290.000000	85110.000000	86760.000000
736770.000000	86810.000000	87700.000000	86600.000000	87240.000000
736771.000000	87220.000000	87240.000000	85850.000000	86160.000000
736774.000000	86430.000000	87200.000000	86020.000000	86190.000000
736775.000000	86190.000000	86850.000000	85430.000000	86000.000000
736776.000000	85900.000000	86700.000000	84000.000000	84020.000000
736777.000000	84130.000000	85400.000000	83600.000000	84670.000000
736778.000000	84400.000000	84910.000000	83680.000000	84160.000000
736781.000000	84010.000000	84570.000000	81110.000000	81890.000000
736782.000000	82100.000000	83350.000000	81580.000000	82600.000000
736783.000000	82600.000000	84500.000000	82310.000000	84250.000000
736784.000000	84050.000000	85060.000000	83660.000000	84050.000000
736785.000000	84250.000000	85370.000000	84060.000000	84860.000000
736790.000000	84600.000000	86470.000000	84500.000000	86000.000000
736791.000000	86250.000000	86800.000000	85900.000000	86440.000000
736792.000000	86750.000000	86980.000000	83370.000000	83970.000000
736795.000000	84000.000000	86000.000000	83460.000000	85050.000000
736796.000000	85300.000000	85580.000000	84260.000000	85230.000000
736797.000000	85130.000000	85600.000000	81300.000000	81620.000000
736798.000000	81600.000000	82590.000000	80930.000000	81930.000000
736799.000000	81710.000000	82360.000000	80510.000000	80680.000000
736802.000000	80700.000000	81900.000000	80260.000000	80690.000000
736803.000000	80800.000000	81490.000000	80010.000000	80240.000000
736804.000000	80180.000000	80230.000000	77990.000000	79200.000000
736805.000000	79350.000000	79990.000000	78050.000000	79680.000000
736806.000000	79350.000000	80390.000000	79160.000000	79540.000000
736809.000000	79700.000000	79700.000000	78130.000000	78790.000000
736810.000000	78570.000000	78970.000000	77500.000000	77800.000000
736811.000000	77860.000000	78490.000000	77600.000000	77990.000000
736812.000000	78050.000000	78500.000000	77360.000000	77920.000000
736813.000000	77800.000000	79680.000000	77400.000000	79300.000000
736817.000000	79600.000000	80470.000000	79420.000000	80030.000000
736818.000000	80010.000000	80320.000000	79130.000000	79380.000000
736819.000000	78800.000000	78800.000000	75500.000000	76270.000000
736820.000000	76020.000000	76270.000000	74720.000000	74820.000000
736823.000000	75090.000000	76880.000000	75080.000000	75730.000000
736824.000000	76090.000000	76680.000000	75800.000000	76490.000000
736825.000000	76800.000000	77450.000000	76020.000000	76400.000000
736826.000000	76800.000000	77250.000000	75410.000000	77130.000000
736827.000000	77580.000000	77700.000000	76560.000000	76990.000000
736830.000000	77460.000000	77770.000000	76630.000000	77340.000000
736831.000000	77470.000000	77750.000000	75830.000000	76600.000000
736832.000000	76210.000000	77280.000000	76210.000000	76870.000000
736833.000000	76750.000000	77190.000000	74710.000000	75510.000000
736834.000000	75230.000000	76600.000000	75180.000000	76020.000000
736837.000000	76550.000000	78500.000000	76390.000000	77850.000000
736838.000000	78150.000000	78580.000000	77500.000000	77630.000000
736839.000000	77750.000000	77960.000000	75800.000000	76270.000000
736840.000000	76340.000000	76540.000000	75560.000000	75920.000000
736841.000000	75790.000000	76200.000000	74990.000000	75200.000000
736846.000000	75200.000000	75980.000000	72760.000000	72950.000000
736847.000000	72930.000000	73850.000000	72620.000000	73160.000000
736848.000000	73170.000000	73460.000000	71980.000000	72080.000000
736851.000000	72020.000000	73660.000000	71940.000000	73110.000000
736852.000000	73010.000000	73450.000000	72700.000000	72980.000000
736853.000000	72900.000000	74100.000000	72760.000000	73480.000000
736854.000000	73480.000000	73770.000000	72080.000000	73200.000000
736855.000000	73010.000000	73340.000000	72610.000000	72900.000000
736858.000000	73200.000000	74380.000000	73080.000000	73880.000000
736859.000000	73880.000000	73890.000000	72230.000000	72540.000000
736860.000000	72430.000000	73380.000000	71520.000000	73190.000000
736861.000000	73090.000000	73690.000000	72500.000000	73300.000000
736862.000000	73250.000000	74100.000000	72850.000000	73600.000000
736865.000000	73790.000000	74200.000000	72770.000000	73900.000000
736866.000000	74050.000000	75300.000000	73880.000000	74740.000000
736867.000000	74360.000000	74560.000000	73130.000000	74120.000000
736868.000000	74250.000000	74680.000000	73620.000000	73840.000000
736869.000000	74150.000000	75690.000000	73990.000000	75570.000000
736872.000000	75600.000000	75630.000000	74910.000000	75340.000000
736873.000000	75350.000000	75480.000000	74450.000000	75270.000000
736874.000000	75270.000000	76220.000000	75210.000000	75890.000000
736875.000000	75710.000000	76950.000000	75460.000000	76790.000000
736876.000000	76700.000000	77000.000000	75810.000000	76650.000000
736879.000000	76570.000000	77670.000000	76330.000000	77240.000000
736880.000000	77330.000000	77400.000000	74900.000000	75200.000000
736881.000000	75120.000000	75850.000000	74980.000000	75250.000000
736882.000000	74930.000000	75400.000000	74520.000000	75210.000000
736883.000000	75080.000000	75370.000000	74020.000000	74650.000000
736886.000000	74300.000000	74530.000000	73330.000000	73550.000000
736887.000000	73380.000000	74550.000000	73010.000000	74390.000000
736888.000000	74270.000000	76080.000000	74200.000000	75800.000000
736889.000000	75800.000000	76420.000000	75450.000000	76220.000000
736890.000000	76110.000000	76850.000000	75300.000000	76640.000000
736893.000000	77020.000000	79520.000000	76930.000000	79150.000000
736894.000000	79220.000000	79990.000000	78500.000000	78970.000000
736895.000000	79150.000000	80120.000000	79020.000000	79780.000000
736896.000000	80050.000000	80110.000000	78540.000000	78900.000000
736897.000000	78930.000000	79090.000000	77500.000000	78630.000000
736900.000000	78950.000000	79490.000000	77550.000000	78950.000000
736901.000000	78940.000000	81260.000000	78920.000000	81120.000000
736902.000000	81300.000000	82500.000000	80550.000000	80920.000000
736903.000000	81300.000000	81970.000000	80720.000000	81800.000000
736904.000000	82050.000000	82850.000000	81100.000000	82380.000000
736907.000000	82850.000000	83890.000000	82280.000000	83000.000000
736908.000000	82800.000000	83300.000000	81530.000000	81970.000000
736909.000000	82340.000000	83070.000000	81710.000000	82120.000000
736910.000000	82350.000000	84330.000000	82230.000000	82670.000000
736911.000000	83050.000000	83850.000000	82730.000000	83610.000000
736914.000000	83550.000000	84100.000000	82090.000000	83320.000000
736915.000000	83390.000000	83880.000000	82500.000000	82730.000000
736916.000000	82880.000000	86980.000000	82660.000000	86480.000000
736917.000000	86450.000000	86760.000000	85800.000000	86370.000000
736918.000000	86360.000000	89990.000000	84700.000000	85200.000000
736921.000000	85210.000000	85860.000000	84360.000000	84720.000000
736922.000000	84690.000000	84690.000000	82930.000000	84020.000000
736923.000000	83780.000000	84350.000000	83120.000000	83960.000000
736924.000000	84580.000000	86960.000000	84580.000000	86480.000000
736925.000000	86090.000000	86840.000000	85120.000000	86680.000000
736928.000000	87100.000000	90080.000000	86550.000000	89580.000000
736929.000000	89790.000000	91150.000000	89580.000000	91070.000000
736930.000000	91990.000000	91990.000000	89600.000000	91060.000000
736931.000000	91700.000000	93630.000000	90960.000000	92770.000000
736932.000000	92770.000000	93650.000000	92320.000000	93140.000000
736935.000000	93140.000000	93140.000000	90530.000000	92260.000000
736936.000000	91510.000000	94160.000000	91510.000000	92860.000000
736937.000000	93590.000000	93850.000000	91580.000000	92330.000000
736938.000000	92000.000000	92580.000000	91380.000000	92440.000000
736939.000000	92290.000000	93860.000000	92100.000000	93390.000000
736942.000000	93810.000000	95900.000000	93200.000000	95050.000000
736943.000000	95070.000000	95630.000000	94800.000000	95510.000000
736944.000000	95200.000000	95250.000000	93200.000000	93730.000000
736945.000000	94130.000000	95680.000000	93610.000000	94330.000000
736946.000000	94200.000000	95550.000000	91410.000000	91810.000000
736949.000000	90650.000000	90750.000000	88670.000000	90180.000000
736950.000000	91230.000000	91320.000000	90500.000000	91000.000000
736951.000000	90730.000000	92600.000000	90340.000000	91100.000000
736952.000000	89210.000000	91270.000000	88050.000000	88050.000000
736953.000000	88300.000000	88620.000000	86000.000000	86950.000000
