date	open	high	low	close
736650.000000	44170.000000	45010.000000	44080.000000	45010.000000
736651.000000	44430.000000	44430.000000	43610.000000	44060.000000
736652.000000	44180.000000	44800.000000	44090.000000	44160.000000
736655.000000	45100.000000	45710.000000	45100.000000	45710.000000
736656.000000	46100.000000	46750.000000	45250.000000	46590.000000
736657.000000	46220.000000	46620.000000	45570.000000	46340.000000
736658.000000	46300.000000	49120.000000	46300.000000	48630.000000
736659.000000	49200.000000	49250.000000	48080.000000	48600.000000
736662.000000	48430.000000	50190.000000	48430.000000	50140.000000
736663.000000	49720.000000	49900.000000	47570.000000	47960.000000
736664.000000	47740.000000	47740.000000	46200.000000	46680.000000
736665.000000	47190.000000	48020.000000	47120.000000	48020.000000
736666.000000	47700.000000	47840.000000	46900.000000	47240.000000
736669.000000	47510.000000	49790.000000	47120.000000	48430.000000
736670.000000	48540.000000	50360.000000	48510.000000	49020.000000
736671.000000	49020.000000	49370.000000	48810.000000	49370.000000
736672.000000	49140.000000	49140.000000	48200.000000	48520.000000
736673.000000	48040.000000	48560.000000	47870.000000	48560.000000
736676.000000	48690.000000	49540.000000	48630.000000	49130.000000
736677.000000	48440.000000	48440.000000	47760.000000	48200.000000
736678.000000	48080.000000	48080.000000	47240.000000	47740.000000
736679.000000	47550.000000	48050.000000	47400.000000	47930.000000
736680.000000	47410.000000	48150.000000	47280.000000	47560.000000
736683.000000	47350.000000	47470.000000	46800.000000	46800.000000
736684.000000	46460.000000	46460.000000	45620.000000	46100.000000
736685.000000	46320.000000	46650.000000	46080.000000	46460.000000
736686.000000	46420.000000	46590.000000	45700.000000	45740.000000
736687.000000	45560.000000	46370.000000	45240.000000	46230.000000
736690.000000	46230.000000	46230.000000	44920.000000	45500.000000
736691.000000	45640.000000	46070.000000	45350.000000	46070.000000
736692.000000	45950.000000	47300.000000	45950.000000	46860.000000
736693.000000	46510.000000	47300.000000	46510.000000	47260.000000
736694.000000	46910.000000	47000.000000	46440.000000	46830.000000
736698.000000	47630.000000	47980.000000	47200.000000	47210.000000
736699.000000	47420.000000	47580.000000	46280.000000	47100.000000
736700.000000	46920.000000	47690.000000	46910.000000	47210.000000
736701.000000	47020.000000	47190.000000	46460.000000	46510.000000
736704.000000	46620.000000	46910.000000	46390.000000	46750.000000
736705.000000	46590.000000	47200.000000	46500.000000	47190.000000
736706.000000	47460.000000	48590.000000	47460.000000	48190.000000
736707.000000	48000.000000	48350.000000	47940.000000	48050.000000
736708.000000	48490.000000	48920.000000	48200.000000	48200.000000
736711.000000	48200.000000	49360.000000	48200.000000	49050.000000
736712.000000	48940.000000	48990.000000	47700.000000	47860.000000
736713.000000	47980.000000	48030.000000	45040.000000	47040.000000
736714.000000	47040.000000	47380.000000	46720.000000	47220.000000
736715.000000	47020.000000	47050.000000	46450.000000	46470.000000
736718.000000	46730.000000	47570.000000	46590.000000	47240.000000
736719.000000	46950.000000	47510.000000	46900.000000	47510.000000
736720.000000	47950.000000	48920.000000	47850.000000	48440.000000
736721.000000	48210.000000	48850.000000	48190.000000	48810.000000
736729.000000	47900.000000	48120.000000	47370.000000	47500.000000
736732.000000	47610.000000	47620.000000	47150.000000	47300.000000
736733.000000	47550.000000	47710.000000	47480.000000	47700.000000
736734.000000	47450.000000	48540.000000	47450.000000	48270.000000
736735.000000	48470.000000	48760.000000	48160.000000	48360.000000
736736.000000	48250.000000	48880.000000	48090.000000	48660.000000
736739.000000	48720.000000	51900.000000	48720.000000	51190.000000
736740.000000	51000.000000	51100.000000	50630.000000	50750.000000
736741.000000	50920.000000	50950.000000	49400.000000	49700.000000
736742.000000	49470.000000	50100.000000	49400.000000	49400.000000
736743.000000	49180.000000	49580.000000	49180.000000	49430.000000
736746.000000	49100.000000	49690.000000	48900.000000	49670.000000
736747.000000	49820.000000	50110.000000	49730.000000	49800.000000
736748.000000	49710.000000	49710.000000	49450.000000	49560.000000
736749.000000	49520.000000	49520.000000	49160.000000	49210.000000
736750.000000	49500.000000	49500.000000	47920.000000	48730.000000
736753.000000	48760.000000	49150.000000	48460.000000	48640.000000
736754.000000	49010.000000	49050.000000	48600.000000	48700.000000
736755.000000	48820.000000	49700.000000	48690.000000	49540.000000
736756.000000	49880.000000	49990.000000	49460.000000	49530.000000
736757.000000	49190.000000	49280.000000	48850.000000	49200.000000
736760.000000	49160.000000	49410.000000	48770.000000	48770.000000
736761.000000	48680.000000	48750.000000	48390.000000	48680.000000
736762.000000	48400.000000	48400.000000	47990.000000	48240.000000
736763.000000	48180.000000	48180.000000	47260.000000	47280.000000
736764.000000	46920.000000	47550.000000	46890.000000	47440.000000
736767.000000	47690.000000	48170.000000	47300.000000	48170.000000
736768.000000	48200.000000	48250.000000	48030.000000	48060.000000
736769.000000	47950.000000	48590.000000	47690.000000	48500.000000
736770.000000	48780.000000	49000.000000	48630.000000	48920.000000
736771.000000	48910.000000	48910.000000	48510.000000	48510.000000
736774.000000	48810.000000	49270.000000	48710.000000	48710.000000
736775.000000	48920.000000	48930.000000	47930.000000	48150.000000
736776.000000	48070.000000	48120.000000	47280.000000	47500.000000
736777.000000	47520.000000	48050.000000	47460.000000	47970.000000
736778.000000	47950.000000	47950.000000	47750.000000	47890.000000
736781.000000	47890.000000	48000.000000	46970.000000	47130.000000
736782.000000	46970.000000	47770.000000	46530.000000	47560.000000
736783.000000	47790.000000	48390.000000	47660.000000	48300.000000
736784.000000	48410.000000	48810.000000	48070.000000	48190.000000
736785.000000	48500.000000	49370.000000	48480.000000	48670.000000
736790.000000	48000.000000	48490.000000	47980.000000	48380.000000
736791.000000	48750.000000	49300.000000	48690.000000	48790.000000
736792.000000	48840.000000	49070.000000	47900.000000	47900.000000
736795.000000	47830.000000	48260.000000	47750.000000	48040.000000
736796.000000	47900.000000	47900.000000	47390.000000	47410.000000
736797.000000	47490.000000	47750.000000	46950.000000	46950.000000
736798.000000	47020.000000	47250.000000	46420.000000	47170.000000
736799.000000	47000.000000	47160.000000	46620.000000	46910.000000
736802.000000	47090.000000	48320.000000	46840.000000	47100.000000
736803.000000	47350.000000	47550.000000	46380.000000	46400.000000
736804.000000	46530.000000	46650.000000	45760.000000	46390.000000
736805.000000	46350.000000	46590.000000	45370.000000	46010.000000
736806.000000	46290.000000	46530.000000	46020.000000	46400.000000
736809.000000	46300.000000	46450.000000	45960.000000	46420.000000
736810.000000	46230.000000	46730.000000	46110.000000	46510.000000
736811.000000	46730.000000	46940.000000	46560.000000	46820.000000
736812.000000	46880.000000	47000.000000	46810.000000	46890.000000
736813.000000	46900.000000	47020.000000	46510.000000	46730.000000
736817.000000	47440.000000	47570.000000	47240.000000	47290.000000
736818.000000	47340.000000	47410.000000	47040.000000	47090.000000
736819.000000	46310.000000	46480.000000	45640.000000	45770.000000
736820.000000	45560.000000	45760.000000	45280.000000	45540.000000
736823.000000	45700.000000	45950.000000	45040.000000	45040.000000
736824.000000	45020.000000	45320.000000	44840.000000	45180.000000
736825.000000	45330.000000	45660.000000	45210.000000	45290.000000
736826.000000	45490.000000	45670.000000	45130.000000	45660.000000
736827.000000	45880.000000	45920.000000	45300.000000	45390.000000
736830.000000	45490.000000	45870.000000	45370.000000	45840.000000
736831.000000	45980.000000	45980.000000	45500.000000	45590.000000
736832.000000	45770.000000	46040.000000	45720.000000	45810.000000
736833.000000	45570.000000	45850.000000	45380.000000	45520.000000
736834.000000	45110.000000	45730.000000	45100.000000	45720.000000
736837.000000	45910.000000	46480.000000	45910.000000	46210.000000
736838.000000	46330.000000	46530.000000	46220.000000	46220.000000
736839.000000	46520.000000	47010.000000	45930.000000	46170.000000
736840.000000	46340.000000	46440.000000	46180.000000	46330.000000
736841.000000	46390.000000	46680.000000	46250.000000	46360.000000
736846.000000	46110.000000	46210.000000	45590.000000	45650.000000
736847.000000	45750.000000	45910.000000	45480.000000	45720.000000
736848.000000	45820.000000	45920.000000	45660.000000	45720.000000
736851.000000	45230.000000	45780.000000	45230.000000	45650.000000
736852.000000	45530.000000	45690.000000	45260.000000	45290.000000
736853.000000	45130.000000	45610.000000	45030.000000	45230.000000
736854.000000	45290.000000	45670.000000	45200.000000	45660.000000
736855.000000	45890.000000	46310.000000	45860.000000	46230.000000
736858.000000	46580.000000	46960.000000	46470.000000	46740.000000
736859.000000	46650.000000	46690.000000	46160.000000	46190.000000
736860.000000	46070.000000	46330.000000	46000.000000	46280.000000
736861.000000	46190.000000	46240.000000	45740.000000	45970.000000
736862.000000	45910.000000	46120.000000	45750.000000	45830.000000
736865.000000	46000.000000	46110.000000	45800.000000	46020.000000
736866.000000	46200.000000	46420.000000	46120.000000	46210.000000
736867.000000	45960.000000	46000.000000	45760.000000	45900.000000
736868.000000	46120.000000	46590.000000	46110.000000	46170.000000
736869.000000	46280.000000	47100.000000	46270.000000	47100.000000
736872.000000	47010.000000	47200.000000	46740.000000	47190.000000
736873.000000	47040.000000	47090.000000	46800.000000	47050.000000
736874.000000	47010.000000	47350.000000	46960.000000	47260.000000
736875.000000	47220.000000	47990.000000	47150.000000	47890.000000
736876.000000	47900.000000	48170.000000	47700.000000	47880.000000
736879.000000	47860.000000	47920.000000	47670.000000	47840.000000
736880.000000	47730.000000	47790.000000	47200.000000	47270.000000
736881.000000	47370.000000	47620.000000	47360.000000	47410.000000
736882.000000	47120.000000	47200.000000	46960.000000	47190.000000
736883.000000	47170.000000	47370.000000	47040.000000	47360.000000
736886.000000	47160.000000	47280.000000	47000.000000	47020.000000
736887.000000	46900.000000	47420.000000	46840.000000	47300.000000
736888.000000	47150.000000	47750.000000	47100.000000	47580.000000
736889.000000	47660.000000	47800.000000	47420.000000	47640.000000
736890.000000	47680.000000	47700.000000	47210.000000	47400.000000
736893.000000	47400.000000	48170.000000	47400.000000	48000.000000
736894.000000	48180.000000	48290.000000	47820.000000	47920.000000
736895.000000	47980.000000	48190.000000	47920.000000	48180.000000
736896.000000	48100.000000	48140.000000	47820.000000	48030.000000
736897.000000	48050.000000	48320.000000	47650.000000	48190.000000
736900.000000	48390.000000	48410.000000	47950.000000	47970.000000
736901.000000	48130.000000	48920.000000	48030.000000	48810.000000
736902.000000	49100.000000	51080.000000	49100.000000	50360.000000
736903.000000	50300.000000	50710.000000	50200.000000	50310.000000
736904.000000	50470.000000	50710.000000	49830.000000	50200.000000
736907.000000	50310.000000	51150.000000	50220.000000	50990.000000
736908.000000	50680.000000	50760.000000	50410.000000	50490.000000
736909.000000	50450.000000	50660.000000	50120.000000	50330.000000
736910.000000	50340.000000	50760.000000	50150.000000	50180.000000
736911.000000	50370.000000	50800.000000	50270.000000	50580.000000
736914.000000	50580.000000	51270.000000	50330.000000	50620.000000
736915.000000	50620.000000	51310.000000	50530.000000	50610.000000
736916.000000	50610.000000	51620.000000	50610.000000	51460.000000
736917.000000	51450.000000	51520.000000	50800.000000	50910.000000
736918.000000	50890.000000	50890.000000	49900.000000	50100.000000
736921.000000	50350.000000	50650.000000	50150.000000	50250.000000
736922.000000	50340.000000	50550.000000	50240.000000	50510.000000
736923.000000	50450.000000	50570.000000	50030.000000	50330.000000
736924.000000	50750.000000	51840.000000	50710.000000	51600.000000
736925.000000	51250.000000	51410.000000	50800.000000	51170.000000
736928.000000	51180.000000	52040.000000	50760.000000	51790.000000
736929.000000	51800.000000	52500.000000	51510.000000	52360.000000
736930.000000	52400.000000	52480.000000	51440.000000	51700.000000
736931.000000	51650.000000	52280.000000	51500.000000	52010.000000
736932.000000	52010.000000	52960.000000	51930.000000	52890.000000
736935.000000	52950.000000	53110.000000	52160.000000	53070.000000
736936.000000	53080.000000	53190.000000	52550.000000	52830.000000
736937.000000	53010.000000	53100.000000	52620.000000	52820.000000
736938.000000	52610.000000	52970.000000	52470.000000	52900.000000
736939.000000	53100.000000	53100.000000	52640.000000	52890.000000
736942.000000	52630.000000	53490.000000	52560.000000	53250.000000
736943.000000	53150.000000	53830.000000	53110.000000	53740.000000
736944.000000	53490.000000	53600.000000	52730.000000	53290.000000
736945.000000	53130.000000	53400.000000	52720.000000	52790.000000
736946.000000	52780.000000	52910.000000	51650.000000	51740.000000
736949.000000	51700.000000	51830.000000	50910.000000	51530.000000
736950.000000	51760.000000	51950.000000	51420.000000	51700.000000
736951.000000	51120.000000	51510.000000	50980.000000	51000.000000
736952.000000	50640.000000	50850.000000	50370.000000	50380.000000
736953.000000	50380.000000	50620.000000	50170.000000	50380.000000
736956.000000	50240.000000	50790.000000	49860.000000	50700.000000
736957.000000	50650.000000	50910.000000	50460.000000	50730.000000
736958.000000	50710.000000	50990.000000	50550.000000	50810.000000
736959.000000	50770.000000	50850.000000	49940.000000	50160.000000
736960.000000	50260.000000	50470.000000	49340.000000	49630.000000
736963.000000	49840.000000	50510.000000	49820.000000	50260.000000
736964.000000	50210.000000	50820.000000	50170.000000	50640.000000
736965.000000	50460.000000	50680.000000	50080.000000	50540.000000
736966.000000	50590.000000	50700.000000	50060.000000	50620.000000
736967.000000	50770.000000	51850.000000	50620.000000	51840.000000
736977.000000	52100.000000	52400.000000	51920.000000	52110.000000
736978.000000	52020.000000	52310.000000	51800.000000	51900.000000
736979.000000	51940.000000	52540.000000	51760.000000	52470.000000
736980.000000	52440.000000	53440.000000	52260.000000	53320.000000
736981.000000	53450.000000	53760.000000	53260.000000	53550.000000
736984.000000	53560.000000	55340.000000	53210.000000	55060.000000
736985.000000	55080.000000	55830.000000	54460.000000	55160.000000
736986.000000	55200.000000	55340.000000	54560.000000	55000.000000
736987.000000	54950.000000	55280.000000	54530.000000	54700.000000
736988.000000	54500.000000	55470.000000	54230.000000	55180.000000
736991.000000	55180.000000	55220.000000	54180.000000	54500.000000
736992.000000	54610.000000	55900.000000	54610.000000	55600.000000
736993.000000	55630.000000	55680.000000	54440.000000	54750.000000
736994.000000	54910.000000	55320.000000	54800.000000	54870.000000
736995.000000	54760.000000	54970.000000	53950.000000	54100.000000
736998.000000	53800.000000	53890.000000	53370.000000	53690.000000
736999.000000	53690.000000	54260.000000	53470.000000	53880.000000
737000.000000	53600.000000	54920.000000	53520.000000	54500.000000
737001.000000	54440.000000	54440.000000	53900.000000	54060.000000
737002.000000	53860.000000	54740.000000	53860.000000	54320.000000
737005.000000	54220.000000	54670.000000	53850.000000	54530.000000
737006.000000	54500.000000	54870.000000	54300.000000	54460.000000
