date	open	high	low	close
736956.000000	182.000000	188.000000	182.000000	188.000000
736957.000000	195.000000	195.500000	185.500000	185.500000
736958.000000	184.000000	184.000000	178.500000	178.500000
736960.000000	185.500000	210.000000	185.500000	210.000000
736966.000000	190.500000	190.500000	190.500000	190.500000
736967.000000	189.000000	189.000000	180.000000	180.000000
736977.000000	198.500000	198.500000	198.500000	198.500000
736980.000000	188.000000	188.000000	188.000000	188.000000
736981.000000	181.000000	224.000000	181.000000	224.000000
736991.000000	195.500000	195.500000	195.500000	195.500000
736992.000000	189.000000	189.000000	189.000000	189.000000
736994.000000	186.000000	188.500000	186.000000	188.500000
736995.000000	166.000000	166.000000	165.000000	165.000000
736998.000000	175.000000	175.000000	172.500000	172.500000
736999.000000	162.500000	163.500000	162.500000	163.500000
737000.000000	166.500000	170.000000	166.500000	170.000000
737001.000000	176.000000	176.000000	176.000000	176.000000
737002.000000	184.500000	185.000000	182.500000	182.500000
737005.000000	172.000000	172.000000	169.000000	171.500000
737006.000000	174.500000	174.500000	174.500000	174.500000
737007.000000	173.500000	173.500000	173.500000	173.500000
737008.000000	177.000000	177.000000	177.000000	177.000000
737009.000000	186.000000	186.000000	165.000000	165.000000
737012.000000	176.500000	176.500000	175.000000	175.000000
737013.000000	164.000000	164.000000	163.500000	163.500000
737015.000000	175.000000	175.000000	174.500000	174.500000
737016.000000	176.500000	176.500000	176.500000	176.500000
737019.000000	198.000000	218.000000	198.000000	218.000000
737020.000000	213.500000	223.000000	207.000000	222.000000
737021.000000	222.500000	222.500000	212.000000	212.000000
737022.000000	227.500000	227.500000	210.500000	210.500000
737026.000000	219.500000	226.000000	209.500000	209.500000
737027.000000	208.000000	214.500000	208.000000	213.500000
737028.000000	206.000000	206.000000	205.000000	205.000000
737029.000000	208.000000	208.000000	196.500000	196.500000
737030.000000	190.500000	190.500000	185.000000	186.500000
737033.000000	190.000000	226.000000	190.000000	225.500000
737034.000000	235.500000	235.500000	228.000000	228.000000
737035.000000	259.000000	268.000000	259.000000	266.500000
737036.000000	261.000000	261.000000	256.000000	256.000000
737037.000000	244.000000	248.000000	233.000000	242.500000
737040.000000	224.500000	225.000000	221.000000	224.500000
737041.000000	227.500000	227.500000	227.500000	227.500000
737042.000000	221.500000	224.500000	218.500000	224.500000
737043.000000	221.000000	224.000000	210.500000	210.500000
737044.000000	208.500000	208.500000	198.000000	199.000000
737047.000000	196.500000	201.500000	196.500000	201.500000
737048.000000	210.000000	210.000000	198.000000	198.000000
737049.000000	204.500000	204.500000	193.000000	193.000000
737050.000000	196.500000	196.500000	182.500000	182.500000
737051.000000	180.000000	181.000000	176.000000	176.000000
737054.000000	186.000000	186.000000	181.000000	181.500000
737055.000000	188.500000	200.000000	188.500000	199.000000
737056.000000	197.500000	204.000000	197.500000	203.000000
737057.000000	191.500000	191.500000	187.000000	187.000000
737058.000000	185.000000	185.000000	159.000000	159.500000
737062.000000	164.000000	167.000000	162.500000	163.500000
737063.000000	173.000000	175.500000	170.000000	170.000000
737064.000000	168.500000	170.000000	165.500000	165.500000
737065.000000	168.000000	172.000000	161.000000	170.000000
737068.000000	172.500000	173.500000	166.000000	166.000000
737069.000000	169.500000	175.500000	169.500000	172.000000
737070.000000	169.500000	169.500000	166.500000	166.500000
737071.000000	167.500000	167.500000	152.500000	155.000000
737072.000000	148.000000	148.000000	138.500000	138.500000
737075.000000	130.000000	154.500000	130.000000	152.500000
737076.000000	153.000000	156.000000	146.500000	149.500000
737077.000000	152.000000	155.500000	152.000000	154.000000
737078.000000	158.500000	158.500000	148.000000	154.000000
737079.000000	157.000000	159.500000	157.000000	157.000000
737082.000000	159.500000	166.500000	158.500000	165.500000
737083.000000	161.000000	163.000000	161.000000	163.000000
737084.000000	165.000000	168.000000	151.000000	151.000000
737085.000000	152.000000	163.500000	152.000000	160.500000
737086.000000	165.000000	165.000000	154.500000	155.500000
737089.000000	152.000000	183.500000	149.500000	182.000000
737090.000000	178.000000	181.500000	170.000000	177.000000
737091.000000	179.500000	185.500000	174.500000	182.500000
737092.000000	169.500000	170.000000	164.500000	170.000000
737093.000000	159.000000	159.000000	148.500000	154.000000
737096.000000	153.500000	153.500000	148.000000	149.000000
737097.000000	152.000000	152.500000	145.000000	147.000000
737098.000000	162.500000	174.000000	162.500000	169.500000
737099.000000	164.000000	172.000000	160.500000	169.500000
737100.000000	173.000000	173.000000	164.000000	164.000000
737103.000000	174.500000	215.000000	174.500000	215.000000
737104.000000	210.500000	226.500000	208.000000	218.500000
737105.000000	221.000000	230.000000	221.000000	221.500000
737113.000000	282.000000	291.500000	282.000000	291.500000
737114.000000	293.000000	300.000000	293.000000	299.500000
737117.000000	296.500000	307.000000	296.500000	299.000000
737118.000000	321.500000	321.500000	295.500000	295.500000
737119.000000	303.000000	329.000000	303.000000	329.000000
737120.000000	334.000000	335.000000	334.000000	335.000000
737121.000000	444.000000	452.500000	444.000000	451.500000
737124.000000	439.500000	439.500000	418.000000	429.500000
737125.000000	430.500000	442.000000	430.500000	442.000000
737126.000000	435.000000	477.500000	435.000000	475.000000
737127.000000	423.500000	423.500000	423.000000	423.000000
737128.000000	456.500000	457.500000	411.000000	415.000000
737131.000000	380.500000	380.500000	367.000000	367.000000
737132.000000	392.500000	394.500000	382.500000	383.000000
737133.000000	389.500000	389.500000	389.500000	389.500000
737134.000000	380.000000	380.000000	368.500000	368.500000
737135.000000	395.000000	406.500000	393.000000	406.500000
737140.000000	370.500000	371.000000	361.500000	361.500000
737141.000000	383.500000	383.500000	383.500000	383.500000
737142.000000	391.500000	479.500000	391.000000	434.000000
737145.000000	396.500000	471.500000	396.500000	471.500000
737146.000000	450.500000	450.500000	437.000000	437.000000
737147.000000	427.000000	431.500000	423.500000	430.500000
737148.000000	391.000000	391.000000	391.000000	391.000000
737152.000000	528.000000	528.000000	528.000000	528.000000
737153.000000	528.000000	528.500000	506.500000	524.000000
737154.000000	549.000000	580.500000	548.500000	580.500000
737159.000000	735.000000	735.000000	669.500000	718.000000
737160.000000	674.500000	689.000000	619.500000	630.000000
737161.000000	610.000000	613.500000	595.000000	613.500000
737162.000000	604.500000	604.500000	586.500000	586.500000
737163.000000	593.500000	593.500000	593.500000	593.500000
737166.000000	571.000000	571.000000	564.500000	564.500000
737167.000000	564.000000	627.500000	564.000000	627.500000
737168.000000	604.500000	604.500000	576.500000	603.500000
737169.000000	577.000000	584.500000	577.000000	583.000000
737176.000000	567.000000	567.000000	562.500000	562.500000
737177.000000	523.000000	523.000000	523.000000	523.000000
737182.000000	567.000000	598.000000	567.000000	598.000000
737183.000000	577.500000	577.500000	577.500000	577.500000
737184.000000	576.500000	576.500000	576.500000	576.500000
737187.000000	562.000000	562.000000	527.000000	527.000000
737194.000000	418.000000	418.000000	418.000000	418.000000
737196.000000	362.000000	362.000000	313.500000	348.000000
737197.000000	343.000000	373.000000	343.000000	373.000000
737198.000000	306.000000	306.000000	306.000000	306.000000
737201.000000	326.000000	334.000000	326.000000	332.000000
737203.000000	356.500000	356.500000	356.500000	356.500000
737204.000000	393.000000	409.000000	393.000000	409.000000
737205.000000	403.500000	403.500000	390.500000	390.500000
737208.000000	410.500000	410.500000	410.500000	410.500000
737209.000000	433.000000	438.500000	433.000000	438.500000
737210.000000	413.000000	413.000000	413.000000	413.000000
737211.000000	NaN	NaN	NaN	377.000000
