date	open	high	low	close
737076.000000	5482.000000	5482.000000	5260.000000	5278.000000
737077.000000	5278.000000	5290.000000	5248.000000	5256.000000
737078.000000	5242.000000	5278.000000	5242.000000	5268.000000
737079.000000	5252.000000	5252.000000	5208.000000	5220.000000
737082.000000	5230.000000	5272.000000	5220.000000	5250.000000
737083.000000	5264.000000	5276.000000	5232.000000	5254.000000
737084.000000	5274.000000	5286.000000	5270.000000	5282.000000
737085.000000	5298.000000	5306.000000	5272.000000	5296.000000
737086.000000	5298.000000	5330.000000	5286.000000	5320.000000
737089.000000	5334.000000	5370.000000	5334.000000	5356.000000
737090.000000	5352.000000	5352.000000	5278.000000	5286.000000
737091.000000	5296.000000	5308.000000	5276.000000	5300.000000
737092.000000	5282.000000	5282.000000	5226.000000	5240.000000
737093.000000	5250.000000	5258.000000	5194.000000	5196.000000
737096.000000	5194.000000	5208.000000	5152.000000	5188.000000
737097.000000	5188.000000	5216.000000	5162.000000	5186.000000
737098.000000	5182.000000	5226.000000	5178.000000	5200.000000
737099.000000	5180.000000	5206.000000	5158.000000	5198.000000
737100.000000	5218.000000	5230.000000	5192.000000	5192.000000
737103.000000	5210.000000	5240.000000	5180.000000	5224.000000
737104.000000	5220.000000	5244.000000	5212.000000	5228.000000
737105.000000	5228.000000	5230.000000	5176.000000	5194.000000
737113.000000	5218.000000	5230.000000	5208.000000	5218.000000
737114.000000	5226.000000	5280.000000	5224.000000	5280.000000
737117.000000	5286.000000	5304.000000	5260.000000	5288.000000
737118.000000	5290.000000	5302.000000	5260.000000	5264.000000
737119.000000	5264.000000	5288.000000	5248.000000	5288.000000
737120.000000	5298.000000	5302.000000	5262.000000	5282.000000
737121.000000	5262.000000	5306.000000	5222.000000	5240.000000
737124.000000	5252.000000	5256.000000	5210.000000	5242.000000
737125.000000	5268.000000	5268.000000	5220.000000	5232.000000
737126.000000	5242.000000	5252.000000	5200.000000	5208.000000
737127.000000	5198.000000	5202.000000	5154.000000	5170.000000
737128.000000	5154.000000	5182.000000	5092.000000	5096.000000
737131.000000	5100.000000	5126.000000	5082.000000	5088.000000
737132.000000	5088.000000	5132.000000	5052.000000	5126.000000
737133.000000	5138.000000	5162.000000	5124.000000	5134.000000
737134.000000	5138.000000	5150.000000	5112.000000	5128.000000
737135.000000	5130.000000	5160.000000	5126.000000	5136.000000
737138.000000	5122.000000	5138.000000	5098.000000	5132.000000
737139.000000	5138.000000	5142.000000	5090.000000	5128.000000
737140.000000	5112.000000	5148.000000	5092.000000	5104.000000
737141.000000	5114.000000	5146.000000	5096.000000	5130.000000
737142.000000	5132.000000	5152.000000	5102.000000	5118.000000
737145.000000	5114.000000	5120.000000	5000.000000	5108.000000
737146.000000	5110.000000	5130.000000	4826.000000	5090.000000
737147.000000	5090.000000	5100.000000	5068.000000	5090.000000
737148.000000	5098.000000	5098.000000	5022.000000	5036.000000
737149.000000	5030.000000	5106.000000	5002.000000	5088.000000
737152.000000	5088.000000	5144.000000	5076.000000	5142.000000
737153.000000	5148.000000	5166.000000	5106.000000	5122.000000
737154.000000	5118.000000	5162.000000	5102.000000	5152.000000
737159.000000	5220.000000	5342.000000	5170.000000	5178.000000
737160.000000	5178.000000	5210.000000	5148.000000	5160.000000
737161.000000	5158.000000	5170.000000	5126.000000	5138.000000
737162.000000	5140.000000	5156.000000	5070.000000	5070.000000
737163.000000	5088.000000	5114.000000	5074.000000	5100.000000
737166.000000	5096.000000	5108.000000	5050.000000	5054.000000
737167.000000	5042.000000	5048.000000	4994.000000	5022.000000
737168.000000	5032.000000	5048.000000	5016.000000	5032.000000
737169.000000	5054.000000	5060.000000	5034.000000	5052.000000
737170.000000	5050.000000	5076.000000	5034.000000	5040.000000
737173.000000	5050.000000	5072.000000	5036.000000	5050.000000
737174.000000	5042.000000	5044.000000	5008.000000	5012.000000
737175.000000	5016.000000	5036.000000	5000.000000	5014.000000
737176.000000	5012.000000	5026.000000	4980.000000	5006.000000
737177.000000	5000.000000	5016.000000	4992.000000	5014.000000
737182.000000	4992.000000	5016.000000	4972.000000	5008.000000
737183.000000	5000.000000	5026.000000	4996.000000	5006.000000
737184.000000	4988.000000	4992.000000	4964.000000	4982.000000
737187.000000	4980.000000	5018.000000	4980.000000	5008.000000
737188.000000	5014.000000	5026.000000	4996.000000	5012.000000
737189.000000	5010.000000	5074.000000	5008.000000	5060.000000
737190.000000	5052.000000	5128.000000	5052.000000	5112.000000
737191.000000	5124.000000	5134.000000	5098.000000	5116.000000
737194.000000	5120.000000	5140.000000	5084.000000	5096.000000
737195.000000	5102.000000	5130.000000	5090.000000	5100.000000
737196.000000	5102.000000	5118.000000	5072.000000	5090.000000
737197.000000	5086.000000	5104.000000	5056.000000	5100.000000
737198.000000	5106.000000	5204.000000	5106.000000	5166.000000
737201.000000	5166.000000	5250.000000	5156.000000	5174.000000
737202.000000	5176.000000	5220.000000	5172.000000	5204.000000
737203.000000	5224.000000	5236.000000	5182.000000	5194.000000
737204.000000	5198.000000	5240.000000	5182.000000	5234.000000
737205.000000	5242.000000	5268.000000	5170.000000	5172.000000
737208.000000	5172.000000	5178.000000	5108.000000	5108.000000
737209.000000	5106.000000	5162.000000	5106.000000	5156.000000
737210.000000	5150.000000	5248.000000	5120.000000	5166.000000
737211.000000	5178.000000	5220.000000	5156.000000	5172.000000
737212.000000	5170.000000	5200.000000	5148.000000	5192.000000
737215.000000	5180.000000	5256.000000	5180.000000	5190.000000
737216.000000	5188.000000	5190.000000	5092.000000	5140.000000
737217.000000	5144.000000	5146.000000	5114.000000	5122.000000
737218.000000	5106.000000	5130.000000	5096.000000	5108.000000
737219.000000	5110.000000	5120.000000	5062.000000	5064.000000
737222.000000	5072.000000	5084.000000	5052.000000	5054.000000
737223.000000	5052.000000	5080.000000	5026.000000	5032.000000
737224.000000	5020.000000	5024.000000	4948.000000	4966.000000
737225.000000	4974.000000	4988.000000	4960.000000	4980.000000
737226.000000	4996.000000	5006.000000	4972.000000	4980.000000
737230.000000	4980.000000	5042.000000	4738.000000	4756.000000
737231.000000	4770.000000	4790.000000	4734.000000	4778.000000
737232.000000	4786.000000	4824.000000	4780.000000	4802.000000
737233.000000	4806.000000	4834.000000	4784.000000	4824.000000
737236.000000	4842.000000	4868.000000	4832.000000	4854.000000
737237.000000	4860.000000	4878.000000	4788.000000	4858.000000
737238.000000	4858.000000	4904.000000	4854.000000	4892.000000
737239.000000	4912.000000	4936.000000	4882.000000	4922.000000
737240.000000	4936.000000	4970.000000	4930.000000	4942.000000
737243.000000	4942.000000	4974.000000	4916.000000	4946.000000
737244.000000	4950.000000	4964.000000	4910.000000	4932.000000
737245.000000	4932.000000	4940.000000	4892.000000	4892.000000
737246.000000	4886.000000	4916.000000	4860.000000	4898.000000
737247.000000	4912.000000	4932.000000	4854.000000	4898.000000
737250.000000	4890.000000	4920.000000	4868.000000	4878.000000
737251.000000	4868.000000	4886.000000	4788.000000	4804.000000
737252.000000	4814.000000	4830.000000	4750.000000	4764.000000
737253.000000	4740.000000	4768.000000	4718.000000	4752.000000
737254.000000	4732.000000	4744.000000	4704.000000	4706.000000
737257.000000	4686.000000	4742.000000	4666.000000	4734.000000
737258.000000	4718.000000	4756.000000	4714.000000	4722.000000
737259.000000	4728.000000	4760.000000	4720.000000	4754.000000
737260.000000	4770.000000	4796.000000	4760.000000	4774.000000
737261.000000	4774.000000	4788.000000	4734.000000	4736.000000
737264.000000	4748.000000	4802.000000	4738.000000	4760.000000
737265.000000	4750.000000	4780.000000	4734.000000	4780.000000
737266.000000	4770.000000	4786.000000	4764.000000	4772.000000
737267.000000	4774.000000	4810.000000	4766.000000	4802.000000
737268.000000	4810.000000	4850.000000	4792.000000	4850.000000
737271.000000	4832.000000	4866.000000	4830.000000	4852.000000
737272.000000	4850.000000	4868.000000	4818.000000	4842.000000
737273.000000	4850.000000	4884.000000	4840.000000	4868.000000
737274.000000	4888.000000	4938.000000	4874.000000	4908.000000
737275.000000	4888.000000	4918.000000	4852.000000	4870.000000
737278.000000	4876.000000	4918.000000	4856.000000	4894.000000
737279.000000	4894.000000	4920.000000	4878.000000	4912.000000
737280.000000	4926.000000	4942.000000	4906.000000	4928.000000
737281.000000	4940.000000	4970.000000	4924.000000	4948.000000
737282.000000	4950.000000	4992.000000	4924.000000	4970.000000
737285.000000	4968.000000	4978.000000	4850.000000	4922.000000
737286.000000	4908.000000	4932.000000	4886.000000	4890.000000
737287.000000	4900.000000	4932.000000	4888.000000	4900.000000
737288.000000	4884.000000	4898.000000	4800.000000	4868.000000
737289.000000	4890.000000	4954.000000	4862.000000	4922.000000
737292.000000	4928.000000	5006.000000	4908.000000	4944.000000
737293.000000	4948.000000	4956.000000	4906.000000	4948.000000
737294.000000	4940.000000	4984.000000	4934.000000	4954.000000
737295.000000	4958.000000	4986.000000	4922.000000	4932.000000
737296.000000	4926.000000	4962.000000	4904.000000	4918.000000
737299.000000	4920.000000	4924.000000	4832.000000	4840.000000
737300.000000	4846.000000	4900.000000	4844.000000	4900.000000
737301.000000	4906.000000	4910.000000	4852.000000	4858.000000
737302.000000	4876.000000	4894.000000	4842.000000	4892.000000
737303.000000	4898.000000	4922.000000	4866.000000	4868.000000
737306.000000	4868.000000	4894.000000	4822.000000	4894.000000
737307.000000	4900.000000	4962.000000	4894.000000	4950.000000
737308.000000	4960.000000	4968.000000	4930.000000	4936.000000
737309.000000	4938.000000	4950.000000	4922.000000	4946.000000
737310.000000	4946.000000	4972.000000	4872.000000	4900.000000
737313.000000	4896.000000	4938.000000	4868.000000	4928.000000
737314.000000	4928.000000	4944.000000	4896.000000	4922.000000
737315.000000	4922.000000	4936.000000	4876.000000	4882.000000
737316.000000	4872.000000	4938.000000	4850.000000	4872.000000
737317.000000	4872.000000	4890.000000	4832.000000	4858.000000
737320.000000	4850.000000	4886.000000	4836.000000	4852.000000
737321.000000	4852.000000	4864.000000	4772.000000	4776.000000
737322.000000	4766.000000	4792.000000	4724.000000	4732.000000
737323.000000	4724.000000	4732.000000	4670.000000	4684.000000
737324.000000	4688.000000	4702.000000	4644.000000	4652.000000
737328.000000	4694.000000	4708.000000	4678.000000	4690.000000
737329.000000	4706.000000	4744.000000	4700.000000	4736.000000
737330.000000	4732.000000	4746.000000	4692.000000	4732.000000
737331.000000	4702.000000	4732.000000	4670.000000	4698.000000
737341.000000	4750.000000	4768.000000	4732.000000	4750.000000
737342.000000	4742.000000	4818.000000	4738.000000	4806.000000
737343.000000	4808.000000	4818.000000	4778.000000	4806.000000
737344.000000	4798.000000	4800.000000	4682.000000	4718.000000
737345.000000	4720.000000	4800.000000	4720.000000	4798.000000
737348.000000	4802.000000	4838.000000	4794.000000	4808.000000
737349.000000	4806.000000	4826.000000	4776.000000	4786.000000
737350.000000	4784.000000	4820.000000	4780.000000	4808.000000
