date	open	high	low	close
735980.000000	2545.000000	2568.000000	2533.000000	2550.000000
735983.000000	2534.000000	2558.000000	2515.000000	2541.000000
735984.000000	2554.000000	2554.000000	2521.000000	2529.000000
735985.000000	2520.000000	2540.000000	2516.000000	2516.000000
735986.000000	2519.000000	2530.000000	2515.000000	2521.000000
735987.000000	2523.000000	2540.000000	2521.000000	2524.000000
735990.000000	2519.000000	2534.000000	2503.000000	2503.000000
735991.000000	2501.000000	2532.000000	2500.000000	2520.000000
735992.000000	2520.000000	2534.000000	2510.000000	2520.000000
735993.000000	2525.000000	2564.000000	2525.000000	2555.000000
735994.000000	2555.000000	2557.000000	2513.000000	2533.000000
735997.000000	2533.000000	2550.000000	2521.000000	2545.000000
735998.000000	2548.000000	2567.000000	2547.000000	2560.000000
735999.000000	2561.000000	2590.000000	2556.000000	2556.000000
736000.000000	2565.000000	2576.000000	2557.000000	2557.000000
736001.000000	2550.000000	2573.000000	2543.000000	2570.000000
736004.000000	2579.000000	2594.000000	2551.000000	2559.000000
736005.000000	2564.000000	2575.000000	2560.000000	2569.000000
736006.000000	2568.000000	2574.000000	2561.000000	2574.000000
736007.000000	2575.000000	2575.000000	2555.000000	2563.000000
736008.000000	2563.000000	2580.000000	2561.000000	2578.000000
736011.000000	2577.000000	2613.000000	2577.000000	2588.000000
736012.000000	2588.000000	2593.000000	2568.000000	2584.000000
736020.000000	2570.000000	2575.000000	2552.000000	2555.000000
736021.000000	2561.000000	2579.000000	2561.000000	2576.000000
736022.000000	2575.000000	2594.000000	2560.000000	2561.000000
736025.000000	2563.000000	2595.000000	2540.000000	2587.000000
736026.000000	2586.000000	2606.000000	2572.000000	2573.000000
736027.000000	2574.000000	2585.000000	2567.000000	2572.000000
736028.000000	2571.000000	2573.000000	2528.000000	2535.000000
736029.000000	2533.000000	2546.000000	2500.000000	2505.000000
736032.000000	2501.000000	2521.000000	2482.000000	2494.000000
736033.000000	2498.000000	2503.000000	2476.000000	2477.000000
736034.000000	2481.000000	2496.000000	2471.000000	2488.000000
736035.000000	2489.000000	2520.000000	2480.000000	2500.000000
736036.000000	2507.000000	2520.000000	2496.000000	2504.000000
736039.000000	2498.000000	2529.000000	2489.000000	2525.000000
736040.000000	2524.000000	2528.000000	2511.000000	2517.000000
736041.000000	2510.000000	2526.000000	2481.000000	2495.000000
736042.000000	2488.000000	2510.000000	2486.000000	2494.000000
736043.000000	2495.000000	2508.000000	2490.000000	2496.000000
736046.000000	2494.000000	2554.000000	2485.000000	2553.000000
736047.000000	2557.000000	2579.000000	2548.000000	2553.000000
736048.000000	2553.000000	2556.000000	2520.000000	2521.000000
736049.000000	2520.000000	2528.000000	2500.000000	2506.000000
736050.000000	2508.000000	2508.000000	2436.000000	2493.000000
736053.000000	2488.000000	2509.000000	2462.000000	2472.000000
736054.000000	2495.000000	2495.000000	2443.000000	2455.000000
736055.000000	2450.000000	2450.000000	2398.000000	2411.000000
736056.000000	2391.000000	2415.000000	2362.000000	2366.000000
736057.000000	2360.000000	2398.000000	2360.000000	2365.000000
736061.000000	2350.000000	2371.000000	2345.000000	2347.000000
736062.000000	2350.000000	2366.000000	2317.000000	2358.000000
736063.000000	2356.000000	2359.000000	2326.000000	2327.000000
736064.000000	2325.000000	2332.000000	2300.000000	2302.000000
736067.000000	2305.000000	2357.000000	2291.000000	2353.000000
736068.000000	2352.000000	2361.000000	2325.000000	2344.000000
736069.000000	2345.000000	2353.000000	2319.000000	2322.000000
736070.000000	2315.000000	2350.000000	2315.000000	2339.000000
736071.000000	2340.000000	2362.000000	2332.000000	2335.000000
736074.000000	2333.000000	2342.000000	2310.000000	2310.000000
736075.000000	2306.000000	2315.000000	2298.000000	2306.000000
736076.000000	2305.000000	2360.000000	2304.000000	2352.000000
736077.000000	2352.000000	2358.000000	2333.000000	2356.000000
736078.000000	2355.000000	2415.000000	2355.000000	2405.000000
736081.000000	2415.000000	2455.000000	2400.000000	2454.000000
736082.000000	2458.000000	2468.000000	2423.000000	2434.000000
736083.000000	2437.000000	2448.000000	2370.000000	2381.000000
736084.000000	2385.000000	2415.000000	2380.000000	2399.000000
736088.000000	2409.000000	2463.000000	2406.000000	2452.000000
736089.000000	2453.000000	2487.000000	2446.000000	2479.000000
736090.000000	2475.000000	2494.000000	2461.000000	2480.000000
736091.000000	2479.000000	2485.000000	2449.000000	2458.000000
736092.000000	2455.000000	2467.000000	2432.000000	2458.000000
736095.000000	2458.000000	2474.000000	2450.000000	2463.000000
736096.000000	2458.000000	2468.000000	2440.000000	2440.000000
736097.000000	2434.000000	2457.000000	2429.000000	2439.000000
736098.000000	2440.000000	2449.000000	2403.000000	2426.000000
736099.000000	2422.000000	2437.000000	2410.000000	2437.000000
736102.000000	2437.000000	2441.000000	2417.000000	2417.000000
736103.000000	2416.000000	2425.000000	2411.000000	2416.000000
736104.000000	2410.000000	2411.000000	2357.000000	2368.000000
736105.000000	2365.000000	2404.000000	2365.000000	2400.000000
736106.000000	2399.000000	2410.000000	2378.000000	2404.000000
736109.000000	2403.000000	2409.000000	2388.000000	2406.000000
736110.000000	2408.000000	2434.000000	2406.000000	2414.000000
736111.000000	2414.000000	2425.000000	2405.000000	2421.000000
736112.000000	2416.000000	2442.000000	2415.000000	2429.000000
736113.000000	2420.000000	2441.000000	2412.000000	2441.000000
736116.000000	2442.000000	2462.000000	2435.000000	2447.000000
736117.000000	2447.000000	2457.000000	2443.000000	2455.000000
736118.000000	2453.000000	2460.000000	2418.000000	2419.000000
736119.000000	2412.000000	2422.000000	2406.000000	2420.000000
736120.000000	2420.000000	2428.000000	2390.000000	2404.000000
736123.000000	2407.000000	2408.000000	2386.000000	2389.000000
736124.000000	2388.000000	2409.000000	2381.000000	2385.000000
736125.000000	2387.000000	2404.000000	2385.000000	2394.000000
736126.000000	2400.000000	2409.000000	2389.000000	2402.000000
736127.000000	2399.000000	2401.000000	2350.000000	2352.000000
736130.000000	2346.000000	2369.000000	2329.000000	2332.000000
736131.000000	2329.000000	2343.000000	2302.000000	2310.000000
736132.000000	2307.000000	2310.000000	2276.000000	2277.000000
736133.000000	2280.000000	2304.000000	2278.000000	2297.000000
736134.000000	2299.000000	2321.000000	2297.000000	2298.000000
736138.000000	2293.000000	2296.000000	2281.000000	2291.000000
736139.000000	2290.000000	2302.000000	2283.000000	2299.000000
736140.000000	2298.000000	2304.000000	2277.000000	2280.000000
736141.000000	2278.000000	2295.000000	2273.000000	2285.000000
736144.000000	2285.000000	2313.000000	2264.000000	2267.000000
736145.000000	2268.000000	2269.000000	2172.000000	2217.000000
736146.000000	2218.000000	2232.000000	2210.000000	2217.000000
736147.000000	2216.000000	2236.000000	2185.000000	2223.000000
736148.000000	2217.000000	2242.000000	2204.000000	2212.000000
736151.000000	2209.000000	2211.000000	2112.000000	2112.000000
736152.000000	2080.000000	2093.000000	1982.000000	1995.000000
736153.000000	1995.000000	2035.000000	1934.000000	1934.000000
736154.000000	1918.000000	2103.000000	1908.000000	2049.000000
736155.000000	2070.000000	2107.000000	2060.000000	2067.000000
736158.000000	2065.000000	2090.000000	2041.000000	2061.000000
736159.000000	2066.000000	2095.000000	2059.000000	2062.000000
736160.000000	2064.000000	2076.000000	2036.000000	2044.000000
736161.000000	2041.000000	2065.000000	2007.000000	2047.000000
736162.000000	2044.000000	2061.000000	2024.000000	2053.000000
736165.000000	2047.000000	2123.000000	2038.000000	2112.000000
736166.000000	2104.000000	2125.000000	2079.000000	2081.000000
736167.000000	2074.000000	2085.000000	2010.000000	2031.000000
736168.000000	2031.000000	2062.000000	2017.000000	2050.000000
736169.000000	2050.000000	2064.000000	2034.000000	2044.000000
736172.000000	2048.000000	2099.000000	2046.000000	2074.000000
736173.000000	2072.000000	2102.000000	2052.000000	2072.000000
736174.000000	2076.000000	2118.000000	2075.000000	2110.000000
736175.000000	2108.000000	2116.000000	2081.000000	2085.000000
736176.000000	2082.000000	2107.000000	2077.000000	2095.000000
736179.000000	2095.000000	2132.000000	2073.000000	2078.000000
736180.000000	2083.000000	2102.000000	2068.000000	2097.000000
736181.000000	2096.000000	2107.000000	2082.000000	2098.000000
736182.000000	2099.000000	2102.000000	2066.000000	2076.000000
736183.000000	2071.000000	2079.000000	2043.000000	2063.000000
736186.000000	2057.000000	2067.000000	2038.000000	2045.000000
736187.000000	2044.000000	2074.000000	2043.000000	2053.000000
736188.000000	2049.000000	2073.000000	2043.000000	2071.000000
736189.000000	2080.000000	2103.000000	2076.000000	2092.000000
736190.000000	2089.000000	2093.000000	2081.000000	2085.000000
736193.000000	2089.000000	2095.000000	2058.000000	2059.000000
736194.000000	2055.000000	2068.000000	2047.000000	2049.000000
736195.000000	2049.000000	2053.000000	2024.000000	2044.000000
736196.000000	2042.000000	2048.000000	2020.000000	2028.000000
736197.000000	2034.000000	2040.000000	2023.000000	2024.000000
736200.000000	2021.000000	2026.000000	1930.000000	1934.000000
736201.000000	1936.000000	1965.000000	1917.000000	1933.000000
736202.000000	1961.000000	1975.000000	1936.000000	1937.000000
736203.000000	1935.000000	1985.000000	1931.000000	1969.000000
736204.000000	1970.000000	2004.000000	1965.000000	1976.000000
736207.000000	1972.000000	1977.000000	1945.000000	1952.000000
736208.000000	1955.000000	1970.000000	1946.000000	1963.000000
736209.000000	1960.000000	1967.000000	1949.000000	1955.000000
736214.000000	1954.000000	1955.000000	1839.000000	1920.000000
736215.000000	1920.000000	1949.000000	1916.000000	1949.000000
736216.000000	1952.000000	1979.000000	1946.000000	1948.000000
736217.000000	1950.000000	1967.000000	1939.000000	1956.000000
736218.000000	1957.000000	1969.000000	1946.000000	1946.000000
736221.000000	1944.000000	1948.000000	1926.000000	1929.000000
736222.000000	1925.000000	1934.000000	1907.000000	1909.000000
736223.000000	1910.000000	1941.000000	1910.000000	1934.000000
736224.000000	1933.000000	1950.000000	1925.000000	1926.000000
736225.000000	1928.000000	1935.000000	1918.000000	1922.000000
736228.000000	1920.000000	1925.000000	1894.000000	1904.000000
736229.000000	1908.000000	1913.000000	1884.000000	1891.000000
736230.000000	1887.000000	1905.000000	1877.000000	1902.000000
736231.000000	1905.000000	1906.000000	1888.000000	1893.000000
736232.000000	1892.000000	1910.000000	1885.000000	1891.000000
736235.000000	1885.000000	1885.000000	1855.000000	1859.000000
736236.000000	1852.000000	1858.000000	1828.000000	1833.000000
736237.000000	1837.000000	1838.000000	1815.000000	1821.000000
736245.000000	1837.000000	1851.000000	1818.000000	1826.000000
736246.000000	1826.000000	1864.000000	1821.000000	1852.000000
736249.000000	1857.000000	1868.000000	1836.000000	1847.000000
736250.000000	1848.000000	1852.000000	1820.000000	1838.000000
736251.000000	1836.000000	1843.000000	1826.000000	1830.000000
736252.000000	1831.000000	1844.000000	1826.000000	1834.000000
736253.000000	1834.000000	1836.000000	1820.000000	1811.000000
736256.000000	1829.000000	1841.000000	1800.000000	1791.000000
736257.000000	1806.000000	1815.000000	1795.000000	1801.000000
736258.000000	1800.000000	1811.000000	1788.000000	1804.000000
736259.000000	1804.000000	1818.000000	1801.000000	1805.000000
736260.000000	1805.000000	1809.000000	1781.000000	1801.000000
736263.000000	1803.000000	1808.000000	1793.000000	1801.000000
736264.000000	1800.000000	1818.000000	1798.000000	1804.000000
736265.000000	1802.000000	1804.000000	1784.000000	1792.000000
736266.000000	1790.000000	1801.000000	1783.000000	1795.000000
736267.000000	1796.000000	1797.000000	1779.000000	1782.000000
736270.000000	1782.000000	1796.000000	1779.000000	1787.000000
736271.000000	1785.000000	1789.000000	1773.000000	1779.000000
736272.000000	1779.000000	1783.000000	1774.000000	1779.000000
736273.000000	1780.000000	1788.000000	1774.000000	1778.000000
736274.000000	1776.000000	1792.000000	1775.000000	1780.000000
736277.000000	1780.000000	1786.000000	1775.000000	1781.000000
736278.000000	1781.000000	1785.000000	1775.000000	1779.000000
736279.000000	1779.000000	1779.000000	1757.000000	1760.000000
736280.000000	1760.000000	1765.000000	1754.000000	1760.000000
736281.000000	1758.000000	1771.000000	1756.000000	1762.000000
736284.000000	1765.000000	1780.000000	1758.000000	1766.000000
736285.000000	1766.000000	1769.000000	1757.000000	1759.000000
736286.000000	1759.000000	1760.000000	1728.000000	1735.000000
736287.000000	1736.000000	1737.000000	1701.000000	1713.000000
736288.000000	1712.000000	1720.000000	1702.000000	1703.000000
736291.000000	1705.000000	1705.000000	1640.000000	1660.000000
736292.000000	1661.000000	1678.000000	1648.000000	1674.000000
736293.000000	1679.000000	1694.000000	1656.000000	1666.000000
736294.000000	1663.000000	1704.000000	1652.000000	1663.000000
736295.000000	1664.000000	1670.000000	1652.000000	1652.000000
736298.000000	1652.000000	1652.000000	1608.000000	1616.000000
736299.000000	1622.000000	1622.000000	1600.000000	1607.000000
736300.000000	1601.000000	1640.000000	1599.000000	1622.000000
736301.000000	1617.000000	1624.000000	1598.000000	1603.000000
736302.000000	1610.000000	1611.000000	1582.000000	1588.000000
736305.000000	1590.000000	1615.000000	1570.000000	1606.000000
736306.000000	1605.000000	1618.000000	1594.000000	1610.000000
736307.000000	1607.000000	1622.000000	1607.000000	1613.000000
736308.000000	1611.000000	1614.000000	1594.000000	1600.000000
736309.000000	1599.000000	1612.000000	1598.000000	1609.000000
736312.000000	1608.000000	1622.000000	1603.000000	1617.000000
736313.000000	1616.000000	1653.000000	1613.000000	1636.000000
736314.000000	1635.000000	1650.000000	1631.000000	1649.000000
736315.000000	1655.000000	1703.000000	1649.000000	1686.000000
736316.000000	1690.000000	1722.000000	1679.000000	1721.000000
736319.000000	1730.000000	1785.000000	1730.000000	1785.000000
736320.000000	1794.000000	1848.000000	1785.000000	1802.000000
736321.000000	1803.000000	1805.000000	1771.000000	1799.000000
736322.000000	1798.000000	1832.000000	1796.000000	1822.000000
736323.000000	1828.000000	1828.000000	1810.000000	1822.000000
736326.000000	1826.000000	1827.000000	1796.000000	1818.000000
736327.000000	1815.000000	1850.000000	1813.000000	1847.000000
736328.000000	1841.000000	1861.000000	1838.000000	1843.000000
736329.000000	1846.000000	1849.000000	1832.000000	1845.000000
736333.000000	1890.000000	1910.000000	1837.000000	1837.000000
736334.000000	1836.000000	1846.000000	1828.000000	1845.000000
736335.000000	1840.000000	1873.000000	1840.000000	1855.000000
736336.000000	1851.000000	1854.000000	1840.000000	1848.000000
736337.000000	1842.000000	1842.000000	1819.000000	1833.000000
736340.000000	1833.000000	1836.000000	1806.000000	1814.000000
736341.000000	1823.000000	1823.000000	1729.000000	1729.000000
736342.000000	1710.000000	1721.000000	1650.000000	1691.000000
736343.000000	1679.000000	1758.000000	1679.000000	1740.000000
736344.000000	1685.000000	1774.000000	1685.000000	1705.000000
