date	open	high	low	close
736467.000000	2008.000000	2068.000000	2005.000000	2062.000000
736468.000000	2064.000000	2082.000000	2010.000000	2022.000000
736469.000000	2022.000000	2046.000000	1998.000000	2018.000000
736470.000000	2022.000000	2042.000000	2000.000000	2035.000000
736473.000000	2037.000000	2042.000000	1905.000000	1941.000000
736474.000000	1940.000000	1947.000000	1904.000000	1938.000000
736475.000000	1938.000000	1959.000000	1913.000000	1919.000000
736476.000000	1923.000000	1948.000000	1912.000000	1939.000000
736477.000000	1939.000000	2006.000000	1920.000000	1998.000000
736480.000000	1990.000000	2015.000000	1893.000000	1971.000000
736481.000000	1971.000000	2000.000000	1962.000000	1964.000000
736482.000000	1965.000000	1972.000000	1935.000000	1954.000000
736483.000000	1954.000000	1976.000000	1942.000000	1958.000000
736484.000000	1958.000000	1998.000000	1958.000000	1992.000000
736487.000000	1995.000000	2069.000000	1988.000000	2052.000000
736488.000000	2053.000000	2088.000000	2045.000000	2065.000000
736489.000000	2066.000000	2092.000000	2029.000000	2066.000000
736494.000000	2060.000000	2131.000000	2059.000000	2113.000000
736495.000000	2118.000000	2128.000000	2049.000000	2051.000000
736496.000000	2040.000000	2070.000000	2036.000000	2042.000000
736497.000000	2050.000000	2090.000000	2042.000000	2046.000000
736498.000000	2043.000000	2060.000000	2023.000000	2057.000000
736501.000000	2058.000000	2076.000000	2048.000000	2052.000000
736502.000000	2050.000000	2087.000000	2042.000000	2059.000000
736503.000000	2058.000000	2108.000000	2055.000000	2102.000000
736504.000000	2096.000000	2115.000000	2092.000000	2094.000000
736505.000000	2104.000000	2120.000000	2072.000000	2097.000000
736508.000000	2095.000000	2217.000000	2095.000000	2215.000000
736509.000000	2208.000000	2229.000000	2178.000000	2211.000000
736510.000000	2212.000000	2237.000000	2189.000000	2209.000000
736511.000000	2206.000000	2296.000000	2205.000000	2288.000000
736512.000000	2292.000000	2319.000000	2265.000000	2295.000000
736515.000000	2295.000000	2389.000000	2295.000000	2372.000000
736516.000000	2372.000000	2405.000000	2270.000000	2358.000000
736517.000000	2355.000000	2375.000000	2280.000000	2318.000000
736518.000000	2308.000000	2366.000000	2295.000000	2314.000000
736519.000000	2338.000000	2342.000000	2289.000000	2337.000000
736522.000000	2345.000000	2369.000000	2272.000000	2327.000000
736523.000000	2335.000000	2440.000000	2321.000000	2427.000000
736524.000000	2425.000000	2460.000000	2404.000000	2414.000000
736525.000000	2414.000000	2438.000000	2399.000000	2434.000000
736526.000000	2434.000000	2459.000000	2408.000000	2429.000000
736529.000000	2429.000000	2437.000000	2281.000000	2281.000000
736530.000000	2276.000000	2282.000000	2212.000000	2222.000000
736531.000000	2221.000000	2250.000000	2209.000000	2227.000000
736532.000000	2225.000000	2331.000000	2203.000000	2300.000000
736533.000000	2300.000000	2306.000000	2229.000000	2233.000000
736536.000000	2227.000000	2285.000000	2210.000000	2258.000000
736537.000000	2258.000000	2275.000000	2234.000000	2270.000000
736538.000000	2270.000000	2352.000000	2268.000000	2341.000000
736539.000000	2340.000000	2408.000000	2338.000000	2401.000000
736540.000000	2396.000000	2405.000000	2336.000000	2347.000000
736543.000000	2336.000000	2429.000000	2317.000000	2419.000000
736544.000000	2410.000000	2439.000000	2398.000000	2424.000000
736545.000000	2415.000000	2429.000000	2381.000000	2405.000000
736546.000000	2405.000000	2411.000000	2318.000000	2361.000000
736547.000000	2362.000000	2460.000000	2353.000000	2440.000000
736550.000000	2441.000000	2500.000000	2416.000000	2494.000000
736551.000000	2495.000000	2503.000000	2440.000000	2481.000000
736552.000000	2481.000000	2510.000000	2452.000000	2478.000000
736553.000000	2486.000000	2495.000000	2431.000000	2467.000000
736554.000000	2467.000000	2475.000000	2448.000000	2461.000000
736557.000000	2440.000000	2452.000000	2382.000000	2426.000000
736558.000000	2430.000000	2540.000000	2417.000000	2519.000000
736559.000000	2520.000000	2549.000000	2487.000000	2487.000000
736560.000000	2490.000000	2533.000000	2476.000000	2512.000000
736561.000000	2505.000000	2545.000000	2477.000000	2545.000000
736564.000000	2542.000000	2580.000000	2527.000000	2533.000000
736565.000000	2532.000000	2600.000000	2515.000000	2590.000000
736566.000000	2590.000000	2630.000000	2583.000000	2602.000000
736567.000000	2615.000000	2629.000000	2497.000000	2570.000000
736568.000000	2570.000000	2580.000000	2507.000000	2508.000000
736571.000000	2500.000000	2508.000000	2451.000000	2462.000000
736572.000000	2466.000000	2475.000000	2406.000000	2410.000000
736573.000000	2410.000000	2437.000000	2372.000000	2374.000000
736574.000000	2370.000000	2396.000000	2344.000000	2389.000000
736575.000000	2387.000000	2447.000000	2372.000000	2392.000000
736578.000000	2400.000000	2446.000000	2393.000000	2419.000000
736579.000000	2420.000000	2444.000000	2398.000000	2410.000000
736580.000000	2411.000000	2413.000000	2325.000000	2329.000000
736581.000000	2329.000000	2346.000000	2317.000000	2330.000000
736582.000000	2332.000000	2333.000000	2300.000000	2330.000000
736585.000000	2330.000000	2344.000000	2271.000000	2274.000000
736586.000000	2275.000000	2293.000000	2242.000000	2251.000000
736587.000000	2249.000000	2269.000000	2242.000000	2248.000000
736592.000000	2208.000000	2262.000000	2192.000000	2256.000000
736593.000000	2256.000000	2297.000000	2250.000000	2278.000000
736594.000000	2280.000000	2291.000000	2263.000000	2275.000000
736595.000000	2271.000000	2361.000000	2270.000000	2312.000000
736596.000000	2322.000000	2340.000000	2313.000000	2333.000000
736599.000000	2331.000000	2370.000000	2330.000000	2333.000000
736600.000000	2335.000000	2339.000000	2281.000000	2299.000000
736601.000000	2293.000000	2314.000000	2280.000000	2314.000000
736602.000000	2315.000000	2360.000000	2303.000000	2305.000000
736603.000000	2305.000000	2323.000000	2282.000000	2284.000000
736613.000000	2285.000000	2308.000000	2244.000000	2300.000000
736614.000000	2300.000000	2365.000000	2300.000000	2364.000000
736615.000000	2372.000000	2375.000000	2339.000000	2373.000000
736616.000000	2379.000000	2386.000000	2357.000000	2379.000000
736617.000000	2375.000000	2438.000000	2362.000000	2413.000000
736620.000000	2410.000000	2463.000000	2406.000000	2441.000000
736621.000000	2440.000000	2446.000000	2410.000000	2437.000000
736622.000000	2441.000000	2509.000000	2413.000000	2429.000000
736623.000000	2425.000000	2478.000000	2425.000000	2469.000000
736624.000000	2471.000000	2483.000000	2407.000000	2453.000000
736627.000000	2450.000000	2471.000000	2413.000000	2466.000000
736628.000000	2470.000000	2577.000000	2465.000000	2557.000000
736629.000000	2563.000000	2588.000000	2513.000000	2533.000000
736630.000000	2537.000000	2560.000000	2499.000000	2525.000000
736631.000000	2525.000000	2594.000000	2519.000000	2593.000000
736634.000000	2595.000000	2630.000000	2570.000000	2629.000000
736635.000000	2630.000000	2653.000000	2592.000000	2633.000000
736636.000000	2631.000000	2670.000000	2603.000000	2618.000000
736637.000000	2619.000000	2672.000000	2609.000000	2671.000000
736638.000000	2675.000000	2724.000000	2672.000000	2682.000000
736641.000000	2696.000000	2854.000000	2670.000000	2838.000000
736642.000000	2842.000000	2878.000000	2747.000000	2789.000000
736643.000000	2793.000000	2989.000000	2765.000000	2989.000000
736644.000000	2997.000000	3094.000000	2950.000000	3005.000000
736645.000000	3010.000000	3158.000000	2994.000000	3143.000000
736648.000000	3157.000000	3234.000000	2933.000000	2979.000000
736649.000000	2976.000000	3035.000000	2878.000000	2878.000000
736650.000000	2839.000000	2866.000000	2749.000000	2850.000000
736651.000000	2848.000000	2878.000000	2780.000000	2854.000000
736652.000000	2860.000000	2881.000000	2780.000000	2797.000000
736655.000000	2802.000000	2815.000000	2696.000000	2738.000000
736656.000000	2747.000000	2922.000000	2740.000000	2922.000000
736657.000000	2930.000000	3010.000000	2903.000000	2997.000000
736658.000000	2998.000000	3102.000000	2935.000000	3021.000000
736659.000000	3016.000000	3238.000000	3001.000000	3238.000000
736662.000000	3252.000000	3378.000000	3182.000000	3332.000000
736663.000000	3306.000000	3348.000000	3060.000000	3062.000000
736664.000000	3062.000000	3085.000000	3000.000000	3000.000000
736665.000000	3000.000000	3218.000000	2965.000000	3187.000000
736666.000000	3196.000000	3229.000000	3011.000000	3126.000000
736669.000000	3124.000000	3233.000000	3060.000000	3204.000000
736670.000000	3201.000000	3262.000000	3178.000000	3217.000000
736671.000000	3223.000000	3428.000000	3216.000000	3382.000000
736672.000000	3391.000000	3418.000000	3291.000000	3394.000000
736673.000000	3402.000000	3413.000000	3213.000000	3345.000000
736676.000000	3368.000000	3557.000000	3302.000000	3444.000000
736677.000000	3456.000000	3506.000000	3413.000000	3505.000000
736678.000000	3489.000000	3497.000000	3331.000000	3375.000000
736679.000000	3368.000000	3441.000000	3304.000000	3413.000000
736680.000000	3380.000000	3409.000000	3292.000000	3293.000000
736683.000000	3280.000000	3309.000000	3167.000000	3171.000000
736684.000000	3161.000000	3193.000000	3118.000000	3162.000000
736685.000000	3168.000000	3205.000000	3093.000000	3169.000000
736686.000000	3173.000000	3186.000000	3024.000000	3026.000000
736687.000000	3012.000000	3068.000000	2966.000000	2984.000000
736690.000000	2971.000000	3018.000000	2846.000000	2922.000000
736691.000000	2932.000000	3007.000000	2872.000000	3006.000000
736692.000000	3010.000000	3072.000000	2966.000000	2989.000000
736693.000000	2992.000000	2995.000000	2911.000000	2952.000000
736694.000000	2948.000000	2970.000000	2866.000000	2867.000000
736698.000000	2889.000000	2998.000000	2839.000000	2851.000000
736699.000000	2860.000000	2957.000000	2827.000000	2930.000000
736700.000000	2930.000000	2998.000000	2913.000000	2941.000000
736701.000000	2940.000000	2988.000000	2900.000000	2912.000000
736704.000000	2915.000000	3049.000000	2893.000000	3048.000000
736705.000000	3048.000000	3167.000000	3028.000000	3167.000000
736706.000000	3177.000000	3202.000000	3135.000000	3182.000000
736707.000000	3179.000000	3260.000000	3158.000000	3207.000000
736708.000000	3212.000000	3247.000000	3167.000000	3194.000000
736711.000000	3190.000000	3418.000000	3173.000000	3375.000000
736712.000000	3370.000000	3402.000000	3240.000000	3284.000000
736713.000000	3292.000000	3350.000000	3243.000000	3292.000000
736714.000000	3280.000000	3306.000000	3220.000000	3256.000000
736715.000000	3252.000000	3296.000000	3193.000000	3194.000000
736718.000000	3191.000000	3205.000000	3143.000000	3180.000000
736719.000000	3178.000000	3344.000000	3170.000000	3292.000000
736720.000000	3300.000000	3320.000000	3255.000000	3299.000000
736721.000000	3292.000000	3380.000000	3290.000000	3369.000000
736729.000000	3349.000000	3358.000000	3071.000000	3113.000000
736732.000000	3110.000000	3132.000000	3062.000000	3082.000000
736733.000000	3090.000000	3176.000000	3067.000000	3165.000000
736734.000000	3161.000000	3248.000000	3129.000000	3243.000000
736735.000000	3248.000000	3276.000000	3202.000000	3206.000000
736736.000000	3198.000000	3398.000000	3181.000000	3328.000000
736739.000000	3351.000000	3451.000000	3332.000000	3437.000000
736740.000000	3449.000000	3450.000000	3382.000000	3442.000000
736741.000000	3442.000000	3458.000000	3350.000000	3391.000000
736742.000000	3370.000000	3509.000000	3359.000000	3381.000000
736743.000000	3394.000000	3489.000000	3389.000000	3473.000000
736746.000000	3481.000000	3557.000000	3461.000000	3546.000000
736747.000000	3566.000000	3630.000000	3552.000000	3575.000000
736748.000000	3572.000000	3589.000000	3508.000000	3525.000000
736749.000000	3506.000000	3566.000000	3444.000000	3483.000000
736750.000000	3512.000000	3515.000000	3373.000000	3498.000000
736753.000000	3498.000000	3648.000000	3485.000000	3612.000000
736754.000000	3610.000000	3623.000000	3467.000000	3471.000000
736755.000000	3488.000000	3579.000000	3469.000000	3542.000000
736756.000000	3545.000000	3597.000000	3525.000000	3553.000000
736757.000000	3555.000000	3567.000000	3440.000000	3566.000000
736760.000000	3569.000000	3580.000000	3450.000000	3467.000000
736761.000000	3445.000000	3509.000000	3442.000000	3494.000000
736762.000000	3492.000000	3508.000000	3410.000000	3425.000000
736763.000000	3417.000000	3444.000000	3348.000000	3389.000000
736764.000000	3385.000000	3427.000000	3380.000000	3402.000000
736767.000000	3410.000000	3606.000000	3353.000000	3604.000000
736768.000000	3603.000000	3615.000000	3556.000000	3594.000000
736769.000000	3592.000000	3692.000000	3566.000000	3641.000000
736770.000000	3630.000000	3677.000000	3575.000000	3625.000000
736771.000000	3615.000000	3628.000000	3552.000000	3575.000000
736774.000000	3571.000000	3644.000000	3560.000000	3581.000000
736775.000000	3580.000000	3588.000000	3470.000000	3476.000000
736776.000000	3463.000000	3498.000000	3395.000000	3405.000000
736777.000000	3409.000000	3450.000000	3400.000000	3417.000000
736778.000000	3411.000000	3472.000000	3388.000000	3414.000000
736781.000000	3412.000000	3422.000000	3243.000000	3309.000000
736782.000000	3309.000000	3374.000000	3283.000000	3298.000000
736783.000000	3310.000000	3385.000000	3303.000000	3373.000000
736784.000000	3374.000000	3400.000000	3354.000000	3379.000000
736785.000000	3370.000000	3435.000000	3360.000000	3407.000000
736790.000000	3441.000000	3499.000000	3403.000000	3458.000000
736791.000000	3463.000000	3479.000000	3411.000000	3415.000000
736792.000000	3394.000000	3399.000000	3284.000000	3319.000000
736795.000000	3320.000000	3357.000000	3315.000000	3324.000000
736796.000000	3310.000000	3310.000000	3256.000000	3271.000000
736797.000000	3260.000000	3275.000000	3144.000000	3154.000000
736798.000000	3149.000000	3235.000000	3148.000000	3190.000000
736799.000000	3199.000000	3260.000000	3193.000000	3216.000000
736802.000000	3219.000000	3275.000000	3192.000000	3217.000000
736803.000000	3214.000000	3214.000000	3055.000000	3072.000000
736804.000000	3060.000000	3110.000000	3056.000000	3091.000000
736805.000000	3098.000000	3151.000000	3023.000000	3115.000000
736806.000000	3119.000000	3170.000000	3096.000000	3142.000000
736809.000000	3134.000000	3159.000000	3106.000000	3153.000000
736810.000000	3151.000000	3210.000000	3149.000000	3202.000000
736811.000000	3192.000000	3301.000000	3192.000000	3258.000000
736812.000000	3263.000000	3317.000000	3244.000000	3315.000000
736813.000000	3317.000000	3444.000000	3317.000000	3409.000000
736817.000000	3449.000000	3493.000000	3421.000000	3483.000000
736818.000000	3473.000000	3500.000000	3470.000000	3495.000000
736819.000000	3490.000000	3490.000000	3413.000000	3453.000000
736820.000000	3442.000000	3505.000000	3442.000000	3502.000000
736823.000000	3510.000000	3625.000000	3510.000000	3625.000000
736824.000000	3666.000000	3693.000000	3613.000000	3625.000000
736825.000000	3650.000000	3900.000000	3650.000000	3894.000000
736826.000000	3894.000000	3894.000000	3700.000000	3750.000000
736827.000000	3750.000000	3750.000000	3570.000000	3620.000000
736830.000000	3570.000000	3570.000000	3570.000000	3570.000000
