date	open	high	low	close
736810.000000	525.000000	538.500000	522.500000	538.500000
736811.000000	530.000000	553.500000	530.000000	553.500000
736812.000000	526.500000	552.500000	270.000000	491.500000
736813.000000	488.500000	504.000000	471.500000	471.500000
736817.000000	517.000000	535.500000	517.000000	535.500000
736818.000000	518.500000	518.500000	506.500000	506.500000
736819.000000	554.000000	568.000000	554.000000	566.000000
736823.000000	487.000000	487.000000	473.000000	473.000000
736825.000000	481.500000	490.000000	465.500000	469.500000
736826.000000	481.500000	517.000000	479.000000	510.500000
736827.000000	488.000000	504.000000	488.000000	502.500000
736830.000000	516.500000	546.000000	516.500000	526.000000
736831.000000	517.000000	526.500000	517.000000	526.500000
736832.000000	545.000000	572.000000	545.000000	568.000000
736833.000000	562.000000	575.000000	537.500000	546.000000
736834.000000	529.500000	546.500000	529.500000	546.500000
736837.000000	566.000000	590.000000	507.000000	515.000000
736838.000000	546.500000	551.500000	544.500000	548.500000
736839.000000	544.000000	544.000000	544.000000	544.000000
736840.000000	515.000000	515.000000	515.000000	515.000000
736846.000000	504.000000	507.000000	504.000000	507.000000
736847.000000	485.500000	485.500000	485.500000	485.500000
736848.000000	492.000000	493.500000	492.000000	493.500000
736851.000000	490.500000	490.500000	490.000000	490.000000
736852.000000	485.000000	488.500000	485.000000	488.500000
736853.000000	495.000000	500.000000	494.000000	499.000000
736855.000000	517.500000	530.000000	517.500000	530.000000
736860.000000	493.000000	493.000000	492.500000	492.500000
736861.000000	491.500000	494.500000	487.000000	489.000000
736862.000000	428.000000	440.500000	428.000000	437.000000
736865.000000	413.500000	413.500000	372.000000	372.000000
736867.000000	397.500000	397.500000	397.500000	397.500000
736868.000000	338.500000	349.000000	318.000000	325.000000
736869.000000	323.000000	326.500000	299.500000	322.000000
736872.000000	332.000000	336.000000	332.000000	336.000000
736873.000000	283.000000	283.000000	218.500000	241.000000
736874.000000	251.000000	251.000000	223.500000	223.500000
736875.000000	238.500000	261.000000	238.500000	256.500000
736876.000000	247.500000	289.000000	241.500000	268.500000
736879.000000	233.000000	246.000000	228.000000	243.000000
736880.000000	236.000000	242.000000	192.000000	200.500000
736881.000000	181.500000	193.000000	154.500000	188.500000
736882.000000	200.000000	206.500000	188.000000	203.500000
736883.000000	220.000000	225.500000	206.500000	206.500000
736886.000000	211.500000	249.000000	208.500000	239.000000
736887.000000	231.500000	248.500000	207.000000	219.000000
736888.000000	203.500000	228.000000	202.000000	216.500000
736889.000000	215.000000	222.000000	207.500000	213.000000
736890.000000	224.500000	231.000000	214.500000	224.000000
736893.000000	222.000000	222.000000	168.500000	172.500000
736894.000000	176.000000	206.000000	168.000000	186.500000
736895.000000	187.500000	189.500000	174.000000	188.000000
736896.000000	189.500000	215.000000	189.500000	208.000000
736897.000000	205.000000	205.000000	194.000000	194.000000
736900.000000	181.000000	187.500000	163.500000	164.000000
736901.000000	173.000000	174.000000	157.500000	157.500000
736902.000000	153.500000	162.000000	115.000000	115.000000
736903.000000	119.000000	122.500000	111.000000	115.500000
736904.000000	124.500000	124.500000	90.500000	91.000000
736907.000000	88.500000	92.500000	78.500000	92.000000
736908.000000	97.000000	119.500000	97.000000	114.500000
736909.000000	119.000000	127.000000	98.500000	125.500000
736910.000000	130.000000	138.000000	117.000000	126.000000
736911.000000	129.500000	136.000000	115.500000	133.000000
736914.000000	136.500000	182.500000	130.500000	155.000000
736915.000000	154.000000	156.000000	141.000000	149.500000
736916.000000	155.500000	155.500000	115.000000	139.000000
736917.000000	139.500000	160.000000	136.500000	147.000000
736918.000000	143.000000	154.500000	131.000000	150.500000
736921.000000	154.500000	164.000000	147.000000	154.000000
736922.000000	153.000000	188.000000	152.000000	175.500000
736923.000000	179.500000	179.500000	155.500000	168.500000
736924.000000	172.000000	185.000000	162.000000	176.500000
736925.000000	182.000000	193.000000	176.500000	185.000000
736928.000000	184.500000	188.000000	163.500000	180.000000
736929.000000	178.000000	193.000000	169.000000	193.000000
736930.000000	182.500000	185.000000	148.500000	159.000000
736931.000000	172.000000	172.000000	159.000000	166.500000
736932.000000	170.500000	235.000000	170.000000	220.500000
736935.000000	220.500000	264.000000	211.000000	262.000000
736936.000000	264.500000	268.000000	236.000000	246.000000
736937.000000	225.000000	226.000000	194.500000	195.000000
736938.000000	200.000000	220.500000	200.000000	205.000000
736939.000000	210.500000	226.500000	206.500000	211.500000
736942.000000	201.500000	201.500000	179.000000	192.000000
736943.000000	198.000000	199.000000	185.000000	188.000000
736944.000000	199.500000	200.000000	146.500000	146.500000
736945.000000	149.500000	160.000000	121.000000	125.500000
736946.000000	119.000000	120.000000	89.000000	89.000000
736949.000000	94.000000	98.000000	77.500000	88.500000
736950.000000	92.000000	102.500000	90.500000	90.500000
736951.000000	95.000000	98.500000	73.000000	81.000000
736952.000000	92.000000	112.500000	92.000000	97.500000
736953.000000	96.000000	104.500000	84.500000	87.500000
736956.000000	94.000000	116.000000	84.500000	84.500000
736957.000000	73.500000	77.000000	60.000000	63.500000
736958.000000	67.500000	70.500000	62.500000	68.000000
736959.000000	68.000000	70.000000	48.000000	60.000000
736960.000000	63.000000	71.500000	55.000000	59.500000
736963.000000	59.500000	75.000000	57.000000	62.000000
736964.000000	57.500000	60.500000	52.000000	60.500000
736965.000000	54.500000	58.000000	42.500000	54.000000
736966.000000	53.500000	62.000000	46.500000	46.500000
736967.000000	47.000000	69.000000	47.000000	61.000000
736977.000000	60.000000	66.500000	29.500000	34.000000
736978.000000	34.500000	34.500000	24.500000	34.000000
736979.000000	32.500000	52.000000	32.500000	49.500000
736980.000000	49.500000	67.500000	43.500000	59.500000
736981.000000	64.500000	86.500000	56.000000	75.000000
736984.000000	73.500000	85.000000	54.000000	83.000000
736985.000000	78.500000	87.000000	62.000000	74.500000
736986.000000	75.000000	78.500000	60.500000	66.000000
736987.000000	66.500000	66.500000	44.500000	49.000000
736988.000000	53.000000	58.000000	39.000000	39.000000
736991.000000	40.000000	54.500000	29.500000	54.500000
736992.000000	53.000000	60.000000	45.500000	55.000000
736993.000000	62.500000	128.000000	60.000000	118.500000
736994.000000	112.000000	132.500000	110.000000	126.000000
736995.000000	114.000000	156.500000	114.000000	136.000000
736998.000000	138.500000	168.000000	120.000000	122.000000
736999.000000	108.000000	126.500000	106.500000	110.000000
737000.000000	103.000000	116.500000	79.000000	86.000000
737001.000000	96.000000	121.000000	92.500000	105.000000
737002.000000	95.500000	110.000000	75.000000	110.000000
737005.000000	128.500000	162.000000	128.000000	137.500000
737006.000000	132.000000	159.000000	132.000000	155.000000
737007.000000	158.500000	175.000000	151.000000	160.000000
737008.000000	175.000000	239.000000	175.000000	211.500000
737009.000000	195.000000	215.000000	131.000000	147.500000
737012.000000	177.500000	222.000000	177.500000	202.000000
737013.000000	192.500000	218.500000	188.000000	201.000000
737014.000000	187.000000	202.000000	163.500000	184.500000
