date	open	high	low	close
736810.000000	135.500000	135.500000	135.500000	135.500000
736820.000000	130.000000	136.000000	115.000000	118.000000
736825.000000	140.500000	145.500000	140.500000	145.500000
736830.000000	123.000000	123.000000	123.000000	123.000000
736833.000000	105.000000	119.000000	105.000000	119.000000
736838.000000	105.000000	120.000000	105.000000	120.000000
736840.000000	112.500000	112.500000	112.500000	112.500000
736847.000000	128.500000	128.500000	125.500000	125.500000
736860.000000	124.000000	124.000000	124.000000	124.000000
736868.000000	213.500000	213.500000	213.500000	213.500000
736874.000000	300.000000	300.000000	299.000000	299.000000
736881.000000	339.000000	339.000000	339.000000	339.000000
736902.000000	396.000000	396.000000	396.000000	396.000000
736903.000000	430.000000	437.000000	430.000000	435.000000
736930.000000	265.500000	265.500000	265.500000	265.500000
736942.000000	306.000000	306.000000	306.000000	306.000000
736945.000000	377.000000	388.000000	377.000000	388.000000
736963.000000	455.000000	455.000000	455.000000	455.000000
736985.000000	497.000000	497.000000	497.000000	497.000000
737001.000000	342.000000	342.000000	342.000000	342.000000
737009.000000	306.000000	306.000000	306.000000	306.000000
737012.000000	305.500000	319.500000	305.500000	319.500000
737015.000000	330.000000	330.000000	330.000000	330.000000
737020.000000	338.000000	338.000000	336.500000	336.500000
737022.000000	305.000000	305.000000	305.000000	305.000000
737023.000000	286.000000	286.000000	286.000000	286.000000
737026.000000	287.000000	287.000000	252.500000	252.500000
737029.000000	282.500000	282.500000	282.500000	282.500000
737033.000000	273.500000	273.500000	270.000000	271.000000
737034.000000	267.000000	268.500000	254.500000	267.000000
737035.000000	263.500000	267.000000	263.500000	267.000000
737036.000000	300.500000	301.000000	296.500000	296.500000
737037.000000	293.500000	293.500000	281.000000	281.000000
737040.000000	264.000000	314.000000	264.000000	314.000000
737042.000000	338.000000	346.500000	338.000000	346.500000
737043.000000	384.500000	396.000000	384.500000	396.000000
737047.000000	393.000000	398.000000	393.000000	397.000000
737048.000000	393.500000	396.000000	393.500000	394.500000
737054.000000	418.000000	418.000000	400.000000	400.000000
737056.000000	415.500000	433.500000	415.500000	433.500000
737058.000000	408.500000	408.500000	408.500000	408.500000
737062.000000	455.500000	455.500000	455.500000	455.500000
737064.000000	463.500000	501.000000	463.500000	501.000000
737065.000000	495.000000	495.000000	484.500000	484.500000
737069.000000	530.000000	531.000000	527.000000	527.000000
737078.000000	579.000000	579.500000	579.000000	579.500000
737079.000000	616.500000	627.000000	610.500000	627.000000
737084.000000	587.000000	587.000000	587.000000	587.000000
737114.000000	569.500000	569.500000	567.000000	567.000000
737125.000000	577.000000	619.500000	577.000000	619.000000
737128.000000	645.500000	645.500000	645.500000	645.500000
737132.000000	600.000000	600.000000	600.000000	600.000000
737133.000000	600.000000	604.000000	600.000000	604.000000
737134.000000	597.500000	597.500000	597.500000	597.500000
737135.000000	593.000000	593.000000	593.000000	593.000000
<<<<<<< HEAD
=======
<<<<<<< HEAD
>>>>>>> 84188063f85d2b421eb73636b3acca43b160bba5
737166.000000	829.000000	830.000000	829.000000	830.000000
737167.000000	854.500000	854.500000	854.500000	854.500000
737168.000000	859.000000	859.000000	859.000000	859.000000
737169.000000	837.500000	837.500000	837.500000	837.500000
737170.000000	818.000000	818.000000	818.000000	818.000000
737174.000000	869.500000	869.500000	858.500000	858.500000
737175.000000	815.000000	815.000000	812.000000	812.000000
737182.000000	886.000000	886.000000	884.000000	884.000000
<<<<<<< HEAD
=======
=======
>>>>>>> 26353dad971f67e5ace3d63ac0aa12f5af855ce8
>>>>>>> 84188063f85d2b421eb73636b3acca43b160bba5
