20141201  15:00:00 16400.00 16400.00 16400.00 16400.00   2.00
20141201  14:59:00 16370.00 16400.00 16365.00 16380.00 938.00
20141201  14:58:00 16370.00 16370.00 16360.00 16370.00 1152.00
20141201  14:57:00 16370.00 16380.00 16365.00 16370.00 810.00
20141201  14:56:00 16365.00 16370.00 16365.00 16370.00 178.00
20141201  14:55:00 16370.00 16380.00 16365.00 16365.00 706.00
20141201  14:54:00 16375.00 16375.00 16365.00 16370.00 200.00
20141201  14:53:00 16370.00 16375.00 16370.00 16375.00 242.00
20141201  14:52:00 16375.00 16375.00 16365.00 16365.00 276.00
20141201  14:51:00 16370.00 16375.00 16370.00 16375.00 242.00
20141201  14:50:00 16370.00 16380.00 16370.00 16375.00 564.00
20141201  14:49:00 16375.00 16375.00 16365.00 16370.00 442.00
20141201  14:48:00 16375.00 16375.00 16365.00 16375.00 370.00
20141201  14:47:00 16360.00 16375.00 16360.00 16375.00 330.00
20141201  14:46:00 16355.00 16360.00 16355.00 16360.00 146.00
20141201  14:45:00 16360.00 16360.00 16350.00 16355.00 262.00
20141201  14:44:00 16365.00 16365.00 16355.00 16360.00 406.00
20141201  14:43:00 16380.00 16380.00 16360.00 16365.00 136.00
20141201  14:42:00 16375.00 16380.00 16370.00 16375.00 194.00
20141201  14:41:00 16380.00 16380.00 16370.00 16370.00  88.00
20141201  14:40:00 16370.00 16380.00 16370.00 16380.00 468.00
20141201  14:39:00 16370.00 16375.00 16355.00 16370.00 366.00
20141201  14:38:00 16380.00 16380.00 16365.00 16370.00 438.00
20141201  14:37:00 16380.00 16380.00 16375.00 16380.00 518.00
20141201  14:36:00 16395.00 16395.00 16375.00 16380.00 384.00
20141201  14:35:00 16350.00 16395.00 16350.00 16390.00 1410.00
20141201  14:34:00 16335.00 16350.00 16330.00 16350.00 284.00
20141201  14:33:00 16330.00 16335.00 16325.00 16335.00 176.00
20141201  14:32:00 16335.00 16340.00 16330.00 16330.00 478.00
20141201  14:31:00 16335.00 16340.00 16335.00 16335.00 172.00
20141201  14:30:00 16335.00 16340.00 16335.00 16335.00 374.00
20141201  14:29:00 16335.00 16340.00 16330.00 16335.00 378.00
20141201  14:28:00 16330.00 16335.00 16325.00 16335.00 242.00
20141201  14:27:00 16315.00 16335.00 16310.00 16330.00 370.00
20141201  14:26:00 16320.00 16320.00 16310.00 16315.00 120.00
20141201  14:25:00 16315.00 16325.00 16310.00 16320.00 630.00
20141201  14:24:00 16300.00 16320.00 16300.00 16315.00 606.00
20141201  14:23:00 16300.00 16300.00 16295.00 16300.00 132.00
20141201  14:22:00 16305.00 16305.00 16295.00 16300.00 334.00
20141201  14:21:00 16310.00 16315.00 16300.00 16305.00 236.00
20141201  14:20:00 16310.00 16310.00 16305.00 16310.00 228.00
20141201  14:19:00 16315.00 16325.00 16310.00 16310.00 256.00
20141201  14:18:00 16305.00 16315.00 16300.00 16315.00 748.00
20141201  14:17:00 16325.00 16325.00 16305.00 16305.00 430.00
20141201  14:16:00 16305.00 16325.00 16300.00 16325.00 684.00
20141201  14:15:00 16310.00 16310.00 16300.00 16305.00 360.00
20141201  14:14:00 16325.00 16325.00 16310.00 16310.00 712.00
20141201  14:13:00 16325.00 16330.00 16320.00 16325.00 272.00
20141201  14:12:00 16330.00 16330.00 16320.00 16325.00  84.00
20141201  14:11:00 16320.00 16335.00 16315.00 16330.00 594.00
20141201  14:10:00 16330.00 16335.00 16310.00 16320.00 674.00
20141201  14:09:00 16335.00 16340.00 16325.00 16330.00 518.00
20141201  14:08:00 16325.00 16340.00 16320.00 16335.00 518.00
20141201  14:07:00 16330.00 16335.00 16325.00 16325.00 264.00
20141201  14:06:00 16335.00 16340.00 16330.00 16330.00 358.00
20141201  14:05:00 16335.00 16340.00 16335.00 16335.00 208.00
20141201  14:04:00 16340.00 16340.00 16335.00 16335.00 154.00
20141201  14:03:00 16340.00 16340.00 16340.00 16340.00  62.00
20141201  14:02:00 16345.00 16345.00 16335.00 16340.00 186.00
20141201  14:01:00 16350.00 16350.00 16345.00 16345.00  50.00
20141201  14:00:00 16350.00 16350.00 16350.00 16350.00  70.00
20141201  13:59:00 16350.00 16350.00 16345.00 16350.00  84.00
20141201  13:58:00 16345.00 16355.00 16345.00 16350.00 502.00
20141201  13:57:00 16345.00 16345.00 16340.00 16345.00 356.00
20141201  13:56:00 16350.00 16350.00 16345.00 16345.00   6.00
20141201  13:55:00 16350.00 16355.00 16345.00 16350.00 516.00
20141201  13:54:00 16355.00 16355.00 16350.00 16350.00 174.00
20141201  13:53:00 16360.00 16360.00 16355.00 16355.00 162.00
20141201  13:52:00 16330.00 16360.00 16330.00 16360.00 812.00
20141201  13:51:00 16345.00 16345.00 16330.00 16330.00 526.00
20141201  13:50:00 16340.00 16345.00 16335.00 16345.00 532.00
20141201  13:49:00 16345.00 16350.00 16340.00 16340.00 166.00
20141201  13:48:00 16345.00 16350.00 16345.00 16345.00 230.00
20141201  13:47:00 16340.00 16350.00 16340.00 16345.00 186.00
20141201  13:46:00 16345.00 16350.00 16340.00 16340.00 478.00
20141201  13:45:00 16350.00 16350.00 16340.00 16345.00 182.00
20141201  13:44:00 16340.00 16350.00 16330.00 16350.00 736.00
20141201  13:43:00 16350.00 16350.00 16340.00 16340.00 108.00
20141201  13:42:00 16355.00 16355.00 16345.00 16350.00 428.00
20141201  13:41:00 16340.00 16355.00 16340.00 16355.00 302.00
20141201  13:40:00 16345.00 16345.00 16340.00 16340.00 102.00
20141201  13:39:00 16355.00 16355.00 16345.00 16345.00 190.00
20141201  13:38:00 16355.00 16355.00 16355.00 16355.00   4.00
20141201  13:37:00 16360.00 16360.00 16355.00 16355.00 128.00
20141201  13:36:00 16345.00 16360.00 16335.00 16360.00 1250.00
20141201  13:35:00 16345.00 16345.00 16340.00 16345.00 246.00
20141201  13:34:00 16345.00 16350.00 16345.00 16350.00  64.00
20141201  13:33:00 16350.00 16355.00 16340.00 16345.00 464.00
20141201  13:32:00 16355.00 16355.00 16340.00 16350.00 744.00
20141201  13:31:00 16350.00 16360.00 16350.00 16360.00 946.00
20141201  13:30:00 16380.00 16380.00 16360.00 16360.00 1634.00
20141201  11:29:00 16390.00 16400.00 16390.00 16395.00 132.00
20141201  11:28:00 16395.00 16395.00 16390.00 16390.00 122.00
20141201  11:27:00 16395.00 16395.00 16390.00 16395.00  90.00
20141201  11:26:00 16390.00 16400.00 16390.00 16395.00 268.00
20141201  11:25:00 16385.00 16390.00 16385.00 16385.00  54.00
20141201  11:24:00 16390.00 16390.00 16385.00 16390.00 158.00
20141201  11:23:00 16395.00 16395.00 16390.00 16390.00 140.00
20141201  11:22:00 16380.00 16395.00 16380.00 16395.00  32.00
20141201  11:21:00 16395.00 16395.00 16380.00 16380.00 380.00
20141201  11:20:00 16390.00 16395.00 16385.00 16395.00 296.00
20141201  11:19:00 16395.00 16400.00 16390.00 16390.00 432.00
20141201  11:18:00 16395.00 16395.00 16390.00 16395.00  78.00
20141201  11:17:00 16400.00 16400.00 16395.00 16395.00 152.00
20141201  11:16:00 16395.00 16410.00 16395.00 16400.00 336.00
20141201  11:15:00 16390.00 16395.00 16390.00 16395.00 132.00
20141201  11:14:00 16385.00 16395.00 16385.00 16395.00  66.00
20141201  11:13:00 16390.00 16395.00 16385.00 16390.00 284.00
20141201  11:12:00 16390.00 16390.00 16385.00 16390.00 262.00
20141201  11:11:00 16380.00 16395.00 16380.00 16390.00 298.00
20141201  11:10:00 16380.00 16380.00 16380.00 16380.00  16.00
20141201  11:09:00 16380.00 16385.00 16380.00 16385.00  80.00
20141201  11:08:00 16395.00 16395.00 16380.00 16380.00 478.00
20141201  11:07:00 16390.00 16395.00 16390.00 16395.00  56.00
20141201  11:06:00 16390.00 16390.00 16385.00 16385.00  50.00
20141201  11:05:00 16390.00 16390.00 16390.00 16390.00  68.00
20141201  11:04:00 16390.00 16390.00 16385.00 16390.00  98.00
20141201  11:03:00 16385.00 16390.00 16385.00 16390.00 120.00
20141201  11:02:00 16390.00 16390.00 16380.00 16385.00  82.00
20141201  11:01:00 16375.00 16390.00 16375.00 16390.00 138.00
20141201  11:00:00 16390.00 16390.00 16370.00 16375.00 426.00
20141201  10:59:00 16395.00 16395.00 16390.00 16390.00 174.00
20141201  10:58:00 16390.00 16395.00 16390.00 16395.00  94.00
20141201  10:57:00 16390.00 16395.00 16390.00 16390.00 186.00
20141201  10:56:00 16390.00 16400.00 16390.00 16390.00 238.00
20141201  10:55:00 16390.00 16395.00 16390.00 16390.00  90.00
20141201  10:54:00 16395.00 16395.00 16390.00 16390.00 226.00
20141201  10:53:00 16395.00 16400.00 16390.00 16395.00 150.00
20141201  10:52:00 16400.00 16400.00 16385.00 16390.00 624.00
20141201  10:51:00 16410.00 16420.00 16400.00 16400.00 422.00
20141201  10:50:00 16415.00 16415.00 16410.00 16410.00  16.00
20141201  10:49:00 16415.00 16415.00 16410.00 16415.00  96.00
20141201  10:48:00 16420.00 16420.00 16415.00 16415.00 124.00
20141201  10:47:00 16425.00 16425.00 16415.00 16420.00 316.00
20141201  10:46:00 16420.00 16425.00 16420.00 16425.00 454.00
20141201  10:45:00 16415.00 16415.00 16415.00 16415.00  66.00
20141201  10:44:00 16420.00 16420.00 16410.00 16415.00 208.00
20141201  10:43:00 16415.00 16420.00 16415.00 16420.00  90.00
20141201  10:42:00 16425.00 16425.00 16415.00 16415.00 110.00
20141201  10:41:00 16415.00 16425.00 16415.00 16425.00 238.00
20141201  10:40:00 16420.00 16425.00 16415.00 16415.00 438.00
20141201  10:39:00 16405.00 16420.00 16405.00 16420.00 280.00
20141201  10:38:00 16410.00 16420.00 16405.00 16405.00 468.00
20141201  10:37:00 16415.00 16415.00 16410.00 16415.00  16.00
20141201  10:36:00 16415.00 16415.00 16410.00 16415.00 242.00
20141201  10:35:00 16410.00 16420.00 16400.00 16415.00 434.00
20141201  10:34:00 16415.00 16415.00 16405.00 16410.00 520.00
20141201  10:33:00 16385.00 16425.00 16385.00 16415.00 1158.00
20141201  10:32:00 16395.00 16395.00 16385.00 16385.00 248.00
20141201  10:31:00 16380.00 16395.00 16375.00 16395.00 518.00
20141201  10:30:00 16375.00 16380.00 16375.00 16380.00 162.00
20141201  10:14:00 16380.00 16385.00 16375.00 16375.00 212.00
20141201  10:13:00 16375.00 16380.00 16375.00 16380.00  66.00
20141201  10:12:00 16375.00 16380.00 16375.00 16375.00 196.00
20141201  10:11:00 16375.00 16380.00 16370.00 16375.00 184.00
20141201  10:10:00 16380.00 16385.00 16375.00 16375.00 120.00
20141201  10:09:00 16375.00 16380.00 16375.00 16380.00  80.00
20141201  10:08:00 16370.00 16380.00 16370.00 16375.00 238.00
20141201  10:07:00 16370.00 16375.00 16370.00 16370.00 114.00
20141201  10:06:00 16370.00 16370.00 16370.00 16370.00  32.00
20141201  10:05:00 16365.00 16375.00 16365.00 16370.00 220.00
20141201  10:04:00 16365.00 16370.00 16365.00 16365.00  54.00
20141201  10:03:00 16365.00 16365.00 16365.00 16365.00 102.00
20141201  10:02:00 16365.00 16370.00 16360.00 16365.00 102.00
20141201  10:01:00 16365.00 16365.00 16365.00 16365.00  48.00
20141201  10:00:00 16365.00 16365.00 16360.00 16365.00 524.00
20141201  09:59:00 16365.00 16370.00 16365.00 16365.00 210.00
20141201  09:58:00 16360.00 16365.00 16360.00 16365.00  18.00
20141201  09:57:00 16360.00 16360.00 16360.00 16360.00  30.00
20141201  09:56:00 16365.00 16365.00 16355.00 16360.00 212.00
20141201  09:55:00 16365.00 16370.00 16365.00 16365.00 328.00
20141201  09:54:00 16370.00 16370.00 16365.00 16365.00  16.00
20141201  09:53:00 16370.00 16375.00 16370.00 16370.00  70.00
20141201  09:52:00 16370.00 16370.00 16370.00 16370.00  58.00
20141201  09:51:00 16370.00 16375.00 16365.00 16375.00 286.00
20141201  09:50:00 16375.00 16375.00 16370.00 16370.00 102.00
20141201  09:49:00 16375.00 16385.00 16370.00 16375.00 302.00
20141201  09:48:00 16365.00 16375.00 16365.00 16375.00  62.00
20141201  09:47:00 16360.00 16365.00 16360.00 16365.00 258.00
20141201  09:46:00 16365.00 16365.00 16360.00 16360.00 174.00
20141201  09:45:00 16375.00 16375.00 16365.00 16365.00 486.00
20141201  09:44:00 16370.00 16375.00 16365.00 16375.00 328.00
20141201  09:43:00 16380.00 16380.00 16370.00 16370.00 158.00
20141201  09:42:00 16380.00 16385.00 16370.00 16380.00 304.00
20141201  09:41:00 16380.00 16400.00 16375.00 16380.00 1090.00
20141201  09:40:00 16385.00 16385.00 16380.00 16380.00 184.00
20141201  09:39:00 16370.00 16385.00 16370.00 16385.00 340.00
20141201  09:38:00 16385.00 16385.00 16365.00 16370.00 484.00
20141201  09:37:00 16390.00 16395.00 16375.00 16385.00 438.00
20141201  09:36:00 16390.00 16395.00 16375.00 16395.00 548.00
20141201  09:35:00 16385.00 16395.00 16380.00 16390.00 326.00
20141201  09:34:00 16365.00 16400.00 16365.00 16385.00 1066.00
20141201  09:33:00 16370.00 16370.00 16365.00 16365.00 204.00
20141201  09:32:00 16360.00 16375.00 16355.00 16370.00 874.00
20141201  09:31:00 16365.00 16370.00 16360.00 16360.00 650.00
20141201  09:30:00 16355.00 16365.00 16355.00 16365.00 302.00
20141201  09:29:00 16365.00 16370.00 16350.00 16355.00 362.00
20141201  09:28:00 16360.00 16375.00 16360.00 16365.00 722.00
20141201  09:27:00 16365.00 16370.00 16350.00 16360.00 340.00
20141201  09:26:00 16345.00 16365.00 16345.00 16365.00 544.00
20141201  09:25:00 16355.00 16360.00 16345.00 16345.00 564.00
20141201  09:24:00 16360.00 16365.00 16350.00 16355.00 652.00
20141201  09:23:00 16365.00 16370.00 16340.00 16365.00 2080.00
20141201  09:22:00 16350.00 16365.00 16340.00 16365.00 1334.00
20141201  09:21:00 16325.00 16360.00 16325.00 16350.00 800.00
20141201  09:20:00 16315.00 16335.00 16315.00 16325.00 850.00
20141201  09:19:00 16305.00 16320.00 16305.00 16315.00 486.00
20141201  09:18:00 16305.00 16315.00 16280.00 16305.00 2032.00
20141201  09:17:00 16310.00 16315.00 16305.00 16305.00 502.00
20141201  09:16:00 16275.00 16310.00 16275.00 16310.00 908.00
20141201  09:15:00 16295.00 16295.00 16270.00 16275.00 1190.00
20141201  09:14:00 16290.00 16300.00 16290.00 16295.00 662.00
20141201  09:13:00 16290.00 16295.00 16280.00 16290.00 642.00
20141201  09:12:00 16295.00 16305.00 16270.00 16290.00 1144.00
20141201  09:11:00 16305.00 16305.00 16280.00 16300.00 1640.00
20141201  09:10:00 16305.00 16315.00 16275.00 16305.00 2922.00
20141201  09:09:00 16270.00 16315.00 16260.00 16305.00 2888.00
20141201  09:08:00 16265.00 16300.00 16265.00 16275.00 1564.00
20141201  09:07:00 16230.00 16275.00 16225.00 16265.00 2972.00
20141201  09:06:00 16250.00 16255.00 16230.00 16230.00 3112.00
20141201  09:05:00 16255.00 16260.00 16215.00 16255.00 3784.00
20141201  09:04:00 16280.00 16285.00 16220.00 16260.00 2812.00
20141201  09:03:00 16290.00 16320.00 16255.00 16285.00 3828.00
20141201  09:02:00 16320.00 16330.00 16295.00 16295.00 2428.00
20141201  09:01:00 16340.00 16345.00 16300.00 16310.00 3784.00
20141201  09:00:00 16485.00 16485.00 16335.00 16340.00 5686.00
20141129  00:59:00 16500.00 16510.00 16500.00 16500.00 218.00
20141129  00:58:00 16500.00 16505.00 16500.00 16505.00 184.00
20141129  00:57:00 16485.00 16515.00 16485.00 16500.00 534.00
20141129  00:56:00 16505.00 16510.00 16490.00 16490.00 236.00
20141129  00:55:00 16505.00 16510.00 16500.00 16510.00  38.00
20141129  00:54:00 16505.00 16505.00 16500.00 16505.00  60.00
20141129  00:53:00 16500.00 16505.00 16500.00 16505.00  64.00
20141129  00:52:00 16500.00 16500.00 16495.00 16500.00 178.00
20141129  00:51:00 16505.00 16505.00 16500.00 16500.00  64.00
20141129  00:50:00 16510.00 16510.00 16505.00 16505.00  98.00
20141129  00:49:00 16510.00 16510.00 16510.00 16510.00  14.00
20141129  00:48:00 16500.00 16520.00 16500.00 16510.00 138.00
20141129  00:47:00 16510.00 16510.00 16500.00 16500.00  82.00
20141129  00:46:00 16520.00 16520.00 16510.00 16510.00  36.00
20141129  00:45:00 16520.00 16520.00 16520.00 16520.00 188.00
20141129  00:44:00 16520.00 16520.00 16515.00 16520.00  46.00
20141129  00:43:00 16510.00 16525.00 16505.00 16515.00 448.00
20141129  00:42:00 16500.00 16505.00 16500.00 16500.00  88.00
20141129  00:41:00 16500.00 16500.00 16495.00 16500.00  68.00
20141129  00:40:00 16500.00 16500.00 16500.00 16500.00 198.00
20141129  00:39:00 16495.00 16500.00 16490.00 16500.00 208.00
20141129  00:38:00 16490.00 16500.00 16490.00 16495.00 420.00
20141129  00:37:00 16475.00 16490.00 16475.00 16490.00 178.00
20141129  00:36:00 16475.00 16480.00 16475.00 16475.00  18.00
20141129  00:35:00 16480.00 16480.00 16475.00 16475.00 112.00
20141129  00:34:00 16485.00 16485.00 16475.00 16480.00  94.00
20141129  00:33:00 16480.00 16485.00 16475.00 16485.00 112.00
20141129  00:32:00 16465.00 16480.00 16465.00 16480.00 332.00
20141129  00:31:00 16465.00 16470.00 16460.00 16465.00 464.00
20141129  00:30:00 16470.00 16470.00 16465.00 16465.00  88.00
20141129  00:29:00 16470.00 16475.00 16465.00 16475.00 238.00
20141129  00:28:00 16470.00 16475.00 16470.00 16470.00 228.00
20141129  00:27:00 16475.00 16480.00 16470.00 16475.00 110.00
20141129  00:26:00 16475.00 16480.00 16475.00 16480.00 110.00
20141129  00:25:00 16475.00 16480.00 16475.00 16475.00 114.00
20141129  00:24:00 16480.00 16480.00 16470.00 16475.00 160.00
20141129  00:23:00 16480.00 16485.00 16475.00 16480.00 164.00
20141129  00:22:00 16485.00 16485.00 16475.00 16480.00  92.00
20141129  00:21:00 16480.00 16485.00 16475.00 16485.00 148.00
20141129  00:20:00 16480.00 16490.00 16480.00 16485.00 154.00
20141129  00:19:00 16490.00 16490.00 16480.00 16480.00 172.00
20141129  00:18:00 16495.00 16495.00 16490.00 16490.00 166.00
20141129  00:17:00 16495.00 16500.00 16495.00 16495.00  32.00
20141129  00:16:00 16490.00 16500.00 16490.00 16495.00  58.00
20141129  00:15:00 16485.00 16495.00 16485.00 16490.00  98.00
20141129  00:14:00 16495.00 16495.00 16485.00 16485.00 736.00
20141129  00:13:00 16500.00 16500.00 16495.00 16495.00  92.00
20141129  00:12:00 16490.00 16500.00 16490.00 16500.00 300.00
20141129  00:11:00 16495.00 16495.00 16490.00 16490.00 118.00
20141129  00:10:00 16505.00 16505.00 16490.00 16495.00 446.00
20141129  00:09:00 16505.00 16510.00 16500.00 16505.00  30.00
20141129  00:08:00 16505.00 16505.00 16500.00 16505.00  42.00
20141129  00:07:00 16505.00 16505.00 16500.00 16505.00 158.00
20141129  00:06:00 16505.00 16505.00 16505.00 16505.00  14.00
20141129  00:05:00 16505.00 16510.00 16505.00 16505.00 122.00
20141129  00:04:00 16510.00 16510.00 16505.00 16510.00 108.00
20141129  00:03:00 16515.00 16515.00 16510.00 16510.00 126.00
20141129  00:02:00 16510.00 16515.00 16510.00 16515.00  30.00
20141129  00:01:00 16515.00 16515.00 16515.00 16515.00   4.00
20141129  00:00:00 16515.00 16520.00 16515.00 16515.00  62.00
20141128  23:59:00 16515.00 16515.00 16515.00 16515.00   2.00
20141128  23:58:00 16515.00 16515.00 16515.00 16515.00  12.00
20141128  23:57:00 16515.00 16520.00 16515.00 16515.00  16.00
20141128  23:56:00 16510.00 16515.00 16505.00 16515.00  58.00
20141128  23:55:00 16510.00 16510.00 16510.00 16510.00  22.00
20141128  23:54:00 16510.00 16515.00 16505.00 16510.00  88.00
20141128  23:53:00 16515.00 16515.00 16510.00 16510.00  18.00
20141128  23:52:00 16525.00 16525.00 16510.00 16515.00 166.00
20141128  23:51:00 16520.00 16525.00 16520.00 16525.00  26.00
20141128  23:50:00 16520.00 16525.00 16520.00 16520.00  32.00
20141128  23:49:00 16520.00 16525.00 16515.00 16525.00 114.00
20141128  23:48:00 16510.00 16520.00 16510.00 16520.00 238.00
20141128  23:47:00 16510.00 16515.00 16505.00 16510.00  82.00
20141128  23:46:00 16515.00 16515.00 16505.00 16510.00 214.00
20141128  23:45:00 16515.00 16515.00 16510.00 16510.00 122.00
20141128  23:44:00 16515.00 16515.00 16510.00 16515.00 160.00
20141128  23:43:00 16515.00 16515.00 16515.00 16515.00  56.00
20141128  23:42:00 16520.00 16520.00 16515.00 16515.00  18.00
20141128  23:41:00 16515.00 16520.00 16515.00 16520.00  24.00
20141128  23:40:00 16515.00 16520.00 16510.00 16515.00 116.00
20141128  23:39:00 16520.00 16520.00 16515.00 16515.00  16.00
20141128  23:38:00 16515.00 16530.00 16515.00 16520.00 330.00
20141128  23:37:00 16515.00 16520.00 16515.00 16515.00  84.00
20141128  23:36:00 16510.00 16520.00 16510.00 16515.00  78.00
20141128  23:35:00 16515.00 16515.00 16515.00 16515.00  90.00
20141128  23:34:00 16510.00 16515.00 16510.00 16515.00  72.00
20141128  23:33:00 16520.00 16520.00 16510.00 16515.00 154.00
20141128  23:32:00 16515.00 16525.00 16515.00 16520.00 116.00
20141128  23:31:00 16515.00 16520.00 16515.00 16515.00  44.00
20141128  23:30:00 16515.00 16520.00 16515.00 16515.00 100.00
20141128  23:29:00 16510.00 16515.00 16510.00 16515.00  92.00
20141128  23:28:00 16505.00 16515.00 16500.00 16510.00 182.00
20141128  23:27:00 16505.00 16510.00 16500.00 16505.00 436.00
20141128  23:26:00 16515.00 16515.00 16505.00 16505.00 210.00
20141128  23:25:00 16525.00 16525.00 16510.00 16515.00 272.00
20141128  23:24:00 16525.00 16530.00 16525.00 16525.00 144.00
20141128  23:23:00 16520.00 16525.00 16520.00 16525.00  20.00
20141128  23:22:00 16525.00 16525.00 16510.00 16520.00 254.00
20141128  23:21:00 16525.00 16530.00 16520.00 16525.00 160.00
20141128  23:20:00 16525.00 16530.00 16520.00 16525.00 182.00
20141128  23:19:00 16525.00 16525.00 16525.00 16525.00 104.00
20141128  23:18:00 16535.00 16535.00 16520.00 16525.00 272.00
20141128  23:17:00 16525.00 16535.00 16525.00 16535.00 198.00
20141128  23:16:00 16530.00 16530.00 16525.00 16525.00 178.00
20141128  23:15:00 16540.00 16545.00 16530.00 16530.00 250.00
20141128  23:14:00 16545.00 16545.00 16540.00 16540.00  36.00
20141128  23:13:00 16545.00 16550.00 16545.00 16545.00 160.00
20141128  23:12:00 16550.00 16550.00 16545.00 16545.00  56.00
20141128  23:11:00 16555.00 16555.00 16530.00 16550.00 394.00
20141128  23:10:00 16545.00 16550.00 16545.00 16550.00 104.00
20141128  23:09:00 16550.00 16550.00 16545.00 16545.00  92.00
20141128  23:08:00 16530.00 16550.00 16530.00 16550.00 702.00
20141128  23:07:00 16525.00 16540.00 16525.00 16530.00 214.00
20141128  23:06:00 16535.00 16535.00 16520.00 16525.00 198.00
20141128  23:05:00 16535.00 16535.00 16530.00 16535.00 150.00
20141128  23:04:00 16540.00 16540.00 16530.00 16535.00 116.00
20141128  23:03:00 16545.00 16545.00 16535.00 16535.00 208.00
20141128  23:02:00 16545.00 16550.00 16540.00 16545.00 114.00
20141128  23:01:00 16550.00 16550.00 16540.00 16545.00 226.00
20141128  23:00:00 16550.00 16555.00 16545.00 16550.00 156.00
20141128  22:59:00 16550.00 16550.00 16545.00 16550.00 196.00
20141128  22:58:00 16550.00 16555.00 16550.00 16550.00  96.00
20141128  22:57:00 16550.00 16555.00 16550.00 16550.00  76.00
20141128  22:56:00 16550.00 16555.00 16545.00 16550.00 104.00
20141128  22:55:00 16540.00 16550.00 16540.00 16550.00 202.00
20141128  22:54:00 16550.00 16555.00 16535.00 16535.00 796.00
20141128  22:53:00 16560.00 16560.00 16550.00 16550.00 232.00
20141128  22:52:00 16560.00 16565.00 16550.00 16560.00 420.00
20141128  22:51:00 16550.00 16560.00 16545.00 16555.00 726.00
20141128  22:50:00 16540.00 16555.00 16540.00 16555.00 866.00
20141128  22:49:00 16535.00 16545.00 16530.00 16540.00 278.00
20141128  22:48:00 16525.00 16540.00 16525.00 16535.00 250.00
20141128  22:47:00 16520.00 16530.00 16520.00 16525.00 322.00
20141128  22:46:00 16515.00 16520.00 16510.00 16520.00 146.00
20141128  22:45:00 16520.00 16520.00 16510.00 16515.00 326.00
20141128  22:44:00 16520.00 16520.00 16510.00 16520.00 484.00
20141128  22:43:00 16525.00 16525.00 16520.00 16520.00 176.00
20141128  22:42:00 16535.00 16535.00 16525.00 16525.00 350.00
20141128  22:41:00 16535.00 16545.00 16530.00 16535.00 252.00
20141128  22:40:00 16540.00 16540.00 16535.00 16535.00  62.00
20141128  22:39:00 16540.00 16540.00 16535.00 16540.00  32.00
20141128  22:38:00 16535.00 16540.00 16535.00 16540.00  94.00
20141128  22:37:00 16535.00 16535.00 16530.00 16530.00 124.00
20141128  22:36:00 16535.00 16540.00 16530.00 16535.00 296.00
20141128  22:35:00 16545.00 16545.00 16525.00 16535.00 234.00
20141128  22:34:00 16540.00 16545.00 16535.00 16545.00 304.00
20141128  22:33:00 16525.00 16540.00 16525.00 16540.00 556.00
20141128  22:32:00 16525.00 16530.00 16525.00 16525.00  98.00
20141128  22:31:00 16525.00 16530.00 16525.00 16525.00  26.00
20141128  22:30:00 16525.00 16530.00 16520.00 16525.00 176.00
20141128  22:29:00 16520.00 16525.00 16520.00 16525.00  42.00
20141128  22:28:00 16520.00 16525.00 16520.00 16520.00 232.00
20141128  22:27:00 16520.00 16530.00 16520.00 16520.00 172.00
20141128  22:26:00 16525.00 16530.00 16520.00 16520.00 190.00
20141128  22:25:00 16530.00 16530.00 16520.00 16525.00 206.00
20141128  22:24:00 16530.00 16540.00 16525.00 16525.00 228.00
20141128  22:23:00 16535.00 16540.00 16520.00 16530.00 776.00
20141128  22:22:00 16510.00 16550.00 16510.00 16540.00 1306.00
20141128  22:21:00 16515.00 16515.00 16510.00 16515.00  98.00
20141128  22:20:00 16505.00 16515.00 16505.00 16515.00 296.00
20141128  22:19:00 16490.00 16510.00 16490.00 16510.00 934.00
20141128  22:18:00 16485.00 16490.00 16480.00 16490.00 130.00
20141128  22:17:00 16490.00 16490.00 16475.00 16485.00 452.00
20141128  22:16:00 16490.00 16495.00 16485.00 16490.00 414.00
20141128  22:15:00 16500.00 16505.00 16485.00 16490.00 668.00
20141128  22:14:00 16455.00 16510.00 16455.00 16495.00 1546.00
20141128  22:13:00 16515.00 16515.00 16445.00 16450.00 1792.00
20141128  22:12:00 16520.00 16520.00 16515.00 16515.00 124.00
20141128  22:11:00 16525.00 16525.00 16510.00 16520.00 392.00
20141128  22:10:00 16515.00 16520.00 16515.00 16520.00 238.00
20141128  22:09:00 16520.00 16530.00 16515.00 16515.00 296.00
20141128  22:08:00 16520.00 16525.00 16515.00 16520.00 248.00
20141128  22:07:00 16520.00 16520.00 16510.00 16520.00 280.00
20141128  22:06:00 16530.00 16530.00 16515.00 16520.00 478.00
20141128  22:05:00 16505.00 16540.00 16505.00 16530.00 908.00
20141128  22:04:00 16500.00 16505.00 16495.00 16505.00 456.00
20141128  22:03:00 16490.00 16500.00 16485.00 16500.00 516.00
20141128  22:02:00 16480.00 16495.00 16480.00 16495.00 386.00
20141128  22:01:00 16480.00 16490.00 16475.00 16485.00 768.00
20141128  22:00:00 16485.00 16485.00 16465.00 16480.00 806.00
20141128  21:59:00 16485.00 16495.00 16480.00 16485.00 398.00
20141128  21:58:00 16495.00 16500.00 16485.00 16485.00 478.00
20141128  21:57:00 16505.00 16505.00 16490.00 16495.00 526.00
20141128  21:56:00 16490.00 16500.00 16485.00 16500.00 1046.00
20141128  21:55:00 16510.00 16510.00 16480.00 16490.00 2320.00
20141128  21:54:00 16520.00 16525.00 16500.00 16505.00 714.00
20141128  21:53:00 16535.00 16540.00 16525.00 16525.00 878.00
20141128  21:52:00 16515.00 16535.00 16515.00 16535.00 1302.00
20141128  21:51:00 16530.00 16535.00 16515.00 16525.00 972.00
20141128  21:50:00 16550.00 16550.00 16530.00 16530.00 1206.00
20141128  21:49:00 16550.00 16550.00 16540.00 16545.00 1086.00
20141128  21:48:00 16550.00 16550.00 16545.00 16545.00 612.00
20141128  21:47:00 16540.00 16555.00 16535.00 16550.00 996.00
20141128  21:46:00 16550.00 16560.00 16535.00 16540.00 1082.00
20141128  21:45:00 16565.00 16570.00 16550.00 16550.00 750.00
20141128  21:44:00 16570.00 16575.00 16560.00 16565.00 830.00
20141128  21:43:00 16575.00 16585.00 16570.00 16570.00 704.00
20141128  21:42:00 16565.00 16575.00 16565.00 16575.00 712.00
20141128  21:41:00 16570.00 16575.00 16560.00 16565.00 690.00
20141128  21:40:00 16560.00 16585.00 16555.00 16570.00 1490.00
20141128  21:39:00 16580.00 16585.00 16550.00 16560.00 1698.00
20141128  21:38:00 16600.00 16600.00 16575.00 16580.00 1838.00
20141128  21:37:00 16600.00 16605.00 16590.00 16600.00 620.00
20141128  21:36:00 16595.00 16610.00 16595.00 16600.00 852.00
20141128  21:35:00 16600.00 16605.00 16590.00 16595.00 1868.00
20141128  21:34:00 16625.00 16625.00 16600.00 16600.00 1680.00
20141128  21:33:00 16610.00 16625.00 16610.00 16625.00 208.00
20141128  21:32:00 16615.00 16620.00 16610.00 16615.00 402.00
20141128  21:31:00 16625.00 16625.00 16615.00 16615.00 134.00
20141128  21:30:00 16625.00 16625.00 16615.00 16625.00 472.00
20141128  21:29:00 16625.00 16630.00 16625.00 16625.00 352.00
20141128  21:28:00 16625.00 16625.00 16620.00 16625.00 106.00
20141128  21:27:00 16625.00 16630.00 16620.00 16625.00 374.00
20141128  21:26:00 16625.00 16630.00 16620.00 16625.00 302.00
20141128  21:25:00 16625.00 16635.00 16620.00 16625.00 730.00
20141128  21:24:00 16625.00 16630.00 16620.00 16625.00 598.00
20141128  21:23:00 16620.00 16630.00 16620.00 16625.00 298.00
20141128  21:22:00 16620.00 16625.00 16620.00 16625.00 160.00
20141128  21:21:00 16615.00 16625.00 16615.00 16620.00 264.00
20141128  21:20:00 16620.00 16620.00 16610.00 16615.00 436.00
20141128  21:19:00 16620.00 16625.00 16615.00 16620.00 220.00
20141128  21:18:00 16615.00 16625.00 16615.00 16620.00 270.00
20141128  21:17:00 16620.00 16630.00 16615.00 16615.00 832.00
20141128  21:16:00 16615.00 16625.00 16615.00 16620.00 426.00
20141128  21:15:00 16615.00 16620.00 16610.00 16615.00 922.00
20141128  21:14:00 16605.00 16615.00 16605.00 16615.00 1278.00
20141128  21:13:00 16615.00 16625.00 16605.00 16610.00 1330.00
20141128  21:12:00 16625.00 16630.00 16615.00 16615.00 336.00
20141128  21:11:00 16625.00 16630.00 16620.00 16625.00 494.00
20141128  21:10:00 16630.00 16635.00 16625.00 16630.00 414.00
20141128  21:09:00 16635.00 16640.00 16630.00 16630.00 516.00
20141128  21:08:00 16625.00 16635.00 16625.00 16635.00 542.00
20141128  21:07:00 16635.00 16635.00 16620.00 16630.00 736.00
20141128  21:06:00 16630.00 16635.00 16615.00 16630.00 1518.00
20141128  21:05:00 16640.00 16640.00 16625.00 16630.00 1142.00
20141128  21:04:00 16640.00 16645.00 16630.00 16640.00 704.00
20141128  21:03:00 16650.00 16650.00 16640.00 16640.00 944.00
20141128  21:02:00 16640.00 16655.00 16640.00 16650.00 844.00
20141128  21:01:00 16630.00 16650.00 16630.00 16640.00 1434.00
20141128  21:00:00 16610.00 16630.00 16600.00 16630.00 3448.00
