20141106  15:00:00 16390.00 16390.00 16390.00 16390.00   2.00
20141106  14:59:00 16380.00 16395.00 16380.00 16390.00 2704.00
20141106  14:58:00 16365.00 16380.00 16365.00 16380.00 2116.00
20141106  14:57:00 16370.00 16375.00 16365.00 16365.00 930.00
20141106  14:56:00 16365.00 16370.00 16360.00 16370.00 1116.00
20141106  14:55:00 16370.00 16375.00 16360.00 16365.00 1910.00
20141106  14:54:00 16375.00 16380.00 16370.00 16370.00 458.00
20141106  14:53:00 16370.00 16380.00 16370.00 16375.00 450.00
20141106  14:52:00 16370.00 16375.00 16365.00 16370.00 458.00
20141106  14:51:00 16360.00 16370.00 16355.00 16370.00 1192.00
20141106  14:50:00 16360.00 16365.00 16360.00 16360.00 634.00
20141106  14:49:00 16365.00 16365.00 16360.00 16360.00 962.00
20141106  14:48:00 16375.00 16380.00 16360.00 16365.00 1332.00
20141106  14:47:00 16380.00 16385.00 16375.00 16375.00 778.00
20141106  14:46:00 16385.00 16385.00 16380.00 16380.00 792.00
20141106  14:45:00 16375.00 16385.00 16370.00 16385.00 814.00
20141106  14:44:00 16380.00 16380.00 16375.00 16375.00 1014.00
20141106  14:43:00 16370.00 16380.00 16360.00 16380.00 1252.00
20141106  14:42:00 16365.00 16370.00 16360.00 16370.00 858.00
20141106  14:41:00 16365.00 16370.00 16360.00 16365.00 1334.00
20141106  14:40:00 16365.00 16365.00 16350.00 16365.00 2904.00
20141106  14:39:00 16370.00 16375.00 16365.00 16365.00 2220.00
20141106  14:38:00 16365.00 16370.00 16360.00 16370.00 1738.00
20141106  14:37:00 16370.00 16375.00 16360.00 16365.00 1308.00
20141106  14:36:00 16370.00 16375.00 16370.00 16370.00 1870.00
20141106  14:35:00 16370.00 16380.00 16365.00 16370.00 2990.00
20141106  14:34:00 16400.00 16405.00 16370.00 16370.00 3004.00
20141106  14:33:00 16395.00 16410.00 16395.00 16400.00 1514.00
20141106  14:32:00 16400.00 16405.00 16390.00 16395.00 3162.00
20141106  14:31:00 16410.00 16415.00 16400.00 16400.00 1686.00
20141106  14:30:00 16440.00 16440.00 16405.00 16410.00 2554.00
20141106  14:29:00 16435.00 16445.00 16435.00 16440.00 444.00
20141106  14:28:00 16440.00 16440.00 16435.00 16435.00 384.00
20141106  14:27:00 16450.00 16450.00 16440.00 16440.00 162.00
20141106  14:26:00 16435.00 16450.00 16430.00 16450.00 1062.00
20141106  14:25:00 16440.00 16440.00 16430.00 16435.00 750.00
20141106  14:24:00 16445.00 16450.00 16430.00 16440.00 800.00
20141106  14:23:00 16450.00 16450.00 16440.00 16445.00 630.00
20141106  14:22:00 16450.00 16455.00 16445.00 16450.00 698.00
20141106  14:21:00 16440.00 16455.00 16435.00 16450.00 1120.00
20141106  14:20:00 16455.00 16455.00 16430.00 16440.00 1856.00
20141106  14:19:00 16450.00 16460.00 16450.00 16455.00 322.00
20141106  14:18:00 16445.00 16455.00 16445.00 16450.00 504.00
20141106  14:17:00 16455.00 16455.00 16440.00 16450.00 1402.00
20141106  14:16:00 16455.00 16460.00 16450.00 16455.00 582.00
20141106  14:15:00 16465.00 16465.00 16450.00 16450.00 824.00
20141106  14:14:00 16465.00 16465.00 16465.00 16465.00  22.00
20141106  14:13:00 16465.00 16470.00 16460.00 16465.00 208.00
20141106  14:12:00 16465.00 16470.00 16460.00 16470.00 176.00
20141106  14:11:00 16470.00 16470.00 16460.00 16465.00 166.00
20141106  14:10:00 16470.00 16475.00 16465.00 16470.00 332.00
20141106  14:09:00 16460.00 16470.00 16460.00 16470.00 258.00
20141106  14:08:00 16460.00 16460.00 16455.00 16460.00 136.00
20141106  14:07:00 16460.00 16465.00 16455.00 16460.00 100.00
20141106  14:06:00 16455.00 16465.00 16455.00 16460.00 480.00
20141106  14:05:00 16470.00 16470.00 16455.00 16455.00 740.00
20141106  14:04:00 16475.00 16475.00 16470.00 16470.00 320.00
20141106  14:03:00 16470.00 16485.00 16470.00 16475.00 690.00
20141106  14:02:00 16480.00 16480.00 16470.00 16470.00 328.00
20141106  14:01:00 16480.00 16485.00 16475.00 16480.00 750.00
20141106  14:00:00 16470.00 16480.00 16465.00 16480.00 670.00
20141106  13:59:00 16470.00 16470.00 16470.00 16470.00 154.00
20141106  13:58:00 16470.00 16475.00 16470.00 16470.00 188.00
20141106  13:57:00 16470.00 16470.00 16470.00 16470.00 414.00
20141106  13:56:00 16475.00 16475.00 16470.00 16470.00 160.00
20141106  13:55:00 16460.00 16470.00 16460.00 16470.00 436.00
20141106  13:54:00 16465.00 16465.00 16455.00 16465.00 448.00
20141106  13:53:00 16455.00 16465.00 16450.00 16465.00 712.00
20141106  13:52:00 16460.00 16460.00 16455.00 16455.00 126.00
20141106  13:51:00 16465.00 16465.00 16450.00 16460.00 560.00
20141106  13:50:00 16455.00 16465.00 16450.00 16465.00 422.00
20141106  13:49:00 16455.00 16460.00 16455.00 16455.00 542.00
20141106  13:48:00 16445.00 16455.00 16440.00 16455.00 586.00
20141106  13:47:00 16455.00 16460.00 16445.00 16445.00 470.00
20141106  13:46:00 16450.00 16460.00 16450.00 16455.00 578.00
20141106  13:45:00 16470.00 16475.00 16440.00 16445.00 968.00
20141106  13:44:00 16450.00 16470.00 16450.00 16470.00 894.00
20141106  13:43:00 16450.00 16460.00 16450.00 16450.00 628.00
20141106  13:42:00 16440.00 16450.00 16435.00 16450.00 830.00
20141106  13:41:00 16440.00 16440.00 16435.00 16440.00 492.00
20141106  13:40:00 16440.00 16445.00 16435.00 16440.00 346.00
20141106  13:39:00 16445.00 16450.00 16435.00 16435.00 922.00
20141106  13:38:00 16445.00 16450.00 16445.00 16450.00 118.00
20141106  13:37:00 16455.00 16455.00 16440.00 16445.00 540.00
20141106  13:36:00 16445.00 16455.00 16440.00 16455.00 1040.00
20141106  13:35:00 16455.00 16455.00 16440.00 16445.00 628.00
20141106  13:34:00 16460.00 16460.00 16450.00 16455.00 262.00
20141106  13:33:00 16450.00 16460.00 16450.00 16460.00 178.00
20141106  13:32:00 16470.00 16470.00 16455.00 16455.00 1122.00
20141106  13:31:00 16470.00 16475.00 16465.00 16470.00 590.00
20141106  13:30:00 16455.00 16480.00 16455.00 16470.00 1882.00
20141106  11:29:00 16445.00 16455.00 16445.00 16450.00 1374.00
20141106  11:28:00 16435.00 16450.00 16430.00 16445.00 1528.00
20141106  11:27:00 16445.00 16445.00 16430.00 16435.00 1536.00
20141106  11:26:00 16440.00 16445.00 16440.00 16445.00 240.00
20141106  11:25:00 16445.00 16450.00 16440.00 16445.00 1044.00
20141106  11:24:00 16450.00 16455.00 16440.00 16445.00 890.00
20141106  11:23:00 16440.00 16450.00 16440.00 16450.00 604.00
20141106  11:22:00 16450.00 16450.00 16440.00 16440.00 958.00
20141106  11:21:00 16455.00 16455.00 16445.00 16450.00 714.00
20141106  11:20:00 16465.00 16470.00 16450.00 16455.00 652.00
20141106  11:19:00 16465.00 16470.00 16465.00 16470.00 264.00
20141106  11:18:00 16460.00 16470.00 16460.00 16465.00 362.00
20141106  11:17:00 16465.00 16465.00 16460.00 16460.00 188.00
20141106  11:16:00 16460.00 16465.00 16460.00 16465.00 308.00
20141106  11:15:00 16460.00 16465.00 16460.00 16460.00 212.00
20141106  11:14:00 16460.00 16465.00 16450.00 16460.00 1838.00
20141106  11:13:00 16460.00 16470.00 16460.00 16460.00 354.00
20141106  11:12:00 16460.00 16465.00 16460.00 16460.00 562.00
20141106  11:11:00 16465.00 16470.00 16460.00 16460.00 552.00
20141106  11:10:00 16470.00 16475.00 16465.00 16465.00 196.00
20141106  11:09:00 16470.00 16475.00 16470.00 16470.00 106.00
20141106  11:08:00 16475.00 16480.00 16470.00 16470.00 316.00
20141106  11:07:00 16475.00 16480.00 16475.00 16475.00 438.00
20141106  11:06:00 16480.00 16480.00 16475.00 16480.00  18.00
20141106  11:05:00 16480.00 16480.00 16480.00 16480.00  48.00
20141106  11:04:00 16480.00 16480.00 16475.00 16480.00 160.00
20141106  11:03:00 16470.00 16480.00 16470.00 16480.00 416.00
20141106  11:02:00 16470.00 16470.00 16470.00 16470.00 174.00
20141106  11:01:00 16480.00 16480.00 16470.00 16470.00 320.00
20141106  11:00:00 16480.00 16485.00 16475.00 16480.00 230.00
20141106  10:59:00 16490.00 16490.00 16480.00 16480.00 194.00
20141106  10:58:00 16475.00 16490.00 16475.00 16490.00 486.00
20141106  10:57:00 16475.00 16480.00 16475.00 16480.00 302.00
20141106  10:56:00 16475.00 16475.00 16470.00 16475.00 372.00
20141106  10:55:00 16480.00 16480.00 16475.00 16475.00 110.00
20141106  10:54:00 16480.00 16480.00 16475.00 16480.00  86.00
20141106  10:53:00 16480.00 16490.00 16480.00 16480.00 730.00
20141106  10:52:00 16475.00 16480.00 16475.00 16480.00 144.00
20141106  10:51:00 16470.00 16480.00 16470.00 16475.00 158.00
20141106  10:50:00 16475.00 16475.00 16470.00 16470.00  38.00
20141106  10:49:00 16475.00 16475.00 16475.00 16475.00 102.00
20141106  10:48:00 16475.00 16475.00 16470.00 16475.00 432.00
20141106  10:47:00 16475.00 16480.00 16470.00 16475.00 412.00
20141106  10:46:00 16475.00 16475.00 16470.00 16475.00 248.00
20141106  10:45:00 16470.00 16475.00 16470.00 16475.00 204.00
20141106  10:44:00 16470.00 16475.00 16470.00 16470.00  84.00
20141106  10:43:00 16470.00 16475.00 16470.00 16470.00 220.00
20141106  10:42:00 16470.00 16475.00 16470.00 16470.00 136.00
20141106  10:41:00 16470.00 16475.00 16465.00 16470.00 430.00
20141106  10:40:00 16465.00 16470.00 16465.00 16470.00 220.00
20141106  10:39:00 16460.00 16475.00 16460.00 16470.00 796.00
20141106  10:38:00 16470.00 16475.00 16460.00 16460.00 466.00
20141106  10:37:00 16470.00 16475.00 16470.00 16470.00 242.00
20141106  10:36:00 16475.00 16475.00 16465.00 16470.00 1064.00
20141106  10:35:00 16485.00 16485.00 16475.00 16475.00 566.00
20141106  10:34:00 16490.00 16490.00 16485.00 16485.00 452.00
20141106  10:33:00 16490.00 16495.00 16485.00 16490.00 562.00
20141106  10:32:00 16500.00 16500.00 16490.00 16490.00 662.00
20141106  10:31:00 16495.00 16505.00 16495.00 16500.00 596.00
20141106  10:30:00 16510.00 16510.00 16495.00 16500.00 1230.00
20141106  10:14:00 16475.00 16525.00 16470.00 16505.00 4146.00
20141106  10:13:00 16470.00 16480.00 16465.00 16480.00 952.00
20141106  10:12:00 16460.00 16470.00 16460.00 16470.00 450.00
20141106  10:11:00 16460.00 16460.00 16455.00 16460.00 410.00
20141106  10:10:00 16460.00 16460.00 16455.00 16460.00  52.00
20141106  10:09:00 16460.00 16460.00 16455.00 16460.00  36.00
20141106  10:08:00 16455.00 16460.00 16455.00 16460.00  70.00
20141106  10:07:00 16455.00 16460.00 16455.00 16460.00   2.00
20141106  10:06:00 16455.00 16460.00 16455.00 16455.00  36.00
20141106  10:05:00 16455.00 16460.00 16455.00 16455.00 100.00
20141106  10:04:00 16460.00 16460.00 16450.00 16455.00 528.00
20141106  10:03:00 16460.00 16465.00 16455.00 16460.00 446.00
20141106  10:02:00 16460.00 16465.00 16460.00 16460.00 152.00
20141106  10:01:00 16465.00 16465.00 16460.00 16460.00 162.00
20141106  10:00:00 16455.00 16470.00 16455.00 16465.00 800.00
20141106  09:59:00 16460.00 16460.00 16455.00 16455.00  38.00
20141106  09:58:00 16455.00 16460.00 16455.00 16455.00 240.00
20141106  09:57:00 16460.00 16460.00 16450.00 16455.00 506.00
20141106  09:56:00 16460.00 16460.00 16455.00 16460.00  28.00
20141106  09:55:00 16460.00 16460.00 16455.00 16460.00 210.00
20141106  09:54:00 16460.00 16465.00 16450.00 16460.00 730.00
20141106  09:53:00 16465.00 16465.00 16460.00 16460.00 262.00
20141106  09:52:00 16455.00 16465.00 16455.00 16465.00 264.00
20141106  09:51:00 16460.00 16465.00 16455.00 16455.00 592.00
20141106  09:50:00 16460.00 16480.00 16455.00 16460.00 1322.00
20141106  09:49:00 16460.00 16465.00 16450.00 16460.00 1392.00
20141106  09:48:00 16475.00 16480.00 16460.00 16465.00 854.00
20141106  09:47:00 16485.00 16490.00 16475.00 16480.00 440.00
20141106  09:46:00 16470.00 16490.00 16470.00 16490.00 1400.00
20141106  09:45:00 16470.00 16480.00 16470.00 16470.00 480.00
20141106  09:44:00 16485.00 16485.00 16470.00 16470.00 1104.00
20141106  09:43:00 16475.00 16490.00 16475.00 16490.00 1802.00
20141106  09:42:00 16465.00 16475.00 16465.00 16475.00 924.00
20141106  09:41:00 16465.00 16475.00 16460.00 16470.00 676.00
20141106  09:40:00 16465.00 16475.00 16460.00 16465.00 1206.00
20141106  09:39:00 16460.00 16465.00 16455.00 16465.00 908.00
20141106  09:38:00 16455.00 16460.00 16450.00 16460.00 422.00
20141106  09:37:00 16445.00 16455.00 16445.00 16455.00 594.00
20141106  09:36:00 16445.00 16450.00 16440.00 16445.00 172.00
20141106  09:35:00 16445.00 16445.00 16440.00 16445.00 100.00
20141106  09:34:00 16450.00 16450.00 16445.00 16445.00 226.00
20141106  09:33:00 16445.00 16450.00 16445.00 16450.00 280.00
20141106  09:32:00 16440.00 16450.00 16440.00 16445.00 290.00
20141106  09:31:00 16450.00 16450.00 16440.00 16440.00 584.00
20141106  09:30:00 16460.00 16460.00 16450.00 16450.00 152.00
20141106  09:29:00 16455.00 16460.00 16455.00 16455.00 206.00
20141106  09:28:00 16460.00 16460.00 16455.00 16455.00 258.00
20141106  09:27:00 16455.00 16460.00 16455.00 16460.00 226.00
20141106  09:26:00 16455.00 16460.00 16455.00 16455.00 410.00
20141106  09:25:00 16450.00 16460.00 16445.00 16455.00 782.00
20141106  09:24:00 16455.00 16455.00 16445.00 16450.00 638.00
20141106  09:23:00 16455.00 16455.00 16445.00 16455.00 1290.00
20141106  09:22:00 16450.00 16455.00 16450.00 16455.00 762.00
20141106  09:21:00 16450.00 16455.00 16445.00 16455.00 824.00
20141106  09:20:00 16455.00 16460.00 16440.00 16450.00 1224.00
20141106  09:19:00 16430.00 16460.00 16430.00 16455.00 1370.00
20141106  09:18:00 16425.00 16435.00 16425.00 16430.00 1032.00
20141106  09:17:00 16420.00 16430.00 16420.00 16425.00 502.00
20141106  09:16:00 16435.00 16440.00 16415.00 16420.00 1354.00
20141106  09:15:00 16430.00 16435.00 16425.00 16430.00 842.00
20141106  09:14:00 16435.00 16440.00 16425.00 16430.00 960.00
20141106  09:13:00 16415.00 16435.00 16410.00 16435.00 1412.00
20141106  09:12:00 16450.00 16450.00 16410.00 16410.00 2334.00
20141106  09:11:00 16460.00 16460.00 16445.00 16450.00 602.00
20141106  09:10:00 16460.00 16465.00 16455.00 16460.00 1166.00
20141106  09:09:00 16465.00 16470.00 16455.00 16460.00 722.00
20141106  09:08:00 16460.00 16470.00 16445.00 16465.00 1158.00
20141106  09:07:00 16450.00 16465.00 16445.00 16460.00 1674.00
20141106  09:06:00 16460.00 16460.00 16440.00 16445.00 2254.00
20141106  09:05:00 16475.00 16475.00 16455.00 16460.00 1124.00
20141106  09:04:00 16460.00 16475.00 16460.00 16470.00 1528.00
20141106  09:03:00 16485.00 16490.00 16455.00 16460.00 3486.00
20141106  09:02:00 16425.00 16495.00 16425.00 16480.00 6076.00
20141106  09:01:00 16425.00 16435.00 16420.00 16425.00 3012.00
20141106  09:00:00 16410.00 16430.00 16410.00 16425.00 2012.00
20141106  01:00:00 16415.00 16415.00 16415.00 16415.00   4.00
20141106  00:59:00 16400.00 16415.00 16400.00 16415.00 848.00
20141106  00:58:00 16400.00 16405.00 16400.00 16405.00 564.00
20141106  00:57:00 16400.00 16405.00 16400.00 16400.00 338.00
20141106  00:56:00 16400.00 16405.00 16395.00 16400.00 208.00
20141106  00:55:00 16400.00 16405.00 16395.00 16395.00 1470.00
20141106  00:54:00 16395.00 16405.00 16395.00 16400.00 552.00
20141106  00:53:00 16395.00 16395.00 16390.00 16395.00 258.00
20141106  00:52:00 16390.00 16395.00 16390.00 16395.00  68.00
20141106  00:51:00 16395.00 16395.00 16390.00 16390.00 136.00
20141106  00:50:00 16390.00 16395.00 16385.00 16395.00 486.00
20141106  00:49:00 16395.00 16395.00 16390.00 16390.00 412.00
20141106  00:48:00 16405.00 16405.00 16395.00 16395.00 372.00
20141106  00:47:00 16400.00 16410.00 16400.00 16405.00 334.00
20141106  00:46:00 16400.00 16400.00 16400.00 16400.00  18.00
20141106  00:45:00 16395.00 16405.00 16395.00 16400.00 428.00
20141106  00:44:00 16395.00 16395.00 16395.00 16395.00 224.00
20141106  00:43:00 16385.00 16395.00 16385.00 16395.00 266.00
20141106  00:42:00 16385.00 16385.00 16380.00 16385.00 252.00
20141106  00:41:00 16385.00 16385.00 16385.00 16385.00 102.00
20141106  00:40:00 16390.00 16390.00 16385.00 16385.00 176.00
20141106  00:39:00 16395.00 16400.00 16390.00 16390.00 200.00
20141106  00:38:00 16395.00 16400.00 16395.00 16395.00 230.00
20141106  00:37:00 16395.00 16400.00 16395.00 16395.00  54.00
20141106  00:36:00 16400.00 16405.00 16395.00 16395.00 386.00
20141106  00:35:00 16395.00 16400.00 16390.00 16400.00 364.00
20141106  00:34:00 16395.00 16400.00 16390.00 16395.00 352.00
20141106  00:33:00 16400.00 16400.00 16395.00 16395.00 400.00
20141106  00:32:00 16390.00 16405.00 16390.00 16400.00 502.00
20141106  00:31:00 16380.00 16390.00 16380.00 16390.00 190.00
20141106  00:30:00 16395.00 16395.00 16380.00 16380.00 530.00
20141106  00:29:00 16405.00 16405.00 16390.00 16395.00 530.00
20141106  00:28:00 16400.00 16405.00 16395.00 16405.00 286.00
20141106  00:27:00 16390.00 16400.00 16390.00 16400.00 620.00
20141106  00:26:00 16390.00 16390.00 16390.00 16390.00 202.00
20141106  00:25:00 16390.00 16395.00 16390.00 16390.00 814.00
20141106  00:24:00 16395.00 16395.00 16385.00 16385.00 670.00
20141106  00:23:00 16390.00 16400.00 16390.00 16395.00 254.00
20141106  00:22:00 16395.00 16400.00 16390.00 16395.00 924.00
20141106  00:21:00 16410.00 16410.00 16395.00 16395.00 1354.00
20141106  00:20:00 16420.00 16420.00 16410.00 16410.00 214.00
20141106  00:19:00 16420.00 16420.00 16415.00 16420.00 164.00
20141106  00:18:00 16420.00 16430.00 16410.00 16415.00 1374.00
20141106  00:17:00 16420.00 16425.00 16420.00 16420.00 368.00
20141106  00:16:00 16420.00 16425.00 16420.00 16420.00 166.00
20141106  00:15:00 16420.00 16425.00 16415.00 16420.00 402.00
20141106  00:14:00 16415.00 16420.00 16415.00 16420.00 680.00
20141106  00:13:00 16420.00 16420.00 16410.00 16415.00 788.00
20141106  00:12:00 16420.00 16420.00 16415.00 16415.00 710.00
20141106  00:11:00 16425.00 16430.00 16420.00 16420.00 830.00
20141106  00:10:00 16430.00 16435.00 16420.00 16425.00 1288.00
20141106  00:09:00 16430.00 16435.00 16425.00 16430.00 732.00
20141106  00:08:00 16420.00 16430.00 16415.00 16430.00 1446.00
20141106  00:07:00 16410.00 16420.00 16405.00 16420.00 1212.00
20141106  00:06:00 16405.00 16415.00 16400.00 16410.00 680.00
20141106  00:05:00 16405.00 16410.00 16400.00 16405.00 628.00
20141106  00:04:00 16405.00 16410.00 16400.00 16400.00 540.00
20141106  00:03:00 16410.00 16420.00 16405.00 16405.00 1084.00
20141106  00:02:00 16410.00 16415.00 16405.00 16410.00 1276.00
20141106  00:01:00 16390.00 16410.00 16390.00 16410.00 1324.00
20141106  00:00:00 16395.00 16395.00 16385.00 16390.00 398.00
20141105  23:59:00 16390.00 16395.00 16390.00 16390.00 458.00
20141105  23:58:00 16395.00 16395.00 16385.00 16390.00 338.00
20141105  23:57:00 16390.00 16400.00 16390.00 16395.00 770.00
20141105  23:56:00 16390.00 16395.00 16390.00 16395.00 178.00
20141105  23:55:00 16390.00 16395.00 16385.00 16390.00 330.00
20141105  23:54:00 16390.00 16390.00 16380.00 16390.00 1244.00
20141105  23:53:00 16400.00 16400.00 16390.00 16390.00 536.00
20141105  23:52:00 16405.00 16410.00 16400.00 16400.00 380.00
20141105  23:51:00 16400.00 16410.00 16400.00 16405.00 1586.00
20141105  23:50:00 16405.00 16405.00 16395.00 16400.00 1446.00
20141105  23:49:00 16400.00 16410.00 16400.00 16405.00 1894.00
20141105  23:48:00 16405.00 16405.00 16395.00 16395.00 862.00
20141105  23:47:00 16375.00 16405.00 16375.00 16405.00 2906.00
20141105  23:46:00 16370.00 16380.00 16370.00 16375.00 1012.00
20141105  23:45:00 16370.00 16375.00 16365.00 16370.00 944.00
20141105  23:44:00 16360.00 16370.00 16360.00 16365.00  84.00
20141105  23:43:00 16365.00 16370.00 16360.00 16360.00 190.00
20141105  23:42:00 16370.00 16370.00 16365.00 16365.00 590.00
20141105  23:41:00 16375.00 16375.00 16370.00 16370.00 262.00
20141105  23:40:00 16375.00 16375.00 16370.00 16375.00 242.00
20141105  23:39:00 16365.00 16375.00 16365.00 16375.00 852.00
20141105  23:38:00 16365.00 16365.00 16360.00 16365.00 228.00
20141105  23:37:00 16365.00 16365.00 16360.00 16365.00  88.00
20141105  23:36:00 16365.00 16365.00 16360.00 16365.00 134.00
20141105  23:35:00 16370.00 16370.00 16365.00 16365.00 196.00
20141105  23:34:00 16370.00 16375.00 16365.00 16370.00 834.00
20141105  23:33:00 16370.00 16375.00 16360.00 16370.00 1164.00
20141105  23:32:00 16360.00 16370.00 16360.00 16370.00 534.00
20141105  23:31:00 16360.00 16360.00 16355.00 16360.00 372.00
20141105  23:30:00 16365.00 16365.00 16350.00 16355.00 782.00
20141105  23:29:00 16365.00 16365.00 16360.00 16365.00 470.00
20141105  23:28:00 16355.00 16365.00 16350.00 16365.00 1228.00
20141105  23:27:00 16355.00 16360.00 16350.00 16355.00 1294.00
20141105  23:26:00 16355.00 16360.00 16355.00 16355.00 112.00
20141105  23:25:00 16355.00 16360.00 16355.00 16355.00 410.00
20141105  23:24:00 16350.00 16350.00 16350.00 16350.00  34.00
20141105  23:23:00 16350.00 16355.00 16350.00 16350.00  58.00
20141105  23:22:00 16355.00 16355.00 16350.00 16350.00 344.00
20141105  23:21:00 16350.00 16360.00 16350.00 16355.00 394.00
20141105  23:20:00 16350.00 16350.00 16345.00 16350.00 188.00
20141105  23:19:00 16355.00 16360.00 16345.00 16350.00 694.00
20141105  23:18:00 16360.00 16360.00 16350.00 16355.00 406.00
20141105  23:17:00 16350.00 16365.00 16345.00 16360.00 1050.00
20141105  23:16:00 16355.00 16360.00 16345.00 16350.00 974.00
20141105  23:15:00 16360.00 16365.00 16360.00 16360.00 814.00
20141105  23:14:00 16350.00 16365.00 16350.00 16360.00 922.00
20141105  23:13:00 16350.00 16355.00 16350.00 16350.00 126.00
20141105  23:12:00 16355.00 16355.00 16350.00 16355.00 580.00
20141105  23:11:00 16350.00 16355.00 16350.00 16355.00 358.00
20141105  23:10:00 16350.00 16355.00 16345.00 16350.00 272.00
20141105  23:09:00 16335.00 16350.00 16335.00 16350.00 1340.00
20141105  23:08:00 16355.00 16355.00 16335.00 16335.00 1140.00
20141105  23:07:00 16350.00 16355.00 16350.00 16355.00 362.00
20141105  23:06:00 16345.00 16350.00 16340.00 16350.00 216.00
20141105  23:05:00 16345.00 16345.00 16340.00 16345.00 488.00
20141105  23:04:00 16345.00 16345.00 16340.00 16345.00 100.00
20141105  23:03:00 16340.00 16345.00 16340.00 16345.00 354.00
20141105  23:02:00 16335.00 16345.00 16335.00 16340.00 542.00
20141105  23:01:00 16340.00 16340.00 16335.00 16340.00 150.00
20141105  23:00:00 16340.00 16345.00 16335.00 16340.00 542.00
20141105  22:59:00 16340.00 16345.00 16335.00 16340.00 440.00
20141105  22:58:00 16340.00 16340.00 16335.00 16340.00 852.00
20141105  22:57:00 16345.00 16345.00 16335.00 16340.00 1612.00
20141105  22:56:00 16355.00 16355.00 16340.00 16340.00 1554.00
20141105  22:55:00 16360.00 16360.00 16350.00 16355.00 910.00
20141105  22:54:00 16350.00 16360.00 16345.00 16360.00 2002.00
20141105  22:53:00 16345.00 16350.00 16340.00 16350.00 602.00
20141105  22:52:00 16335.00 16345.00 16330.00 16345.00 1108.00
20141105  22:51:00 16335.00 16340.00 16325.00 16335.00 2698.00
20141105  22:50:00 16330.00 16335.00 16325.00 16335.00 912.00
20141105  22:49:00 16325.00 16335.00 16320.00 16330.00 1586.00
20141105  22:48:00 16330.00 16335.00 16320.00 16325.00 2076.00
20141105  22:47:00 16345.00 16345.00 16330.00 16330.00 1552.00
20141105  22:46:00 16340.00 16350.00 16340.00 16345.00 750.00
20141105  22:45:00 16340.00 16345.00 16335.00 16345.00 1286.00
20141105  22:44:00 16325.00 16345.00 16320.00 16345.00 2344.00
20141105  22:43:00 16345.00 16345.00 16325.00 16325.00 3342.00
20141105  22:42:00 16355.00 16365.00 16340.00 16340.00 3596.00
20141105  22:41:00 16370.00 16370.00 16355.00 16355.00 2114.00
20141105  22:40:00 16375.00 16380.00 16365.00 16370.00 1178.00
20141105  22:39:00 16385.00 16390.00 16375.00 16375.00 400.00
20141105  22:38:00 16385.00 16390.00 16385.00 16385.00 314.00
20141105  22:37:00 16385.00 16385.00 16380.00 16385.00 110.00
20141105  22:36:00 16375.00 16385.00 16370.00 16385.00 688.00
20141105  22:35:00 16380.00 16380.00 16370.00 16375.00 282.00
20141105  22:34:00 16380.00 16380.00 16375.00 16380.00 310.00
20141105  22:33:00 16380.00 16380.00 16370.00 16380.00 656.00
20141105  22:32:00 16370.00 16385.00 16370.00 16375.00 1110.00
20141105  22:31:00 16380.00 16380.00 16365.00 16370.00 2594.00
20141105  22:30:00 16380.00 16385.00 16380.00 16380.00 210.00
20141105  22:29:00 16385.00 16390.00 16380.00 16380.00 578.00
20141105  22:28:00 16390.00 16395.00 16385.00 16385.00 384.00
20141105  22:27:00 16395.00 16395.00 16390.00 16390.00 188.00
20141105  22:26:00 16395.00 16395.00 16390.00 16395.00  78.00
20141105  22:25:00 16390.00 16395.00 16390.00 16395.00  46.00
20141105  22:24:00 16390.00 16395.00 16385.00 16390.00 142.00
20141105  22:23:00 16390.00 16395.00 16385.00 16390.00 658.00
20141105  22:22:00 16390.00 16390.00 16385.00 16390.00 1336.00
20141105  22:21:00 16390.00 16395.00 16390.00 16390.00 112.00
20141105  22:20:00 16395.00 16395.00 16390.00 16390.00 276.00
20141105  22:19:00 16395.00 16400.00 16390.00 16395.00 496.00
20141105  22:18:00 16400.00 16400.00 16395.00 16395.00  78.00
20141105  22:17:00 16395.00 16405.00 16395.00 16400.00 548.00
20141105  22:16:00 16395.00 16400.00 16390.00 16395.00 854.00
20141105  22:15:00 16395.00 16400.00 16390.00 16395.00 836.00
20141105  22:14:00 16385.00 16395.00 16385.00 16390.00 672.00
20141105  22:13:00 16385.00 16390.00 16385.00 16385.00 842.00
20141105  22:12:00 16390.00 16395.00 16380.00 16385.00 3046.00
20141105  22:11:00 16395.00 16395.00 16390.00 16390.00 558.00
20141105  22:10:00 16400.00 16405.00 16395.00 16395.00 650.00
20141105  22:09:00 16405.00 16405.00 16400.00 16405.00 406.00
20141105  22:08:00 16410.00 16410.00 16400.00 16410.00 592.00
20141105  22:07:00 16405.00 16410.00 16405.00 16410.00  82.00
20141105  22:06:00 16405.00 16410.00 16400.00 16405.00 220.00
20141105  22:05:00 16405.00 16410.00 16405.00 16405.00 172.00
20141105  22:04:00 16405.00 16410.00 16400.00 16405.00 266.00
20141105  22:03:00 16410.00 16410.00 16400.00 16405.00 444.00
20141105  22:02:00 16410.00 16415.00 16405.00 16410.00 826.00
20141105  22:01:00 16410.00 16415.00 16400.00 16405.00 692.00
20141105  22:00:00 16400.00 16415.00 16400.00 16410.00 798.00
20141105  21:59:00 16400.00 16405.00 16400.00 16400.00  82.00
20141105  21:58:00 16405.00 16405.00 16395.00 16400.00 348.00
20141105  21:57:00 16405.00 16405.00 16395.00 16405.00 398.00
20141105  21:56:00 16405.00 16410.00 16395.00 16405.00 1032.00
20141105  21:55:00 16390.00 16405.00 16390.00 16405.00 706.00
20141105  21:54:00 16395.00 16395.00 16385.00 16390.00 748.00
20141105  21:53:00 16395.00 16395.00 16395.00 16395.00  24.00
20141105  21:52:00 16405.00 16405.00 16390.00 16395.00 570.00
20141105  21:51:00 16395.00 16405.00 16390.00 16405.00 1160.00
20141105  21:50:00 16390.00 16395.00 16385.00 16395.00 610.00
20141105  21:49:00 16385.00 16395.00 16385.00 16390.00 820.00
20141105  21:48:00 16395.00 16400.00 16380.00 16385.00 2108.00
20141105  21:47:00 16405.00 16415.00 16395.00 16400.00 1352.00
20141105  21:46:00 16405.00 16405.00 16400.00 16405.00 240.00
20141105  21:45:00 16395.00 16405.00 16395.00 16405.00 1174.00
20141105  21:44:00 16395.00 16400.00 16390.00 16395.00 562.00
20141105  21:43:00 16400.00 16400.00 16395.00 16395.00 730.00
20141105  21:42:00 16405.00 16405.00 16400.00 16400.00 318.00
20141105  21:41:00 16405.00 16410.00 16400.00 16405.00 996.00
20141105  21:40:00 16415.00 16415.00 16405.00 16405.00 394.00
20141105  21:39:00 16410.00 16420.00 16410.00 16415.00 688.00
20141105  21:38:00 16410.00 16415.00 16405.00 16410.00 916.00
20141105  21:37:00 16405.00 16410.00 16400.00 16410.00 710.00
20141105  21:36:00 16405.00 16405.00 16395.00 16405.00 1158.00
20141105  21:35:00 16405.00 16410.00 16400.00 16405.00 806.00
20141105  21:34:00 16400.00 16405.00 16400.00 16405.00 732.00
20141105  21:33:00 16400.00 16405.00 16390.00 16400.00 1282.00
20141105  21:32:00 16400.00 16405.00 16395.00 16400.00 1614.00
20141105  21:31:00 16420.00 16420.00 16400.00 16400.00 1886.00
20141105  21:30:00 16420.00 16420.00 16415.00 16415.00 554.00
20141105  21:29:00 16420.00 16425.00 16415.00 16420.00 1050.00
20141105  21:28:00 16415.00 16425.00 16415.00 16415.00 900.00
20141105  21:27:00 16425.00 16425.00 16410.00 16415.00 1538.00
20141105  21:26:00 16440.00 16440.00 16420.00 16425.00 2086.00
20141105  21:25:00 16405.00 16440.00 16405.00 16435.00 4434.00
20141105  21:24:00 16410.00 16410.00 16405.00 16410.00 926.00
20141105  21:23:00 16420.00 16420.00 16405.00 16410.00 2788.00
20141105  21:22:00 16400.00 16425.00 16400.00 16420.00 4630.00
20141105  21:21:00 16385.00 16405.00 16380.00 16405.00 2708.00
20141105  21:20:00 16370.00 16385.00 16365.00 16385.00 1786.00
20141105  21:19:00 16365.00 16370.00 16355.00 16370.00 2596.00
20141105  21:18:00 16375.00 16375.00 16350.00 16365.00 5846.00
20141105  21:17:00 16395.00 16395.00 16370.00 16375.00 3814.00
20141105  21:16:00 16405.00 16405.00 16395.00 16395.00 596.00
20141105  21:15:00 16395.00 16405.00 16395.00 16405.00 992.00
20141105  21:14:00 16405.00 16410.00 16395.00 16395.00 1270.00
20141105  21:13:00 16400.00 16405.00 16400.00 16405.00 720.00
20141105  21:12:00 16405.00 16410.00 16400.00 16400.00 1688.00
20141105  21:11:00 16400.00 16410.00 16395.00 16405.00 2462.00
20141105  21:10:00 16400.00 16405.00 16390.00 16400.00 1846.00
20141105  21:09:00 16395.00 16400.00 16390.00 16395.00 2102.00
20141105  21:08:00 16410.00 16410.00 16390.00 16395.00 1910.00
20141105  21:07:00 16405.00 16410.00 16390.00 16410.00 2676.00
20141105  21:06:00 16390.00 16405.00 16380.00 16405.00 4560.00
20141105  21:05:00 16365.00 16390.00 16360.00 16390.00 2930.00
20141105  21:04:00 16365.00 16365.00 16360.00 16360.00 824.00
20141105  21:03:00 16365.00 16365.00 16350.00 16360.00 2692.00
20141105  21:02:00 16370.00 16375.00 16360.00 16365.00 3364.00
20141105  21:01:00 16350.00 16370.00 16335.00 16370.00 3012.00
20141105  21:00:00 16340.00 16365.00 16325.00 16355.00 5428.00
