20140930  15:00:00 16800.00 16800.00 16800.00 16800.00  10.00
20140930  14:59:00 16790.00 16800.00 16785.00 16800.00 1880.00
20140930  14:58:00 16775.00 16795.00 16775.00 16790.00 2760.00
20140930  14:57:00 16765.00 16790.00 16765.00 16780.00 2176.00
20140930  14:56:00 16760.00 16770.00 16760.00 16770.00 1052.00
20140930  14:55:00 16755.00 16765.00 16750.00 16765.00 980.00
20140930  14:54:00 16750.00 16755.00 16750.00 16755.00 758.00
20140930  14:53:00 16740.00 16750.00 16740.00 16750.00 398.00
20140930  14:52:00 16740.00 16745.00 16735.00 16740.00 526.00
20140930  14:51:00 16745.00 16745.00 16735.00 16740.00 796.00
20140930  14:50:00 16730.00 16750.00 16725.00 16745.00 1508.00
20140930  14:49:00 16730.00 16730.00 16725.00 16730.00 672.00
20140930  14:48:00 16740.00 16740.00 16730.00 16730.00 490.00
20140930  14:47:00 16740.00 16740.00 16735.00 16735.00 314.00
20140930  14:46:00 16735.00 16745.00 16735.00 16740.00 374.00
20140930  14:45:00 16745.00 16745.00 16730.00 16735.00 460.00
20140930  14:44:00 16735.00 16745.00 16730.00 16745.00 664.00
20140930  14:43:00 16720.00 16740.00 16720.00 16735.00 1186.00
20140930  14:42:00 16730.00 16730.00 16720.00 16720.00 466.00
20140930  14:41:00 16735.00 16745.00 16730.00 16730.00 466.00
20140930  14:40:00 16745.00 16755.00 16740.00 16740.00 786.00
20140930  14:39:00 16750.00 16755.00 16740.00 16745.00 698.00
20140930  14:38:00 16750.00 16755.00 16750.00 16750.00 720.00
20140930  14:37:00 16745.00 16755.00 16740.00 16750.00 778.00
20140930  14:36:00 16735.00 16750.00 16735.00 16745.00 980.00
20140930  14:35:00 16725.00 16735.00 16725.00 16735.00 852.00
20140930  14:34:00 16730.00 16735.00 16725.00 16725.00 238.00
20140930  14:33:00 16730.00 16735.00 16725.00 16730.00 384.00
20140930  14:32:00 16730.00 16730.00 16725.00 16730.00  30.00
20140930  14:31:00 16730.00 16730.00 16730.00 16730.00  56.00
20140930  14:30:00 16730.00 16730.00 16725.00 16730.00  60.00
20140930  14:29:00 16730.00 16730.00 16725.00 16730.00 206.00
20140930  14:28:00 16730.00 16730.00 16730.00 16730.00  60.00
20140930  14:27:00 16720.00 16735.00 16720.00 16730.00 402.00
20140930  14:26:00 16725.00 16730.00 16720.00 16725.00 304.00
20140930  14:25:00 16730.00 16735.00 16725.00 16725.00 570.00
20140930  14:24:00 16720.00 16730.00 16720.00 16730.00 232.00
20140930  14:23:00 16725.00 16730.00 16720.00 16720.00 950.00
20140930  14:22:00 16725.00 16735.00 16725.00 16725.00 670.00
20140930  14:21:00 16745.00 16745.00 16720.00 16725.00 964.00
20140930  14:20:00 16745.00 16750.00 16740.00 16745.00 334.00
20140930  14:19:00 16760.00 16760.00 16745.00 16745.00 566.00
20140930  14:18:00 16735.00 16760.00 16735.00 16760.00 900.00
20140930  14:17:00 16725.00 16735.00 16720.00 16735.00 674.00
20140930  14:16:00 16730.00 16730.00 16725.00 16725.00 194.00
20140930  14:15:00 16725.00 16730.00 16725.00 16730.00 392.00
20140930  14:14:00 16730.00 16735.00 16725.00 16725.00 348.00
20140930  14:13:00 16730.00 16735.00 16720.00 16730.00 344.00
20140930  14:12:00 16730.00 16730.00 16725.00 16730.00 192.00
20140930  14:11:00 16725.00 16735.00 16720.00 16735.00 580.00
20140930  14:10:00 16715.00 16725.00 16710.00 16725.00 552.00
20140930  14:09:00 16710.00 16710.00 16705.00 16710.00 192.00
20140930  14:08:00 16705.00 16710.00 16700.00 16710.00 122.00
20140930  14:07:00 16705.00 16705.00 16700.00 16705.00  72.00
20140930  14:06:00 16700.00 16705.00 16700.00 16705.00 246.00
20140930  14:05:00 16715.00 16715.00 16700.00 16700.00 476.00
20140930  14:04:00 16710.00 16715.00 16705.00 16715.00 356.00
20140930  14:03:00 16695.00 16710.00 16695.00 16705.00 950.00
20140930  14:02:00 16695.00 16700.00 16690.00 16695.00 380.00
20140930  14:01:00 16695.00 16700.00 16690.00 16695.00 352.00
20140930  14:00:00 16685.00 16700.00 16680.00 16695.00 1558.00
20140930  13:59:00 16685.00 16690.00 16680.00 16680.00 436.00
20140930  13:58:00 16695.00 16695.00 16680.00 16685.00 688.00
20140930  13:57:00 16675.00 16700.00 16675.00 16695.00 874.00
20140930  13:56:00 16690.00 16690.00 16675.00 16675.00 1698.00
20140930  13:55:00 16685.00 16695.00 16685.00 16690.00 904.00
20140930  13:54:00 16720.00 16720.00 16685.00 16685.00 1620.00
20140930  13:53:00 16720.00 16720.00 16710.00 16720.00 318.00
20140930  13:52:00 16715.00 16720.00 16715.00 16715.00  90.00
20140930  13:51:00 16715.00 16720.00 16710.00 16715.00 550.00
20140930  13:50:00 16720.00 16720.00 16705.00 16715.00 1122.00
20140930  13:49:00 16730.00 16735.00 16720.00 16720.00 1126.00
20140930  13:48:00 16735.00 16740.00 16730.00 16730.00 154.00
20140930  13:47:00 16740.00 16740.00 16730.00 16735.00 312.00
20140930  13:46:00 16740.00 16740.00 16735.00 16735.00 116.00
20140930  13:45:00 16735.00 16740.00 16730.00 16740.00 442.00
20140930  13:44:00 16740.00 16745.00 16735.00 16735.00 116.00
20140930  13:43:00 16750.00 16750.00 16740.00 16740.00 252.00
20140930  13:42:00 16755.00 16755.00 16750.00 16750.00 242.00
20140930  13:41:00 16760.00 16760.00 16750.00 16755.00 262.00
20140930  13:40:00 16760.00 16760.00 16755.00 16760.00  48.00
20140930  13:39:00 16755.00 16765.00 16755.00 16760.00 262.00
20140930  13:38:00 16745.00 16760.00 16745.00 16755.00 274.00
20140930  13:37:00 16750.00 16755.00 16745.00 16745.00 274.00
20140930  13:36:00 16745.00 16750.00 16740.00 16750.00  80.00
20140930  13:35:00 16740.00 16745.00 16740.00 16745.00 130.00
20140930  13:34:00 16745.00 16745.00 16740.00 16740.00 252.00
20140930  13:33:00 16740.00 16750.00 16735.00 16740.00 470.00
20140930  13:32:00 16745.00 16745.00 16735.00 16740.00 624.00
20140930  13:31:00 16740.00 16745.00 16730.00 16735.00 2246.00
20140930  13:30:00 16750.00 16750.00 16735.00 16740.00 662.00
20140930  11:29:00 16755.00 16760.00 16750.00 16755.00 490.00
20140930  11:28:00 16755.00 16755.00 16750.00 16750.00 146.00
20140930  11:27:00 16755.00 16755.00 16750.00 16750.00 420.00
20140930  11:26:00 16765.00 16770.00 16755.00 16755.00 826.00
20140930  11:25:00 16755.00 16770.00 16750.00 16765.00 590.00
20140930  11:24:00 16750.00 16760.00 16750.00 16755.00 136.00
20140930  11:23:00 16755.00 16755.00 16755.00 16755.00  88.00
20140930  11:22:00 16750.00 16755.00 16750.00 16755.00  86.00
20140930  11:21:00 16755.00 16760.00 16750.00 16750.00 102.00
20140930  11:20:00 16755.00 16760.00 16755.00 16755.00  46.00
20140930  11:19:00 16755.00 16760.00 16755.00 16755.00  76.00
20140930  11:18:00 16755.00 16760.00 16755.00 16755.00 126.00
20140930  11:17:00 16755.00 16755.00 16750.00 16755.00 106.00
20140930  11:16:00 16760.00 16760.00 16755.00 16755.00 216.00
20140930  11:15:00 16760.00 16760.00 16760.00 16760.00  30.00
20140930  11:14:00 16765.00 16765.00 16760.00 16760.00 414.00
20140930  11:13:00 16755.00 16765.00 16755.00 16765.00 376.00
20140930  11:12:00 16755.00 16760.00 16755.00 16755.00  78.00
20140930  11:11:00 16750.00 16760.00 16750.00 16755.00 188.00
20140930  11:10:00 16740.00 16750.00 16740.00 16750.00 660.00
20140930  11:09:00 16750.00 16755.00 16740.00 16740.00 576.00
20140930  11:08:00 16755.00 16755.00 16750.00 16750.00 352.00
20140930  11:07:00 16765.00 16765.00 16750.00 16755.00 1044.00
20140930  11:06:00 16770.00 16770.00 16760.00 16765.00 958.00
20140930  11:05:00 16780.00 16785.00 16770.00 16770.00 526.00
20140930  11:04:00 16780.00 16780.00 16775.00 16780.00 194.00
20140930  11:03:00 16780.00 16785.00 16780.00 16780.00 144.00
20140930  11:02:00 16780.00 16780.00 16780.00 16780.00 146.00
20140930  11:01:00 16785.00 16785.00 16780.00 16780.00 316.00
20140930  11:00:00 16785.00 16785.00 16780.00 16785.00 128.00
20140930  10:59:00 16785.00 16785.00 16780.00 16785.00  62.00
20140930  10:58:00 16790.00 16790.00 16780.00 16785.00 152.00
20140930  10:57:00 16780.00 16790.00 16780.00 16790.00 288.00
20140930  10:56:00 16775.00 16780.00 16775.00 16780.00 248.00
20140930  10:55:00 16780.00 16780.00 16775.00 16775.00 126.00
20140930  10:54:00 16775.00 16780.00 16775.00 16780.00 206.00
20140930  10:53:00 16780.00 16780.00 16775.00 16775.00  42.00
20140930  10:52:00 16775.00 16780.00 16775.00 16780.00 194.00
20140930  10:51:00 16780.00 16780.00 16775.00 16780.00 148.00
20140930  10:50:00 16785.00 16785.00 16780.00 16780.00 110.00
20140930  10:49:00 16780.00 16785.00 16780.00 16785.00  58.00
20140930  10:48:00 16780.00 16785.00 16780.00 16780.00 106.00
20140930  10:47:00 16785.00 16790.00 16785.00 16785.00 100.00
20140930  10:46:00 16785.00 16785.00 16780.00 16785.00 186.00
20140930  10:45:00 16785.00 16785.00 16780.00 16785.00 354.00
20140930  10:44:00 16770.00 16785.00 16770.00 16785.00 240.00
20140930  10:43:00 16775.00 16780.00 16770.00 16770.00 212.00
20140930  10:42:00 16790.00 16790.00 16770.00 16775.00 382.00
20140930  10:41:00 16775.00 16790.00 16775.00 16790.00 462.00
20140930  10:40:00 16775.00 16785.00 16765.00 16775.00 900.00
20140930  10:39:00 16785.00 16790.00 16775.00 16775.00 636.00
20140930  10:38:00 16775.00 16785.00 16775.00 16785.00 382.00
20140930  10:37:00 16785.00 16785.00 16770.00 16775.00 324.00
20140930  10:36:00 16790.00 16790.00 16780.00 16785.00 156.00
20140930  10:35:00 16780.00 16790.00 16780.00 16790.00 304.00
20140930  10:34:00 16780.00 16785.00 16775.00 16785.00 254.00
20140930  10:33:00 16785.00 16785.00 16775.00 16780.00 404.00
20140930  10:32:00 16790.00 16790.00 16770.00 16780.00 904.00
20140930  10:31:00 16775.00 16800.00 16775.00 16790.00 472.00
20140930  10:30:00 16780.00 16790.00 16775.00 16775.00 610.00
20140930  10:14:00 16775.00 16785.00 16775.00 16785.00 384.00
20140930  10:13:00 16755.00 16780.00 16755.00 16775.00 1220.00
20140930  10:12:00 16780.00 16790.00 16750.00 16760.00 3444.00
20140930  10:11:00 16785.00 16795.00 16780.00 16780.00 1300.00
20140930  10:10:00 16800.00 16805.00 16785.00 16785.00 1724.00
20140930  10:09:00 16805.00 16805.00 16795.00 16800.00 1256.00
20140930  10:08:00 16810.00 16815.00 16800.00 16805.00 932.00
20140930  10:07:00 16805.00 16810.00 16800.00 16805.00 1406.00
20140930  10:06:00 16825.00 16825.00 16790.00 16800.00 3720.00
20140930  10:05:00 16830.00 16835.00 16815.00 16820.00 2256.00
20140930  10:04:00 16795.00 16830.00 16795.00 16825.00 2420.00
20140930  10:03:00 16795.00 16805.00 16790.00 16795.00 2114.00
20140930  10:02:00 16785.00 16800.00 16785.00 16795.00 2696.00
20140930  10:01:00 16775.00 16785.00 16765.00 16785.00 1074.00
20140930  10:00:00 16775.00 16780.00 16775.00 16775.00 1256.00
20140930  09:59:00 16770.00 16785.00 16770.00 16785.00 668.00
20140930  09:58:00 16760.00 16785.00 16760.00 16770.00 2390.00
20140930  09:57:00 16745.00 16760.00 16745.00 16760.00 708.00
20140930  09:56:00 16745.00 16750.00 16745.00 16750.00 108.00
20140930  09:55:00 16740.00 16750.00 16735.00 16745.00 1028.00
20140930  09:54:00 16750.00 16750.00 16735.00 16740.00 704.00
20140930  09:53:00 16735.00 16755.00 16735.00 16750.00 980.00
20140930  09:52:00 16745.00 16750.00 16730.00 16735.00 860.00
20140930  09:51:00 16765.00 16765.00 16745.00 16745.00 702.00
20140930  09:50:00 16770.00 16775.00 16760.00 16760.00 1220.00
20140930  09:49:00 16735.00 16770.00 16735.00 16770.00 2104.00
20140930  09:48:00 16735.00 16740.00 16730.00 16735.00 390.00
20140930  09:47:00 16730.00 16740.00 16730.00 16735.00 266.00
20140930  09:46:00 16730.00 16735.00 16725.00 16730.00 498.00
20140930  09:45:00 16735.00 16745.00 16725.00 16730.00 1436.00
20140930  09:44:00 16735.00 16740.00 16730.00 16740.00 538.00
20140930  09:43:00 16730.00 16735.00 16730.00 16735.00 432.00
20140930  09:42:00 16730.00 16735.00 16725.00 16735.00 274.00
20140930  09:41:00 16725.00 16735.00 16720.00 16730.00 474.00
20140930  09:40:00 16730.00 16730.00 16725.00 16725.00 242.00
20140930  09:39:00 16735.00 16735.00 16730.00 16730.00 428.00
20140930  09:38:00 16725.00 16735.00 16725.00 16730.00 410.00
20140930  09:37:00 16720.00 16730.00 16720.00 16725.00 780.00
20140930  09:36:00 16710.00 16730.00 16710.00 16720.00 1194.00
20140930  09:35:00 16710.00 16715.00 16710.00 16710.00  24.00
20140930  09:34:00 16710.00 16715.00 16710.00 16710.00 102.00
20140930  09:33:00 16715.00 16715.00 16710.00 16715.00  88.00
20140930  09:32:00 16710.00 16720.00 16710.00 16715.00 236.00
20140930  09:31:00 16710.00 16715.00 16705.00 16705.00  62.00
20140930  09:30:00 16715.00 16720.00 16700.00 16710.00 800.00
20140930  09:29:00 16700.00 16720.00 16690.00 16715.00 1796.00
20140930  09:28:00 16705.00 16710.00 16695.00 16700.00 674.00
20140930  09:27:00 16715.00 16715.00 16705.00 16705.00 458.00
20140930  09:26:00 16710.00 16720.00 16710.00 16715.00 466.00
20140930  09:25:00 16715.00 16715.00 16705.00 16710.00 770.00
20140930  09:24:00 16720.00 16720.00 16715.00 16715.00  98.00
20140930  09:23:00 16720.00 16730.00 16720.00 16720.00 840.00
20140930  09:22:00 16720.00 16725.00 16720.00 16720.00 326.00
20140930  09:21:00 16715.00 16725.00 16715.00 16720.00 422.00
20140930  09:20:00 16710.00 16720.00 16710.00 16715.00 664.00
20140930  09:19:00 16720.00 16725.00 16710.00 16715.00 774.00
20140930  09:18:00 16735.00 16735.00 16720.00 16720.00 688.00
20140930  09:17:00 16725.00 16740.00 16720.00 16735.00 1200.00
20140930  09:16:00 16725.00 16730.00 16720.00 16725.00 936.00
20140930  09:15:00 16725.00 16745.00 16725.00 16725.00 1604.00
20140930  09:14:00 16725.00 16725.00 16720.00 16720.00 480.00
20140930  09:13:00 16715.00 16725.00 16715.00 16725.00 524.00
20140930  09:12:00 16740.00 16745.00 16715.00 16720.00 1362.00
20140930  09:11:00 16725.00 16750.00 16720.00 16740.00 1934.00
20140930  09:10:00 16695.00 16730.00 16695.00 16725.00 2480.00
20140930  09:09:00 16685.00 16700.00 16675.00 16700.00 2566.00
20140930  09:08:00 16690.00 16695.00 16680.00 16690.00 1468.00
20140930  09:07:00 16690.00 16700.00 16690.00 16690.00 850.00
20140930  09:06:00 16690.00 16700.00 16685.00 16690.00 1000.00
20140930  09:05:00 16690.00 16700.00 16680.00 16690.00 910.00
20140930  09:04:00 16700.00 16700.00 16685.00 16690.00 2024.00
20140930  09:03:00 16685.00 16705.00 16680.00 16700.00 1422.00
20140930  09:02:00 16695.00 16705.00 16675.00 16685.00 1978.00
20140930  09:01:00 16750.00 16750.00 16695.00 16695.00 2858.00
20140930  09:00:00 16670.00 16755.00 16670.00 16750.00 5120.00
20140930  01:00:00 16675.00 16675.00 16675.00 16675.00   2.00
20140930  00:59:00 16685.00 16690.00 16670.00 16675.00 880.00
20140930  00:58:00 16680.00 16680.00 16675.00 16680.00 528.00
20140930  00:57:00 16680.00 16680.00 16675.00 16680.00 136.00
20140930  00:56:00 16675.00 16680.00 16675.00 16680.00 112.00
20140930  00:55:00 16675.00 16680.00 16670.00 16675.00 224.00
20140930  00:54:00 16680.00 16680.00 16675.00 16675.00  14.00
20140930  00:53:00 16675.00 16675.00 16675.00 16675.00  90.00
20140930  00:52:00 16670.00 16675.00 16670.00 16675.00  70.00
20140930  00:51:00 16670.00 16675.00 16670.00 16670.00  22.00
20140930  00:50:00 16675.00 16680.00 16670.00 16670.00 340.00
20140930  00:49:00 16675.00 16680.00 16675.00 16675.00  36.00
20140930  00:48:00 16675.00 16675.00 16670.00 16675.00 228.00
20140930  00:47:00 16675.00 16675.00 16670.00 16670.00  70.00
20140930  00:46:00 16665.00 16675.00 16665.00 16675.00 166.00
20140930  00:45:00 16665.00 16665.00 16665.00 16665.00   2.00
20140930  00:44:00 16665.00 16665.00 16665.00 16665.00   6.00
20140930  00:43:00 16665.00 16670.00 16660.00 16665.00 104.00
20140930  00:42:00 16665.00 16665.00 16665.00 16665.00  64.00
20140930  00:41:00 16670.00 16670.00 16665.00 16665.00 110.00
20140930  00:40:00 16675.00 16675.00 16670.00 16670.00 102.00
20140930  00:39:00 16670.00 16675.00 16665.00 16675.00 160.00
20140930  00:38:00 16670.00 16670.00 16665.00 16670.00  56.00
20140930  00:37:00 16665.00 16670.00 16665.00 16670.00 118.00
20140930  00:36:00 16665.00 16670.00 16665.00 16665.00  60.00
20140930  00:35:00 16665.00 16670.00 16665.00 16665.00  66.00
20140930  00:34:00 16660.00 16665.00 16660.00 16665.00 168.00
20140930  00:33:00 16660.00 16660.00 16660.00 16660.00  34.00
20140930  00:32:00 16665.00 16665.00 16660.00 16660.00 134.00
20140930  00:31:00 16665.00 16665.00 16660.00 16665.00 160.00
20140930  00:30:00 16665.00 16670.00 16665.00 16670.00  20.00
20140930  00:29:00 16660.00 16665.00 16660.00 16665.00  36.00
20140930  00:28:00 16665.00 16670.00 16660.00 16660.00 122.00
20140930  00:27:00 16670.00 16670.00 16665.00 16665.00  78.00
20140930  00:26:00 16665.00 16670.00 16665.00 16670.00  86.00
20140930  00:25:00 16665.00 16665.00 16665.00 16665.00  68.00
20140930  00:24:00 16660.00 16665.00 16660.00 16665.00  16.00
20140930  00:23:00 16660.00 16660.00 16660.00 16660.00  14.00
20140930  00:22:00 16660.00 16665.00 16655.00 16660.00  82.00
20140930  00:21:00 16665.00 16665.00 16660.00 16660.00 304.00
20140930  00:20:00 16660.00 16665.00 16660.00 16665.00  30.00
20140930  00:19:00 16660.00 16660.00 16660.00 16660.00 280.00
20140930  00:18:00 16655.00 16660.00 16655.00 16660.00  62.00
20140930  00:17:00 16655.00 16655.00 16655.00 16655.00 152.00
20140930  00:16:00 16655.00 16655.00 16655.00 16655.00 166.00
20140930  00:15:00 16655.00 16660.00 16655.00 16655.00  38.00
20140930  00:14:00 16660.00 16660.00 16655.00 16655.00  66.00
20140930  00:13:00 16655.00 16660.00 16655.00 16660.00 182.00
20140930  00:12:00 16660.00 16660.00 16660.00 16660.00  42.00
20140930  00:11:00 16660.00 16660.00 16660.00 16660.00 102.00
20140930  00:10:00 16665.00 16665.00 16655.00 16660.00 228.00
20140930  00:09:00 16665.00 16665.00 16660.00 16665.00  58.00
20140930  00:08:00 16650.00 16660.00 16650.00 16660.00 572.00
20140930  00:07:00 16665.00 16670.00 16650.00 16650.00 172.00
20140930  00:06:00 16665.00 16670.00 16650.00 16665.00 1026.00
20140930  00:05:00 16670.00 16675.00 16670.00 16670.00 196.00
20140930  00:04:00 16665.00 16670.00 16665.00 16670.00 214.00
20140930  00:03:00 16665.00 16665.00 16660.00 16665.00  48.00
20140930  00:02:00 16665.00 16665.00 16660.00 16665.00  66.00
20140930  00:01:00 16665.00 16665.00 16660.00 16665.00  36.00
20140930  00:00:00 16660.00 16665.00 16655.00 16665.00 156.00
20140929  23:59:00 16670.00 16670.00 16655.00 16660.00 982.00
20140929  23:58:00 16670.00 16670.00 16665.00 16665.00  84.00
20140929  23:57:00 16665.00 16670.00 16665.00 16670.00  18.00
20140929  23:56:00 16670.00 16675.00 16665.00 16665.00 322.00
20140929  23:55:00 16675.00 16675.00 16670.00 16670.00  16.00
20140929  23:54:00 16675.00 16675.00 16675.00 16675.00   6.00
20140929  23:53:00 16670.00 16675.00 16670.00 16675.00   8.00
20140929  23:52:00 16665.00 16670.00 16665.00 16670.00  64.00
20140929  23:51:00 16675.00 16675.00 16665.00 16665.00 198.00
20140929  23:50:00 16670.00 16680.00 16670.00 16675.00 268.00
20140929  23:49:00 16665.00 16675.00 16665.00 16670.00 572.00
20140929  23:48:00 16670.00 16670.00 16665.00 16665.00 656.00
20140929  23:47:00 16675.00 16675.00 16670.00 16670.00  20.00
20140929  23:46:00 16680.00 16680.00 16675.00 16675.00 368.00
20140929  23:45:00 16675.00 16680.00 16675.00 16680.00 166.00
20140929  23:44:00 16675.00 16675.00 16675.00 16675.00  26.00
20140929  23:43:00 16675.00 16675.00 16675.00 16675.00 242.00
20140929  23:42:00 16680.00 16680.00 16675.00 16675.00 288.00
20140929  23:41:00 16675.00 16685.00 16675.00 16680.00 442.00
20140929  23:40:00 16685.00 16685.00 16675.00 16675.00 654.00
20140929  23:39:00 16670.00 16685.00 16670.00 16685.00 522.00
20140929  23:38:00 16670.00 16680.00 16670.00 16675.00 248.00
20140929  23:37:00 16670.00 16670.00 16665.00 16670.00 320.00
20140929  23:36:00 16670.00 16675.00 16670.00 16670.00 100.00
20140929  23:35:00 16665.00 16670.00 16665.00 16670.00 106.00
20140929  23:34:00 16675.00 16680.00 16665.00 16670.00 490.00
20140929  23:33:00 16660.00 16675.00 16655.00 16675.00 562.00
20140929  23:32:00 16665.00 16665.00 16655.00 16660.00 658.00
20140929  23:31:00 16660.00 16665.00 16655.00 16665.00 374.00
20140929  23:30:00 16655.00 16660.00 16650.00 16660.00 242.00
20140929  23:29:00 16655.00 16655.00 16650.00 16655.00 146.00
20140929  23:28:00 16655.00 16660.00 16650.00 16650.00 166.00
20140929  23:27:00 16670.00 16670.00 16655.00 16655.00 394.00
20140929  23:26:00 16655.00 16665.00 16655.00 16665.00 702.00
20140929  23:25:00 16660.00 16660.00 16655.00 16660.00 356.00
20140929  23:24:00 16655.00 16660.00 16650.00 16660.00 472.00
20140929  23:23:00 16645.00 16655.00 16645.00 16655.00 324.00
20140929  23:22:00 16650.00 16655.00 16650.00 16650.00 218.00
20140929  23:21:00 16655.00 16655.00 16645.00 16650.00 382.00
20140929  23:20:00 16650.00 16655.00 16645.00 16655.00 382.00
20140929  23:19:00 16645.00 16655.00 16645.00 16650.00 1124.00
20140929  23:18:00 16665.00 16670.00 16635.00 16645.00 2050.00
20140929  23:17:00 16670.00 16670.00 16665.00 16670.00  90.00
20140929  23:16:00 16670.00 16675.00 16665.00 16670.00 166.00
20140929  23:15:00 16665.00 16670.00 16660.00 16670.00 136.00
20140929  23:14:00 16670.00 16670.00 16665.00 16665.00 606.00
20140929  23:13:00 16660.00 16670.00 16660.00 16670.00 238.00
20140929  23:12:00 16655.00 16665.00 16655.00 16660.00 696.00
20140929  23:11:00 16670.00 16670.00 16655.00 16655.00 1600.00
20140929  23:10:00 16665.00 16670.00 16665.00 16670.00 214.00
20140929  23:09:00 16680.00 16680.00 16665.00 16665.00 1274.00
20140929  23:08:00 16690.00 16690.00 16675.00 16680.00 498.00
20140929  23:07:00 16685.00 16690.00 16680.00 16690.00 524.00
20140929  23:06:00 16675.00 16685.00 16675.00 16685.00 594.00
20140929  23:05:00 16675.00 16680.00 16670.00 16675.00 336.00
20140929  23:04:00 16675.00 16680.00 16675.00 16675.00 382.00
20140929  23:03:00 16670.00 16685.00 16670.00 16675.00 574.00
20140929  23:02:00 16670.00 16670.00 16660.00 16670.00 622.00
20140929  23:01:00 16675.00 16675.00 16665.00 16670.00 854.00
20140929  23:00:00 16685.00 16685.00 16675.00 16675.00 482.00
20140929  22:59:00 16685.00 16690.00 16685.00 16685.00 604.00
20140929  22:58:00 16690.00 16695.00 16685.00 16685.00 790.00
20140929  22:57:00 16690.00 16695.00 16685.00 16690.00 322.00
20140929  22:56:00 16685.00 16695.00 16685.00 16690.00 900.00
20140929  22:55:00 16685.00 16700.00 16685.00 16685.00 1266.00
20140929  22:54:00 16680.00 16690.00 16675.00 16685.00 1330.00
20140929  22:53:00 16680.00 16685.00 16670.00 16680.00 662.00
20140929  22:52:00 16665.00 16700.00 16660.00 16680.00 1828.00
20140929  22:51:00 16675.00 16685.00 16665.00 16665.00 1746.00
20140929  22:50:00 16705.00 16720.00 16675.00 16675.00 3524.00
20140929  22:49:00 16680.00 16705.00 16680.00 16705.00 2382.00
20140929  22:48:00 16675.00 16685.00 16675.00 16680.00 836.00
20140929  22:47:00 16665.00 16685.00 16660.00 16675.00 924.00
20140929  22:46:00 16695.00 16695.00 16660.00 16660.00 1768.00
20140929  22:45:00 16660.00 16695.00 16660.00 16695.00 2736.00
20140929  22:44:00 16645.00 16660.00 16640.00 16660.00 1446.00
20140929  22:43:00 16655.00 16655.00 16640.00 16640.00 1106.00
20140929  22:42:00 16665.00 16665.00 16650.00 16655.00 1166.00
20140929  22:41:00 16665.00 16675.00 16660.00 16665.00 1134.00
20140929  22:40:00 16670.00 16680.00 16660.00 16665.00 2570.00
20140929  22:39:00 16650.00 16670.00 16650.00 16670.00 2118.00
20140929  22:38:00 16655.00 16670.00 16645.00 16650.00 2940.00
20140929  22:37:00 16600.00 16655.00 16595.00 16650.00 3924.00
20140929  22:36:00 16610.00 16615.00 16600.00 16605.00 834.00
20140929  22:35:00 16605.00 16615.00 16605.00 16610.00 1456.00
20140929  22:34:00 16595.00 16610.00 16595.00 16605.00 864.00
20140929  22:33:00 16595.00 16605.00 16590.00 16595.00 540.00
20140929  22:32:00 16590.00 16595.00 16585.00 16595.00 176.00
20140929  22:31:00 16590.00 16605.00 16590.00 16590.00 842.00
20140929  22:30:00 16580.00 16600.00 16580.00 16590.00 1158.00
20140929  22:29:00 16580.00 16585.00 16580.00 16580.00 206.00
20140929  22:28:00 16585.00 16590.00 16580.00 16580.00 322.00
20140929  22:27:00 16595.00 16600.00 16585.00 16590.00 662.00
20140929  22:26:00 16590.00 16605.00 16585.00 16595.00 1070.00
20140929  22:25:00 16585.00 16590.00 16580.00 16590.00 272.00
20140929  22:24:00 16585.00 16590.00 16580.00 16585.00 256.00
20140929  22:23:00 16585.00 16585.00 16580.00 16585.00 148.00
20140929  22:22:00 16585.00 16590.00 16580.00 16585.00 210.00
20140929  22:21:00 16585.00 16590.00 16575.00 16580.00 582.00
20140929  22:20:00 16575.00 16590.00 16575.00 16585.00 522.00
20140929  22:19:00 16570.00 16575.00 16570.00 16575.00 214.00
20140929  22:18:00 16580.00 16580.00 16565.00 16570.00 548.00
20140929  22:17:00 16580.00 16585.00 16575.00 16575.00 326.00
20140929  22:16:00 16580.00 16585.00 16575.00 16585.00 158.00
20140929  22:15:00 16590.00 16590.00 16580.00 16580.00 324.00
20140929  22:14:00 16585.00 16590.00 16580.00 16585.00 1008.00
20140929  22:13:00 16580.00 16585.00 16575.00 16580.00 534.00
20140929  22:12:00 16565.00 16580.00 16565.00 16580.00 454.00
20140929  22:11:00 16565.00 16565.00 16560.00 16565.00 286.00
20140929  22:10:00 16555.00 16565.00 16550.00 16565.00 684.00
20140929  22:09:00 16570.00 16575.00 16550.00 16550.00 1366.00
20140929  22:08:00 16580.00 16580.00 16570.00 16570.00 292.00
20140929  22:07:00 16575.00 16580.00 16575.00 16580.00 176.00
20140929  22:06:00 16580.00 16580.00 16575.00 16575.00  94.00
20140929  22:05:00 16575.00 16580.00 16575.00 16575.00 228.00
20140929  22:04:00 16580.00 16580.00 16570.00 16575.00 490.00
20140929  22:03:00 16585.00 16585.00 16575.00 16580.00 198.00
20140929  22:02:00 16580.00 16585.00 16575.00 16585.00 408.00
20140929  22:01:00 16570.00 16580.00 16570.00 16580.00 990.00
20140929  22:00:00 16570.00 16580.00 16570.00 16570.00 934.00
20140929  21:59:00 16580.00 16580.00 16570.00 16570.00 490.00
20140929  21:58:00 16580.00 16585.00 16575.00 16580.00 358.00
20140929  21:57:00 16585.00 16585.00 16570.00 16585.00 1574.00
20140929  21:56:00 16585.00 16590.00 16580.00 16585.00 242.00
20140929  21:55:00 16585.00 16590.00 16585.00 16585.00 614.00
20140929  21:54:00 16590.00 16590.00 16580.00 16585.00 648.00
20140929  21:53:00 16595.00 16600.00 16585.00 16590.00 948.00
20140929  21:52:00 16600.00 16605.00 16595.00 16600.00 962.00
20140929  21:51:00 16585.00 16600.00 16585.00 16600.00 1096.00
20140929  21:50:00 16610.00 16610.00 16585.00 16585.00 1524.00
20140929  21:49:00 16605.00 16610.00 16600.00 16610.00 1464.00
20140929  21:48:00 16595.00 16615.00 16590.00 16605.00 3202.00
20140929  21:47:00 16585.00 16595.00 16580.00 16595.00 1166.00
20140929  21:46:00 16575.00 16585.00 16570.00 16585.00 1900.00
20140929  21:45:00 16575.00 16580.00 16575.00 16575.00 238.00
20140929  21:44:00 16580.00 16580.00 16570.00 16575.00 678.00
20140929  21:43:00 16580.00 16590.00 16575.00 16580.00 1070.00
20140929  21:42:00 16585.00 16595.00 16580.00 16585.00 1580.00
20140929  21:41:00 16570.00 16600.00 16570.00 16585.00 3596.00
20140929  21:40:00 16555.00 16570.00 16550.00 16570.00 1540.00
20140929  21:39:00 16550.00 16555.00 16545.00 16555.00 620.00
20140929  21:38:00 16560.00 16560.00 16550.00 16550.00 628.00
20140929  21:37:00 16560.00 16570.00 16555.00 16560.00 1330.00
20140929  21:36:00 16555.00 16565.00 16550.00 16565.00 850.00
20140929  21:35:00 16545.00 16560.00 16540.00 16555.00 1754.00
20140929  21:34:00 16545.00 16550.00 16540.00 16545.00 1208.00
20140929  21:33:00 16555.00 16560.00 16540.00 16550.00 1196.00
20140929  21:32:00 16550.00 16560.00 16550.00 16555.00 1992.00
20140929  21:31:00 16525.00 16570.00 16520.00 16550.00 3990.00
20140929  21:30:00 16490.00 16535.00 16490.00 16530.00 5250.00
20140929  21:29:00 16475.00 16495.00 16475.00 16490.00 2350.00
20140929  21:28:00 16485.00 16490.00 16475.00 16475.00 986.00
20140929  21:27:00 16490.00 16490.00 16485.00 16490.00 970.00
20140929  21:26:00 16490.00 16495.00 16480.00 16485.00 926.00
20140929  21:25:00 16490.00 16490.00 16480.00 16490.00 560.00
20140929  21:24:00 16490.00 16500.00 16485.00 16490.00 3150.00
20140929  21:23:00 16480.00 16490.00 16475.00 16490.00 1172.00
20140929  21:22:00 16495.00 16495.00 16475.00 16480.00 2544.00
20140929  21:21:00 16475.00 16495.00 16470.00 16495.00 3898.00
20140929  21:20:00 16455.00 16480.00 16455.00 16475.00 3524.00
20140929  21:19:00 16455.00 16460.00 16445.00 16455.00 1176.00
20140929  21:18:00 16455.00 16460.00 16445.00 16455.00 1698.00
20140929  21:17:00 16425.00 16455.00 16425.00 16455.00 2042.00
20140929  21:16:00 16420.00 16430.00 16420.00 16425.00 502.00
20140929  21:15:00 16425.00 16430.00 16420.00 16420.00 576.00
20140929  21:14:00 16425.00 16430.00 16415.00 16430.00 1552.00
20140929  21:13:00 16405.00 16425.00 16405.00 16420.00 934.00
20140929  21:12:00 16405.00 16405.00 16400.00 16405.00 300.00
20140929  21:11:00 16415.00 16415.00 16405.00 16405.00 342.00
20140929  21:10:00 16410.00 16420.00 16410.00 16415.00 568.00
20140929  21:09:00 16405.00 16410.00 16400.00 16410.00 736.00
20140929  21:08:00 16395.00 16410.00 16390.00 16400.00 944.00
20140929  21:07:00 16395.00 16395.00 16385.00 16395.00 1298.00
20140929  21:06:00 16395.00 16400.00 16380.00 16395.00 2522.00
20140929  21:05:00 16410.00 16415.00 16395.00 16400.00 1400.00
20140929  21:04:00 16425.00 16425.00 16410.00 16410.00 876.00
20140929  21:03:00 16425.00 16430.00 16425.00 16425.00 162.00
20140929  21:02:00 16420.00 16430.00 16415.00 16425.00 474.00
20140929  21:01:00 16420.00 16430.00 16415.00 16420.00 1060.00
20140929  21:00:00 16435.00 16440.00 16420.00 16420.00 1452.00
