20141114  21:00:00 16620.00 16630.00 16610.00 16610.00 1754.00
20141114  21:01:00 16615.00 16630.00 16610.00 16630.00 1120.00
20141114  21:02:00 16630.00 16640.00 16625.00 16630.00 1944.00
20141114  21:03:00 16630.00 16630.00 16625.00 16625.00 702.00
20141114  21:04:00 16630.00 16645.00 16625.00 16635.00 2424.00
20141114  21:05:00 16635.00 16635.00 16625.00 16625.00 912.00
20141114  21:06:00 16625.00 16625.00 16615.00 16620.00 1486.00
20141114  21:07:00 16625.00 16625.00 16615.00 16620.00 756.00
20141114  21:08:00 16620.00 16625.00 16615.00 16625.00 478.00
20141114  21:09:00 16620.00 16635.00 16620.00 16625.00 1428.00
20141114  21:10:00 16630.00 16630.00 16615.00 16620.00 1016.00
20141114  21:11:00 16620.00 16625.00 16610.00 16610.00 1048.00
20141114  21:12:00 16610.00 16615.00 16600.00 16605.00 2040.00
20141114  21:13:00 16605.00 16615.00 16605.00 16610.00 1188.00
20141114  21:14:00 16610.00 16615.00 16605.00 16610.00 540.00
20141114  21:15:00 16615.00 16620.00 16610.00 16620.00 694.00
20141114  21:16:00 16620.00 16620.00 16610.00 16610.00 612.00
20141114  21:17:00 16610.00 16610.00 16605.00 16610.00 290.00
20141114  21:18:00 16610.00 16610.00 16595.00 16600.00 1074.00
20141114  21:19:00 16595.00 16605.00 16595.00 16600.00 1246.00
20141114  21:20:00 16600.00 16610.00 16595.00 16605.00 676.00
20141114  21:21:00 16605.00 16610.00 16600.00 16605.00 692.00
20141114  21:22:00 16605.00 16610.00 16605.00 16605.00  76.00
20141114  21:23:00 16605.00 16610.00 16605.00 16610.00 196.00
20141114  21:24:00 16610.00 16615.00 16610.00 16615.00 436.00
20141114  21:25:00 16615.00 16620.00 16610.00 16615.00 536.00
20141114  21:26:00 16615.00 16620.00 16610.00 16620.00 990.00
20141114  21:27:00 16620.00 16620.00 16610.00 16610.00 608.00
20141114  21:28:00 16610.00 16620.00 16610.00 16620.00 424.00
20141114  21:29:00 16620.00 16620.00 16615.00 16615.00 530.00
20141114  21:30:00 16615.00 16620.00 16610.00 16610.00 748.00
20141114  21:31:00 16615.00 16615.00 16610.00 16615.00 310.00
20141114  21:32:00 16615.00 16615.00 16610.00 16610.00 348.00
20141114  21:33:00 16610.00 16620.00 16605.00 16610.00 706.00
20141114  21:34:00 16605.00 16605.00 16595.00 16595.00 3178.00
20141114  21:35:00 16595.00 16605.00 16590.00 16605.00 2538.00
20141114  21:36:00 16605.00 16605.00 16590.00 16595.00 536.00
20141114  21:37:00 16595.00 16600.00 16590.00 16600.00 802.00
20141114  21:38:00 16600.00 16605.00 16595.00 16605.00 1228.00
20141114  21:39:00 16605.00 16610.00 16600.00 16605.00 584.00
20141114  21:40:00 16605.00 16605.00 16600.00 16605.00 200.00
20141114  21:41:00 16605.00 16610.00 16600.00 16605.00 520.00
20141114  21:42:00 16605.00 16610.00 16600.00 16605.00 474.00
20141114  21:43:00 16605.00 16620.00 16605.00 16620.00 1702.00
20141114  21:44:00 16620.00 16625.00 16615.00 16625.00 800.00
20141114  21:45:00 16625.00 16625.00 16615.00 16620.00 654.00
20141114  21:46:00 16620.00 16620.00 16615.00 16615.00 174.00
20141114  21:47:00 16615.00 16620.00 16615.00 16615.00  94.00
20141114  21:48:00 16615.00 16625.00 16615.00 16620.00 850.00
20141114  21:49:00 16620.00 16620.00 16610.00 16610.00 456.00
20141114  21:50:00 16610.00 16615.00 16605.00 16605.00 496.00
20141114  21:51:00 16605.00 16610.00 16600.00 16610.00 746.00
20141114  21:52:00 16615.00 16615.00 16605.00 16610.00 344.00
20141114  21:53:00 16610.00 16610.00 16610.00 16610.00 304.00
20141114  21:54:00 16610.00 16620.00 16610.00 16615.00 330.00
20141114  21:55:00 16615.00 16620.00 16610.00 16615.00 332.00
20141114  21:56:00 16615.00 16615.00 16610.00 16610.00 756.00
20141114  21:57:00 16615.00 16615.00 16610.00 16615.00 140.00
20141114  21:58:00 16615.00 16615.00 16610.00 16610.00  14.00
20141114  21:59:00 16610.00 16615.00 16610.00 16615.00  36.00
20141114  22:00:00 16615.00 16615.00 16610.00 16615.00  10.00
20141114  22:01:00 16615.00 16615.00 16610.00 16610.00  16.00
20141114  22:02:00 16610.00 16615.00 16610.00 16615.00  86.00
20141114  22:03:00 16615.00 16615.00 16610.00 16615.00  36.00
20141114  22:04:00 16615.00 16620.00 16610.00 16620.00 282.00
20141114  22:05:00 16620.00 16625.00 16615.00 16620.00 512.00
20141114  22:06:00 16620.00 16625.00 16615.00 16620.00 490.00
20141114  22:07:00 16620.00 16620.00 16615.00 16620.00 452.00
20141114  22:08:00 16620.00 16620.00 16615.00 16615.00  20.00
20141114  22:09:00 16615.00 16620.00 16615.00 16620.00  42.00
20141114  22:10:00 16620.00 16620.00 16615.00 16615.00 438.00
20141114  22:11:00 16615.00 16615.00 16610.00 16610.00  34.00
20141114  22:12:00 16610.00 16615.00 16610.00 16615.00  34.00
20141114  22:13:00 16615.00 16615.00 16610.00 16615.00 296.00
20141114  22:14:00 16615.00 16620.00 16615.00 16615.00  28.00
20141114  22:15:00 16615.00 16620.00 16615.00 16620.00  26.00
20141114  22:16:00 16620.00 16620.00 16620.00 16620.00  32.00
20141114  22:17:00 16620.00 16625.00 16620.00 16620.00 774.00
20141114  22:18:00 16620.00 16620.00 16620.00 16620.00 434.00
20141114  22:19:00 16620.00 16620.00 16615.00 16620.00 168.00
20141114  22:20:00 16620.00 16620.00 16620.00 16620.00  64.00
20141114  22:21:00 16620.00 16620.00 16620.00 16620.00 164.00
20141114  22:22:00 16620.00 16620.00 16620.00 16620.00   4.00
20141114  22:23:00 16615.00 16615.00 16615.00 16615.00 334.00
20141114  22:24:00 16615.00 16620.00 16615.00 16615.00  34.00
20141114  22:25:00 16615.00 16620.00 16615.00 16615.00  22.00
20141114  22:26:00 16615.00 16615.00 16615.00 16615.00  90.00
20141114  22:27:00 16615.00 16625.00 16615.00 16625.00 828.00
20141114  22:28:00 16625.00 16625.00 16625.00 16625.00 136.00
20141114  22:29:00 16625.00 16625.00 16620.00 16620.00 256.00
20141114  22:30:00 16620.00 16625.00 16615.00 16615.00 230.00
20141114  22:31:00 16615.00 16620.00 16615.00 16620.00 376.00
20141114  22:32:00 16620.00 16620.00 16615.00 16615.00  20.00
20141114  22:33:00 16615.00 16620.00 16615.00 16620.00  54.00
20141114  22:34:00 16620.00 16630.00 16620.00 16630.00 862.00
20141114  22:35:00 16630.00 16635.00 16615.00 16625.00 2092.00
20141114  22:36:00 16625.00 16630.00 16620.00 16625.00 268.00
20141114  22:37:00 16625.00 16630.00 16625.00 16625.00 230.00
20141114  22:38:00 16625.00 16630.00 16625.00 16630.00  58.00
20141114  22:39:00 16630.00 16630.00 16620.00 16625.00 270.00
20141114  22:40:00 16625.00 16635.00 16625.00 16630.00 804.00
20141114  22:41:00 16630.00 16630.00 16625.00 16630.00 302.00
20141114  22:42:00 16630.00 16630.00 16620.00 16625.00 248.00
20141114  22:43:00 16625.00 16635.00 16625.00 16635.00 1186.00
20141114  22:44:00 16635.00 16645.00 16630.00 16645.00 2154.00
20141114  22:45:00 16645.00 16655.00 16640.00 16655.00 3592.00
20141114  22:46:00 16655.00 16655.00 16645.00 16650.00 3098.00
20141114  22:47:00 16650.00 16650.00 16640.00 16645.00 1684.00
20141114  22:48:00 16645.00 16650.00 16640.00 16645.00 1006.00
20141114  22:49:00 16645.00 16645.00 16640.00 16645.00 364.00
20141114  22:50:00 16645.00 16645.00 16630.00 16640.00 2380.00
20141114  22:51:00 16640.00 16655.00 16635.00 16655.00 1720.00
20141114  22:52:00 16655.00 16665.00 16645.00 16655.00 2348.00
20141114  22:53:00 16655.00 16670.00 16650.00 16670.00 2196.00
20141114  22:54:00 16670.00 16670.00 16660.00 16665.00 2424.00
20141114  22:55:00 16670.00 16670.00 16660.00 16660.00 2198.00
20141114  22:56:00 16660.00 16660.00 16650.00 16655.00 1232.00
20141114  22:57:00 16655.00 16660.00 16655.00 16660.00 222.00
20141114  22:58:00 16660.00 16670.00 16660.00 16665.00 1274.00
20141114  22:59:00 16665.00 16670.00 16665.00 16665.00 1000.00
20141114  23:00:00 16665.00 16675.00 16665.00 16675.00 2774.00
20141114  23:01:00 16675.00 16685.00 16675.00 16680.00 1986.00
20141114  23:02:00 16680.00 16690.00 16680.00 16690.00 1926.00
20141114  23:03:00 16690.00 16690.00 16670.00 16675.00 1980.00
20141114  23:04:00 16675.00 16680.00 16670.00 16675.00 1258.00
20141114  23:05:00 16670.00 16680.00 16670.00 16675.00 854.00
20141114  23:06:00 16675.00 16685.00 16675.00 16685.00 706.00
20141114  23:07:00 16685.00 16705.00 16680.00 16700.00 3776.00
20141114  23:08:00 16700.00 16700.00 16680.00 16690.00 2800.00
20141114  23:09:00 16690.00 16695.00 16680.00 16690.00 1240.00
20141114  23:10:00 16690.00 16695.00 16685.00 16690.00 594.00
20141114  23:11:00 16685.00 16690.00 16680.00 16680.00 970.00
20141114  23:12:00 16680.00 16685.00 16680.00 16685.00 794.00
20141114  23:13:00 16685.00 16690.00 16675.00 16680.00 784.00
20141114  23:14:00 16680.00 16690.00 16680.00 16690.00 1138.00
20141114  23:15:00 16690.00 16690.00 16675.00 16680.00 1620.00
20141114  23:16:00 16680.00 16690.00 16675.00 16685.00 1278.00
20141114  23:17:00 16685.00 16690.00 16685.00 16690.00 250.00
20141114  23:18:00 16690.00 16690.00 16680.00 16685.00 468.00
20141114  23:19:00 16685.00 16690.00 16685.00 16690.00 668.00
20141114  23:20:00 16690.00 16730.00 16690.00 16730.00 4832.00
20141114  23:21:00 16725.00 16730.00 16710.00 16725.00 3048.00
20141114  23:22:00 16725.00 16745.00 16725.00 16730.00 4798.00
20141114  23:23:00 16730.00 16730.00 16715.00 16715.00 2660.00
20141114  23:24:00 16715.00 16725.00 16715.00 16725.00 1668.00
20141114  23:25:00 16725.00 16725.00 16715.00 16720.00 1300.00
20141114  23:26:00 16720.00 16730.00 16720.00 16730.00 356.00
20141114  23:27:00 16730.00 16735.00 16725.00 16730.00 1148.00
20141114  23:28:00 16730.00 16735.00 16720.00 16730.00 1156.00
20141114  23:29:00 16730.00 16740.00 16730.00 16735.00 1336.00
20141114  23:30:00 16740.00 16755.00 16735.00 16745.00 4432.00
20141114  23:31:00 16745.00 16745.00 16735.00 16740.00 2364.00
20141114  23:32:00 16745.00 16745.00 16735.00 16740.00 1370.00
20141114  23:33:00 16735.00 16740.00 16725.00 16730.00 798.00
20141114  23:34:00 16725.00 16740.00 16725.00 16735.00 658.00
20141114  23:35:00 16735.00 16740.00 16735.00 16735.00 270.00
20141114  23:36:00 16735.00 16745.00 16735.00 16740.00 816.00
20141114  23:37:00 16740.00 16750.00 16740.00 16745.00 1472.00
20141114  23:38:00 16745.00 16750.00 16740.00 16750.00 536.00
20141114  23:39:00 16750.00 16750.00 16740.00 16740.00 278.00
20141114  23:40:00 16740.00 16740.00 16740.00 16740.00 360.00
20141114  23:41:00 16740.00 16755.00 16735.00 16755.00 910.00
20141114  23:42:00 16750.00 16750.00 16745.00 16745.00 640.00
20141114  23:43:00 16745.00 16745.00 16740.00 16745.00 490.00
20141114  23:44:00 16745.00 16745.00 16740.00 16740.00 344.00
20141114  23:45:00 16735.00 16745.00 16735.00 16745.00 448.00
20141114  23:46:00 16745.00 16745.00 16730.00 16730.00 432.00
20141114  23:47:00 16730.00 16735.00 16725.00 16725.00 952.00
20141114  23:48:00 16725.00 16730.00 16725.00 16730.00 232.00
20141114  23:49:00 16730.00 16735.00 16715.00 16715.00 1254.00
20141114  23:50:00 16715.00 16730.00 16715.00 16725.00 1076.00
20141114  23:51:00 16720.00 16725.00 16715.00 16725.00 560.00
20141114  23:52:00 16725.00 16725.00 16715.00 16715.00 1242.00
20141114  23:53:00 16715.00 16720.00 16715.00 16715.00 1982.00
20141114  23:54:00 16715.00 16725.00 16715.00 16720.00 850.00
20141114  23:55:00 16720.00 16725.00 16715.00 16720.00 486.00
20141114  23:56:00 16720.00 16725.00 16715.00 16720.00 418.00
20141114  23:57:00 16720.00 16725.00 16720.00 16725.00 222.00
20141114  23:58:00 16725.00 16725.00 16720.00 16725.00 302.00
20141114  23:59:00 16725.00 16725.00 16720.00 16720.00 260.00
20141115  00:00:00 16720.00 16730.00 16720.00 16725.00 436.00
20141115  00:01:00 16725.00 16730.00 16720.00 16730.00 338.00
20141115  00:02:00 16730.00 16730.00 16725.00 16725.00 100.00
20141115  00:03:00 16730.00 16730.00 16725.00 16730.00  80.00
20141115  00:04:00 16730.00 16730.00 16720.00 16725.00 522.00
20141115  00:05:00 16725.00 16725.00 16725.00 16725.00  54.00
20141115  00:06:00 16725.00 16725.00 16720.00 16720.00 110.00
20141115  00:07:00 16720.00 16720.00 16715.00 16715.00 774.00
20141115  00:08:00 16715.00 16720.00 16710.00 16715.00 344.00
20141115  00:09:00 16715.00 16725.00 16715.00 16720.00 440.00
20141115  00:10:00 16720.00 16720.00 16715.00 16715.00 464.00
20141115  00:11:00 16715.00 16720.00 16710.00 16710.00 236.00
20141115  00:12:00 16710.00 16715.00 16710.00 16710.00 104.00
20141115  00:13:00 16710.00 16715.00 16705.00 16715.00 1038.00
20141115  00:14:00 16715.00 16720.00 16710.00 16715.00 454.00
20141115  00:15:00 16715.00 16715.00 16715.00 16715.00 210.00
20141115  00:16:00 16715.00 16715.00 16710.00 16715.00 168.00
20141115  00:17:00 16715.00 16720.00 16710.00 16715.00 170.00
20141115  00:18:00 16715.00 16725.00 16710.00 16725.00 412.00
20141115  00:19:00 16725.00 16730.00 16720.00 16730.00 340.00
20141115  00:20:00 16730.00 16730.00 16725.00 16725.00 460.00
20141115  00:21:00 16725.00 16730.00 16725.00 16725.00 172.00
20141115  00:22:00 16725.00 16730.00 16720.00 16730.00 124.00
20141115  00:23:00 16730.00 16735.00 16725.00 16735.00 426.00
20141115  00:24:00 16735.00 16740.00 16720.00 16725.00 766.00
20141115  00:25:00 16725.00 16730.00 16720.00 16730.00 236.00
20141115  00:26:00 16730.00 16730.00 16720.00 16725.00 130.00
20141115  00:27:00 16725.00 16725.00 16720.00 16720.00  34.00
20141115  00:28:00 16720.00 16725.00 16720.00 16725.00  72.00
20141115  00:29:00 16725.00 16725.00 16715.00 16715.00 528.00
20141115  00:30:00 16715.00 16720.00 16715.00 16720.00 158.00
20141115  00:31:00 16720.00 16725.00 16715.00 16720.00 258.00
20141115  00:32:00 16720.00 16730.00 16720.00 16730.00 274.00
20141115  00:33:00 16730.00 16730.00 16725.00 16730.00 268.00
20141115  00:34:00 16730.00 16735.00 16730.00 16730.00  84.00
20141115  00:35:00 16730.00 16730.00 16720.00 16725.00 298.00
20141115  00:36:00 16725.00 16725.00 16720.00 16725.00 352.00
20141115  00:37:00 16725.00 16730.00 16725.00 16725.00  22.00
20141115  00:38:00 16730.00 16730.00 16725.00 16725.00 100.00
20141115  00:39:00 16725.00 16725.00 16720.00 16725.00  26.00
20141115  00:40:00 16725.00 16725.00 16720.00 16725.00 110.00
20141115  00:41:00 16725.00 16730.00 16720.00 16725.00 442.00
20141115  00:42:00 16725.00 16730.00 16725.00 16730.00 128.00
20141115  00:43:00 16730.00 16730.00 16725.00 16725.00  32.00
20141115  00:44:00 16725.00 16725.00 16720.00 16725.00  76.00
20141115  00:45:00 16720.00 16725.00 16720.00 16725.00  30.00
20141115  00:46:00 16720.00 16725.00 16720.00 16725.00 318.00
20141115  00:47:00 16725.00 16725.00 16720.00 16720.00  16.00
20141115  00:48:00 16725.00 16725.00 16720.00 16720.00 152.00
20141115  00:49:00 16725.00 16725.00 16720.00 16720.00  48.00
20141115  00:50:00 16720.00 16720.00 16715.00 16720.00 420.00
20141115  00:51:00 16720.00 16720.00 16715.00 16715.00 106.00
20141115  00:52:00 16715.00 16720.00 16715.00 16715.00  70.00
20141115  00:53:00 16715.00 16720.00 16715.00 16715.00 622.00
20141115  00:54:00 16715.00 16715.00 16710.00 16715.00 810.00
20141115  00:55:00 16715.00 16720.00 16705.00 16710.00 1086.00
20141115  00:56:00 16710.00 16715.00 16710.00 16715.00 188.00
20141115  00:57:00 16715.00 16715.00 16710.00 16710.00 108.00
20141115  00:58:00 16715.00 16715.00 16695.00 16700.00 1378.00
20141115  00:59:00 16705.00 16720.00 16695.00 16720.00 1392.00
20141117  09:00:00 16730.00 16780.00 16730.00 16760.00 6312.00
20141117  09:01:00 16755.00 16760.00 16745.00 16750.00 2810.00
20141117  09:02:00 16750.00 16775.00 16745.00 16775.00 2186.00
20141117  09:03:00 16775.00 16820.00 16770.00 16800.00 6530.00
20141117  09:04:00 16810.00 16820.00 16800.00 16810.00 3408.00
20141117  09:05:00 16815.00 16820.00 16790.00 16790.00 2072.00
20141117  09:06:00 16790.00 16800.00 16790.00 16790.00 1090.00
20141117  09:07:00 16790.00 16810.00 16790.00 16810.00 1466.00
20141117  09:08:00 16810.00 16810.00 16795.00 16800.00 562.00
20141117  09:09:00 16800.00 16800.00 16795.00 16795.00 490.00
20141117  09:10:00 16800.00 16810.00 16795.00 16805.00 1076.00
20141117  09:11:00 16805.00 16815.00 16800.00 16800.00 1656.00
20141117  09:12:00 16805.00 16805.00 16780.00 16785.00 1686.00
20141117  09:13:00 16785.00 16790.00 16785.00 16785.00 296.00
20141117  09:14:00 16785.00 16790.00 16775.00 16775.00 1134.00
20141117  09:15:00 16775.00 16785.00 16775.00 16775.00 410.00
20141117  09:16:00 16775.00 16780.00 16750.00 16750.00 1578.00
20141117  09:17:00 16750.00 16765.00 16750.00 16765.00 1270.00
20141117  09:18:00 16760.00 16770.00 16760.00 16760.00 530.00
20141117  09:19:00 16760.00 16770.00 16760.00 16760.00 652.00
20141117  09:20:00 16760.00 16765.00 16725.00 16725.00 3680.00
20141117  09:21:00 16730.00 16740.00 16725.00 16730.00 1548.00
20141117  09:22:00 16730.00 16745.00 16725.00 16740.00 982.00
20141117  09:23:00 16740.00 16740.00 16730.00 16735.00 414.00
20141117  09:24:00 16735.00 16740.00 16730.00 16735.00 840.00
20141117  09:25:00 16735.00 16735.00 16725.00 16735.00 1332.00
20141117  09:26:00 16735.00 16740.00 16730.00 16740.00 472.00
20141117  09:27:00 16735.00 16740.00 16730.00 16735.00 370.00
20141117  09:28:00 16735.00 16740.00 16725.00 16730.00 438.00
20141117  09:29:00 16730.00 16730.00 16715.00 16720.00 1898.00
20141117  09:30:00 16720.00 16730.00 16720.00 16725.00 336.00
20141117  09:31:00 16725.00 16740.00 16725.00 16735.00 364.00
20141117  09:32:00 16735.00 16735.00 16730.00 16735.00 164.00
20141117  09:33:00 16735.00 16735.00 16730.00 16735.00  50.00
20141117  09:34:00 16735.00 16735.00 16725.00 16730.00 288.00
20141117  09:35:00 16730.00 16730.00 16725.00 16725.00 140.00
20141117  09:36:00 16725.00 16730.00 16725.00 16730.00 410.00
20141117  09:37:00 16730.00 16730.00 16725.00 16725.00 248.00
20141117  09:38:00 16725.00 16735.00 16725.00 16735.00 332.00
20141117  09:39:00 16735.00 16735.00 16730.00 16730.00  44.00
20141117  09:40:00 16730.00 16735.00 16720.00 16730.00 490.00
20141117  09:41:00 16730.00 16730.00 16725.00 16725.00  94.00
20141117  09:42:00 16725.00 16730.00 16725.00 16730.00 202.00
20141117  09:43:00 16730.00 16730.00 16725.00 16730.00 204.00
20141117  09:44:00 16730.00 16730.00 16725.00 16725.00  46.00
20141117  09:45:00 16725.00 16725.00 16715.00 16725.00 932.00
20141117  09:46:00 16725.00 16730.00 16720.00 16720.00 228.00
20141117  09:47:00 16720.00 16720.00 16715.00 16715.00 194.00
20141117  09:48:00 16715.00 16725.00 16715.00 16725.00 394.00
20141117  09:49:00 16730.00 16735.00 16725.00 16735.00 366.00
20141117  09:50:00 16735.00 16740.00 16730.00 16740.00 322.00
20141117  09:51:00 16740.00 16740.00 16735.00 16735.00  68.00
20141117  09:52:00 16735.00 16740.00 16730.00 16735.00 164.00
20141117  09:53:00 16735.00 16735.00 16730.00 16730.00  12.00
20141117  09:54:00 16730.00 16735.00 16720.00 16730.00 438.00
20141117  09:55:00 16730.00 16730.00 16725.00 16725.00  14.00
20141117  09:56:00 16725.00 16725.00 16725.00 16725.00  66.00
20141117  09:57:00 16725.00 16725.00 16715.00 16715.00 244.00
20141117  09:58:00 16715.00 16720.00 16710.00 16720.00 610.00
20141117  09:59:00 16720.00 16720.00 16715.00 16720.00  50.00
20141117  10:00:00 16715.00 16720.00 16710.00 16710.00 428.00
20141117  10:01:00 16710.00 16715.00 16700.00 16705.00 1014.00
20141117  10:02:00 16705.00 16710.00 16700.00 16705.00 294.00
20141117  10:03:00 16705.00 16710.00 16700.00 16710.00 528.00
20141117  10:04:00 16705.00 16710.00 16705.00 16710.00 328.00
20141117  10:05:00 16705.00 16710.00 16700.00 16705.00 904.00
20141117  10:06:00 16705.00 16705.00 16695.00 16700.00 824.00
20141117  10:07:00 16700.00 16710.00 16700.00 16710.00 160.00
20141117  10:08:00 16710.00 16710.00 16705.00 16710.00 244.00
20141117  10:09:00 16710.00 16710.00 16685.00 16685.00 1924.00
20141117  10:10:00 16685.00 16700.00 16680.00 16700.00 1136.00
20141117  10:11:00 16700.00 16700.00 16690.00 16690.00 470.00
20141117  10:12:00 16690.00 16700.00 16690.00 16695.00 244.00
20141117  10:13:00 16695.00 16705.00 16695.00 16700.00 392.00
20141117  10:14:00 16700.00 16705.00 16695.00 16700.00 360.00
20141117  10:30:00 16700.00 16705.00 16700.00 16705.00 396.00
20141117  10:31:00 16705.00 16705.00 16695.00 16695.00 598.00
20141117  10:32:00 16695.00 16700.00 16690.00 16695.00 298.00
20141117  10:33:00 16695.00 16695.00 16690.00 16695.00 220.00
20141117  10:34:00 16695.00 16705.00 16690.00 16695.00 388.00
20141117  10:35:00 16700.00 16705.00 16700.00 16705.00 262.00
20141117  10:36:00 16710.00 16710.00 16705.00 16710.00 312.00
20141117  10:37:00 16710.00 16715.00 16705.00 16715.00 232.00
20141117  10:38:00 16715.00 16715.00 16710.00 16710.00  58.00
20141117  10:39:00 16710.00 16715.00 16710.00 16710.00 116.00
20141117  10:40:00 16710.00 16715.00 16710.00 16715.00  46.00
20141117  10:41:00 16715.00 16715.00 16710.00 16715.00 120.00
20141117  10:42:00 16715.00 16720.00 16715.00 16720.00 536.00
20141117  10:43:00 16720.00 16730.00 16720.00 16720.00 1204.00
20141117  10:44:00 16720.00 16725.00 16720.00 16720.00 352.00
20141117  10:45:00 16720.00 16720.00 16705.00 16710.00 1494.00
20141117  10:46:00 16710.00 16715.00 16710.00 16715.00 122.00
20141117  10:47:00 16715.00 16715.00 16710.00 16715.00 100.00
20141117  10:48:00 16715.00 16715.00 16715.00 16715.00 132.00
20141117  10:49:00 16715.00 16720.00 16715.00 16715.00 234.00
20141117  10:50:00 16715.00 16720.00 16715.00 16720.00  18.00
20141117  10:51:00 16720.00 16720.00 16715.00 16715.00  12.00
20141117  10:52:00 16715.00 16720.00 16715.00 16720.00 122.00
20141117  10:53:00 16720.00 16720.00 16720.00 16720.00 196.00
20141117  10:54:00 16720.00 16720.00 16715.00 16720.00  58.00
20141117  10:55:00 16720.00 16720.00 16715.00 16715.00  72.00
20141117  10:56:00 16720.00 16725.00 16720.00 16720.00  90.00
20141117  10:57:00 16725.00 16725.00 16720.00 16725.00  50.00
20141117  10:58:00 16720.00 16725.00 16715.00 16720.00 558.00
20141117  10:59:00 16720.00 16720.00 16715.00 16720.00 174.00
20141117  11:00:00 16720.00 16720.00 16715.00 16715.00  78.00
20141117  11:01:00 16715.00 16720.00 16715.00 16720.00  30.00
20141117  11:02:00 16720.00 16720.00 16715.00 16720.00  26.00
20141117  11:03:00 16715.00 16715.00 16710.00 16715.00 248.00
20141117  11:04:00 16715.00 16720.00 16715.00 16715.00 194.00
20141117  11:05:00 16715.00 16720.00 16715.00 16720.00 116.00
20141117  11:06:00 16720.00 16725.00 16715.00 16720.00 318.00
20141117  11:07:00 16720.00 16725.00 16720.00 16720.00  78.00
20141117  11:08:00 16725.00 16725.00 16720.00 16725.00  26.00
20141117  11:09:00 16725.00 16725.00 16725.00 16725.00 394.00
20141117  11:10:00 16730.00 16730.00 16720.00 16725.00 468.00
20141117  11:11:00 16725.00 16725.00 16720.00 16720.00  54.00
20141117  11:12:00 16720.00 16720.00 16720.00 16720.00   4.00
20141117  11:13:00 16720.00 16725.00 16720.00 16725.00 436.00
20141117  11:14:00 16725.00 16725.00 16725.00 16725.00 124.00
20141117  11:15:00 16725.00 16735.00 16725.00 16730.00 734.00
20141117  11:16:00 16730.00 16730.00 16725.00 16725.00 136.00
20141117  11:17:00 16730.00 16730.00 16725.00 16730.00  72.00
20141117  11:18:00 16730.00 16735.00 16730.00 16730.00 184.00
20141117  11:19:00 16735.00 16735.00 16730.00 16730.00 464.00
20141117  11:20:00 16730.00 16750.00 16730.00 16750.00 1034.00
20141117  11:21:00 16750.00 16750.00 16735.00 16745.00 716.00
20141117  11:22:00 16745.00 16745.00 16735.00 16740.00 414.00
20141117  11:23:00 16740.00 16740.00 16735.00 16735.00 156.00
20141117  11:24:00 16735.00 16740.00 16730.00 16730.00 416.00
20141117  11:25:00 16730.00 16735.00 16730.00 16730.00 256.00
20141117  11:26:00 16730.00 16735.00 16730.00 16730.00  58.00
20141117  11:27:00 16730.00 16735.00 16730.00 16735.00 252.00
20141117  11:28:00 16735.00 16745.00 16735.00 16740.00 364.00
20141117  11:29:00 16740.00 16750.00 16740.00 16750.00 592.00
20141117  13:30:00 16740.00 16745.00 16735.00 16735.00 916.00
20141117  13:31:00 16730.00 16735.00 16725.00 16730.00 558.00
20141117  13:32:00 16735.00 16735.00 16730.00 16730.00 172.00
20141117  13:33:00 16730.00 16740.00 16730.00 16735.00 232.00
20141117  13:34:00 16735.00 16740.00 16730.00 16735.00 132.00
20141117  13:35:00 16735.00 16740.00 16735.00 16735.00 234.00
20141117  13:36:00 16735.00 16740.00 16730.00 16735.00 132.00
20141117  13:37:00 16735.00 16735.00 16730.00 16735.00  44.00
20141117  13:38:00 16735.00 16745.00 16725.00 16740.00 1118.00
20141117  13:39:00 16740.00 16745.00 16735.00 16735.00 196.00
20141117  13:40:00 16735.00 16735.00 16730.00 16735.00 432.00
20141117  13:41:00 16735.00 16735.00 16730.00 16730.00  54.00
20141117  13:42:00 16730.00 16735.00 16730.00 16730.00  58.00
20141117  13:43:00 16730.00 16735.00 16730.00 16730.00 214.00
20141117  13:44:00 16730.00 16730.00 16725.00 16725.00 264.00
20141117  13:45:00 16725.00 16730.00 16720.00 16730.00 390.00
20141117  13:46:00 16730.00 16730.00 16725.00 16730.00  62.00
20141117  13:47:00 16730.00 16730.00 16725.00 16730.00 240.00
20141117  13:48:00 16730.00 16775.00 16730.00 16775.00 2782.00
20141117  13:49:00 16770.00 16770.00 16755.00 16760.00 1312.00
20141117  13:50:00 16760.00 16770.00 16760.00 16760.00 858.00
20141117  13:51:00 16760.00 16760.00 16750.00 16750.00 268.00
20141117  13:52:00 16750.00 16755.00 16730.00 16740.00 1556.00
20141117  13:53:00 16740.00 16740.00 16735.00 16740.00 270.00
20141117  13:54:00 16740.00 16745.00 16735.00 16740.00 362.00
20141117  13:55:00 16740.00 16745.00 16740.00 16740.00 138.00
20141117  13:56:00 16740.00 16745.00 16740.00 16740.00 120.00
20141117  13:57:00 16740.00 16745.00 16735.00 16740.00 242.00
20141117  13:58:00 16735.00 16740.00 16735.00 16740.00  68.00
20141117  13:59:00 16740.00 16740.00 16730.00 16735.00 706.00
20141117  14:00:00 16735.00 16735.00 16730.00 16735.00  72.00
20141117  14:01:00 16735.00 16745.00 16730.00 16745.00 346.00
20141117  14:02:00 16745.00 16745.00 16740.00 16740.00 178.00
20141117  14:03:00 16740.00 16745.00 16740.00 16740.00  32.00
20141117  14:04:00 16740.00 16745.00 16740.00 16745.00 324.00
20141117  14:05:00 16745.00 16750.00 16745.00 16745.00  40.00
20141117  14:06:00 16745.00 16745.00 16745.00 16745.00  30.00
20141117  14:07:00 16745.00 16745.00 16740.00 16740.00  28.00
20141117  14:08:00 16740.00 16750.00 16740.00 16740.00 400.00
20141117  14:09:00 16740.00 16745.00 16740.00 16745.00 158.00
20141117  14:10:00 16745.00 16745.00 16735.00 16735.00 308.00
20141117  14:11:00 16735.00 16735.00 16730.00 16735.00 324.00
20141117  14:12:00 16735.00 16735.00 16730.00 16735.00 198.00
20141117  14:13:00 16735.00 16735.00 16730.00 16735.00 144.00
20141117  14:14:00 16735.00 16740.00 16735.00 16735.00 154.00
20141117  14:15:00 16735.00 16740.00 16735.00 16735.00 128.00
20141117  14:16:00 16735.00 16740.00 16735.00 16735.00 136.00
20141117  14:17:00 16735.00 16735.00 16735.00 16735.00  18.00
20141117  14:18:00 16735.00 16735.00 16730.00 16730.00 254.00
20141117  14:19:00 16730.00 16735.00 16730.00 16735.00  90.00
20141117  14:20:00 16735.00 16745.00 16735.00 16740.00 306.00
20141117  14:21:00 16740.00 16740.00 16740.00 16740.00   0.00
20141117  14:22:00 16740.00 16745.00 16740.00 16740.00  70.00
20141117  14:23:00 16740.00 16740.00 16735.00 16735.00 180.00
20141117  14:24:00 16740.00 16740.00 16735.00 16735.00  16.00
20141117  14:25:00 16735.00 16740.00 16735.00 16740.00  18.00
20141117  14:26:00 16740.00 16740.00 16715.00 16715.00 1934.00
20141117  14:27:00 16710.00 16725.00 16710.00 16725.00 996.00
20141117  14:28:00 16720.00 16725.00 16715.00 16720.00 370.00
20141117  14:29:00 16720.00 16720.00 16715.00 16715.00 238.00
20141117  14:30:00 16715.00 16720.00 16710.00 16715.00 1004.00
20141117  14:31:00 16715.00 16725.00 16715.00 16725.00 400.00
20141117  14:32:00 16725.00 16725.00 16720.00 16720.00 362.00
20141117  14:33:00 16720.00 16725.00 16715.00 16720.00 170.00
20141117  14:34:00 16720.00 16720.00 16720.00 16720.00  52.00
20141117  14:35:00 16720.00 16730.00 16715.00 16730.00 280.00
20141117  14:36:00 16730.00 16735.00 16730.00 16735.00 636.00
20141117  14:37:00 16735.00 16735.00 16730.00 16730.00 262.00
20141117  14:38:00 16730.00 16735.00 16725.00 16725.00 150.00
20141117  14:39:00 16725.00 16730.00 16720.00 16725.00 136.00
20141117  14:40:00 16725.00 16735.00 16725.00 16730.00 306.00
20141117  14:41:00 16730.00 16735.00 16730.00 16730.00 424.00
20141117  14:42:00 16730.00 16730.00 16725.00 16725.00 224.00
20141117  14:43:00 16725.00 16725.00 16715.00 16715.00 550.00
20141117  14:44:00 16715.00 16720.00 16715.00 16720.00 262.00
20141117  14:45:00 16715.00 16715.00 16715.00 16715.00 340.00
20141117  14:46:00 16710.00 16720.00 16705.00 16715.00 432.00
20141117  14:47:00 16715.00 16720.00 16710.00 16715.00 552.00
20141117  14:48:00 16715.00 16720.00 16710.00 16720.00 524.00
20141117  14:49:00 16720.00 16720.00 16710.00 16715.00 542.00
20141117  14:50:00 16710.00 16720.00 16710.00 16715.00 440.00
20141117  14:51:00 16715.00 16720.00 16710.00 16715.00 548.00
20141117  14:52:00 16715.00 16725.00 16715.00 16720.00 308.00
20141117  14:53:00 16720.00 16725.00 16715.00 16720.00 176.00
20141117  14:54:00 16720.00 16730.00 16720.00 16725.00 418.00
20141117  14:55:00 16725.00 16725.00 16720.00 16720.00 560.00
20141117  14:56:00 16720.00 16720.00 16705.00 16705.00 852.00
20141117  14:57:00 16705.00 16710.00 16700.00 16705.00 1192.00
20141117  14:58:00 16705.00 16710.00 16700.00 16700.00 1672.00
20141117  14:59:00 16705.00 16705.00 16700.00 16705.00 2444.00
20141117  15:00:00 16705.00 16705.00 16705.00 16705.00   0.00
