20141230  21:00:00 16420.00 16425.00 16415.00 16415.00 744.00
20141230  21:01:00 16415.00 16435.00 16415.00 16430.00 1268.00
20141230  21:02:00 16430.00 16435.00 16425.00 16430.00 656.00
20141230  21:03:00 16435.00 16440.00 16430.00 16440.00 1034.00
20141230  21:04:00 16445.00 16450.00 16445.00 16445.00 758.00
20141230  21:05:00 16445.00 16450.00 16445.00 16450.00 436.00
20141230  21:06:00 16450.00 16450.00 16440.00 16445.00 264.00
20141230  21:07:00 16440.00 16440.00 16430.00 16435.00 514.00
20141230  21:08:00 16435.00 16445.00 16435.00 16440.00 648.00
20141230  21:09:00 16440.00 16445.00 16440.00 16440.00 184.00
20141230  21:10:00 16440.00 16440.00 16430.00 16435.00 396.00
20141230  21:11:00 16435.00 16435.00 16425.00 16425.00 314.00
20141230  21:12:00 16425.00 16425.00 16420.00 16420.00 416.00
20141230  21:13:00 16420.00 16425.00 16420.00 16420.00 320.00
20141230  21:14:00 16420.00 16430.00 16420.00 16425.00 168.00
20141230  21:15:00 16425.00 16430.00 16420.00 16425.00 408.00
20141230  21:16:00 16425.00 16430.00 16420.00 16420.00 310.00
20141230  21:17:00 16420.00 16430.00 16420.00 16425.00 276.00
20141230  21:18:00 16425.00 16425.00 16420.00 16425.00 582.00
20141230  21:19:00 16425.00 16425.00 16420.00 16420.00 342.00
20141230  21:20:00 16420.00 16435.00 16420.00 16430.00 764.00
20141230  21:21:00 16430.00 16435.00 16425.00 16435.00 234.00
20141230  21:22:00 16435.00 16435.00 16430.00 16430.00 680.00
20141230  21:23:00 16430.00 16435.00 16430.00 16435.00 392.00
20141230  21:24:00 16430.00 16450.00 16430.00 16450.00 764.00
20141230  21:25:00 16450.00 16450.00 16440.00 16445.00 876.00
20141230  21:26:00 16445.00 16450.00 16435.00 16435.00 764.00
20141230  21:27:00 16435.00 16445.00 16435.00 16445.00 264.00
20141230  21:28:00 16445.00 16470.00 16440.00 16460.00 2244.00
20141230  21:29:00 16460.00 16470.00 16460.00 16465.00 1032.00
20141230  21:30:00 16465.00 16465.00 16460.00 16460.00 1098.00
20141230  21:31:00 16460.00 16470.00 16455.00 16465.00 950.00
20141230  21:32:00 16465.00 16480.00 16465.00 16475.00 1014.00
20141230  21:33:00 16475.00 16485.00 16470.00 16480.00 1064.00
20141230  21:34:00 16480.00 16485.00 16470.00 16485.00 1232.00
20141230  21:35:00 16485.00 16485.00 16480.00 16485.00 748.00
20141230  21:36:00 16490.00 16495.00 16485.00 16495.00 1260.00
20141230  21:37:00 16495.00 16525.00 16490.00 16520.00 4164.00
20141230  21:38:00 16520.00 16545.00 16510.00 16530.00 3186.00
20141230  21:39:00 16535.00 16540.00 16525.00 16530.00 1964.00
20141230  21:40:00 16530.00 16535.00 16515.00 16515.00 1508.00
20141230  21:41:00 16515.00 16520.00 16515.00 16520.00 668.00
20141230  21:42:00 16520.00 16520.00 16510.00 16510.00 560.00
20141230  21:43:00 16510.00 16520.00 16510.00 16515.00 440.00
20141230  21:44:00 16515.00 16515.00 16505.00 16505.00 434.00
20141230  21:45:00 16505.00 16510.00 16500.00 16500.00 684.00
20141230  21:46:00 16500.00 16505.00 16495.00 16495.00 1542.00
20141230  21:47:00 16500.00 16520.00 16495.00 16515.00 1824.00
20141230  21:48:00 16515.00 16530.00 16510.00 16525.00 1308.00
20141230  21:49:00 16525.00 16525.00 16515.00 16515.00 498.00
20141230  21:50:00 16515.00 16520.00 16515.00 16520.00 336.00
20141230  21:51:00 16520.00 16530.00 16520.00 16520.00 892.00
20141230  21:52:00 16525.00 16535.00 16520.00 16535.00 1208.00
20141230  21:53:00 16535.00 16540.00 16530.00 16540.00 1166.00
20141230  21:54:00 16535.00 16540.00 16525.00 16530.00 540.00
20141230  21:55:00 16530.00 16530.00 16525.00 16525.00 280.00
20141230  21:56:00 16525.00 16525.00 16520.00 16520.00 364.00
20141230  21:57:00 16520.00 16530.00 16520.00 16530.00 336.00
20141230  21:58:00 16530.00 16540.00 16525.00 16535.00 778.00
20141230  21:59:00 16540.00 16540.00 16530.00 16535.00 578.00
20141230  22:00:00 16535.00 16560.00 16530.00 16555.00 1948.00
20141230  22:01:00 16550.00 16570.00 16550.00 16565.00 2202.00
20141230  22:02:00 16560.00 16575.00 16555.00 16570.00 2312.00
20141230  22:03:00 16575.00 16610.00 16570.00 16595.00 5662.00
20141230  22:04:00 16595.00 16600.00 16585.00 16590.00 1866.00
20141230  22:05:00 16590.00 16600.00 16590.00 16595.00 1468.00
20141230  22:06:00 16595.00 16600.00 16590.00 16595.00 868.00
20141230  22:07:00 16600.00 16600.00 16590.00 16595.00 402.00
20141230  22:08:00 16595.00 16595.00 16585.00 16585.00 850.00
20141230  22:09:00 16585.00 16595.00 16585.00 16595.00 984.00
20141230  22:10:00 16595.00 16600.00 16590.00 16595.00 712.00
20141230  22:11:00 16600.00 16610.00 16585.00 16585.00 2762.00
20141230  22:12:00 16585.00 16590.00 16575.00 16580.00 1134.00
20141230  22:13:00 16580.00 16585.00 16575.00 16580.00 494.00
20141230  22:14:00 16580.00 16595.00 16580.00 16590.00 1160.00
20141230  22:15:00 16595.00 16600.00 16585.00 16600.00 862.00
20141230  22:16:00 16600.00 16620.00 16595.00 16620.00 2658.00
20141230  22:17:00 16620.00 16625.00 16610.00 16610.00 1752.00
20141230  22:18:00 16610.00 16630.00 16610.00 16625.00 1516.00
20141230  22:19:00 16625.00 16625.00 16610.00 16615.00 1534.00
20141230  22:20:00 16615.00 16620.00 16605.00 16605.00 554.00
20141230  22:21:00 16610.00 16615.00 16595.00 16615.00 1450.00
20141230  22:22:00 16615.00 16620.00 16605.00 16615.00 790.00
20141230  22:23:00 16615.00 16615.00 16605.00 16610.00 506.00
20141230  22:24:00 16605.00 16610.00 16600.00 16600.00 774.00
20141230  22:25:00 16595.00 16605.00 16595.00 16595.00 542.00
20141230  22:26:00 16595.00 16610.00 16595.00 16610.00 718.00
20141230  22:27:00 16610.00 16620.00 16600.00 16615.00 1660.00
20141230  22:28:00 16615.00 16620.00 16610.00 16610.00 504.00
20141230  22:29:00 16610.00 16615.00 16605.00 16615.00 380.00
20141230  22:30:00 16615.00 16615.00 16605.00 16605.00 502.00
20141230  22:31:00 16610.00 16620.00 16610.00 16620.00 312.00
20141230  22:32:00 16620.00 16620.00 16615.00 16615.00 396.00
20141230  22:33:00 16615.00 16615.00 16600.00 16605.00 658.00
20141230  22:34:00 16605.00 16610.00 16605.00 16605.00  88.00
20141230  22:35:00 16605.00 16610.00 16605.00 16605.00 292.00
20141230  22:36:00 16610.00 16610.00 16605.00 16605.00 142.00
20141230  22:37:00 16605.00 16610.00 16605.00 16605.00 362.00
20141230  22:38:00 16610.00 16610.00 16600.00 16605.00 292.00
20141230  22:39:00 16605.00 16610.00 16605.00 16605.00  38.00
20141230  22:40:00 16605.00 16615.00 16605.00 16610.00 382.00
20141230  22:41:00 16610.00 16610.00 16605.00 16605.00  74.00
20141230  22:42:00 16605.00 16610.00 16605.00 16610.00 148.00
20141230  22:43:00 16610.00 16615.00 16605.00 16615.00 210.00
20141230  22:44:00 16615.00 16615.00 16610.00 16610.00 250.00
20141230  22:45:00 16610.00 16615.00 16610.00 16610.00 456.00
20141230  22:46:00 16615.00 16630.00 16610.00 16625.00 1478.00
20141230  22:47:00 16625.00 16640.00 16625.00 16640.00 1066.00
20141230  22:48:00 16635.00 16645.00 16630.00 16645.00 1272.00
20141230  22:49:00 16645.00 16645.00 16635.00 16640.00 1340.00
20141230  22:50:00 16640.00 16685.00 16640.00 16685.00 4234.00
20141230  22:51:00 16685.00 16690.00 16675.00 16680.00 1490.00
20141230  22:52:00 16685.00 16690.00 16680.00 16680.00 668.00
20141230  22:53:00 16680.00 16690.00 16680.00 16685.00 1334.00
20141230  22:54:00 16685.00 16710.00 16680.00 16700.00 3400.00
20141230  22:55:00 16705.00 16745.00 16700.00 16740.00 2850.00
20141230  22:56:00 16735.00 16760.00 16735.00 16740.00 3176.00
20141230  22:57:00 16745.00 16795.00 16740.00 16770.00 4920.00
20141230  22:58:00 16770.00 16775.00 16750.00 16755.00 1778.00
20141230  22:59:00 16755.00 16760.00 16735.00 16745.00 1960.00
20141230  23:00:00 16745.00 16745.00 16725.00 16730.00 2340.00
20141230  23:01:00 16730.00 16740.00 16730.00 16740.00 894.00
20141230  23:02:00 16740.00 16740.00 16730.00 16740.00 876.00
20141230  23:03:00 16730.00 16740.00 16730.00 16730.00 602.00
20141230  23:04:00 16735.00 16735.00 16725.00 16730.00 1268.00
20141230  23:05:00 16730.00 16730.00 16700.00 16705.00 1140.00
20141230  23:06:00 16705.00 16725.00 16705.00 16715.00 1528.00
20141230  23:07:00 16715.00 16720.00 16710.00 16720.00 456.00
20141230  23:08:00 16715.00 16720.00 16710.00 16720.00 358.00
20141230  23:09:00 16720.00 16730.00 16715.00 16730.00 548.00
20141230  23:10:00 16730.00 16730.00 16720.00 16725.00 418.00
20141230  23:11:00 16725.00 16730.00 16715.00 16715.00 176.00
20141230  23:12:00 16715.00 16720.00 16715.00 16715.00 350.00
20141230  23:13:00 16720.00 16730.00 16720.00 16725.00 712.00
20141230  23:14:00 16725.00 16735.00 16725.00 16730.00 514.00
20141230  23:15:00 16735.00 16735.00 16725.00 16735.00 422.00
20141230  23:16:00 16735.00 16740.00 16730.00 16740.00 444.00
20141230  23:17:00 16740.00 16755.00 16740.00 16750.00 1574.00
20141230  23:18:00 16750.00 16755.00 16735.00 16735.00 878.00
20141230  23:19:00 16735.00 16740.00 16725.00 16730.00 512.00
20141230  23:20:00 16730.00 16730.00 16710.00 16710.00 1136.00
20141230  23:21:00 16710.00 16725.00 16705.00 16720.00 1012.00
20141230  23:22:00 16720.00 16720.00 16710.00 16715.00 294.00
20141230  23:23:00 16715.00 16720.00 16710.00 16710.00 378.00
20141230  23:24:00 16710.00 16720.00 16710.00 16710.00 162.00
20141230  23:25:00 16710.00 16715.00 16705.00 16715.00 578.00
20141230  23:26:00 16715.00 16720.00 16710.00 16720.00 244.00
20141230  23:27:00 16720.00 16725.00 16715.00 16720.00 344.00
20141230  23:28:00 16725.00 16725.00 16720.00 16725.00 250.00
20141230  23:29:00 16725.00 16725.00 16715.00 16720.00 228.00
20141230  23:30:00 16720.00 16720.00 16715.00 16720.00  42.00
20141230  23:31:00 16720.00 16720.00 16715.00 16720.00  32.00
20141230  23:32:00 16720.00 16725.00 16715.00 16720.00 118.00
20141230  23:33:00 16720.00 16720.00 16715.00 16715.00 292.00
20141230  23:34:00 16715.00 16720.00 16710.00 16715.00 352.00
20141230  23:35:00 16715.00 16715.00 16705.00 16710.00 410.00
20141230  23:36:00 16710.00 16715.00 16705.00 16710.00 284.00
20141230  23:37:00 16710.00 16725.00 16710.00 16725.00 436.00
20141230  23:38:00 16720.00 16720.00 16715.00 16720.00 166.00
20141230  23:39:00 16720.00 16720.00 16715.00 16720.00 158.00
20141230  23:40:00 16720.00 16730.00 16720.00 16725.00 242.00
20141230  23:41:00 16725.00 16725.00 16720.00 16725.00  18.00
20141230  23:42:00 16720.00 16720.00 16715.00 16720.00 430.00
20141230  23:43:00 16720.00 16720.00 16715.00 16715.00  84.00
20141230  23:44:00 16715.00 16720.00 16715.00 16720.00 414.00
20141230  23:45:00 16720.00 16720.00 16715.00 16715.00  66.00
20141230  23:46:00 16715.00 16720.00 16715.00 16720.00 216.00
20141230  23:47:00 16715.00 16720.00 16715.00 16720.00  98.00
20141230  23:48:00 16720.00 16725.00 16715.00 16725.00 392.00
20141230  23:49:00 16725.00 16725.00 16720.00 16725.00 136.00
20141230  23:50:00 16725.00 16725.00 16725.00 16725.00 150.00
20141230  23:51:00 16725.00 16725.00 16720.00 16720.00 200.00
20141230  23:52:00 16720.00 16725.00 16720.00 16725.00  52.00
20141230  23:53:00 16725.00 16725.00 16720.00 16720.00  42.00
20141230  23:54:00 16720.00 16725.00 16720.00 16720.00  56.00
20141230  23:55:00 16720.00 16725.00 16720.00 16720.00 198.00
20141230  23:56:00 16725.00 16725.00 16720.00 16725.00 234.00
20141230  23:57:00 16725.00 16750.00 16725.00 16740.00 1420.00
20141230  23:58:00 16740.00 16745.00 16730.00 16735.00 686.00
20141230  23:59:00 16735.00 16740.00 16735.00 16740.00 172.00
20141231  00:00:00 16740.00 16740.00 16730.00 16740.00 164.00
20141231  00:01:00 16740.00 16740.00 16730.00 16735.00 152.00
20141231  00:02:00 16735.00 16740.00 16735.00 16735.00 310.00
20141231  00:03:00 16735.00 16745.00 16735.00 16735.00 440.00
20141231  00:04:00 16735.00 16740.00 16735.00 16735.00 192.00
20141231  00:05:00 16735.00 16735.00 16730.00 16730.00 382.00
20141231  00:06:00 16730.00 16730.00 16730.00 16730.00  12.00
20141231  00:07:00 16730.00 16730.00 16715.00 16720.00 456.00
20141231  00:08:00 16720.00 16730.00 16715.00 16730.00 200.00
20141231  00:09:00 16730.00 16730.00 16720.00 16720.00  88.00
20141231  00:10:00 16720.00 16725.00 16720.00 16720.00 296.00
20141231  00:11:00 16720.00 16730.00 16720.00 16725.00 134.00
20141231  00:12:00 16725.00 16730.00 16725.00 16725.00 104.00
20141231  00:13:00 16725.00 16730.00 16725.00 16730.00  82.00
20141231  00:14:00 16730.00 16735.00 16730.00 16735.00 118.00
20141231  00:15:00 16735.00 16740.00 16730.00 16735.00 174.00
20141231  00:16:00 16735.00 16735.00 16735.00 16735.00 114.00
20141231  00:17:00 16735.00 16735.00 16730.00 16735.00 456.00
20141231  00:18:00 16735.00 16735.00 16735.00 16735.00  60.00
20141231  00:19:00 16735.00 16735.00 16730.00 16730.00  16.00
20141231  00:20:00 16730.00 16735.00 16730.00 16735.00  34.00
20141231  00:21:00 16735.00 16735.00 16730.00 16735.00  30.00
20141231  00:22:00 16735.00 16735.00 16735.00 16735.00  46.00
20141231  00:23:00 16735.00 16745.00 16735.00 16740.00 518.00
20141231  00:24:00 16740.00 16745.00 16740.00 16740.00 122.00
20141231  00:25:00 16740.00 16745.00 16735.00 16735.00 218.00
20141231  00:26:00 16735.00 16735.00 16725.00 16725.00 406.00
20141231  00:27:00 16725.00 16730.00 16720.00 16725.00 348.00
20141231  00:28:00 16725.00 16725.00 16715.00 16720.00 360.00
20141231  00:29:00 16720.00 16720.00 16715.00 16715.00  38.00
20141231  00:30:00 16715.00 16720.00 16715.00 16720.00  42.00
20141231  00:31:00 16720.00 16720.00 16710.00 16710.00 240.00
20141231  00:32:00 16710.00 16715.00 16705.00 16715.00 656.00
20141231  00:33:00 16715.00 16740.00 16715.00 16740.00 530.00
20141231  00:34:00 16740.00 16740.00 16730.00 16730.00  88.00
20141231  00:35:00 16730.00 16740.00 16730.00 16735.00 256.00
20141231  00:36:00 16735.00 16745.00 16735.00 16740.00 318.00
20141231  00:37:00 16745.00 16745.00 16740.00 16740.00 144.00
20141231  00:38:00 16740.00 16745.00 16740.00 16745.00  88.00
20141231  00:39:00 16745.00 16750.00 16745.00 16745.00 530.00
20141231  00:40:00 16745.00 16750.00 16745.00 16750.00 180.00
20141231  00:41:00 16750.00 16755.00 16745.00 16755.00 348.00
20141231  00:42:00 16755.00 16765.00 16755.00 16760.00 784.00
20141231  00:43:00 16760.00 16760.00 16755.00 16755.00 196.00
20141231  00:44:00 16755.00 16755.00 16750.00 16750.00 194.00
20141231  00:45:00 16745.00 16750.00 16740.00 16745.00 328.00
20141231  00:46:00 16745.00 16745.00 16740.00 16740.00  18.00
20141231  00:47:00 16740.00 16740.00 16730.00 16735.00 530.00
20141231  00:48:00 16735.00 16735.00 16720.00 16725.00 408.00
20141231  00:49:00 16725.00 16730.00 16720.00 16720.00 190.00
20141231  00:50:00 16720.00 16725.00 16720.00 16725.00 256.00
20141231  00:51:00 16725.00 16725.00 16725.00 16725.00  76.00
20141231  00:52:00 16725.00 16725.00 16715.00 16720.00 158.00
20141231  00:53:00 16720.00 16725.00 16720.00 16725.00 248.00
20141231  00:54:00 16730.00 16730.00 16720.00 16730.00 266.00
20141231  00:55:00 16730.00 16730.00 16720.00 16720.00  88.00
20141231  00:56:00 16720.00 16725.00 16715.00 16715.00 126.00
20141231  00:57:00 16715.00 16720.00 16710.00 16710.00 196.00
20141231  00:58:00 16710.00 16720.00 16705.00 16715.00 402.00
20141231  00:59:00 16715.00 16730.00 16710.00 16730.00 308.00
20141231  09:00:00 16715.00 16760.00 16680.00 16730.00 6112.00
20141231  09:01:00 16730.00 16750.00 16725.00 16745.00 1504.00
20141231  09:02:00 16740.00 16765.00 16740.00 16745.00 3446.00
20141231  09:03:00 16745.00 16750.00 16720.00 16725.00 2224.00
20141231  09:04:00 16720.00 16735.00 16720.00 16730.00 952.00
20141231  09:05:00 16725.00 16730.00 16710.00 16710.00 756.00
20141231  09:06:00 16710.00 16715.00 16705.00 16715.00 470.00
20141231  09:07:00 16715.00 16720.00 16705.00 16720.00 264.00
20141231  09:08:00 16720.00 16730.00 16720.00 16730.00 506.00
20141231  09:09:00 16730.00 16740.00 16725.00 16735.00 448.00
20141231  09:10:00 16735.00 16735.00 16730.00 16735.00 208.00
20141231  09:11:00 16740.00 16740.00 16730.00 16735.00 598.00
20141231  09:12:00 16740.00 16740.00 16730.00 16735.00 324.00
20141231  09:13:00 16735.00 16745.00 16725.00 16740.00 1738.00
20141231  09:14:00 16740.00 16745.00 16735.00 16745.00 1416.00
20141231  09:15:00 16750.00 16750.00 16740.00 16740.00 374.00
20141231  09:16:00 16740.00 16750.00 16735.00 16750.00 466.00
20141231  09:17:00 16740.00 16750.00 16740.00 16740.00 320.00
20141231  09:18:00 16740.00 16745.00 16740.00 16740.00 410.00
20141231  09:19:00 16740.00 16740.00 16730.00 16740.00 412.00
20141231  09:20:00 16740.00 16740.00 16725.00 16730.00 518.00
20141231  09:21:00 16730.00 16730.00 16710.00 16725.00 1176.00
20141231  09:22:00 16725.00 16725.00 16715.00 16715.00 198.00
20141231  09:23:00 16720.00 16720.00 16690.00 16690.00 1344.00
20141231  09:24:00 16690.00 16695.00 16660.00 16670.00 2088.00
20141231  09:25:00 16670.00 16680.00 16670.00 16675.00 1146.00
20141231  09:26:00 16675.00 16685.00 16675.00 16680.00 534.00
20141231  09:27:00 16680.00 16685.00 16675.00 16680.00 552.00
20141231  09:28:00 16680.00 16690.00 16680.00 16685.00 574.00
20141231  09:29:00 16685.00 16685.00 16675.00 16675.00 492.00
20141231  09:30:00 16675.00 16675.00 16640.00 16645.00 2330.00
20141231  09:31:00 16640.00 16650.00 16610.00 16615.00 5164.00
20141231  09:32:00 16615.00 16625.00 16610.00 16625.00 1262.00
20141231  09:33:00 16625.00 16640.00 16625.00 16640.00 636.00
20141231  09:34:00 16640.00 16645.00 16635.00 16640.00 332.00
20141231  09:35:00 16640.00 16640.00 16635.00 16635.00 268.00
20141231  09:36:00 16640.00 16640.00 16630.00 16635.00 356.00
20141231  09:37:00 16635.00 16640.00 16635.00 16640.00  44.00
20141231  09:38:00 16640.00 16640.00 16635.00 16635.00 278.00
20141231  09:39:00 16635.00 16640.00 16630.00 16635.00 560.00
20141231  09:40:00 16635.00 16640.00 16635.00 16635.00 108.00
20141231  09:41:00 16635.00 16635.00 16630.00 16635.00 114.00
20141231  09:42:00 16635.00 16635.00 16620.00 16625.00 810.00
20141231  09:43:00 16630.00 16630.00 16620.00 16625.00 102.00
20141231  09:44:00 16625.00 16625.00 16615.00 16620.00 334.00
20141231  09:45:00 16615.00 16620.00 16590.00 16595.00 2036.00
20141231  09:46:00 16595.00 16605.00 16595.00 16600.00 1292.00
20141231  09:47:00 16600.00 16620.00 16595.00 16620.00 766.00
20141231  09:48:00 16620.00 16625.00 16620.00 16620.00 276.00
20141231  09:49:00 16620.00 16625.00 16615.00 16620.00 214.00
20141231  09:50:00 16620.00 16630.00 16620.00 16625.00 560.00
20141231  09:51:00 16625.00 16640.00 16625.00 16640.00 710.00
20141231  09:52:00 16640.00 16650.00 16640.00 16650.00 620.00
20141231  09:53:00 16650.00 16650.00 16635.00 16640.00 392.00
20141231  09:54:00 16645.00 16645.00 16635.00 16640.00 178.00
20141231  09:55:00 16640.00 16640.00 16630.00 16630.00 150.00
20141231  09:56:00 16640.00 16640.00 16635.00 16635.00  94.00
20141231  09:57:00 16635.00 16640.00 16635.00 16635.00  36.00
20141231  09:58:00 16640.00 16640.00 16640.00 16640.00  30.00
20141231  09:59:00 16640.00 16645.00 16640.00 16645.00  36.00
20141231  10:00:00 16645.00 16645.00 16645.00 16645.00 288.00
20141231  10:01:00 16645.00 16650.00 16645.00 16650.00 130.00
20141231  10:02:00 16650.00 16655.00 16645.00 16650.00 480.00
20141231  10:03:00 16650.00 16650.00 16645.00 16645.00 132.00
20141231  10:04:00 16645.00 16650.00 16645.00 16650.00 162.00
20141231  10:05:00 16645.00 16650.00 16645.00 16650.00 254.00
20141231  10:06:00 16650.00 16650.00 16640.00 16645.00 120.00
20141231  10:07:00 16645.00 16655.00 16645.00 16655.00 426.00
20141231  10:08:00 16655.00 16655.00 16650.00 16650.00 210.00
20141231  10:09:00 16650.00 16650.00 16645.00 16650.00 252.00
20141231  10:10:00 16650.00 16655.00 16645.00 16645.00 450.00
20141231  10:11:00 16645.00 16650.00 16645.00 16645.00  40.00
20141231  10:12:00 16650.00 16650.00 16645.00 16650.00  44.00
20141231  10:13:00 16650.00 16650.00 16640.00 16640.00 118.00
20141231  10:14:00 16645.00 16650.00 16640.00 16645.00 148.00
20141231  10:30:00 16645.00 16650.00 16640.00 16645.00 274.00
20141231  10:31:00 16645.00 16650.00 16645.00 16645.00 132.00
20141231  10:32:00 16645.00 16650.00 16645.00 16650.00  18.00
20141231  10:33:00 16645.00 16645.00 16640.00 16640.00 578.00
20141231  10:34:00 16640.00 16650.00 16635.00 16645.00 498.00
20141231  10:35:00 16645.00 16645.00 16635.00 16640.00 286.00
20141231  10:36:00 16640.00 16640.00 16635.00 16635.00 280.00
20141231  10:37:00 16635.00 16640.00 16630.00 16635.00 212.00
20141231  10:38:00 16635.00 16635.00 16630.00 16635.00 168.00
20141231  10:39:00 16635.00 16635.00 16615.00 16620.00 942.00
20141231  10:40:00 16620.00 16625.00 16615.00 16620.00 194.00
20141231  10:41:00 16620.00 16620.00 16615.00 16620.00  84.00
20141231  10:42:00 16620.00 16625.00 16615.00 16625.00 438.00
20141231  10:43:00 16625.00 16630.00 16620.00 16630.00 204.00
20141231  10:44:00 16630.00 16645.00 16630.00 16645.00 528.00
20141231  10:45:00 16640.00 16645.00 16640.00 16645.00  78.00
20141231  10:46:00 16645.00 16645.00 16635.00 16635.00 122.00
20141231  10:47:00 16640.00 16645.00 16635.00 16640.00 286.00
20141231  10:48:00 16640.00 16640.00 16640.00 16640.00 290.00
20141231  10:49:00 16640.00 16645.00 16640.00 16640.00 188.00
20141231  10:50:00 16640.00 16645.00 16635.00 16640.00 308.00
20141231  10:51:00 16640.00 16645.00 16640.00 16645.00 564.00
20141231  10:52:00 16650.00 16650.00 16645.00 16645.00  82.00
20141231  10:53:00 16645.00 16670.00 16645.00 16670.00 2004.00
20141231  10:54:00 16670.00 16670.00 16655.00 16665.00 1122.00
20141231  10:55:00 16665.00 16665.00 16655.00 16660.00 302.00
20141231  10:56:00 16660.00 16660.00 16655.00 16655.00 160.00
20141231  10:57:00 16655.00 16660.00 16655.00 16660.00 310.00
20141231  10:58:00 16660.00 16660.00 16660.00 16660.00 332.00
20141231  10:59:00 16660.00 16665.00 16655.00 16660.00 358.00
20141231  11:00:00 16660.00 16660.00 16655.00 16660.00 208.00
20141231  11:01:00 16655.00 16660.00 16650.00 16655.00 622.00
20141231  11:02:00 16655.00 16655.00 16650.00 16650.00 216.00
20141231  11:03:00 16645.00 16650.00 16645.00 16650.00 154.00
20141231  11:04:00 16650.00 16650.00 16645.00 16650.00 106.00
20141231  11:05:00 16650.00 16655.00 16650.00 16650.00  28.00
20141231  11:06:00 16650.00 16655.00 16640.00 16640.00 150.00
20141231  11:07:00 16640.00 16645.00 16640.00 16645.00  74.00
20141231  11:08:00 16645.00 16645.00 16640.00 16645.00  36.00
20141231  11:09:00 16645.00 16650.00 16640.00 16650.00 202.00
20141231  11:10:00 16650.00 16655.00 16650.00 16650.00  88.00
20141231  11:11:00 16650.00 16655.00 16650.00 16650.00  36.00
20141231  11:12:00 16650.00 16655.00 16645.00 16645.00 176.00
20141231  11:13:00 16645.00 16650.00 16640.00 16650.00 1588.00
20141231  11:14:00 16650.00 16650.00 16645.00 16645.00  74.00
20141231  11:15:00 16645.00 16650.00 16645.00 16650.00   4.00
20141231  11:16:00 16650.00 16650.00 16645.00 16645.00 196.00
20141231  11:17:00 16645.00 16645.00 16640.00 16645.00 156.00
20141231  11:18:00 16645.00 16645.00 16640.00 16640.00   4.00
20141231  11:19:00 16640.00 16640.00 16635.00 16635.00 268.00
20141231  11:20:00 16635.00 16640.00 16635.00 16640.00  36.00
20141231  11:21:00 16635.00 16640.00 16635.00 16640.00  70.00
20141231  11:22:00 16640.00 16640.00 16635.00 16635.00  98.00
20141231  11:23:00 16635.00 16640.00 16635.00 16640.00  24.00
20141231  11:24:00 16640.00 16640.00 16635.00 16635.00  16.00
20141231  11:25:00 16635.00 16645.00 16635.00 16645.00 276.00
20141231  11:26:00 16645.00 16660.00 16645.00 16660.00 606.00
20141231  11:27:00 16660.00 16670.00 16655.00 16670.00 544.00
20141231  11:28:00 16670.00 16670.00 16645.00 16645.00 654.00
20141231  11:29:00 16645.00 16655.00 16635.00 16655.00 576.00
20141231  13:30:00 16655.00 16665.00 16655.00 16660.00 192.00
20141231  13:31:00 16660.00 16670.00 16660.00 16665.00 488.00
20141231  13:32:00 16665.00 16665.00 16660.00 16660.00  96.00
20141231  13:33:00 16660.00 16665.00 16645.00 16650.00 572.00
20141231  13:34:00 16650.00 16650.00 16640.00 16650.00 148.00
20141231  13:35:00 16650.00 16660.00 16645.00 16660.00 230.00
20141231  13:36:00 16660.00 16660.00 16650.00 16650.00 160.00
20141231  13:37:00 16650.00 16665.00 16650.00 16660.00 326.00
20141231  13:38:00 16660.00 16660.00 16655.00 16655.00 222.00
20141231  13:39:00 16660.00 16660.00 16645.00 16645.00 294.00
20141231  13:40:00 16650.00 16655.00 16645.00 16655.00 222.00
20141231  13:41:00 16650.00 16660.00 16650.00 16660.00 174.00
20141231  13:42:00 16660.00 16660.00 16660.00 16660.00 248.00
20141231  13:43:00 16660.00 16665.00 16660.00 16660.00 546.00
20141231  13:44:00 16660.00 16660.00 16660.00 16660.00 154.00
20141231  13:45:00 16660.00 16660.00 16650.00 16650.00  94.00
20141231  13:46:00 16650.00 16655.00 16650.00 16650.00  88.00
20141231  13:47:00 16650.00 16660.00 16650.00 16655.00  70.00
20141231  13:48:00 16655.00 16655.00 16650.00 16655.00  16.00
20141231  13:49:00 16655.00 16655.00 16645.00 16650.00 478.00
20141231  13:50:00 16650.00 16660.00 16650.00 16655.00 156.00
20141231  13:51:00 16660.00 16660.00 16650.00 16655.00  86.00
20141231  13:52:00 16655.00 16660.00 16655.00 16660.00 332.00
20141231  13:53:00 16660.00 16660.00 16660.00 16660.00  82.00
20141231  13:54:00 16660.00 16660.00 16655.00 16660.00  30.00
20141231  13:55:00 16660.00 16660.00 16655.00 16655.00  74.00
20141231  13:56:00 16655.00 16660.00 16655.00 16655.00  10.00
20141231  13:57:00 16660.00 16660.00 16660.00 16660.00  38.00
20141231  13:58:00 16660.00 16665.00 16660.00 16665.00 352.00
20141231  13:59:00 16665.00 16665.00 16655.00 16655.00 368.00
20141231  14:00:00 16655.00 16665.00 16655.00 16665.00 188.00
20141231  14:01:00 16660.00 16695.00 16660.00 16695.00 1408.00
20141231  14:02:00 16695.00 16735.00 16690.00 16730.00 3252.00
20141231  14:03:00 16730.00 16740.00 16710.00 16740.00 1980.00
20141231  14:04:00 16740.00 16750.00 16730.00 16735.00 1650.00
20141231  14:05:00 16735.00 16745.00 16730.00 16730.00 872.00
20141231  14:06:00 16735.00 16735.00 16720.00 16720.00 1168.00
20141231  14:07:00 16720.00 16725.00 16710.00 16715.00 630.00
20141231  14:08:00 16715.00 16720.00 16710.00 16720.00 440.00
20141231  14:09:00 16715.00 16720.00 16710.00 16710.00 474.00
20141231  14:10:00 16710.00 16715.00 16685.00 16690.00 1596.00
20141231  14:11:00 16690.00 16705.00 16690.00 16705.00 200.00
20141231  14:12:00 16705.00 16705.00 16700.00 16705.00 170.00
20141231  14:13:00 16705.00 16710.00 16700.00 16705.00 294.00
20141231  14:14:00 16705.00 16720.00 16705.00 16715.00 810.00
20141231  14:15:00 16715.00 16725.00 16715.00 16720.00 920.00
20141231  14:16:00 16720.00 16735.00 16720.00 16730.00 920.00
20141231  14:17:00 16730.00 16760.00 16725.00 16750.00 2158.00
20141231  14:18:00 16760.00 16765.00 16750.00 16755.00 1616.00
20141231  14:19:00 16755.00 16780.00 16755.00 16765.00 1848.00
20141231  14:20:00 16775.00 16775.00 16760.00 16765.00 1160.00
20141231  14:21:00 16765.00 16775.00 16755.00 16760.00 1352.00
20141231  14:22:00 16760.00 16760.00 16740.00 16745.00 1166.00
20141231  14:23:00 16745.00 16760.00 16740.00 16750.00 396.00
20141231  14:24:00 16750.00 16760.00 16750.00 16755.00 270.00
20141231  14:25:00 16755.00 16760.00 16750.00 16755.00 192.00
20141231  14:26:00 16755.00 16760.00 16750.00 16755.00 536.00
20141231  14:27:00 16755.00 16760.00 16755.00 16755.00 180.00
20141231  14:28:00 16755.00 16760.00 16755.00 16755.00 382.00
20141231  14:29:00 16755.00 16760.00 16755.00 16760.00 302.00
20141231  14:30:00 16760.00 16760.00 16750.00 16750.00 376.00
20141231  14:31:00 16750.00 16755.00 16715.00 16715.00 1862.00
20141231  14:32:00 16715.00 16740.00 16715.00 16730.00 984.00
20141231  14:33:00 16725.00 16735.00 16720.00 16735.00 926.00
20141231  14:34:00 16735.00 16745.00 16735.00 16745.00 456.00
20141231  14:35:00 16745.00 16745.00 16735.00 16735.00 276.00
20141231  14:36:00 16735.00 16740.00 16735.00 16735.00 280.00
20141231  14:37:00 16735.00 16740.00 16735.00 16735.00  88.00
20141231  14:38:00 16740.00 16765.00 16740.00 16760.00 1668.00
20141231  14:39:00 16760.00 16765.00 16755.00 16765.00 558.00
20141231  14:40:00 16765.00 16765.00 16755.00 16760.00 1020.00
20141231  14:41:00 16760.00 16765.00 16760.00 16765.00 322.00
20141231  14:42:00 16765.00 16765.00 16755.00 16760.00 416.00
20141231  14:43:00 16760.00 16775.00 16755.00 16775.00 726.00
20141231  14:44:00 16775.00 16790.00 16770.00 16780.00 1760.00
20141231  14:45:00 16775.00 16785.00 16770.00 16780.00 800.00
20141231  14:46:00 16780.00 16790.00 16770.00 16785.00 1628.00
20141231  14:47:00 16785.00 16785.00 16775.00 16775.00 1350.00
20141231  14:48:00 16775.00 16785.00 16775.00 16780.00 738.00
20141231  14:49:00 16780.00 16785.00 16755.00 16755.00 1650.00
20141231  14:50:00 16755.00 16780.00 16755.00 16770.00 934.00
20141231  14:51:00 16770.00 16780.00 16770.00 16780.00 920.00
20141231  14:52:00 16780.00 16780.00 16775.00 16775.00 390.00
20141231  14:53:00 16775.00 16780.00 16775.00 16780.00 344.00
20141231  14:54:00 16780.00 16780.00 16775.00 16775.00 458.00
20141231  14:55:00 16775.00 16780.00 16760.00 16770.00 1606.00
20141231  14:56:00 16770.00 16785.00 16770.00 16780.00 1038.00
20141231  14:57:00 16780.00 16800.00 16775.00 16800.00 2124.00
20141231  14:58:00 16795.00 16800.00 16780.00 16790.00 3100.00
20141231  14:59:00 16795.00 16800.00 16775.00 16780.00 2126.00
20141231  15:00:00 16780.00 16780.00 16780.00 16780.00   0.00
