20141015  15:00:00 16705.00 16705.00 16705.00 16705.00   2.00
20141015  14:59:00 16705.00 16710.00 16700.00 16705.00 2082.00
20141015  14:58:00 16700.00 16710.00 16700.00 16705.00 948.00
20141015  14:57:00 16700.00 16705.00 16695.00 16700.00 1388.00
20141015  14:56:00 16695.00 16700.00 16695.00 16700.00 500.00
20141015  14:55:00 16695.00 16700.00 16695.00 16695.00 772.00
20141015  14:54:00 16700.00 16700.00 16695.00 16700.00 730.00
20141015  14:53:00 16690.00 16700.00 16685.00 16700.00 1254.00
20141015  14:52:00 16680.00 16690.00 16675.00 16690.00 642.00
20141015  14:51:00 16680.00 16685.00 16675.00 16680.00 922.00
20141015  14:50:00 16690.00 16690.00 16680.00 16680.00 1052.00
20141015  14:49:00 16680.00 16690.00 16680.00 16690.00 550.00
20141015  14:48:00 16690.00 16690.00 16680.00 16680.00 598.00
20141015  14:47:00 16695.00 16700.00 16690.00 16690.00 878.00
20141015  14:46:00 16695.00 16705.00 16695.00 16695.00 532.00
20141015  14:45:00 16700.00 16700.00 16695.00 16695.00 478.00
20141015  14:44:00 16700.00 16705.00 16700.00 16700.00 962.00
20141015  14:43:00 16695.00 16705.00 16690.00 16705.00 1610.00
20141015  14:42:00 16685.00 16695.00 16685.00 16695.00 364.00
20141015  14:41:00 16690.00 16690.00 16685.00 16685.00 156.00
20141015  14:40:00 16685.00 16690.00 16685.00 16690.00 288.00
20141015  14:39:00 16685.00 16685.00 16680.00 16685.00 368.00
20141015  14:38:00 16680.00 16685.00 16675.00 16685.00 552.00
20141015  14:37:00 16680.00 16685.00 16675.00 16675.00 900.00
20141015  14:36:00 16685.00 16690.00 16680.00 16680.00 546.00
20141015  14:35:00 16685.00 16685.00 16680.00 16685.00 136.00
20141015  14:34:00 16685.00 16695.00 16685.00 16685.00 946.00
20141015  14:33:00 16675.00 16695.00 16670.00 16685.00 1918.00
20141015  14:32:00 16670.00 16675.00 16660.00 16675.00 1454.00
20141015  14:31:00 16655.00 16670.00 16655.00 16670.00 1240.00
20141015  14:30:00 16655.00 16660.00 16650.00 16655.00 1488.00
20141015  14:29:00 16660.00 16665.00 16650.00 16655.00 2906.00
20141015  14:28:00 16690.00 16690.00 16655.00 16655.00 3788.00
20141015  14:27:00 16695.00 16700.00 16685.00 16690.00 1154.00
20141015  14:26:00 16705.00 16705.00 16695.00 16695.00 740.00
20141015  14:25:00 16705.00 16710.00 16700.00 16705.00 654.00
20141015  14:24:00 16710.00 16710.00 16700.00 16705.00 692.00
20141015  14:23:00 16705.00 16710.00 16705.00 16710.00 630.00
20141015  14:22:00 16705.00 16710.00 16705.00 16705.00 266.00
20141015  14:21:00 16705.00 16710.00 16700.00 16700.00 884.00
20141015  14:20:00 16700.00 16705.00 16700.00 16700.00 416.00
20141015  14:19:00 16695.00 16700.00 16695.00 16700.00 370.00
20141015  14:18:00 16690.00 16700.00 16690.00 16695.00 142.00
20141015  14:17:00 16690.00 16695.00 16690.00 16690.00 456.00
20141015  14:16:00 16690.00 16695.00 16685.00 16690.00 690.00
20141015  14:15:00 16695.00 16695.00 16690.00 16690.00 370.00
20141015  14:14:00 16700.00 16700.00 16690.00 16695.00 362.00
20141015  14:13:00 16710.00 16710.00 16695.00 16700.00 652.00
20141015  14:12:00 16705.00 16710.00 16700.00 16710.00 672.00
20141015  14:11:00 16710.00 16720.00 16705.00 16705.00 1380.00
20141015  14:10:00 16685.00 16710.00 16685.00 16710.00 2058.00
20141015  14:09:00 16675.00 16690.00 16675.00 16690.00 1744.00
20141015  14:08:00 16685.00 16685.00 16675.00 16675.00 1258.00
20141015  14:07:00 16680.00 16690.00 16675.00 16680.00 1362.00
20141015  14:06:00 16690.00 16690.00 16675.00 16675.00 2842.00
20141015  14:05:00 16705.00 16705.00 16690.00 16690.00 1698.00
20141015  14:04:00 16700.00 16705.00 16700.00 16700.00 1712.00
20141015  14:03:00 16690.00 16700.00 16685.00 16700.00 1404.00
20141015  14:02:00 16685.00 16705.00 16685.00 16690.00 2454.00
20141015  14:01:00 16710.00 16715.00 16685.00 16685.00 5258.00
20141015  14:00:00 16725.00 16730.00 16705.00 16710.00 2942.00
20141015  13:59:00 16730.00 16735.00 16725.00 16725.00 1158.00
20141015  13:58:00 16720.00 16730.00 16720.00 16730.00 764.00
20141015  13:57:00 16720.00 16730.00 16715.00 16720.00 2362.00
20141015  13:56:00 16715.00 16730.00 16715.00 16725.00 2230.00
20141015  13:55:00 16720.00 16725.00 16710.00 16715.00 3024.00
20141015  13:54:00 16725.00 16735.00 16720.00 16725.00 5454.00
20141015  13:53:00 16775.00 16775.00 16730.00 16730.00 5584.00
20141015  13:52:00 16800.00 16805.00 16770.00 16775.00 4372.00
20141015  13:51:00 16805.00 16805.00 16800.00 16800.00 116.00
20141015  13:50:00 16805.00 16810.00 16805.00 16805.00 266.00
20141015  13:49:00 16805.00 16810.00 16805.00 16805.00 314.00
20141015  13:48:00 16810.00 16810.00 16800.00 16805.00 506.00
20141015  13:47:00 16810.00 16810.00 16805.00 16810.00 420.00
20141015  13:46:00 16815.00 16820.00 16810.00 16810.00 164.00
20141015  13:45:00 16825.00 16825.00 16805.00 16815.00 1654.00
20141015  13:44:00 16825.00 16825.00 16820.00 16825.00 284.00
20141015  13:43:00 16830.00 16830.00 16820.00 16825.00 876.00
20141015  13:42:00 16835.00 16835.00 16825.00 16830.00 764.00
20141015  13:41:00 16835.00 16840.00 16830.00 16830.00 848.00
20141015  13:40:00 16845.00 16855.00 16835.00 16835.00 2666.00
20141015  13:39:00 16850.00 16850.00 16835.00 16845.00 1546.00
20141015  13:38:00 16840.00 16850.00 16825.00 16850.00 2098.00
20141015  13:37:00 16820.00 16850.00 16820.00 16840.00 3932.00
20141015  13:36:00 16820.00 16825.00 16820.00 16820.00 692.00
20141015  13:35:00 16815.00 16820.00 16810.00 16820.00 336.00
20141015  13:34:00 16815.00 16825.00 16810.00 16815.00 724.00
20141015  13:33:00 16805.00 16830.00 16805.00 16820.00 1330.00
20141015  13:32:00 16810.00 16810.00 16805.00 16810.00 208.00
20141015  13:31:00 16810.00 16810.00 16805.00 16810.00 110.00
20141015  13:30:00 16810.00 16820.00 16805.00 16810.00 1062.00
20141015  11:29:00 16810.00 16820.00 16810.00 16820.00 412.00
20141015  11:28:00 16810.00 16815.00 16805.00 16810.00 336.00
20141015  11:27:00 16815.00 16815.00 16810.00 16810.00 238.00
20141015  11:26:00 16815.00 16815.00 16805.00 16815.00 394.00
20141015  11:25:00 16815.00 16825.00 16810.00 16810.00 1130.00
20141015  11:24:00 16815.00 16825.00 16810.00 16815.00 2068.00
20141015  11:23:00 16810.00 16815.00 16805.00 16810.00 302.00
20141015  11:22:00 16805.00 16810.00 16805.00 16810.00 252.00
20141015  11:21:00 16805.00 16805.00 16800.00 16805.00 178.00
20141015  11:20:00 16795.00 16805.00 16795.00 16805.00 402.00
20141015  11:19:00 16800.00 16800.00 16795.00 16795.00 346.00
20141015  11:18:00 16800.00 16805.00 16795.00 16800.00 224.00
20141015  11:17:00 16805.00 16805.00 16795.00 16800.00 812.00
20141015  11:16:00 16805.00 16805.00 16805.00 16805.00  60.00
20141015  11:15:00 16805.00 16810.00 16805.00 16805.00 466.00
20141015  11:14:00 16805.00 16810.00 16800.00 16805.00 404.00
20141015  11:13:00 16805.00 16805.00 16800.00 16805.00 170.00
20141015  11:12:00 16810.00 16810.00 16805.00 16805.00 252.00
20141015  11:11:00 16810.00 16815.00 16810.00 16810.00 288.00
20141015  11:10:00 16810.00 16815.00 16810.00 16810.00 374.00
20141015  11:09:00 16810.00 16810.00 16805.00 16810.00 262.00
20141015  11:08:00 16810.00 16815.00 16805.00 16810.00 260.00
20141015  11:07:00 16815.00 16820.00 16810.00 16810.00 156.00
20141015  11:06:00 16815.00 16820.00 16815.00 16815.00 164.00
20141015  11:05:00 16815.00 16820.00 16810.00 16815.00 402.00
20141015  11:04:00 16810.00 16815.00 16810.00 16815.00 808.00
20141015  11:03:00 16805.00 16810.00 16805.00 16805.00  84.00
20141015  11:02:00 16810.00 16810.00 16805.00 16810.00 400.00
20141015  11:01:00 16810.00 16815.00 16805.00 16810.00 224.00
20141015  11:00:00 16815.00 16820.00 16805.00 16810.00 906.00
20141015  10:59:00 16815.00 16815.00 16805.00 16810.00 496.00
20141015  10:58:00 16810.00 16815.00 16810.00 16815.00 304.00
20141015  10:57:00 16820.00 16825.00 16800.00 16810.00 1554.00
20141015  10:56:00 16805.00 16830.00 16800.00 16825.00 3522.00
20141015  10:55:00 16795.00 16810.00 16795.00 16810.00 2116.00
20141015  10:54:00 16795.00 16795.00 16790.00 16795.00 270.00
20141015  10:53:00 16790.00 16800.00 16790.00 16795.00 484.00
20141015  10:52:00 16790.00 16795.00 16790.00 16790.00 372.00
20141015  10:51:00 16790.00 16800.00 16785.00 16790.00 876.00
20141015  10:50:00 16785.00 16790.00 16785.00 16790.00 304.00
20141015  10:49:00 16780.00 16780.00 16780.00 16780.00 102.00
20141015  10:48:00 16775.00 16785.00 16775.00 16775.00 280.00
20141015  10:47:00 16775.00 16780.00 16775.00 16775.00  60.00
20141015  10:46:00 16785.00 16785.00 16775.00 16775.00 310.00
20141015  10:45:00 16775.00 16785.00 16775.00 16785.00 988.00
20141015  10:44:00 16775.00 16780.00 16775.00 16775.00 122.00
20141015  10:43:00 16785.00 16785.00 16775.00 16775.00 238.00
20141015  10:42:00 16780.00 16785.00 16780.00 16785.00 274.00
20141015  10:41:00 16785.00 16785.00 16775.00 16780.00 378.00
20141015  10:40:00 16780.00 16785.00 16775.00 16785.00 546.00
20141015  10:39:00 16775.00 16780.00 16770.00 16780.00 314.00
20141015  10:38:00 16780.00 16780.00 16770.00 16775.00 428.00
20141015  10:37:00 16780.00 16780.00 16775.00 16780.00  38.00
20141015  10:36:00 16775.00 16780.00 16775.00 16780.00 112.00
20141015  10:35:00 16780.00 16780.00 16775.00 16775.00 106.00
20141015  10:34:00 16780.00 16780.00 16775.00 16775.00 116.00
20141015  10:33:00 16780.00 16780.00 16775.00 16775.00  46.00
20141015  10:32:00 16785.00 16785.00 16780.00 16780.00 158.00
20141015  10:31:00 16775.00 16785.00 16775.00 16785.00 230.00
20141015  10:30:00 16775.00 16780.00 16775.00 16775.00 100.00
20141015  10:14:00 16780.00 16785.00 16780.00 16780.00 460.00
20141015  10:13:00 16790.00 16790.00 16780.00 16780.00 352.00
20141015  10:12:00 16790.00 16790.00 16785.00 16790.00 100.00
20141015  10:11:00 16790.00 16790.00 16785.00 16790.00 178.00
20141015  10:10:00 16780.00 16790.00 16780.00 16790.00 364.00
20141015  10:09:00 16780.00 16785.00 16780.00 16780.00  64.00
20141015  10:08:00 16780.00 16785.00 16780.00 16780.00 504.00
20141015  10:07:00 16775.00 16780.00 16775.00 16780.00  58.00
20141015  10:06:00 16785.00 16785.00 16775.00 16775.00 278.00
20141015  10:05:00 16780.00 16785.00 16775.00 16785.00 480.00
20141015  10:04:00 16775.00 16780.00 16770.00 16780.00 162.00
20141015  10:03:00 16780.00 16780.00 16770.00 16775.00 494.00
20141015  10:02:00 16780.00 16780.00 16775.00 16780.00 282.00
20141015  10:01:00 16770.00 16780.00 16770.00 16780.00 434.00
20141015  10:00:00 16770.00 16770.00 16765.00 16770.00 448.00
20141015  09:59:00 16775.00 16780.00 16770.00 16770.00 480.00
20141015  09:58:00 16775.00 16780.00 16765.00 16775.00 724.00
20141015  09:57:00 16780.00 16780.00 16770.00 16775.00 388.00
20141015  09:56:00 16770.00 16780.00 16770.00 16780.00 726.00
20141015  09:55:00 16770.00 16770.00 16760.00 16765.00 2018.00
20141015  09:54:00 16775.00 16775.00 16770.00 16770.00 376.00
20141015  09:53:00 16770.00 16775.00 16770.00 16775.00 404.00
20141015  09:52:00 16780.00 16780.00 16770.00 16770.00 968.00
20141015  09:51:00 16785.00 16790.00 16780.00 16780.00 188.00
20141015  09:50:00 16785.00 16785.00 16780.00 16785.00 156.00
20141015  09:49:00 16780.00 16790.00 16780.00 16785.00 340.00
20141015  09:48:00 16780.00 16785.00 16780.00 16785.00 602.00
20141015  09:47:00 16780.00 16785.00 16780.00 16785.00 510.00
20141015  09:46:00 16780.00 16785.00 16775.00 16780.00 626.00
20141015  09:45:00 16790.00 16790.00 16780.00 16780.00 280.00
20141015  09:44:00 16785.00 16790.00 16785.00 16790.00 100.00
20141015  09:43:00 16795.00 16795.00 16785.00 16785.00 188.00
20141015  09:42:00 16790.00 16795.00 16785.00 16790.00 272.00
20141015  09:41:00 16790.00 16795.00 16785.00 16790.00 538.00
20141015  09:40:00 16795.00 16795.00 16790.00 16790.00 522.00
20141015  09:39:00 16790.00 16795.00 16785.00 16795.00 384.00
20141015  09:38:00 16795.00 16795.00 16785.00 16790.00 590.00
20141015  09:37:00 16795.00 16795.00 16790.00 16795.00 368.00
20141015  09:36:00 16795.00 16795.00 16790.00 16795.00 532.00
20141015  09:35:00 16790.00 16795.00 16790.00 16790.00  88.00
20141015  09:34:00 16790.00 16795.00 16790.00 16795.00  52.00
20141015  09:33:00 16790.00 16795.00 16790.00 16795.00 166.00
20141015  09:32:00 16795.00 16795.00 16790.00 16790.00 152.00
20141015  09:31:00 16790.00 16795.00 16785.00 16795.00 428.00
20141015  09:30:00 16785.00 16790.00 16780.00 16790.00 558.00
20141015  09:29:00 16770.00 16790.00 16765.00 16785.00 1730.00
20141015  09:28:00 16775.00 16780.00 16765.00 16770.00 1770.00
20141015  09:27:00 16790.00 16790.00 16775.00 16775.00 1130.00
20141015  09:26:00 16795.00 16800.00 16790.00 16790.00 408.00
20141015  09:25:00 16785.00 16800.00 16785.00 16795.00 726.00
20141015  09:24:00 16775.00 16800.00 16770.00 16790.00 1974.00
20141015  09:23:00 16780.00 16785.00 16775.00 16775.00 1314.00
20141015  09:22:00 16795.00 16795.00 16780.00 16785.00 1910.00
20141015  09:21:00 16805.00 16805.00 16795.00 16795.00 1950.00
20141015  09:20:00 16810.00 16815.00 16805.00 16805.00 472.00
20141015  09:19:00 16810.00 16815.00 16805.00 16810.00 296.00
20141015  09:18:00 16805.00 16815.00 16805.00 16815.00 286.00
20141015  09:17:00 16820.00 16820.00 16805.00 16805.00 1046.00
20141015  09:16:00 16810.00 16820.00 16805.00 16820.00 1986.00
20141015  09:15:00 16815.00 16815.00 16805.00 16810.00 670.00
20141015  09:14:00 16810.00 16815.00 16805.00 16815.00 604.00
20141015  09:13:00 16810.00 16810.00 16805.00 16810.00 1032.00
20141015  09:12:00 16810.00 16810.00 16800.00 16810.00 484.00
20141015  09:11:00 16805.00 16810.00 16795.00 16805.00 462.00
20141015  09:10:00 16805.00 16810.00 16795.00 16805.00 1080.00
20141015  09:09:00 16795.00 16805.00 16795.00 16805.00 514.00
20141015  09:08:00 16800.00 16810.00 16790.00 16795.00 1432.00
20141015  09:07:00 16800.00 16805.00 16795.00 16800.00 598.00
20141015  09:06:00 16800.00 16800.00 16790.00 16800.00 982.00
20141015  09:05:00 16805.00 16805.00 16790.00 16800.00 1110.00
20141015  09:04:00 16790.00 16810.00 16785.00 16805.00 2340.00
20141015  09:03:00 16810.00 16810.00 16785.00 16790.00 2326.00
20141015  09:02:00 16805.00 16810.00 16795.00 16805.00 1888.00
20141015  09:01:00 16780.00 16805.00 16780.00 16805.00 2834.00
20141015  09:00:00 16820.00 16820.00 16780.00 16785.00 5038.00
20141015  01:00:00 16825.00 16825.00 16825.00 16825.00  10.00
20141015  00:59:00 16825.00 16830.00 16815.00 16820.00 1512.00
20141015  00:58:00 16815.00 16830.00 16815.00 16825.00 1448.00
20141015  00:57:00 16820.00 16820.00 16815.00 16820.00 426.00
20141015  00:56:00 16815.00 16825.00 16815.00 16825.00 506.00
20141015  00:55:00 16815.00 16820.00 16810.00 16815.00 356.00
20141015  00:54:00 16815.00 16820.00 16810.00 16810.00 1296.00
20141015  00:53:00 16815.00 16820.00 16815.00 16815.00  52.00
20141015  00:52:00 16820.00 16825.00 16815.00 16815.00 318.00
20141015  00:51:00 16820.00 16825.00 16820.00 16820.00 728.00
20141015  00:50:00 16825.00 16825.00 16820.00 16820.00 472.00
20141015  00:49:00 16825.00 16830.00 16825.00 16825.00 292.00
20141015  00:48:00 16825.00 16830.00 16825.00 16825.00 312.00
20141015  00:47:00 16830.00 16830.00 16820.00 16825.00 850.00
20141015  00:46:00 16820.00 16835.00 16820.00 16830.00 1522.00
20141015  00:45:00 16820.00 16825.00 16815.00 16820.00 648.00
20141015  00:44:00 16825.00 16825.00 16820.00 16825.00 262.00
20141015  00:43:00 16810.00 16825.00 16810.00 16825.00 836.00
20141015  00:42:00 16810.00 16810.00 16805.00 16810.00 434.00
20141015  00:41:00 16815.00 16815.00 16805.00 16810.00 418.00
20141015  00:40:00 16815.00 16815.00 16810.00 16815.00 108.00
20141015  00:39:00 16805.00 16815.00 16805.00 16815.00 1206.00
20141015  00:38:00 16815.00 16815.00 16805.00 16805.00 960.00
20141015  00:37:00 16825.00 16825.00 16815.00 16815.00 806.00
20141015  00:36:00 16825.00 16830.00 16820.00 16825.00 318.00
20141015  00:35:00 16835.00 16835.00 16825.00 16825.00 744.00
20141015  00:34:00 16830.00 16835.00 16825.00 16830.00 840.00
20141015  00:33:00 16835.00 16835.00 16825.00 16830.00 1040.00
20141015  00:32:00 16835.00 16835.00 16830.00 16835.00 972.00
20141015  00:31:00 16825.00 16835.00 16820.00 16835.00 1430.00
20141015  00:30:00 16815.00 16825.00 16815.00 16825.00 528.00
20141015  00:29:00 16820.00 16820.00 16815.00 16815.00 134.00
20141015  00:28:00 16810.00 16820.00 16805.00 16820.00 948.00
20141015  00:27:00 16815.00 16815.00 16805.00 16810.00 1736.00
20141015  00:26:00 16815.00 16820.00 16810.00 16815.00 458.00
20141015  00:25:00 16815.00 16820.00 16810.00 16815.00 1956.00
20141015  00:24:00 16830.00 16830.00 16820.00 16820.00 952.00
20141015  00:23:00 16830.00 16830.00 16830.00 16830.00 444.00
20141015  00:22:00 16825.00 16830.00 16820.00 16830.00 546.00
20141015  00:21:00 16830.00 16830.00 16820.00 16825.00 430.00
20141015  00:20:00 16825.00 16835.00 16825.00 16830.00 740.00
20141015  00:19:00 16820.00 16825.00 16815.00 16825.00 2168.00
20141015  00:18:00 16840.00 16845.00 16815.00 16815.00 2032.00
20141015  00:17:00 16840.00 16845.00 16835.00 16840.00 518.00
20141015  00:16:00 16850.00 16850.00 16840.00 16840.00 826.00
20141015  00:15:00 16845.00 16850.00 16840.00 16850.00 692.00
20141015  00:14:00 16850.00 16850.00 16840.00 16845.00 1174.00
20141015  00:13:00 16850.00 16855.00 16835.00 16850.00 1576.00
20141015  00:12:00 16855.00 16865.00 16850.00 16855.00 3170.00
20141015  00:11:00 16855.00 16855.00 16845.00 16850.00 1594.00
20141015  00:10:00 16835.00 16870.00 16830.00 16850.00 4670.00
20141015  00:09:00 16840.00 16845.00 16830.00 16840.00 3660.00
20141015  00:08:00 16810.00 16845.00 16810.00 16840.00 3716.00
20141015  00:07:00 16815.00 16815.00 16810.00 16810.00 760.00
20141015  00:06:00 16820.00 16820.00 16810.00 16815.00 674.00
20141015  00:05:00 16810.00 16820.00 16805.00 16820.00 1092.00
20141015  00:04:00 16810.00 16815.00 16805.00 16810.00 968.00
20141015  00:03:00 16810.00 16815.00 16810.00 16810.00 1002.00
20141015  00:02:00 16810.00 16820.00 16805.00 16815.00 1716.00
20141015  00:01:00 16815.00 16815.00 16805.00 16810.00 962.00
20141015  00:00:00 16825.00 16835.00 16810.00 16810.00 3870.00
20141014  23:59:00 16805.00 16830.00 16805.00 16825.00 2274.00
20141014  23:58:00 16810.00 16815.00 16805.00 16805.00 1116.00
20141014  23:57:00 16815.00 16820.00 16805.00 16810.00 2676.00
20141014  23:56:00 16805.00 16830.00 16795.00 16815.00 5768.00
20141014  23:55:00 16775.00 16815.00 16775.00 16805.00 9514.00
20141014  23:54:00 16765.00 16780.00 16760.00 16775.00 1318.00
20141014  23:53:00 16770.00 16780.00 16760.00 16765.00 1364.00
20141014  23:52:00 16775.00 16775.00 16765.00 16770.00 782.00
20141014  23:51:00 16775.00 16775.00 16770.00 16775.00 450.00
20141014  23:50:00 16770.00 16780.00 16765.00 16775.00 2108.00
20141014  23:49:00 16770.00 16770.00 16760.00 16770.00 2082.00
20141014  23:48:00 16765.00 16770.00 16760.00 16770.00 2208.00
20141014  23:47:00 16765.00 16775.00 16760.00 16765.00 2354.00
20141014  23:46:00 16755.00 16765.00 16755.00 16765.00 770.00
20141014  23:45:00 16755.00 16760.00 16750.00 16755.00 1096.00
20141014  23:44:00 16755.00 16760.00 16750.00 16755.00 520.00
20141014  23:43:00 16745.00 16760.00 16745.00 16760.00 1060.00
20141014  23:42:00 16740.00 16750.00 16740.00 16745.00 1096.00
20141014  23:41:00 16745.00 16750.00 16740.00 16740.00 328.00
20141014  23:40:00 16745.00 16750.00 16745.00 16745.00 1378.00
20141014  23:39:00 16740.00 16745.00 16735.00 16745.00 1036.00
20141014  23:38:00 16725.00 16740.00 16725.00 16740.00 648.00
20141014  23:37:00 16725.00 16730.00 16725.00 16725.00 916.00
20141014  23:36:00 16735.00 16735.00 16725.00 16730.00 790.00
20141014  23:35:00 16730.00 16740.00 16730.00 16735.00 696.00
20141014  23:34:00 16725.00 16730.00 16725.00 16725.00 632.00
20141014  23:33:00 16730.00 16730.00 16720.00 16730.00 1402.00
20141014  23:32:00 16725.00 16735.00 16725.00 16730.00 710.00
20141014  23:31:00 16730.00 16735.00 16725.00 16725.00 932.00
20141014  23:30:00 16730.00 16735.00 16725.00 16735.00 1480.00
20141014  23:29:00 16740.00 16745.00 16720.00 16725.00 4456.00
20141014  23:28:00 16740.00 16745.00 16740.00 16740.00 458.00
20141014  23:27:00 16745.00 16750.00 16740.00 16740.00 646.00
20141014  23:26:00 16745.00 16750.00 16740.00 16745.00 998.00
20141014  23:25:00 16750.00 16760.00 16740.00 16745.00 2856.00
20141014  23:24:00 16745.00 16755.00 16745.00 16750.00 1384.00
20141014  23:23:00 16765.00 16770.00 16745.00 16750.00 2114.00
20141014  23:22:00 16765.00 16775.00 16760.00 16765.00 2276.00
20141014  23:21:00 16775.00 16775.00 16755.00 16765.00 2200.00
20141014  23:20:00 16750.00 16780.00 16750.00 16775.00 6678.00
20141014  23:19:00 16750.00 16760.00 16750.00 16750.00 3824.00
20141014  23:18:00 16745.00 16755.00 16745.00 16750.00 1144.00
20141014  23:17:00 16750.00 16755.00 16740.00 16745.00 3364.00
20141014  23:16:00 16735.00 16755.00 16735.00 16750.00 2270.00
20141014  23:15:00 16740.00 16740.00 16735.00 16735.00 232.00
20141014  23:14:00 16735.00 16745.00 16730.00 16740.00 1674.00
20141014  23:13:00 16735.00 16735.00 16730.00 16735.00 1464.00
20141014  23:12:00 16740.00 16740.00 16730.00 16730.00 1298.00
20141014  23:11:00 16745.00 16745.00 16735.00 16740.00 1006.00
20141014  23:10:00 16745.00 16750.00 16735.00 16745.00 3650.00
20141014  23:09:00 16740.00 16750.00 16735.00 16750.00 3356.00
20141014  23:08:00 16740.00 16745.00 16735.00 16740.00 1602.00
20141014  23:07:00 16730.00 16745.00 16725.00 16740.00 3438.00
20141014  23:06:00 16720.00 16730.00 16720.00 16730.00 1346.00
20141014  23:05:00 16730.00 16730.00 16720.00 16720.00 1668.00
20141014  23:04:00 16710.00 16730.00 16710.00 16730.00 2764.00
20141014  23:03:00 16710.00 16710.00 16705.00 16710.00 322.00
20141014  23:02:00 16715.00 16715.00 16705.00 16710.00 506.00
20141014  23:01:00 16705.00 16715.00 16700.00 16715.00 1158.00
20141014  23:00:00 16705.00 16710.00 16705.00 16705.00 290.00
20141014  22:59:00 16705.00 16710.00 16700.00 16705.00 1428.00
20141014  22:58:00 16700.00 16705.00 16700.00 16700.00 190.00
20141014  22:57:00 16705.00 16705.00 16700.00 16700.00 752.00
20141014  22:56:00 16705.00 16710.00 16700.00 16705.00 1334.00
20141014  22:55:00 16710.00 16710.00 16705.00 16705.00 594.00
20141014  22:54:00 16710.00 16715.00 16705.00 16710.00 800.00
20141014  22:53:00 16705.00 16715.00 16705.00 16710.00 2296.00
20141014  22:52:00 16700.00 16710.00 16695.00 16705.00 1262.00
20141014  22:51:00 16710.00 16715.00 16700.00 16700.00 2022.00
20141014  22:50:00 16715.00 16720.00 16705.00 16710.00 3862.00
20141014  22:49:00 16705.00 16715.00 16700.00 16715.00 3394.00
20141014  22:48:00 16710.00 16715.00 16695.00 16700.00 2514.00
20141014  22:47:00 16690.00 16715.00 16690.00 16715.00 4378.00
20141014  22:46:00 16670.00 16695.00 16670.00 16695.00 3902.00
20141014  22:45:00 16670.00 16675.00 16670.00 16670.00 544.00
20141014  22:44:00 16670.00 16670.00 16665.00 16670.00 2386.00
20141014  22:43:00 16670.00 16675.00 16670.00 16670.00 1208.00
20141014  22:42:00 16675.00 16675.00 16665.00 16670.00 2202.00
20141014  22:41:00 16670.00 16680.00 16665.00 16675.00 2342.00
20141014  22:40:00 16665.00 16670.00 16665.00 16670.00 1830.00
20141014  22:39:00 16655.00 16665.00 16655.00 16665.00 1416.00
20141014  22:38:00 16655.00 16660.00 16650.00 16655.00 2506.00
20141014  22:37:00 16655.00 16660.00 16650.00 16655.00 1340.00
20141014  22:36:00 16655.00 16660.00 16650.00 16655.00 1016.00
20141014  22:35:00 16650.00 16655.00 16645.00 16650.00 1268.00
20141014  22:34:00 16650.00 16650.00 16645.00 16650.00 1356.00
20141014  22:33:00 16645.00 16650.00 16640.00 16645.00 596.00
20141014  22:32:00 16645.00 16645.00 16640.00 16645.00 440.00
20141014  22:31:00 16635.00 16645.00 16635.00 16645.00 530.00
20141014  22:30:00 16635.00 16640.00 16635.00 16640.00 346.00
20141014  22:29:00 16650.00 16650.00 16635.00 16640.00 1266.00
20141014  22:28:00 16645.00 16650.00 16640.00 16650.00 534.00
20141014  22:27:00 16640.00 16650.00 16640.00 16645.00 1252.00
20141014  22:26:00 16645.00 16645.00 16635.00 16640.00 1474.00
20141014  22:25:00 16650.00 16650.00 16640.00 16640.00 1072.00
20141014  22:24:00 16655.00 16655.00 16645.00 16650.00 1438.00
20141014  22:23:00 16650.00 16655.00 16645.00 16650.00 772.00
20141014  22:22:00 16640.00 16655.00 16635.00 16650.00 2568.00
20141014  22:21:00 16640.00 16640.00 16635.00 16640.00 750.00
20141014  22:20:00 16640.00 16650.00 16635.00 16640.00 3798.00
20141014  22:19:00 16640.00 16640.00 16630.00 16640.00 1416.00
20141014  22:18:00 16620.00 16640.00 16620.00 16635.00 3976.00
20141014  22:17:00 16615.00 16625.00 16610.00 16620.00 3360.00
20141014  22:16:00 16615.00 16620.00 16610.00 16615.00 2874.00
20141014  22:15:00 16625.00 16625.00 16605.00 16615.00 5300.00
20141014  22:14:00 16640.00 16640.00 16615.00 16630.00 7030.00
20141014  22:13:00 16645.00 16645.00 16640.00 16640.00 2172.00
20141014  22:12:00 16645.00 16650.00 16640.00 16645.00 1486.00
20141014  22:11:00 16635.00 16645.00 16635.00 16640.00 2092.00
20141014  22:10:00 16640.00 16645.00 16630.00 16640.00 2900.00
20141014  22:09:00 16640.00 16650.00 16640.00 16640.00 4316.00
20141014  22:08:00 16670.00 16670.00 16640.00 16640.00 4010.00
20141014  22:07:00 16660.00 16670.00 16660.00 16670.00 2028.00
20141014  22:06:00 16675.00 16675.00 16650.00 16660.00 7064.00
20141014  22:05:00 16680.00 16685.00 16675.00 16675.00 1434.00
20141014  22:04:00 16680.00 16685.00 16675.00 16680.00 852.00
20141014  22:03:00 16675.00 16685.00 16675.00 16680.00 2094.00
20141014  22:02:00 16680.00 16690.00 16675.00 16680.00 1490.00
20141014  22:01:00 16685.00 16690.00 16680.00 16680.00 1568.00
20141014  22:00:00 16700.00 16700.00 16685.00 16685.00 1592.00
20141014  21:59:00 16700.00 16700.00 16695.00 16700.00  74.00
20141014  21:58:00 16700.00 16705.00 16695.00 16700.00 804.00
20141014  21:57:00 16695.00 16700.00 16690.00 16700.00 380.00
20141014  21:56:00 16695.00 16700.00 16690.00 16690.00 790.00
20141014  21:55:00 16700.00 16700.00 16695.00 16695.00  60.00
20141014  21:54:00 16705.00 16705.00 16700.00 16700.00 588.00
20141014  21:53:00 16700.00 16705.00 16700.00 16705.00 100.00
20141014  21:52:00 16705.00 16705.00 16700.00 16705.00 432.00
20141014  21:51:00 16695.00 16705.00 16695.00 16705.00 1304.00
20141014  21:50:00 16695.00 16700.00 16690.00 16695.00 564.00
20141014  21:49:00 16700.00 16705.00 16690.00 16695.00 1122.00
20141014  21:48:00 16700.00 16705.00 16695.00 16700.00 1374.00
20141014  21:47:00 16690.00 16700.00 16690.00 16695.00 930.00
20141014  21:46:00 16695.00 16700.00 16690.00 16690.00 1244.00
20141014  21:45:00 16705.00 16710.00 16695.00 16695.00 1686.00
20141014  21:44:00 16710.00 16710.00 16705.00 16705.00 1568.00
20141014  21:43:00 16710.00 16715.00 16705.00 16710.00 866.00
20141014  21:42:00 16705.00 16710.00 16705.00 16710.00 724.00
20141014  21:41:00 16705.00 16710.00 16700.00 16705.00 1776.00
20141014  21:40:00 16715.00 16715.00 16705.00 16705.00 1352.00
20141014  21:39:00 16705.00 16720.00 16705.00 16715.00 940.00
20141014  21:38:00 16720.00 16720.00 16705.00 16705.00 2738.00
20141014  21:37:00 16720.00 16725.00 16720.00 16720.00 716.00
20141014  21:36:00 16720.00 16725.00 16715.00 16720.00 1212.00
20141014  21:35:00 16720.00 16725.00 16715.00 16720.00 1540.00
20141014  21:34:00 16725.00 16725.00 16710.00 16720.00 2968.00
20141014  21:33:00 16725.00 16725.00 16715.00 16720.00 1080.00
20141014  21:32:00 16705.00 16725.00 16705.00 16725.00 2836.00
20141014  21:31:00 16715.00 16720.00 16705.00 16705.00 2028.00
20141014  21:30:00 16705.00 16720.00 16705.00 16720.00 4500.00
20141014  21:29:00 16695.00 16710.00 16690.00 16705.00 3186.00
20141014  21:28:00 16680.00 16695.00 16680.00 16695.00 772.00
20141014  21:27:00 16685.00 16690.00 16680.00 16680.00 1182.00
20141014  21:26:00 16680.00 16690.00 16680.00 16685.00 570.00
20141014  21:25:00 16695.00 16695.00 16680.00 16680.00 2834.00
20141014  21:24:00 16680.00 16695.00 16680.00 16695.00 1374.00
20141014  21:23:00 16680.00 16685.00 16675.00 16680.00 1246.00
20141014  21:22:00 16685.00 16690.00 16680.00 16685.00 998.00
20141014  21:21:00 16685.00 16690.00 16680.00 16685.00 2148.00
20141014  21:20:00 16680.00 16685.00 16675.00 16685.00 894.00
20141014  21:19:00 16680.00 16685.00 16675.00 16680.00 1434.00
20141014  21:18:00 16680.00 16685.00 16675.00 16680.00 1950.00
20141014  21:17:00 16680.00 16685.00 16675.00 16680.00 2012.00
20141014  21:16:00 16660.00 16685.00 16655.00 16680.00 5568.00
20141014  21:15:00 16685.00 16685.00 16660.00 16660.00 5272.00
20141014  21:14:00 16685.00 16690.00 16675.00 16680.00 5182.00
20141014  21:13:00 16685.00 16700.00 16685.00 16685.00 4248.00
20141014  21:12:00 16730.00 16735.00 16680.00 16685.00 9376.00
20141014  21:11:00 16740.00 16745.00 16730.00 16730.00 1600.00
20141014  21:10:00 16740.00 16750.00 16740.00 16740.00 1148.00
20141014  21:09:00 16745.00 16750.00 16740.00 16745.00 952.00
20141014  21:08:00 16740.00 16750.00 16735.00 16740.00 3142.00
20141014  21:07:00 16735.00 16740.00 16735.00 16740.00 1626.00
20141014  21:06:00 16745.00 16745.00 16735.00 16740.00 590.00
20141014  21:05:00 16740.00 16750.00 16730.00 16740.00 1614.00
20141014  21:04:00 16740.00 16745.00 16735.00 16740.00 2526.00
20141014  21:03:00 16730.00 16745.00 16725.00 16745.00 4740.00
20141014  21:02:00 16765.00 16765.00 16730.00 16730.00 5650.00
20141014  21:01:00 16775.00 16775.00 16765.00 16765.00 1960.00
20141014  21:00:00 16780.00 16780.00 16750.00 16775.00 5330.00
