20150812  15:00:00 14805.00 14805.00 14805.00 14805.00   2.00
20150812  14:59:00 14810.00 14815.00 14800.00 14805.00 850.00
20150812  14:58:00 14790.00 14810.00 14785.00 14810.00 1134.00
20150812  14:57:00 14780.00 14795.00 14775.00 14790.00 1046.00
20150812  14:56:00 14795.00 14795.00 14780.00 14780.00 1124.00
20150812  14:55:00 14800.00 14805.00 14790.00 14795.00 1016.00
20150812  14:54:00 14820.00 14820.00 14800.00 14800.00 1368.00
20150812  14:53:00 14815.00 14830.00 14810.00 14825.00 1820.00
20150812  14:52:00 14820.00 14825.00 14815.00 14820.00 1990.00
20150812  14:51:00 14820.00 14835.00 14815.00 14820.00 1766.00
20150812  14:50:00 14800.00 14820.00 14795.00 14820.00 1796.00
20150812  14:49:00 14790.00 14800.00 14785.00 14800.00 1072.00
20150812  14:48:00 14770.00 14790.00 14770.00 14790.00 554.00
20150812  14:47:00 14765.00 14775.00 14765.00 14770.00 922.00
20150812  14:46:00 14755.00 14770.00 14755.00 14765.00 452.00
20150812  14:45:00 14760.00 14765.00 14755.00 14760.00 470.00
20150812  14:44:00 14770.00 14770.00 14760.00 14760.00 736.00
20150812  14:43:00 14760.00 14770.00 14760.00 14770.00 848.00
20150812  14:42:00 14760.00 14765.00 14755.00 14760.00 594.00
20150812  14:41:00 14770.00 14770.00 14750.00 14760.00 330.00
20150812  14:40:00 14765.00 14770.00 14755.00 14770.00 408.00
20150812  14:39:00 14770.00 14775.00 14765.00 14765.00 900.00
20150812  14:38:00 14775.00 14785.00 14775.00 14775.00 884.00
20150812  14:37:00 14765.00 14780.00 14765.00 14775.00 548.00
20150812  14:36:00 14765.00 14770.00 14760.00 14765.00 430.00
20150812  14:35:00 14760.00 14765.00 14760.00 14765.00 320.00
20150812  14:34:00 14770.00 14775.00 14755.00 14760.00 562.00
20150812  14:33:00 14780.00 14785.00 14765.00 14770.00 484.00
20150812  14:32:00 14750.00 14785.00 14750.00 14780.00 1178.00
20150812  14:31:00 14745.00 14750.00 14745.00 14750.00 162.00
20150812  14:30:00 14745.00 14750.00 14745.00 14745.00 402.00
20150812  14:29:00 14735.00 14745.00 14735.00 14745.00 428.00
20150812  14:28:00 14735.00 14735.00 14730.00 14735.00  46.00
20150812  14:27:00 14735.00 14735.00 14730.00 14730.00  78.00
20150812  14:26:00 14740.00 14740.00 14730.00 14735.00 254.00
20150812  14:25:00 14740.00 14740.00 14735.00 14740.00 192.00
20150812  14:24:00 14730.00 14740.00 14730.00 14740.00 162.00
20150812  14:23:00 14745.00 14745.00 14730.00 14730.00 290.00
20150812  14:22:00 14735.00 14745.00 14730.00 14745.00 350.00
20150812  14:21:00 14735.00 14735.00 14730.00 14730.00 150.00
20150812  14:20:00 14730.00 14740.00 14725.00 14735.00 160.00
20150812  14:19:00 14735.00 14735.00 14720.00 14725.00 362.00
20150812  14:18:00 14735.00 14740.00 14735.00 14735.00 222.00
20150812  14:17:00 14730.00 14740.00 14725.00 14735.00 386.00
20150812  14:16:00 14755.00 14760.00 14735.00 14735.00 474.00
20150812  14:15:00 14745.00 14760.00 14745.00 14755.00 426.00
20150812  14:14:00 14735.00 14750.00 14735.00 14745.00 586.00
20150812  14:13:00 14735.00 14735.00 14730.00 14735.00 256.00
20150812  14:12:00 14730.00 14740.00 14730.00 14735.00 166.00
20150812  14:11:00 14745.00 14745.00 14730.00 14730.00 300.00
20150812  14:10:00 14745.00 14745.00 14735.00 14745.00 412.00
20150812  14:09:00 14725.00 14745.00 14725.00 14745.00 484.00
20150812  14:08:00 14725.00 14730.00 14725.00 14725.00 520.00
20150812  14:07:00 14730.00 14735.00 14725.00 14725.00 284.00
20150812  14:06:00 14725.00 14725.00 14715.00 14725.00 190.00
20150812  14:05:00 14705.00 14730.00 14700.00 14725.00 342.00
20150812  14:04:00 14695.00 14705.00 14695.00 14705.00 356.00
20150812  14:03:00 14690.00 14695.00 14685.00 14695.00 634.00
20150812  14:02:00 14730.00 14730.00 14680.00 14680.00 2028.00
20150812  14:01:00 14735.00 14735.00 14725.00 14730.00 526.00
20150812  14:00:00 14725.00 14735.00 14725.00 14735.00 224.00
20150812  13:59:00 14735.00 14735.00 14725.00 14725.00 490.00
20150812  13:58:00 14740.00 14740.00 14730.00 14735.00 190.00
20150812  13:57:00 14745.00 14745.00 14735.00 14740.00 336.00
20150812  13:56:00 14730.00 14745.00 14730.00 14745.00 580.00
20150812  13:55:00 14730.00 14735.00 14725.00 14730.00 100.00
20150812  13:54:00 14730.00 14730.00 14725.00 14730.00 136.00
20150812  13:53:00 14735.00 14735.00 14730.00 14730.00 204.00
20150812  13:52:00 14740.00 14740.00 14730.00 14730.00 222.00
20150812  13:51:00 14735.00 14740.00 14730.00 14740.00 150.00
20150812  13:50:00 14740.00 14740.00 14730.00 14735.00 190.00
20150812  13:49:00 14740.00 14745.00 14735.00 14740.00  72.00
20150812  13:48:00 14745.00 14745.00 14740.00 14740.00  70.00
20150812  13:47:00 14745.00 14745.00 14740.00 14745.00 212.00
20150812  13:46:00 14750.00 14750.00 14745.00 14745.00 458.00
20150812  13:45:00 14730.00 14755.00 14730.00 14750.00 846.00
20150812  13:44:00 14735.00 14735.00 14720.00 14730.00 230.00
20150812  13:43:00 14730.00 14735.00 14725.00 14735.00 220.00
20150812  13:42:00 14720.00 14730.00 14715.00 14730.00 566.00
20150812  13:41:00 14720.00 14720.00 14715.00 14720.00 196.00
20150812  13:40:00 14710.00 14720.00 14710.00 14720.00 228.00
20150812  13:39:00 14710.00 14715.00 14705.00 14710.00 240.00
20150812  13:38:00 14710.00 14715.00 14705.00 14710.00 382.00
20150812  13:37:00 14715.00 14715.00 14710.00 14710.00 670.00
20150812  13:36:00 14715.00 14720.00 14710.00 14715.00 544.00
20150812  13:35:00 14715.00 14720.00 14710.00 14715.00 330.00
20150812  13:34:00 14720.00 14720.00 14710.00 14715.00 480.00
20150812  13:33:00 14710.00 14725.00 14710.00 14720.00 640.00
20150812  13:32:00 14720.00 14725.00 14710.00 14710.00 590.00
20150812  13:31:00 14740.00 14740.00 14720.00 14725.00 432.00
20150812  13:30:00 14745.00 14755.00 14735.00 14740.00 640.00
20150812  11:29:00 14740.00 14745.00 14735.00 14745.00 270.00
20150812  11:28:00 14745.00 14745.00 14735.00 14740.00 208.00
20150812  11:27:00 14740.00 14745.00 14735.00 14745.00 180.00
20150812  11:26:00 14740.00 14745.00 14735.00 14740.00 238.00
20150812  11:25:00 14740.00 14740.00 14740.00 14740.00 126.00
20150812  11:24:00 14735.00 14745.00 14735.00 14740.00 162.00
20150812  11:23:00 14735.00 14740.00 14730.00 14735.00 224.00
20150812  11:22:00 14725.00 14735.00 14725.00 14735.00 224.00
20150812  11:21:00 14730.00 14730.00 14720.00 14725.00 168.00
20150812  11:20:00 14725.00 14730.00 14725.00 14730.00 264.00
20150812  11:19:00 14725.00 14730.00 14720.00 14725.00 336.00
20150812  11:18:00 14730.00 14735.00 14725.00 14725.00 156.00
20150812  11:17:00 14735.00 14735.00 14730.00 14730.00  66.00
20150812  11:16:00 14735.00 14740.00 14735.00 14735.00  12.00
20150812  11:15:00 14730.00 14735.00 14725.00 14735.00 226.00
20150812  11:14:00 14730.00 14740.00 14725.00 14730.00 286.00
20150812  11:13:00 14725.00 14730.00 14720.00 14725.00 336.00
20150812  11:12:00 14735.00 14740.00 14725.00 14725.00 442.00
20150812  11:11:00 14740.00 14745.00 14735.00 14735.00 202.00
20150812  11:10:00 14745.00 14745.00 14740.00 14740.00 280.00
20150812  11:09:00 14740.00 14745.00 14740.00 14745.00 222.00
20150812  11:08:00 14735.00 14745.00 14730.00 14740.00 364.00
20150812  11:07:00 14735.00 14740.00 14735.00 14735.00 256.00
20150812  11:06:00 14735.00 14740.00 14735.00 14735.00 284.00
20150812  11:05:00 14740.00 14740.00 14730.00 14730.00 486.00
20150812  11:04:00 14750.00 14755.00 14735.00 14735.00 752.00
20150812  11:03:00 14760.00 14760.00 14750.00 14750.00 118.00
20150812  11:02:00 14760.00 14760.00 14755.00 14755.00 128.00
20150812  11:01:00 14760.00 14760.00 14755.00 14760.00 304.00
20150812  11:00:00 14755.00 14760.00 14755.00 14760.00 188.00
20150812  10:59:00 14750.00 14755.00 14745.00 14755.00 794.00
20150812  10:58:00 14755.00 14755.00 14750.00 14750.00 224.00
20150812  10:57:00 14755.00 14760.00 14750.00 14755.00 396.00
20150812  10:56:00 14755.00 14765.00 14750.00 14755.00 618.00
20150812  10:55:00 14760.00 14765.00 14755.00 14755.00 588.00
20150812  10:54:00 14765.00 14765.00 14760.00 14760.00 512.00
20150812  10:53:00 14755.00 14765.00 14755.00 14765.00 452.00
20150812  10:52:00 14755.00 14760.00 14750.00 14755.00 576.00
20150812  10:51:00 14760.00 14760.00 14750.00 14755.00 282.00
20150812  10:50:00 14750.00 14760.00 14750.00 14755.00 190.00
20150812  10:49:00 14760.00 14760.00 14750.00 14750.00 222.00
20150812  10:48:00 14755.00 14760.00 14750.00 14760.00 340.00
20150812  10:47:00 14745.00 14755.00 14745.00 14755.00 856.00
20150812  10:46:00 14740.00 14750.00 14735.00 14740.00 770.00
20150812  10:45:00 14755.00 14755.00 14740.00 14745.00 364.00
20150812  10:44:00 14740.00 14760.00 14740.00 14755.00 944.00
20150812  10:43:00 14745.00 14750.00 14740.00 14740.00 654.00
20150812  10:42:00 14760.00 14760.00 14745.00 14745.00 356.00
20150812  10:41:00 14755.00 14760.00 14745.00 14760.00 574.00
20150812  10:40:00 14750.00 14765.00 14750.00 14755.00 828.00
20150812  10:39:00 14740.00 14750.00 14740.00 14750.00 388.00
20150812  10:38:00 14740.00 14740.00 14735.00 14740.00 164.00
20150812  10:37:00 14735.00 14745.00 14735.00 14740.00 404.00
20150812  10:36:00 14740.00 14745.00 14735.00 14735.00 426.00
20150812  10:35:00 14745.00 14750.00 14730.00 14740.00 436.00
20150812  10:34:00 14760.00 14760.00 14740.00 14750.00 942.00
20150812  10:33:00 14770.00 14770.00 14755.00 14760.00 618.00
20150812  10:32:00 14755.00 14770.00 14750.00 14770.00 522.00
20150812  10:31:00 14745.00 14760.00 14745.00 14755.00 610.00
20150812  10:30:00 14790.00 14795.00 14740.00 14745.00 1446.00
20150812  10:14:00 14810.00 14810.00 14790.00 14790.00 534.00
20150812  10:13:00 14820.00 14820.00 14800.00 14810.00 506.00
20150812  10:12:00 14790.00 14815.00 14785.00 14815.00 754.00
20150812  10:11:00 14790.00 14790.00 14775.00 14790.00 468.00
20150812  10:10:00 14785.00 14790.00 14780.00 14790.00 190.00
20150812  10:09:00 14785.00 14785.00 14775.00 14785.00 482.00
20150812  10:08:00 14775.00 14790.00 14775.00 14785.00 732.00
20150812  10:07:00 14785.00 14790.00 14775.00 14775.00 618.00
20150812  10:06:00 14785.00 14790.00 14780.00 14785.00 864.00
20150812  10:05:00 14780.00 14790.00 14770.00 14785.00 762.00
20150812  10:04:00 14780.00 14785.00 14775.00 14785.00 356.00
20150812  10:03:00 14770.00 14790.00 14765.00 14780.00 934.00
20150812  10:02:00 14800.00 14805.00 14770.00 14775.00 1528.00
20150812  10:01:00 14815.00 14815.00 14800.00 14800.00 648.00
20150812  10:00:00 14800.00 14815.00 14795.00 14815.00 1232.00
20150812  09:59:00 14800.00 14810.00 14795.00 14800.00 1014.00
20150812  09:58:00 14800.00 14805.00 14795.00 14800.00 1044.00
20150812  09:57:00 14815.00 14815.00 14790.00 14800.00 1432.00
20150812  09:56:00 14855.00 14860.00 14810.00 14810.00 3416.00
20150812  09:55:00 14790.00 14880.00 14790.00 14860.00 6376.00
20150812  09:54:00 14730.00 14795.00 14730.00 14790.00 3408.00
20150812  09:53:00 14710.00 14730.00 14710.00 14730.00 1060.00
20150812  09:52:00 14720.00 14720.00 14705.00 14710.00 990.00
20150812  09:51:00 14745.00 14745.00 14715.00 14720.00 1358.00
20150812  09:50:00 14695.00 14750.00 14690.00 14745.00 3270.00
20150812  09:49:00 14690.00 14695.00 14685.00 14695.00 782.00
20150812  09:48:00 14685.00 14700.00 14685.00 14690.00 1448.00
20150812  09:47:00 14680.00 14695.00 14680.00 14685.00 1470.00
20150812  09:46:00 14680.00 14690.00 14670.00 14675.00 1000.00
20150812  09:45:00 14670.00 14690.00 14670.00 14680.00 2054.00
20150812  09:44:00 14655.00 14670.00 14645.00 14670.00 1026.00
20150812  09:43:00 14660.00 14665.00 14650.00 14655.00 830.00
20150812  09:42:00 14660.00 14665.00 14650.00 14660.00 1252.00
20150812  09:41:00 14660.00 14675.00 14650.00 14660.00 1720.00
20150812  09:40:00 14645.00 14665.00 14645.00 14660.00 2644.00
20150812  09:39:00 14635.00 14645.00 14625.00 14645.00 1370.00
20150812  09:38:00 14615.00 14640.00 14615.00 14635.00 1402.00
20150812  09:37:00 14605.00 14615.00 14605.00 14615.00 1480.00
20150812  09:36:00 14605.00 14620.00 14600.00 14605.00 912.00
20150812  09:35:00 14595.00 14610.00 14585.00 14605.00 1054.00
20150812  09:34:00 14610.00 14620.00 14595.00 14595.00 1394.00
20150812  09:33:00 14595.00 14625.00 14590.00 14610.00 2010.00
20150812  09:32:00 14585.00 14600.00 14585.00 14595.00 1642.00
20150812  09:31:00 14575.00 14585.00 14560.00 14575.00 2318.00
20150812  09:30:00 14555.00 14580.00 14555.00 14575.00 2050.00
20150812  09:29:00 14540.00 14555.00 14535.00 14555.00 1096.00
20150812  09:28:00 14510.00 14555.00 14505.00 14545.00 1692.00
20150812  09:27:00 14530.00 14535.00 14510.00 14510.00 1770.00
20150812  09:26:00 14560.00 14560.00 14525.00 14525.00 1282.00
20150812  09:25:00 14560.00 14575.00 14555.00 14560.00 1412.00
20150812  09:24:00 14585.00 14590.00 14550.00 14560.00 1398.00
20150812  09:23:00 14565.00 14585.00 14560.00 14585.00 1530.00
20150812  09:22:00 14545.00 14580.00 14545.00 14565.00 2078.00
20150812  09:21:00 14540.00 14550.00 14530.00 14540.00 1380.00
20150812  09:20:00 14550.00 14550.00 14530.00 14545.00 1574.00
20150812  09:19:00 14550.00 14555.00 14540.00 14550.00 1734.00
20150812  09:18:00 14565.00 14570.00 14545.00 14550.00 850.00
20150812  09:17:00 14585.00 14590.00 14565.00 14570.00 502.00
20150812  09:16:00 14600.00 14605.00 14580.00 14585.00 838.00
20150812  09:15:00 14570.00 14605.00 14565.00 14605.00 2156.00
20150812  09:14:00 14565.00 14575.00 14555.00 14570.00 1664.00
20150812  09:13:00 14565.00 14570.00 14555.00 14565.00 1984.00
20150812  09:12:00 14590.00 14590.00 14560.00 14560.00 1912.00
20150812  09:11:00 14600.00 14600.00 14585.00 14590.00 780.00
20150812  09:10:00 14595.00 14605.00 14580.00 14600.00 2506.00
20150812  09:09:00 14595.00 14610.00 14595.00 14595.00 1216.00
20150812  09:08:00 14615.00 14620.00 14595.00 14600.00 1390.00
20150812  09:07:00 14630.00 14635.00 14615.00 14615.00 1976.00
20150812  09:06:00 14645.00 14645.00 14620.00 14625.00 2472.00
20150812  09:05:00 14645.00 14660.00 14640.00 14645.00 2672.00
20150812  09:04:00 14635.00 14650.00 14625.00 14645.00 2420.00
20150812  09:03:00 14670.00 14680.00 14640.00 14640.00 4212.00
20150812  09:02:00 14605.00 14670.00 14600.00 14665.00 6388.00
20150812  09:01:00 14565.00 14605.00 14565.00 14600.00 2692.00
20150812  09:00:00 14505.00 14565.00 14495.00 14565.00 2666.00
20150812  01:00:00 14510.00 14510.00 14510.00 14510.00  64.00
20150812  00:59:00 14510.00 14515.00 14505.00 14510.00 238.00
20150812  00:58:00 14505.00 14510.00 14505.00 14510.00 186.00
20150812  00:57:00 14510.00 14510.00 14505.00 14510.00  26.00
20150812  00:56:00 14505.00 14510.00 14505.00 14510.00  10.00
20150812  00:55:00 14495.00 14510.00 14495.00 14505.00 108.00
20150812  00:54:00 14495.00 14495.00 14495.00 14495.00 112.00
20150812  00:53:00 14500.00 14500.00 14500.00 14500.00 120.00
20150812  00:52:00 14510.00 14510.00 14500.00 14505.00 174.00
20150812  00:51:00 14510.00 14510.00 14510.00 14510.00  18.00
20150812  00:50:00 14505.00 14510.00 14505.00 14510.00  48.00
20150812  00:49:00 14515.00 14515.00 14505.00 14505.00  24.00
20150812  00:48:00 14515.00 14520.00 14515.00 14515.00  56.00
20150812  00:47:00 14515.00 14515.00 14515.00 14515.00 114.00
20150812  00:46:00 14505.00 14515.00 14505.00 14515.00  20.00
20150812  00:45:00 14510.00 14510.00 14505.00 14505.00  42.00
20150812  00:44:00 14510.00 14510.00 14505.00 14510.00 194.00
20150812  00:43:00 14510.00 14510.00 14510.00 14510.00   2.00
20150812  00:42:00 14505.00 14510.00 14505.00 14510.00  74.00
20150812  00:41:00 14505.00 14510.00 14505.00 14505.00 158.00
20150812  00:40:00 14510.00 14510.00 14505.00 14505.00  84.00
20150812  00:39:00 14510.00 14515.00 14510.00 14510.00  26.00
20150812  00:38:00 14510.00 14515.00 14510.00 14510.00  38.00
20150812  00:37:00 14515.00 14515.00 14510.00 14510.00  56.00
20150812  00:36:00 14510.00 14515.00 14510.00 14515.00  66.00
20150812  00:35:00 14505.00 14510.00 14505.00 14510.00 130.00
20150812  00:34:00 14505.00 14505.00 14505.00 14505.00   6.00
20150812  00:33:00 14510.00 14510.00 14505.00 14505.00  10.00
20150812  00:32:00 14510.00 14510.00 14505.00 14510.00 256.00
20150812  00:31:00 14515.00 14515.00 14510.00 14510.00  38.00
20150812  00:30:00 14515.00 14515.00 14510.00 14515.00 448.00
20150812  00:29:00 14510.00 14515.00 14510.00 14515.00 690.00
20150812  00:28:00 14500.00 14510.00 14500.00 14510.00  64.00
20150812  00:27:00 14505.00 14510.00 14500.00 14500.00 106.00
20150812  00:26:00 14505.00 14505.00 14500.00 14500.00  46.00
20150812  00:25:00 14515.00 14515.00 14500.00 14505.00 296.00
20150812  00:24:00 14490.00 14520.00 14490.00 14520.00 456.00
20150812  00:23:00 14485.00 14490.00 14485.00 14490.00  72.00
20150812  00:22:00 14485.00 14485.00 14485.00 14485.00  12.00
20150812  00:21:00 14490.00 14490.00 14485.00 14485.00  16.00
20150812  00:20:00 14485.00 14490.00 14485.00 14490.00 106.00
20150812  00:19:00 14480.00 14490.00 14480.00 14490.00 132.00
20150812  00:18:00 14480.00 14480.00 14475.00 14480.00  48.00
20150812  00:17:00 14480.00 14480.00 14475.00 14480.00 162.00
20150812  00:16:00 14490.00 14490.00 14480.00 14480.00 178.00
20150812  00:15:00 14490.00 14490.00 14485.00 14490.00  98.00
20150812  00:14:00 14490.00 14495.00 14490.00 14490.00 106.00
20150812  00:13:00 14490.00 14495.00 14490.00 14490.00 218.00
20150812  00:12:00 14495.00 14500.00 14490.00 14490.00 100.00
20150812  00:11:00 14485.00 14495.00 14485.00 14495.00 212.00
20150812  00:10:00 14490.00 14495.00 14485.00 14485.00 136.00
20150812  00:09:00 14480.00 14495.00 14480.00 14490.00 642.00
20150812  00:08:00 14490.00 14490.00 14480.00 14480.00 130.00
20150812  00:07:00 14490.00 14490.00 14485.00 14490.00  78.00
20150812  00:06:00 14490.00 14490.00 14485.00 14490.00 172.00
20150812  00:05:00 14485.00 14490.00 14485.00 14490.00 452.00
20150812  00:04:00 14475.00 14490.00 14475.00 14485.00 322.00
20150812  00:03:00 14470.00 14475.00 14470.00 14475.00 126.00
20150812  00:02:00 14475.00 14475.00 14470.00 14470.00  22.00
20150812  00:01:00 14475.00 14475.00 14470.00 14475.00  22.00
20150812  00:00:00 14480.00 14480.00 14470.00 14475.00  92.00
20150811  23:59:00 14470.00 14475.00 14465.00 14475.00 340.00
20150811  23:58:00 14480.00 14480.00 14470.00 14470.00 128.00
20150811  23:57:00 14460.00 14480.00 14460.00 14480.00 550.00
20150811  23:56:00 14475.00 14475.00 14460.00 14460.00 274.00
20150811  23:55:00 14480.00 14480.00 14475.00 14475.00 166.00
20150811  23:54:00 14475.00 14485.00 14475.00 14480.00 258.00
20150811  23:53:00 14480.00 14490.00 14475.00 14475.00 154.00
20150811  23:52:00 14485.00 14485.00 14480.00 14480.00 122.00
20150811  23:51:00 14480.00 14490.00 14480.00 14485.00 128.00
20150811  23:50:00 14480.00 14490.00 14480.00 14485.00  80.00
20150811  23:49:00 14500.00 14500.00 14475.00 14480.00 476.00
20150811  23:48:00 14480.00 14505.00 14480.00 14500.00 514.00
20150811  23:47:00 14480.00 14480.00 14470.00 14480.00 306.00
20150811  23:46:00 14480.00 14485.00 14480.00 14480.00 440.00
20150811  23:45:00 14490.00 14490.00 14480.00 14480.00 222.00
20150811  23:44:00 14480.00 14490.00 14480.00 14490.00 228.00
20150811  23:43:00 14480.00 14485.00 14480.00 14480.00 326.00
20150811  23:42:00 14490.00 14490.00 14475.00 14480.00 680.00
20150811  23:41:00 14490.00 14495.00 14490.00 14490.00 122.00
20150811  23:40:00 14500.00 14500.00 14490.00 14490.00 666.00
20150811  23:39:00 14495.00 14510.00 14495.00 14500.00 870.00
20150811  23:38:00 14490.00 14500.00 14490.00 14495.00 316.00
20150811  23:37:00 14495.00 14495.00 14485.00 14490.00 460.00
20150811  23:36:00 14470.00 14500.00 14470.00 14495.00 1110.00
20150811  23:35:00 14470.00 14470.00 14465.00 14465.00 446.00
20150811  23:34:00 14455.00 14470.00 14455.00 14470.00 554.00
20150811  23:33:00 14455.00 14460.00 14450.00 14455.00 316.00
20150811  23:32:00 14445.00 14460.00 14445.00 14450.00 406.00
20150811  23:31:00 14455.00 14455.00 14440.00 14445.00 756.00
20150811  23:30:00 14460.00 14465.00 14450.00 14455.00 934.00
20150811  23:29:00 14465.00 14470.00 14455.00 14460.00 982.00
20150811  23:28:00 14470.00 14470.00 14460.00 14465.00 898.00
20150811  23:27:00 14470.00 14475.00 14465.00 14470.00 260.00
20150811  23:26:00 14475.00 14475.00 14465.00 14470.00 394.00
20150811  23:25:00 14475.00 14480.00 14470.00 14475.00 516.00
20150811  23:24:00 14470.00 14475.00 14465.00 14470.00 144.00
20150811  23:23:00 14465.00 14475.00 14465.00 14465.00 800.00
20150811  23:22:00 14480.00 14485.00 14465.00 14465.00 892.00
20150811  23:21:00 14480.00 14485.00 14470.00 14480.00 428.00
20150811  23:20:00 14485.00 14490.00 14470.00 14480.00 1162.00
20150811  23:19:00 14515.00 14515.00 14485.00 14485.00 1084.00
20150811  23:18:00 14520.00 14520.00 14510.00 14510.00 162.00
20150811  23:17:00 14520.00 14520.00 14520.00 14520.00  32.00
20150811  23:16:00 14520.00 14525.00 14515.00 14520.00 126.00
20150811  23:15:00 14525.00 14535.00 14520.00 14520.00 542.00
20150811  23:14:00 14515.00 14535.00 14515.00 14525.00 484.00
20150811  23:13:00 14515.00 14520.00 14515.00 14515.00 114.00
20150811  23:12:00 14515.00 14520.00 14515.00 14515.00 210.00
20150811  23:11:00 14515.00 14515.00 14510.00 14515.00 202.00
20150811  23:10:00 14515.00 14520.00 14510.00 14510.00 204.00
20150811  23:09:00 14515.00 14520.00 14515.00 14515.00  88.00
20150811  23:08:00 14530.00 14530.00 14520.00 14520.00 152.00
20150811  23:07:00 14520.00 14535.00 14520.00 14530.00 330.00
20150811  23:06:00 14510.00 14520.00 14510.00 14520.00 218.00
20150811  23:05:00 14510.00 14515.00 14510.00 14510.00 160.00
20150811  23:04:00 14510.00 14515.00 14505.00 14510.00 336.00
20150811  23:03:00 14525.00 14525.00 14510.00 14510.00 308.00
20150811  23:02:00 14515.00 14530.00 14515.00 14525.00 224.00
20150811  23:01:00 14510.00 14515.00 14505.00 14515.00 392.00
20150811  23:00:00 14505.00 14510.00 14500.00 14505.00 322.00
20150811  22:59:00 14520.00 14520.00 14505.00 14505.00 394.00
20150811  22:58:00 14515.00 14525.00 14515.00 14520.00 228.00
20150811  22:57:00 14510.00 14520.00 14505.00 14520.00 254.00
20150811  22:56:00 14505.00 14510.00 14500.00 14505.00 286.00
20150811  22:55:00 14510.00 14510.00 14505.00 14505.00 342.00
20150811  22:54:00 14505.00 14515.00 14505.00 14510.00 566.00
20150811  22:53:00 14520.00 14525.00 14505.00 14505.00 502.00
20150811  22:52:00 14530.00 14530.00 14515.00 14525.00 338.00
20150811  22:51:00 14535.00 14535.00 14530.00 14530.00 312.00
20150811  22:50:00 14540.00 14545.00 14535.00 14535.00 372.00
20150811  22:49:00 14540.00 14545.00 14535.00 14540.00 204.00
20150811  22:48:00 14535.00 14540.00 14525.00 14540.00 110.00
20150811  22:47:00 14535.00 14535.00 14530.00 14535.00 194.00
20150811  22:46:00 14525.00 14535.00 14525.00 14535.00 212.00
20150811  22:45:00 14545.00 14545.00 14525.00 14530.00 660.00
20150811  22:44:00 14550.00 14555.00 14540.00 14545.00 500.00
20150811  22:43:00 14545.00 14555.00 14540.00 14555.00 704.00
20150811  22:42:00 14530.00 14545.00 14525.00 14545.00 686.00
20150811  22:41:00 14520.00 14535.00 14520.00 14530.00 736.00
20150811  22:40:00 14510.00 14525.00 14510.00 14520.00 1026.00
20150811  22:39:00 14510.00 14515.00 14510.00 14510.00  44.00
20150811  22:38:00 14505.00 14510.00 14505.00 14510.00  86.00
20150811  22:37:00 14510.00 14510.00 14505.00 14505.00 306.00
20150811  22:36:00 14515.00 14515.00 14505.00 14510.00 576.00
20150811  22:35:00 14520.00 14520.00 14515.00 14515.00 350.00
20150811  22:34:00 14515.00 14520.00 14515.00 14515.00 174.00
20150811  22:33:00 14510.00 14520.00 14505.00 14515.00 684.00
20150811  22:32:00 14500.00 14515.00 14495.00 14510.00 412.00
20150811  22:31:00 14510.00 14515.00 14500.00 14500.00 514.00
20150811  22:30:00 14510.00 14510.00 14505.00 14510.00 364.00
20150811  22:29:00 14520.00 14520.00 14510.00 14510.00 870.00
20150811  22:28:00 14515.00 14520.00 14505.00 14520.00 582.00
20150811  22:27:00 14490.00 14515.00 14485.00 14515.00 1230.00
20150811  22:26:00 14505.00 14510.00 14490.00 14490.00 1786.00
20150811  22:25:00 14515.00 14520.00 14505.00 14505.00 1148.00
20150811  22:24:00 14510.00 14525.00 14510.00 14515.00 748.00
20150811  22:23:00 14525.00 14530.00 14510.00 14510.00 998.00
20150811  22:22:00 14515.00 14525.00 14505.00 14525.00 1062.00
20150811  22:21:00 14510.00 14520.00 14505.00 14515.00 1012.00
20150811  22:20:00 14525.00 14530.00 14510.00 14510.00 1522.00
20150811  22:19:00 14545.00 14545.00 14525.00 14530.00 1254.00
20150811  22:18:00 14550.00 14555.00 14540.00 14545.00 392.00
20150811  22:17:00 14555.00 14555.00 14550.00 14550.00 286.00
20150811  22:16:00 14555.00 14555.00 14545.00 14550.00 530.00
20150811  22:15:00 14560.00 14560.00 14540.00 14555.00 1212.00
20150811  22:14:00 14565.00 14565.00 14555.00 14560.00 1286.00
20150811  22:13:00 14580.00 14585.00 14565.00 14565.00 384.00
20150811  22:12:00 14585.00 14585.00 14580.00 14580.00 440.00
20150811  22:11:00 14595.00 14595.00 14580.00 14585.00 436.00
20150811  22:10:00 14595.00 14600.00 14590.00 14595.00 218.00
20150811  22:09:00 14600.00 14600.00 14595.00 14595.00 336.00
20150811  22:08:00 14595.00 14600.00 14590.00 14600.00 506.00
20150811  22:07:00 14580.00 14595.00 14580.00 14595.00 332.00
20150811  22:06:00 14590.00 14595.00 14580.00 14580.00 422.00
20150811  22:05:00 14590.00 14595.00 14585.00 14590.00 196.00
20150811  22:04:00 14585.00 14590.00 14580.00 14590.00 404.00
20150811  22:03:00 14590.00 14590.00 14580.00 14585.00 450.00
20150811  22:02:00 14595.00 14595.00 14585.00 14590.00 358.00
20150811  22:01:00 14585.00 14595.00 14580.00 14595.00 468.00
20150811  22:00:00 14590.00 14590.00 14575.00 14585.00 1024.00
20150811  21:59:00 14595.00 14595.00 14580.00 14585.00 672.00
20150811  21:58:00 14610.00 14610.00 14590.00 14595.00 784.00
20150811  21:57:00 14610.00 14615.00 14605.00 14610.00 278.00
20150811  21:56:00 14615.00 14620.00 14610.00 14610.00 406.00
20150811  21:55:00 14620.00 14625.00 14610.00 14615.00 274.00
20150811  21:54:00 14615.00 14620.00 14610.00 14620.00 178.00
20150811  21:53:00 14630.00 14630.00 14615.00 14615.00 454.00
20150811  21:52:00 14625.00 14630.00 14620.00 14630.00 350.00
20150811  21:51:00 14615.00 14630.00 14615.00 14620.00 624.00
20150811  21:50:00 14605.00 14620.00 14600.00 14615.00 524.00
20150811  21:49:00 14610.00 14610.00 14600.00 14605.00 392.00
20150811  21:48:00 14615.00 14615.00 14605.00 14610.00 438.00
20150811  21:47:00 14615.00 14620.00 14610.00 14615.00 518.00
20150811  21:46:00 14625.00 14625.00 14615.00 14615.00 798.00
20150811  21:45:00 14620.00 14625.00 14615.00 14620.00 892.00
20150811  21:44:00 14635.00 14635.00 14620.00 14620.00 908.00
20150811  21:43:00 14625.00 14640.00 14620.00 14635.00 2118.00
20150811  21:42:00 14615.00 14635.00 14610.00 14630.00 1828.00
20150811  21:41:00 14600.00 14615.00 14595.00 14615.00 1158.00
20150811  21:40:00 14600.00 14610.00 14595.00 14600.00 854.00
20150811  21:39:00 14595.00 14605.00 14585.00 14605.00 876.00
20150811  21:38:00 14590.00 14595.00 14590.00 14595.00 250.00
20150811  21:37:00 14590.00 14595.00 14580.00 14590.00 918.00
20150811  21:36:00 14595.00 14600.00 14585.00 14585.00 532.00
20150811  21:35:00 14595.00 14605.00 14595.00 14600.00 634.00
20150811  21:34:00 14590.00 14595.00 14590.00 14595.00 274.00
20150811  21:33:00 14595.00 14595.00 14585.00 14590.00 630.00
20150811  21:32:00 14595.00 14595.00 14585.00 14595.00 956.00
20150811  21:31:00 14600.00 14600.00 14590.00 14595.00 668.00
20150811  21:30:00 14590.00 14610.00 14590.00 14600.00 964.00
20150811  21:29:00 14605.00 14610.00 14595.00 14595.00 1162.00
20150811  21:28:00 14595.00 14615.00 14595.00 14605.00 1922.00
20150811  21:27:00 14595.00 14595.00 14575.00 14590.00 1040.00
20150811  21:26:00 14565.00 14600.00 14565.00 14595.00 1978.00
20150811  21:25:00 14565.00 14570.00 14560.00 14565.00 1064.00
20150811  21:24:00 14555.00 14570.00 14550.00 14565.00 1254.00
20150811  21:23:00 14550.00 14555.00 14540.00 14555.00 794.00
20150811  21:22:00 14530.00 14555.00 14530.00 14550.00 1064.00
20150811  21:21:00 14515.00 14540.00 14515.00 14530.00 1306.00
20150811  21:20:00 14515.00 14520.00 14510.00 14515.00 526.00
20150811  21:19:00 14510.00 14520.00 14505.00 14515.00 796.00
20150811  21:18:00 14530.00 14535.00 14510.00 14510.00 846.00
20150811  21:17:00 14535.00 14545.00 14530.00 14530.00 994.00
20150811  21:16:00 14530.00 14540.00 14530.00 14540.00 492.00
20150811  21:15:00 14540.00 14540.00 14530.00 14535.00 936.00
20150811  21:14:00 14525.00 14545.00 14515.00 14540.00 1256.00
20150811  21:13:00 14515.00 14535.00 14515.00 14525.00 758.00
20150811  21:12:00 14540.00 14540.00 14515.00 14515.00 822.00
20150811  21:11:00 14545.00 14550.00 14535.00 14545.00 1246.00
20150811  21:10:00 14490.00 14540.00 14490.00 14540.00 2260.00
20150811  21:09:00 14475.00 14490.00 14475.00 14490.00 900.00
20150811  21:08:00 14495.00 14495.00 14475.00 14475.00 1156.00
20150811  21:07:00 14485.00 14495.00 14480.00 14490.00 560.00
20150811  21:06:00 14480.00 14485.00 14470.00 14485.00 1866.00
20150811  21:05:00 14500.00 14500.00 14475.00 14480.00 2400.00
20150811  21:04:00 14495.00 14500.00 14485.00 14500.00 746.00
20150811  21:03:00 14485.00 14500.00 14480.00 14495.00 1112.00
20150811  21:02:00 14480.00 14505.00 14480.00 14485.00 1774.00
20150811  21:01:00 14480.00 14490.00 14470.00 14480.00 1370.00
20150811  21:00:00 14520.00 14520.00 14470.00 14480.00 4864.00
