20150330  21:00:00 16005.00 16020.00 16005.00 16015.00 832.00
20150330  21:01:00 16015.00 16020.00 16015.00 16015.00 570.00
20150330  21:02:00 16015.00 16020.00 16010.00 16015.00 430.00
20150330  21:03:00 16015.00 16020.00 16010.00 16015.00 320.00
20150330  21:04:00 16015.00 16015.00 16010.00 16015.00 180.00
20150330  21:05:00 16015.00 16015.00 16010.00 16015.00 170.00
20150330  21:06:00 16015.00 16015.00 16010.00 16010.00  50.00
20150330  21:07:00 16010.00 16010.00 16005.00 16005.00 666.00
20150330  21:08:00 16005.00 16010.00 15995.00 15995.00 400.00
20150330  21:09:00 15995.00 16005.00 15995.00 16005.00 186.00
20150330  21:10:00 16005.00 16005.00 16000.00 16005.00  46.00
20150330  21:11:00 16005.00 16010.00 16000.00 16010.00 178.00
20150330  21:12:00 16010.00 16020.00 16005.00 16020.00 810.00
20150330  21:13:00 16020.00 16020.00 16015.00 16015.00 242.00
20150330  21:14:00 16010.00 16015.00 16010.00 16015.00 306.00
20150330  21:15:00 16015.00 16030.00 16015.00 16030.00 1034.00
20150330  21:16:00 16030.00 16030.00 16025.00 16025.00 218.00
20150330  21:17:00 16025.00 16030.00 16025.00 16030.00 528.00
20150330  21:18:00 16030.00 16040.00 16030.00 16035.00 1108.00
20150330  21:19:00 16035.00 16035.00 16025.00 16030.00 512.00
20150330  21:20:00 16030.00 16045.00 16030.00 16035.00 440.00
20150330  21:21:00 16035.00 16040.00 16030.00 16035.00 372.00
20150330  21:22:00 16035.00 16040.00 16030.00 16030.00 266.00
20150330  21:23:00 16030.00 16035.00 16030.00 16035.00  46.00
20150330  21:24:00 16035.00 16040.00 16030.00 16040.00 238.00
20150330  21:25:00 16040.00 16040.00 16030.00 16035.00 186.00
20150330  21:26:00 16035.00 16040.00 16030.00 16040.00 614.00
20150330  21:27:00 16040.00 16040.00 16035.00 16040.00 332.00
20150330  21:28:00 16040.00 16040.00 16040.00 16040.00  56.00
20150330  21:29:00 16040.00 16040.00 16035.00 16040.00  84.00
20150330  21:30:00 16040.00 16040.00 16035.00 16035.00 380.00
20150330  21:31:00 16035.00 16040.00 16035.00 16040.00  84.00
20150330  21:32:00 16040.00 16050.00 16040.00 16050.00 838.00
20150330  21:33:00 16050.00 16050.00 16045.00 16050.00 1070.00
20150330  21:34:00 16050.00 16055.00 16040.00 16050.00 758.00
20150330  21:35:00 16050.00 16050.00 16040.00 16045.00 244.00
20150330  21:36:00 16045.00 16045.00 16040.00 16040.00 246.00
20150330  21:37:00 16040.00 16040.00 16035.00 16035.00 132.00
20150330  21:38:00 16035.00 16040.00 16035.00 16035.00 162.00
20150330  21:39:00 16035.00 16045.00 16035.00 16040.00 108.00
20150330  21:40:00 16040.00 16045.00 16035.00 16040.00  62.00
20150330  21:41:00 16040.00 16040.00 16035.00 16035.00 262.00
20150330  21:42:00 16035.00 16035.00 16030.00 16035.00  94.00
20150330  21:43:00 16035.00 16035.00 16030.00 16030.00 254.00
20150330  21:44:00 16030.00 16035.00 16025.00 16025.00 360.00
20150330  21:45:00 16025.00 16030.00 16025.00 16025.00 220.00
20150330  21:46:00 16025.00 16030.00 16025.00 16025.00  84.00
20150330  21:47:00 16025.00 16030.00 16025.00 16025.00 198.00
20150330  21:48:00 16025.00 16030.00 16025.00 16030.00  88.00
20150330  21:49:00 16030.00 16030.00 16030.00 16030.00  18.00
20150330  21:50:00 16030.00 16035.00 16025.00 16035.00 116.00
20150330  21:51:00 16035.00 16035.00 16030.00 16035.00  58.00
20150330  21:52:00 16035.00 16040.00 16035.00 16040.00 172.00
20150330  21:53:00 16040.00 16040.00 16035.00 16040.00 178.00
20150330  21:54:00 16040.00 16040.00 16040.00 16040.00 290.00
20150330  21:55:00 16040.00 16045.00 16040.00 16040.00 206.00
20150330  21:56:00 16040.00 16050.00 16040.00 16045.00 780.00
20150330  21:57:00 16045.00 16055.00 16045.00 16050.00 354.00
20150330  21:58:00 16050.00 16055.00 16050.00 16055.00 212.00
20150330  21:59:00 16050.00 16055.00 16050.00 16055.00 430.00
20150330  22:00:00 16060.00 16060.00 16055.00 16055.00 152.00
20150330  22:01:00 16055.00 16055.00 16045.00 16045.00 248.00
20150330  22:02:00 16045.00 16045.00 16040.00 16040.00 296.00
20150330  22:03:00 16040.00 16045.00 16040.00 16045.00 154.00
20150330  22:04:00 16045.00 16050.00 16045.00 16050.00  58.00
20150330  22:05:00 16050.00 16050.00 16045.00 16045.00 200.00
20150330  22:06:00 16045.00 16045.00 16040.00 16040.00 202.00
20150330  22:07:00 16040.00 16045.00 16035.00 16045.00 270.00
20150330  22:08:00 16045.00 16045.00 16040.00 16045.00  38.00
20150330  22:09:00 16045.00 16050.00 16040.00 16050.00 418.00
20150330  22:10:00 16050.00 16065.00 16050.00 16065.00 488.00
20150330  22:11:00 16060.00 16065.00 16055.00 16055.00 242.00
20150330  22:12:00 16060.00 16060.00 16055.00 16060.00 222.00
20150330  22:13:00 16060.00 16060.00 16055.00 16055.00 590.00
20150330  22:14:00 16055.00 16060.00 16050.00 16055.00 102.00
20150330  22:15:00 16055.00 16060.00 16050.00 16060.00 328.00
20150330  22:16:00 16060.00 16060.00 16055.00 16055.00 190.00
20150330  22:17:00 16055.00 16055.00 16050.00 16050.00 362.00
20150330  22:18:00 16050.00 16055.00 16050.00 16050.00  62.00
20150330  22:19:00 16050.00 16055.00 16050.00 16055.00 268.00
20150330  22:20:00 16055.00 16065.00 16055.00 16060.00 192.00
20150330  22:21:00 16065.00 16065.00 16060.00 16060.00  18.00
20150330  22:22:00 16065.00 16070.00 16060.00 16060.00 788.00
20150330  22:23:00 16065.00 16070.00 16065.00 16065.00 230.00
20150330  22:24:00 16065.00 16075.00 16060.00 16075.00 406.00
20150330  22:25:00 16075.00 16090.00 16075.00 16080.00 1578.00
20150330  22:26:00 16085.00 16085.00 16070.00 16070.00 588.00
20150330  22:27:00 16070.00 16070.00 16065.00 16070.00 230.00
20150330  22:28:00 16070.00 16075.00 16070.00 16075.00 330.00
20150330  22:29:00 16080.00 16080.00 16075.00 16080.00 146.00
20150330  22:30:00 16080.00 16085.00 16075.00 16085.00 570.00
20150330  22:31:00 16085.00 16085.00 16080.00 16085.00 420.00
20150330  22:32:00 16080.00 16085.00 16080.00 16085.00  52.00
20150330  22:33:00 16080.00 16080.00 16075.00 16080.00 416.00
20150330  22:34:00 16080.00 16080.00 16075.00 16075.00 296.00
20150330  22:35:00 16075.00 16080.00 16070.00 16075.00 264.00
20150330  22:36:00 16075.00 16080.00 16070.00 16080.00  96.00
20150330  22:37:00 16080.00 16080.00 16075.00 16080.00 180.00
20150330  22:38:00 16080.00 16080.00 16070.00 16080.00  58.00
20150330  22:39:00 16080.00 16080.00 16075.00 16075.00 296.00
20150330  22:40:00 16075.00 16075.00 16070.00 16070.00  74.00
20150330  22:41:00 16070.00 16070.00 16070.00 16070.00  40.00
20150330  22:42:00 16070.00 16075.00 16060.00 16065.00 640.00
20150330  22:43:00 16065.00 16070.00 16060.00 16065.00 266.00
20150330  22:44:00 16065.00 16065.00 16055.00 16060.00 366.00
20150330  22:45:00 16060.00 16060.00 16055.00 16055.00 292.00
20150330  22:46:00 16055.00 16060.00 16050.00 16055.00 344.00
20150330  22:47:00 16060.00 16060.00 16055.00 16055.00  60.00
20150330  22:48:00 16055.00 16070.00 16055.00 16070.00 308.00
20150330  22:49:00 16070.00 16070.00 16060.00 16060.00 370.00
20150330  22:50:00 16060.00 16065.00 16060.00 16065.00  14.00
20150330  22:51:00 16065.00 16065.00 16060.00 16060.00  20.00
20150330  22:52:00 16060.00 16075.00 16060.00 16075.00 202.00
20150330  22:53:00 16075.00 16080.00 16070.00 16080.00 146.00
20150330  22:54:00 16080.00 16080.00 16070.00 16070.00 410.00
20150330  22:55:00 16070.00 16075.00 16070.00 16070.00  36.00
20150330  22:56:00 16075.00 16075.00 16065.00 16070.00  96.00
20150330  22:57:00 16070.00 16070.00 16070.00 16070.00  12.00
20150330  22:58:00 16070.00 16075.00 16070.00 16075.00  54.00
20150330  22:59:00 16075.00 16075.00 16070.00 16075.00 600.00
20150330  23:00:00 16075.00 16080.00 16075.00 16075.00  68.00
20150330  23:01:00 16075.00 16075.00 16075.00 16075.00  96.00
20150330  23:02:00 16075.00 16080.00 16070.00 16070.00 166.00
20150330  23:03:00 16075.00 16075.00 16070.00 16070.00 112.00
20150330  23:04:00 16070.00 16070.00 16065.00 16070.00  18.00
20150330  23:05:00 16070.00 16070.00 16065.00 16065.00  94.00
20150330  23:06:00 16065.00 16065.00 16060.00 16060.00 102.00
20150330  23:07:00 16060.00 16060.00 16060.00 16060.00   6.00
20150330  23:08:00 16060.00 16060.00 16055.00 16060.00  88.00
20150330  23:09:00 16060.00 16060.00 16050.00 16055.00 204.00
20150330  23:10:00 16055.00 16055.00 16050.00 16055.00  86.00
20150330  23:11:00 16055.00 16060.00 16055.00 16060.00 118.00
20150330  23:12:00 16060.00 16060.00 16060.00 16060.00  42.00
20150330  23:13:00 16060.00 16065.00 16060.00 16060.00  30.00
20150330  23:14:00 16065.00 16070.00 16065.00 16065.00 110.00
20150330  23:15:00 16065.00 16070.00 16065.00 16070.00 104.00
20150330  23:16:00 16070.00 16080.00 16070.00 16075.00 234.00
20150330  23:17:00 16075.00 16080.00 16070.00 16075.00 184.00
20150330  23:18:00 16075.00 16075.00 16070.00 16070.00 214.00
20150330  23:19:00 16070.00 16075.00 16070.00 16075.00  74.00
20150330  23:20:00 16075.00 16080.00 16070.00 16075.00  22.00
20150330  23:21:00 16075.00 16085.00 16075.00 16075.00 552.00
20150330  23:22:00 16080.00 16085.00 16075.00 16085.00 204.00
20150330  23:23:00 16085.00 16085.00 16075.00 16075.00 248.00
20150330  23:24:00 16080.00 16080.00 16075.00 16075.00  24.00
20150330  23:25:00 16080.00 16080.00 16065.00 16070.00 174.00
20150330  23:26:00 16070.00 16070.00 16065.00 16065.00  30.00
20150330  23:27:00 16065.00 16070.00 16065.00 16065.00  16.00
20150330  23:28:00 16065.00 16070.00 16065.00 16070.00  72.00
20150330  23:29:00 16070.00 16070.00 16065.00 16065.00  18.00
20150330  23:30:00 16065.00 16080.00 16065.00 16075.00 118.00
20150330  23:31:00 16075.00 16080.00 16075.00 16080.00 550.00
20150330  23:32:00 16080.00 16080.00 16075.00 16080.00 186.00
20150330  23:33:00 16080.00 16080.00 16080.00 16080.00  24.00
20150330  23:34:00 16080.00 16085.00 16080.00 16080.00 114.00
20150330  23:35:00 16080.00 16080.00 16075.00 16075.00 188.00
20150330  23:36:00 16075.00 16080.00 16075.00 16080.00 190.00
20150330  23:37:00 16080.00 16080.00 16070.00 16070.00  22.00
20150330  23:38:00 16070.00 16075.00 16070.00 16075.00  32.00
20150330  23:39:00 16075.00 16075.00 16075.00 16075.00  18.00
20150330  23:40:00 16075.00 16075.00 16070.00 16070.00  56.00
20150330  23:41:00 16070.00 16070.00 16070.00 16070.00  88.00
20150330  23:42:00 16070.00 16070.00 16070.00 16070.00  30.00
20150330  23:43:00 16070.00 16070.00 16070.00 16070.00   0.00
20150330  23:44:00 16075.00 16075.00 16075.00 16075.00  18.00
20150330  23:45:00 16075.00 16075.00 16070.00 16070.00   2.00
20150330  23:46:00 16070.00 16075.00 16070.00 16070.00 102.00
20150330  23:47:00 16070.00 16070.00 16060.00 16065.00  92.00
20150330  23:48:00 16065.00 16065.00 16065.00 16065.00  70.00
20150330  23:49:00 16065.00 16070.00 16065.00 16070.00  80.00
20150330  23:50:00 16070.00 16080.00 16070.00 16080.00 254.00
20150330  23:51:00 16080.00 16080.00 16080.00 16080.00 240.00
20150330  23:52:00 16080.00 16080.00 16080.00 16080.00  10.00
20150330  23:53:00 16080.00 16080.00 16075.00 16075.00  14.00
20150330  23:54:00 16075.00 16075.00 16070.00 16070.00 116.00
20150330  23:55:00 16070.00 16080.00 16070.00 16075.00  52.00
20150330  23:56:00 16075.00 16075.00 16075.00 16075.00   4.00
20150330  23:57:00 16075.00 16075.00 16075.00 16075.00  36.00
20150330  23:58:00 16075.00 16080.00 16075.00 16080.00  28.00
20150330  23:59:00 16080.00 16080.00 16075.00 16075.00  12.00
20150331  00:00:00 16075.00 16080.00 16075.00 16075.00  22.00
20150331  00:01:00 16080.00 16080.00 16080.00 16080.00  88.00
20150331  00:02:00 16080.00 16085.00 16080.00 16085.00 200.00
20150331  00:03:00 16085.00 16085.00 16080.00 16080.00  24.00
20150331  00:04:00 16085.00 16085.00 16085.00 16085.00 124.00
20150331  00:05:00 16085.00 16085.00 16080.00 16085.00  54.00
20150331  00:06:00 16085.00 16085.00 16085.00 16085.00  98.00
20150331  00:07:00 16085.00 16085.00 16085.00 16085.00  12.00
20150331  00:08:00 16085.00 16085.00 16080.00 16080.00 186.00
20150331  00:09:00 16080.00 16080.00 16080.00 16080.00  84.00
20150331  00:10:00 16080.00 16080.00 16080.00 16080.00  92.00
20150331  00:11:00 16080.00 16080.00 16080.00 16080.00  40.00
20150331  00:12:00 16080.00 16085.00 16080.00 16085.00   2.00
20150331  00:13:00 16085.00 16085.00 16085.00 16085.00   4.00
20150331  00:14:00 16085.00 16085.00 16080.00 16080.00  32.00
20150331  00:15:00 16080.00 16080.00 16080.00 16080.00  20.00
20150331  00:16:00 16080.00 16080.00 16075.00 16075.00 134.00
20150331  00:17:00 16075.00 16075.00 16075.00 16075.00 118.00
20150331  00:18:00 16075.00 16080.00 16075.00 16080.00  28.00
20150331  00:19:00 16080.00 16080.00 16075.00 16075.00  26.00
20150331  00:20:00 16075.00 16075.00 16070.00 16070.00  38.00
20150331  00:21:00 16075.00 16075.00 16075.00 16075.00   6.00
20150331  00:22:00 16075.00 16075.00 16070.00 16070.00 128.00
20150331  00:23:00 16070.00 16075.00 16070.00 16075.00  44.00
20150331  00:24:00 16075.00 16075.00 16075.00 16075.00   4.00
20150331  00:25:00 16075.00 16075.00 16070.00 16070.00  16.00
20150331  00:26:00 16070.00 16070.00 16070.00 16070.00   2.00
20150331  00:27:00 16070.00 16070.00 16070.00 16070.00   0.00
20150331  00:28:00 16070.00 16070.00 16070.00 16070.00   8.00
20150331  00:29:00 16070.00 16070.00 16065.00 16070.00   8.00
20150331  00:30:00 16070.00 16075.00 16070.00 16070.00  72.00
20150331  00:31:00 16070.00 16075.00 16070.00 16075.00  18.00
20150331  00:32:00 16075.00 16075.00 16075.00 16075.00  34.00
20150331  00:33:00 16075.00 16080.00 16075.00 16080.00  34.00
20150331  00:34:00 16080.00 16080.00 16075.00 16075.00   2.00
20150331  00:35:00 16075.00 16080.00 16075.00 16080.00   2.00
20150331  00:36:00 16080.00 16080.00 16080.00 16080.00   2.00
20150331  00:37:00 16080.00 16080.00 16075.00 16075.00   8.00
20150331  00:38:00 16075.00 16075.00 16075.00 16075.00  40.00
20150331  00:39:00 16075.00 16075.00 16075.00 16075.00  20.00
20150331  00:40:00 16075.00 16075.00 16075.00 16075.00   2.00
20150331  00:41:00 16075.00 16075.00 16070.00 16075.00  42.00
20150331  00:42:00 16075.00 16075.00 16075.00 16075.00   0.00
20150331  00:43:00 16080.00 16080.00 16070.00 16075.00 222.00
20150331  00:44:00 16075.00 16075.00 16075.00 16075.00   4.00
20150331  00:45:00 16075.00 16075.00 16075.00 16075.00  64.00
20150331  00:46:00 16075.00 16075.00 16070.00 16070.00   2.00
20150331  00:47:00 16070.00 16070.00 16070.00 16070.00   4.00
20150331  00:48:00 16070.00 16070.00 16065.00 16070.00 172.00
20150331  00:49:00 16070.00 16075.00 16070.00 16075.00  54.00
20150331  00:50:00 16075.00 16075.00 16070.00 16075.00 156.00
20150331  00:51:00 16065.00 16075.00 16065.00 16075.00 122.00
20150331  00:52:00 16075.00 16075.00 16070.00 16075.00  68.00
20150331  00:53:00 16075.00 16075.00 16075.00 16075.00  38.00
20150331  00:54:00 16075.00 16080.00 16075.00 16080.00  20.00
20150331  00:55:00 16075.00 16075.00 16070.00 16070.00 278.00
20150331  00:56:00 16070.00 16070.00 16070.00 16070.00  14.00
20150331  00:57:00 16070.00 16070.00 16065.00 16065.00 166.00
20150331  00:58:00 16065.00 16070.00 16060.00 16065.00 266.00
20150331  00:59:00 16060.00 16070.00 16060.00 16065.00 126.00
20150331  09:00:00 16070.00 16080.00 16070.00 16070.00 620.00
20150331  09:01:00 16070.00 16080.00 16065.00 16075.00 1050.00
20150331  09:02:00 16075.00 16075.00 16055.00 16055.00 850.00
20150331  09:03:00 16055.00 16065.00 16050.00 16050.00 756.00
20150331  09:04:00 16050.00 16055.00 16045.00 16055.00 1224.00
20150331  09:05:00 16050.00 16055.00 16035.00 16035.00 1150.00
20150331  09:06:00 16035.00 16045.00 16030.00 16045.00 534.00
20150331  09:07:00 16045.00 16050.00 16040.00 16045.00 742.00
20150331  09:08:00 16045.00 16045.00 16040.00 16045.00 446.00
20150331  09:09:00 16045.00 16055.00 16040.00 16050.00 610.00
20150331  09:10:00 16050.00 16055.00 16040.00 16050.00 300.00
20150331  09:11:00 16050.00 16050.00 16040.00 16045.00 746.00
20150331  09:12:00 16045.00 16050.00 16040.00 16040.00 160.00
20150331  09:13:00 16040.00 16045.00 16040.00 16045.00  72.00
20150331  09:14:00 16045.00 16045.00 16040.00 16040.00  32.00
20150331  09:15:00 16040.00 16045.00 16040.00 16040.00 226.00
20150331  09:16:00 16040.00 16050.00 16040.00 16045.00 496.00
20150331  09:17:00 16045.00 16045.00 16035.00 16040.00 836.00
20150331  09:18:00 16035.00 16040.00 16035.00 16035.00 606.00
20150331  09:19:00 16035.00 16040.00 16030.00 16040.00 640.00
20150331  09:20:00 16040.00 16040.00 16035.00 16035.00 446.00
20150331  09:21:00 16035.00 16045.00 16030.00 16045.00 560.00
20150331  09:22:00 16045.00 16050.00 16040.00 16045.00 440.00
20150331  09:23:00 16045.00 16060.00 16045.00 16055.00 862.00
20150331  09:24:00 16055.00 16065.00 16055.00 16065.00 388.00
20150331  09:25:00 16065.00 16065.00 16055.00 16055.00 236.00
20150331  09:26:00 16055.00 16060.00 16050.00 16055.00 160.00
20150331  09:27:00 16055.00 16055.00 16045.00 16050.00 330.00
20150331  09:28:00 16050.00 16055.00 16050.00 16055.00 150.00
20150331  09:29:00 16055.00 16055.00 16045.00 16045.00 186.00
20150331  09:30:00 16045.00 16045.00 16040.00 16045.00 160.00
20150331  09:31:00 16045.00 16045.00 16035.00 16035.00 152.00
20150331  09:32:00 16035.00 16040.00 16035.00 16040.00 122.00
20150331  09:33:00 16040.00 16045.00 16040.00 16040.00  34.00
20150331  09:34:00 16040.00 16045.00 16040.00 16040.00  26.00
20150331  09:35:00 16040.00 16045.00 16040.00 16045.00 196.00
20150331  09:36:00 16050.00 16050.00 16045.00 16045.00  64.00
20150331  09:37:00 16045.00 16045.00 16045.00 16045.00  40.00
20150331  09:38:00 16050.00 16050.00 16040.00 16045.00 226.00
20150331  09:39:00 16045.00 16045.00 16040.00 16040.00  46.00
20150331  09:40:00 16040.00 16045.00 16035.00 16040.00 190.00
20150331  09:41:00 16040.00 16050.00 16040.00 16045.00 368.00
20150331  09:42:00 16045.00 16045.00 16045.00 16045.00  18.00
20150331  09:43:00 16045.00 16055.00 16045.00 16050.00 112.00
20150331  09:44:00 16050.00 16055.00 16050.00 16050.00 298.00
20150331  09:45:00 16050.00 16050.00 16050.00 16050.00  12.00
20150331  09:46:00 16050.00 16055.00 16050.00 16055.00 186.00
20150331  09:47:00 16055.00 16055.00 16045.00 16045.00  26.00
20150331  09:48:00 16045.00 16050.00 16045.00 16050.00 190.00
20150331  09:49:00 16050.00 16050.00 16050.00 16050.00  52.00
20150331  09:50:00 16045.00 16050.00 16045.00 16050.00   8.00
20150331  09:51:00 16050.00 16050.00 16045.00 16045.00 288.00
20150331  09:52:00 16045.00 16045.00 16040.00 16040.00 132.00
20150331  09:53:00 16040.00 16045.00 16040.00 16040.00  38.00
20150331  09:54:00 16040.00 16045.00 16040.00 16045.00 236.00
20150331  09:55:00 16045.00 16045.00 16040.00 16040.00 100.00
20150331  09:56:00 16040.00 16040.00 16035.00 16040.00 290.00
20150331  09:57:00 16040.00 16045.00 16040.00 16045.00 144.00
20150331  09:58:00 16045.00 16045.00 16045.00 16045.00   0.00
20150331  09:59:00 16045.00 16045.00 16035.00 16040.00 482.00
20150331  10:00:00 16040.00 16040.00 16035.00 16040.00 262.00
20150331  10:01:00 16040.00 16040.00 16035.00 16035.00 218.00
20150331  10:02:00 16035.00 16035.00 16035.00 16035.00 166.00
20150331  10:03:00 16040.00 16040.00 16030.00 16035.00 316.00
20150331  10:04:00 16035.00 16050.00 16035.00 16045.00 510.00
20150331  10:05:00 16045.00 16045.00 16040.00 16040.00  46.00
20150331  10:06:00 16040.00 16045.00 16040.00 16045.00 154.00
20150331  10:07:00 16045.00 16045.00 16045.00 16045.00 144.00
20150331  10:08:00 16045.00 16045.00 16045.00 16045.00 100.00
20150331  10:09:00 16045.00 16045.00 16045.00 16045.00 242.00
20150331  10:10:00 16045.00 16045.00 16035.00 16040.00 332.00
20150331  10:11:00 16040.00 16045.00 16040.00 16045.00  74.00
20150331  10:12:00 16045.00 16045.00 16040.00 16040.00  26.00
20150331  10:13:00 16040.00 16050.00 16030.00 16030.00 988.00
20150331  10:14:00 16030.00 16030.00 16020.00 16025.00 858.00
20150331  10:30:00 16020.00 16030.00 16020.00 16025.00 202.00
20150331  10:31:00 16025.00 16030.00 16025.00 16025.00 344.00
20150331  10:32:00 16025.00 16030.00 16025.00 16025.00 322.00
20150331  10:33:00 16025.00 16030.00 16025.00 16030.00 280.00
20150331  10:34:00 16030.00 16035.00 16030.00 16030.00 168.00
20150331  10:35:00 16030.00 16030.00 16030.00 16030.00  88.00
20150331  10:36:00 16030.00 16035.00 16030.00 16035.00 130.00
20150331  10:37:00 16030.00 16035.00 16030.00 16030.00 114.00
20150331  10:38:00 16030.00 16035.00 16030.00 16030.00  52.00
20150331  10:39:00 16030.00 16030.00 16030.00 16030.00   8.00
20150331  10:40:00 16030.00 16030.00 16030.00 16030.00  70.00
20150331  10:41:00 16030.00 16035.00 16025.00 16030.00 134.00
20150331  10:42:00 16030.00 16030.00 16030.00 16030.00   6.00
20150331  10:43:00 16030.00 16040.00 16030.00 16030.00 536.00
20150331  10:44:00 16030.00 16045.00 16030.00 16045.00 440.00
20150331  10:45:00 16045.00 16050.00 16040.00 16050.00 952.00
20150331  10:46:00 16050.00 16055.00 16045.00 16050.00 546.00
20150331  10:47:00 16050.00 16060.00 16050.00 16055.00 894.00
20150331  10:48:00 16055.00 16060.00 16050.00 16060.00 514.00
20150331  10:49:00 16060.00 16060.00 16050.00 16050.00 332.00
20150331  10:50:00 16055.00 16060.00 16050.00 16055.00 294.00
20150331  10:51:00 16055.00 16055.00 16050.00 16055.00 190.00
20150331  10:52:00 16055.00 16060.00 16050.00 16050.00 322.00
20150331  10:53:00 16050.00 16060.00 16050.00 16055.00 204.00
20150331  10:54:00 16055.00 16060.00 16050.00 16055.00 276.00
20150331  10:55:00 16055.00 16055.00 16045.00 16045.00 470.00
20150331  10:56:00 16045.00 16055.00 16045.00 16055.00 130.00
20150331  10:57:00 16055.00 16055.00 16055.00 16055.00 152.00
20150331  10:58:00 16055.00 16055.00 16055.00 16055.00  12.00
20150331  10:59:00 16055.00 16065.00 16055.00 16065.00 566.00
20150331  11:00:00 16065.00 16065.00 16055.00 16060.00  92.00
20150331  11:01:00 16060.00 16060.00 16060.00 16060.00  84.00
20150331  11:02:00 16065.00 16070.00 16060.00 16070.00 580.00
20150331  11:03:00 16070.00 16070.00 16060.00 16065.00 350.00
20150331  11:04:00 16065.00 16065.00 16065.00 16065.00  60.00
20150331  11:05:00 16065.00 16070.00 16065.00 16065.00 198.00
20150331  11:06:00 16065.00 16070.00 16065.00 16065.00 226.00
20150331  11:07:00 16065.00 16065.00 16055.00 16055.00 460.00
20150331  11:08:00 16055.00 16060.00 16055.00 16060.00 522.00
20150331  11:09:00 16060.00 16060.00 16055.00 16060.00 192.00
20150331  11:10:00 16060.00 16060.00 16055.00 16055.00 140.00
20150331  11:11:00 16055.00 16060.00 16055.00 16060.00  16.00
20150331  11:12:00 16060.00 16060.00 16050.00 16055.00 542.00
20150331  11:13:00 16055.00 16060.00 16050.00 16060.00 280.00
20150331  11:14:00 16060.00 16065.00 16055.00 16055.00 268.00
20150331  11:15:00 16055.00 16055.00 16045.00 16045.00 524.00
20150331  11:16:00 16045.00 16050.00 16040.00 16040.00 452.00
20150331  11:17:00 16040.00 16040.00 16035.00 16040.00 222.00
20150331  11:18:00 16040.00 16040.00 16035.00 16035.00 364.00
20150331  11:19:00 16035.00 16045.00 16030.00 16045.00 832.00
20150331  11:20:00 16045.00 16050.00 16045.00 16050.00 162.00
20150331  11:21:00 16050.00 16050.00 16045.00 16050.00 296.00
20150331  11:22:00 16050.00 16055.00 16050.00 16050.00  36.00
20150331  11:23:00 16050.00 16055.00 16045.00 16045.00 164.00
20150331  11:24:00 16045.00 16045.00 16040.00 16040.00 200.00
20150331  11:25:00 16040.00 16045.00 16040.00 16040.00  66.00
20150331  11:26:00 16040.00 16045.00 16040.00 16040.00 222.00
20150331  11:27:00 16040.00 16045.00 16040.00 16040.00  14.00
20150331  11:28:00 16040.00 16040.00 16035.00 16040.00 136.00
20150331  11:29:00 16040.00 16045.00 16040.00 16045.00  86.00
20150331  13:30:00 16050.00 16050.00 16045.00 16045.00 170.00
20150331  13:31:00 16045.00 16050.00 16045.00 16045.00  68.00
20150331  13:32:00 16045.00 16050.00 16045.00 16050.00 184.00
20150331  13:33:00 16050.00 16050.00 16050.00 16050.00   2.00
20150331  13:34:00 16050.00 16050.00 16040.00 16050.00 192.00
20150331  13:35:00 16050.00 16050.00 16045.00 16045.00 150.00
20150331  13:36:00 16045.00 16045.00 16040.00 16045.00 230.00
20150331  13:37:00 16045.00 16050.00 16045.00 16045.00  22.00
20150331  13:38:00 16045.00 16045.00 16045.00 16045.00  46.00
20150331  13:39:00 16045.00 16045.00 16035.00 16040.00 186.00
20150331  13:40:00 16040.00 16040.00 16035.00 16035.00 280.00
20150331  13:41:00 16035.00 16045.00 16035.00 16045.00 280.00
20150331  13:42:00 16045.00 16045.00 16040.00 16040.00  42.00
20150331  13:43:00 16040.00 16045.00 16040.00 16040.00 198.00
20150331  13:44:00 16045.00 16050.00 16040.00 16050.00 236.00
20150331  13:45:00 16050.00 16055.00 16045.00 16055.00 302.00
20150331  13:46:00 16050.00 16055.00 16050.00 16055.00 534.00
20150331  13:47:00 16055.00 16055.00 16050.00 16050.00 290.00
20150331  13:48:00 16050.00 16060.00 16050.00 16060.00 176.00
20150331  13:49:00 16060.00 16060.00 16055.00 16060.00 188.00
20150331  13:50:00 16060.00 16060.00 16055.00 16060.00 228.00
20150331  13:51:00 16060.00 16060.00 16060.00 16060.00 112.00
20150331  13:52:00 16060.00 16065.00 16060.00 16065.00 154.00
20150331  13:53:00 16065.00 16065.00 16060.00 16060.00 186.00
20150331  13:54:00 16060.00 16060.00 16060.00 16060.00  50.00
20150331  13:55:00 16060.00 16060.00 16050.00 16050.00 158.00
20150331  13:56:00 16050.00 16050.00 16050.00 16050.00 178.00
20150331  13:57:00 16050.00 16050.00 16050.00 16050.00   8.00
20150331  13:58:00 16050.00 16060.00 16050.00 16055.00 306.00
20150331  13:59:00 16055.00 16055.00 16055.00 16055.00  48.00
20150331  14:00:00 16055.00 16055.00 16055.00 16055.00   0.00
20150331  14:01:00 16055.00 16055.00 16050.00 16050.00 164.00
20150331  14:02:00 16055.00 16055.00 16050.00 16050.00  12.00
20150331  14:03:00 16050.00 16060.00 16050.00 16055.00 112.00
20150331  14:04:00 16055.00 16055.00 16050.00 16050.00  76.00
20150331  14:05:00 16050.00 16050.00 16050.00 16050.00  54.00
20150331  14:06:00 16050.00 16055.00 16050.00 16055.00  20.00
20150331  14:07:00 16055.00 16055.00 16055.00 16055.00   8.00
20150331  14:08:00 16050.00 16055.00 16050.00 16055.00  66.00
20150331  14:09:00 16055.00 16055.00 16050.00 16050.00  28.00
20150331  14:10:00 16050.00 16055.00 16050.00 16055.00 156.00
20150331  14:11:00 16055.00 16055.00 16055.00 16055.00  82.00
20150331  14:12:00 16055.00 16060.00 16055.00 16055.00  32.00
20150331  14:13:00 16055.00 16060.00 16055.00 16060.00 430.00
20150331  14:14:00 16060.00 16060.00 16055.00 16060.00  54.00
20150331  14:15:00 16060.00 16065.00 16055.00 16060.00  46.00
20150331  14:16:00 16060.00 16060.00 16050.00 16050.00 118.00
20150331  14:17:00 16050.00 16055.00 16050.00 16055.00  88.00
20150331  14:18:00 16055.00 16060.00 16055.00 16060.00 260.00
20150331  14:19:00 16060.00 16065.00 16055.00 16060.00 480.00
20150331  14:20:00 16060.00 16065.00 16055.00 16060.00 234.00
20150331  14:21:00 16060.00 16070.00 16055.00 16065.00 668.00
20150331  14:22:00 16065.00 16065.00 16050.00 16055.00 454.00
20150331  14:23:00 16055.00 16055.00 16050.00 16050.00 240.00
20150331  14:24:00 16050.00 16050.00 16045.00 16045.00  72.00
20150331  14:25:00 16045.00 16045.00 16035.00 16035.00 578.00
20150331  14:26:00 16035.00 16035.00 16020.00 16020.00 1920.00
20150331  14:27:00 16020.00 16025.00 16010.00 16020.00 1146.00
20150331  14:28:00 16020.00 16025.00 16015.00 16020.00 408.00
20150331  14:29:00 16020.00 16030.00 16020.00 16025.00 408.00
20150331  14:30:00 16025.00 16030.00 16020.00 16020.00 628.00
20150331  14:31:00 16020.00 16030.00 16020.00 16025.00 232.00
20150331  14:32:00 16025.00 16025.00 16020.00 16020.00  94.00
20150331  14:33:00 16025.00 16030.00 16025.00 16025.00 176.00
20150331  14:34:00 16025.00 16025.00 16020.00 16025.00 498.00
20150331  14:35:00 16025.00 16025.00 16020.00 16020.00 138.00
20150331  14:36:00 16020.00 16025.00 16015.00 16025.00 576.00
20150331  14:37:00 16025.00 16040.00 16025.00 16040.00 708.00
20150331  14:38:00 16040.00 16040.00 16035.00 16040.00  98.00
20150331  14:39:00 16040.00 16040.00 16030.00 16035.00 408.00
20150331  14:40:00 16035.00 16040.00 16030.00 16035.00 262.00
20150331  14:41:00 16035.00 16035.00 16030.00 16030.00 184.00
20150331  14:42:00 16035.00 16040.00 16035.00 16035.00 110.00
20150331  14:43:00 16035.00 16035.00 16035.00 16035.00 120.00
20150331  14:44:00 16035.00 16035.00 16025.00 16035.00 336.00
20150331  14:45:00 16035.00 16035.00 16030.00 16030.00 106.00
20150331  14:46:00 16030.00 16030.00 16025.00 16025.00 222.00
20150331  14:47:00 16025.00 16025.00 16020.00 16020.00 432.00
20150331  14:48:00 16020.00 16030.00 16020.00 16025.00 634.00
20150331  14:49:00 16025.00 16030.00 16025.00 16025.00 220.00
20150331  14:50:00 16025.00 16030.00 16025.00 16025.00 102.00
20150331  14:51:00 16025.00 16030.00 16020.00 16025.00 128.00
20150331  14:52:00 16025.00 16025.00 16015.00 16020.00 526.00
20150331  14:53:00 16020.00 16020.00 16010.00 16010.00 780.00
20150331  14:54:00 16005.00 16010.00 15985.00 15985.00 2068.00
20150331  14:55:00 15985.00 15995.00 15980.00 15980.00 1224.00
20150331  14:56:00 15980.00 15995.00 15980.00 15990.00 770.00
20150331  14:57:00 15990.00 16000.00 15985.00 15995.00 650.00
20150331  14:58:00 15990.00 16000.00 15990.00 15995.00 846.00
20150331  14:59:00 15995.00 15995.00 15985.00 15985.00 888.00
20150331  15:00:00 15985.00 15985.00 15985.00 15985.00   0.00
