20150204  15:00:00 16330.00 16330.00 16330.00 16330.00  20.00
20150204  14:59:00 16310.00 16325.00 16310.00 16315.00 1272.00
20150204  14:58:00 16320.00 16320.00 16310.00 16310.00 800.00
20150204  14:57:00 16320.00 16325.00 16315.00 16320.00 672.00
20150204  14:56:00 16325.00 16330.00 16320.00 16325.00 308.00
20150204  14:55:00 16330.00 16330.00 16320.00 16325.00 548.00
20150204  14:54:00 16325.00 16330.00 16320.00 16330.00 130.00
20150204  14:53:00 16325.00 16325.00 16320.00 16325.00  54.00
20150204  14:52:00 16325.00 16330.00 16320.00 16325.00 416.00
20150204  14:51:00 16325.00 16330.00 16320.00 16325.00 176.00
20150204  14:50:00 16325.00 16330.00 16320.00 16330.00 508.00
20150204  14:49:00 16325.00 16330.00 16315.00 16320.00 474.00
20150204  14:48:00 16315.00 16325.00 16315.00 16325.00 386.00
20150204  14:47:00 16320.00 16325.00 16315.00 16315.00 422.00
20150204  14:46:00 16325.00 16325.00 16320.00 16320.00  80.00
20150204  14:45:00 16325.00 16325.00 16325.00 16325.00 116.00
20150204  14:44:00 16330.00 16330.00 16325.00 16325.00 232.00
20150204  14:43:00 16320.00 16335.00 16315.00 16330.00 580.00
20150204  14:42:00 16320.00 16320.00 16315.00 16320.00 450.00
20150204  14:41:00 16325.00 16330.00 16320.00 16320.00 168.00
20150204  14:40:00 16335.00 16335.00 16325.00 16325.00 326.00
20150204  14:39:00 16340.00 16340.00 16335.00 16335.00  38.00
20150204  14:38:00 16335.00 16340.00 16335.00 16340.00  28.00
20150204  14:37:00 16335.00 16335.00 16335.00 16335.00  98.00
20150204  14:36:00 16335.00 16340.00 16335.00 16335.00 202.00
20150204  14:35:00 16330.00 16335.00 16330.00 16335.00 136.00
20150204  14:34:00 16330.00 16330.00 16325.00 16330.00  26.00
20150204  14:33:00 16330.00 16330.00 16325.00 16330.00  40.00
20150204  14:32:00 16335.00 16335.00 16325.00 16330.00 250.00
20150204  14:31:00 16345.00 16350.00 16335.00 16335.00 784.00
20150204  14:30:00 16340.00 16345.00 16340.00 16340.00 104.00
20150204  14:29:00 16335.00 16340.00 16335.00 16340.00  98.00
20150204  14:28:00 16340.00 16340.00 16335.00 16335.00 100.00
20150204  14:27:00 16340.00 16345.00 16340.00 16340.00 212.00
20150204  14:26:00 16340.00 16345.00 16335.00 16345.00 282.00
20150204  14:25:00 16320.00 16340.00 16320.00 16340.00 366.00
20150204  14:24:00 16320.00 16325.00 16320.00 16320.00 284.00
20150204  14:23:00 16325.00 16330.00 16315.00 16320.00 778.00
20150204  14:22:00 16330.00 16330.00 16325.00 16325.00 466.00
20150204  14:21:00 16335.00 16340.00 16330.00 16330.00 224.00
20150204  14:20:00 16325.00 16340.00 16320.00 16335.00 570.00
20150204  14:19:00 16330.00 16335.00 16320.00 16320.00 1120.00
20150204  14:18:00 16350.00 16355.00 16330.00 16335.00 914.00
20150204  14:17:00 16345.00 16350.00 16345.00 16350.00 258.00
20150204  14:16:00 16350.00 16355.00 16345.00 16345.00 518.00
20150204  14:15:00 16360.00 16360.00 16350.00 16350.00 252.00
20150204  14:14:00 16350.00 16360.00 16345.00 16360.00 482.00
20150204  14:13:00 16355.00 16355.00 16350.00 16350.00 420.00
20150204  14:12:00 16355.00 16360.00 16355.00 16355.00  92.00
20150204  14:11:00 16350.00 16355.00 16350.00 16355.00 182.00
20150204  14:10:00 16355.00 16355.00 16350.00 16350.00  40.00
20150204  14:09:00 16355.00 16355.00 16355.00 16355.00 314.00
20150204  14:08:00 16350.00 16360.00 16350.00 16355.00 160.00
20150204  14:07:00 16365.00 16365.00 16350.00 16350.00 308.00
20150204  14:06:00 16360.00 16365.00 16355.00 16365.00  42.00
20150204  14:05:00 16355.00 16360.00 16355.00 16360.00 138.00
20150204  14:04:00 16355.00 16360.00 16350.00 16355.00 158.00
20150204  14:03:00 16355.00 16355.00 16350.00 16355.00 158.00
20150204  14:02:00 16360.00 16360.00 16350.00 16355.00 336.00
20150204  14:01:00 16360.00 16360.00 16360.00 16360.00 184.00
20150204  14:00:00 16365.00 16365.00 16360.00 16360.00  94.00
20150204  13:59:00 16365.00 16370.00 16365.00 16365.00  14.00
20150204  13:58:00 16365.00 16370.00 16365.00 16365.00 166.00
20150204  13:57:00 16355.00 16365.00 16355.00 16365.00 360.00
20150204  13:56:00 16355.00 16360.00 16355.00 16355.00  74.00
20150204  13:55:00 16360.00 16360.00 16355.00 16355.00 196.00
20150204  13:54:00 16355.00 16365.00 16355.00 16360.00 152.00
20150204  13:53:00 16360.00 16360.00 16355.00 16355.00  34.00
20150204  13:52:00 16360.00 16365.00 16360.00 16360.00  52.00
20150204  13:51:00 16355.00 16360.00 16355.00 16360.00 212.00
20150204  13:50:00 16355.00 16355.00 16350.00 16355.00  70.00
20150204  13:49:00 16365.00 16365.00 16355.00 16355.00 508.00
20150204  13:48:00 16370.00 16370.00 16365.00 16365.00 372.00
20150204  13:47:00 16370.00 16375.00 16370.00 16370.00 120.00
20150204  13:46:00 16365.00 16375.00 16365.00 16365.00 128.00
20150204  13:45:00 16380.00 16380.00 16365.00 16365.00 342.00
20150204  13:44:00 16385.00 16385.00 16375.00 16380.00 138.00
20150204  13:43:00 16375.00 16385.00 16375.00 16385.00 194.00
20150204  13:42:00 16380.00 16380.00 16375.00 16375.00   6.00
20150204  13:41:00 16375.00 16380.00 16375.00 16380.00  32.00
20150204  13:40:00 16370.00 16380.00 16360.00 16380.00 376.00
20150204  13:39:00 16375.00 16375.00 16370.00 16370.00  88.00
20150204  13:38:00 16375.00 16380.00 16370.00 16375.00 100.00
20150204  13:37:00 16375.00 16375.00 16375.00 16375.00 212.00
20150204  13:36:00 16380.00 16380.00 16375.00 16375.00 136.00
20150204  13:35:00 16385.00 16390.00 16375.00 16380.00 174.00
20150204  13:34:00 16395.00 16395.00 16385.00 16390.00  88.00
20150204  13:33:00 16395.00 16395.00 16390.00 16395.00 198.00
20150204  13:32:00 16385.00 16395.00 16385.00 16395.00 302.00
20150204  13:31:00 16375.00 16395.00 16375.00 16385.00 474.00
20150204  13:30:00 16365.00 16375.00 16365.00 16370.00 360.00
20150204  11:29:00 16365.00 16375.00 16365.00 16370.00 484.00
20150204  11:28:00 16360.00 16370.00 16360.00 16365.00 176.00
20150204  11:27:00 16370.00 16370.00 16365.00 16365.00 162.00
20150204  11:26:00 16365.00 16370.00 16360.00 16370.00 306.00
20150204  11:25:00 16385.00 16385.00 16365.00 16370.00 524.00
20150204  11:24:00 16365.00 16385.00 16365.00 16380.00 834.00
20150204  11:23:00 16365.00 16365.00 16355.00 16360.00 168.00
20150204  11:22:00 16355.00 16365.00 16345.00 16365.00 1354.00
20150204  11:21:00 16365.00 16365.00 16350.00 16355.00 1334.00
20150204  11:20:00 16365.00 16370.00 16360.00 16360.00 322.00
20150204  11:19:00 16375.00 16375.00 16360.00 16365.00 782.00
20150204  11:18:00 16385.00 16390.00 16370.00 16375.00 710.00
20150204  11:17:00 16390.00 16395.00 16385.00 16385.00 260.00
20150204  11:16:00 16390.00 16395.00 16390.00 16390.00  62.00
20150204  11:15:00 16390.00 16395.00 16390.00 16390.00 196.00
20150204  11:14:00 16395.00 16395.00 16390.00 16390.00  94.00
20150204  11:13:00 16390.00 16395.00 16390.00 16395.00 158.00
20150204  11:12:00 16395.00 16395.00 16390.00 16390.00  98.00
20150204  11:11:00 16390.00 16395.00 16390.00 16395.00 148.00
20150204  11:10:00 16390.00 16390.00 16390.00 16390.00 144.00
20150204  11:09:00 16385.00 16390.00 16385.00 16390.00 628.00
20150204  11:08:00 16390.00 16395.00 16385.00 16385.00 234.00
20150204  11:07:00 16395.00 16400.00 16385.00 16390.00 314.00
20150204  11:06:00 16405.00 16405.00 16395.00 16395.00 106.00
20150204  11:05:00 16410.00 16410.00 16405.00 16405.00 138.00
20150204  11:04:00 16405.00 16410.00 16405.00 16405.00  24.00
20150204  11:03:00 16395.00 16405.00 16395.00 16405.00 230.00
20150204  11:02:00 16410.00 16410.00 16400.00 16400.00 318.00
20150204  11:01:00 16415.00 16420.00 16410.00 16410.00 332.00
20150204  11:00:00 16415.00 16420.00 16415.00 16415.00 116.00
20150204  10:59:00 16415.00 16415.00 16415.00 16415.00  26.00
20150204  10:58:00 16415.00 16415.00 16410.00 16415.00 258.00
20150204  10:57:00 16420.00 16420.00 16420.00 16420.00  72.00
20150204  10:56:00 16415.00 16420.00 16415.00 16420.00  78.00
20150204  10:55:00 16420.00 16420.00 16415.00 16415.00  44.00
20150204  10:54:00 16420.00 16420.00 16420.00 16420.00 144.00
20150204  10:53:00 16420.00 16425.00 16415.00 16420.00 268.00
20150204  10:52:00 16420.00 16420.00 16415.00 16420.00 462.00
20150204  10:51:00 16415.00 16420.00 16415.00 16420.00 240.00
20150204  10:50:00 16410.00 16415.00 16410.00 16415.00 262.00
20150204  10:49:00 16415.00 16415.00 16410.00 16410.00  42.00
20150204  10:48:00 16415.00 16415.00 16410.00 16415.00 276.00
20150204  10:47:00 16415.00 16415.00 16405.00 16410.00 304.00
20150204  10:46:00 16410.00 16410.00 16405.00 16410.00 206.00
20150204  10:45:00 16410.00 16410.00 16405.00 16410.00  40.00
20150204  10:44:00 16410.00 16410.00 16405.00 16410.00  32.00
20150204  10:43:00 16405.00 16410.00 16405.00 16410.00  46.00
20150204  10:42:00 16410.00 16410.00 16405.00 16405.00 134.00
20150204  10:41:00 16405.00 16410.00 16405.00 16410.00 138.00
20150204  10:40:00 16400.00 16410.00 16400.00 16405.00 238.00
20150204  10:39:00 16395.00 16405.00 16395.00 16400.00 324.00
20150204  10:38:00 16395.00 16400.00 16395.00 16395.00 168.00
20150204  10:37:00 16390.00 16395.00 16390.00 16395.00  94.00
20150204  10:36:00 16395.00 16400.00 16395.00 16395.00 218.00
20150204  10:35:00 16390.00 16395.00 16390.00 16395.00 214.00
20150204  10:34:00 16385.00 16395.00 16380.00 16390.00 332.00
20150204  10:33:00 16390.00 16390.00 16380.00 16385.00 600.00
20150204  10:32:00 16400.00 16400.00 16385.00 16390.00 704.00
20150204  10:31:00 16400.00 16400.00 16400.00 16400.00 286.00
20150204  10:30:00 16400.00 16400.00 16400.00 16400.00 156.00
20150204  10:14:00 16395.00 16405.00 16395.00 16405.00  92.00
20150204  10:13:00 16405.00 16405.00 16395.00 16395.00 136.00
20150204  10:12:00 16405.00 16405.00 16405.00 16405.00  18.00
20150204  10:11:00 16410.00 16415.00 16405.00 16405.00 250.00
20150204  10:10:00 16405.00 16410.00 16405.00 16410.00 216.00
20150204  10:09:00 16405.00 16410.00 16405.00 16405.00 134.00
20150204  10:08:00 16405.00 16405.00 16405.00 16405.00  42.00
20150204  10:07:00 16405.00 16410.00 16405.00 16405.00 188.00
20150204  10:06:00 16400.00 16410.00 16395.00 16405.00 432.00
20150204  10:05:00 16395.00 16400.00 16395.00 16400.00 236.00
20150204  10:04:00 16400.00 16400.00 16395.00 16395.00  14.00
20150204  10:03:00 16400.00 16400.00 16395.00 16400.00  76.00
20150204  10:02:00 16400.00 16405.00 16395.00 16395.00 166.00
20150204  10:01:00 16400.00 16405.00 16395.00 16400.00 226.00
20150204  10:00:00 16405.00 16405.00 16395.00 16395.00 590.00
20150204  09:59:00 16410.00 16415.00 16405.00 16405.00 142.00
20150204  09:58:00 16420.00 16420.00 16410.00 16410.00 246.00
20150204  09:57:00 16420.00 16425.00 16420.00 16425.00   8.00
20150204  09:56:00 16425.00 16425.00 16420.00 16420.00 414.00
20150204  09:55:00 16415.00 16425.00 16415.00 16425.00 458.00
20150204  09:54:00 16420.00 16420.00 16415.00 16415.00 190.00
20150204  09:53:00 16405.00 16420.00 16405.00 16420.00 264.00
20150204  09:52:00 16410.00 16410.00 16400.00 16405.00 306.00
20150204  09:51:00 16410.00 16415.00 16405.00 16410.00 566.00
20150204  09:50:00 16415.00 16415.00 16410.00 16410.00 256.00
20150204  09:49:00 16415.00 16415.00 16410.00 16410.00  48.00
20150204  09:48:00 16420.00 16420.00 16415.00 16415.00  86.00
20150204  09:47:00 16410.00 16420.00 16410.00 16420.00 168.00
20150204  09:46:00 16410.00 16415.00 16410.00 16410.00  56.00
20150204  09:45:00 16420.00 16420.00 16410.00 16410.00 170.00
20150204  09:44:00 16420.00 16425.00 16415.00 16420.00 166.00
20150204  09:43:00 16415.00 16420.00 16415.00 16420.00 398.00
20150204  09:42:00 16415.00 16415.00 16415.00 16415.00  26.00
20150204  09:41:00 16420.00 16420.00 16415.00 16415.00 556.00
20150204  09:40:00 16425.00 16430.00 16420.00 16420.00 130.00
20150204  09:39:00 16425.00 16425.00 16425.00 16425.00 148.00
20150204  09:38:00 16425.00 16430.00 16425.00 16425.00 126.00
20150204  09:37:00 16415.00 16430.00 16415.00 16425.00 358.00
20150204  09:36:00 16420.00 16420.00 16420.00 16420.00 136.00
20150204  09:35:00 16420.00 16425.00 16420.00 16420.00 228.00
20150204  09:34:00 16420.00 16425.00 16415.00 16420.00 132.00
20150204  09:33:00 16425.00 16425.00 16415.00 16420.00 216.00
20150204  09:32:00 16430.00 16430.00 16420.00 16425.00  58.00
20150204  09:31:00 16430.00 16430.00 16425.00 16430.00  80.00
20150204  09:30:00 16420.00 16430.00 16420.00 16430.00 138.00
20150204  09:29:00 16415.00 16435.00 16410.00 16420.00 374.00
20150204  09:28:00 16420.00 16435.00 16415.00 16415.00 766.00
20150204  09:27:00 16415.00 16425.00 16415.00 16420.00 236.00
20150204  09:26:00 16415.00 16420.00 16405.00 16415.00 614.00
20150204  09:25:00 16405.00 16420.00 16400.00 16415.00 420.00
20150204  09:24:00 16425.00 16425.00 16405.00 16405.00 780.00
20150204  09:23:00 16415.00 16425.00 16410.00 16425.00 490.00
20150204  09:22:00 16435.00 16435.00 16415.00 16415.00 740.00
20150204  09:21:00 16435.00 16440.00 16430.00 16435.00 432.00
20150204  09:20:00 16450.00 16450.00 16430.00 16435.00 978.00
20150204  09:19:00 16450.00 16455.00 16440.00 16450.00 1326.00
20150204  09:18:00 16435.00 16455.00 16435.00 16450.00 1780.00
20150204  09:17:00 16460.00 16465.00 16425.00 16435.00 2630.00
20150204  09:16:00 16460.00 16460.00 16425.00 16455.00 2364.00
20150204  09:15:00 16410.00 16465.00 16405.00 16460.00 2864.00
20150204  09:14:00 16405.00 16410.00 16400.00 16410.00 298.00
20150204  09:13:00 16405.00 16410.00 16400.00 16400.00 628.00
20150204  09:12:00 16400.00 16410.00 16390.00 16405.00 1352.00
20150204  09:11:00 16370.00 16405.00 16370.00 16400.00 1818.00
20150204  09:10:00 16365.00 16370.00 16355.00 16370.00 1136.00
20150204  09:09:00 16350.00 16370.00 16350.00 16370.00 1600.00
20150204  09:08:00 16360.00 16365.00 16350.00 16350.00 1718.00
20150204  09:07:00 16360.00 16375.00 16350.00 16365.00 1976.00
20150204  09:06:00 16385.00 16385.00 16355.00 16355.00 2740.00
20150204  09:05:00 16400.00 16400.00 16380.00 16385.00 1920.00
20150204  09:04:00 16425.00 16425.00 16400.00 16400.00 2226.00
20150204  09:03:00 16420.00 16430.00 16420.00 16425.00 580.00
20150204  09:02:00 16420.00 16425.00 16415.00 16420.00 514.00
20150204  09:01:00 16410.00 16425.00 16410.00 16420.00 938.00
20150204  09:00:00 16420.00 16430.00 16405.00 16405.00 1056.00
20150204  00:59:00 16415.00 16420.00 16410.00 16410.00 320.00
20150204  00:58:00 16420.00 16420.00 16405.00 16415.00 356.00
20150204  00:57:00 16430.00 16435.00 16420.00 16425.00 374.00
20150204  00:56:00 16430.00 16435.00 16430.00 16430.00 308.00
20150204  00:55:00 16425.00 16435.00 16425.00 16435.00 282.00
20150204  00:54:00 16425.00 16430.00 16425.00 16430.00 152.00
20150204  00:53:00 16425.00 16430.00 16420.00 16425.00  66.00
20150204  00:52:00 16425.00 16430.00 16425.00 16425.00 112.00
20150204  00:51:00 16430.00 16430.00 16425.00 16425.00  26.00
20150204  00:50:00 16425.00 16430.00 16425.00 16430.00  84.00
20150204  00:49:00 16415.00 16430.00 16415.00 16425.00 218.00
20150204  00:48:00 16420.00 16425.00 16410.00 16415.00 452.00
20150204  00:47:00 16425.00 16425.00 16420.00 16420.00 326.00
20150204  00:46:00 16430.00 16430.00 16420.00 16425.00 394.00
20150204  00:45:00 16440.00 16445.00 16430.00 16430.00 604.00
20150204  00:44:00 16445.00 16445.00 16435.00 16440.00 158.00
20150204  00:43:00 16440.00 16445.00 16435.00 16445.00 276.00
20150204  00:42:00 16440.00 16440.00 16435.00 16440.00  96.00
20150204  00:41:00 16440.00 16440.00 16435.00 16440.00 310.00
20150204  00:40:00 16435.00 16440.00 16435.00 16440.00 350.00
20150204  00:39:00 16435.00 16440.00 16435.00 16435.00 274.00
20150204  00:38:00 16435.00 16435.00 16425.00 16435.00 214.00
20150204  00:37:00 16435.00 16440.00 16435.00 16435.00  40.00
20150204  00:36:00 16435.00 16435.00 16435.00 16435.00  30.00
20150204  00:35:00 16440.00 16440.00 16430.00 16435.00  78.00
20150204  00:34:00 16440.00 16445.00 16440.00 16440.00  74.00
20150204  00:33:00 16435.00 16445.00 16435.00 16440.00 176.00
20150204  00:32:00 16430.00 16435.00 16430.00 16435.00 162.00
20150204  00:31:00 16435.00 16435.00 16430.00 16430.00  48.00
20150204  00:30:00 16430.00 16435.00 16430.00 16435.00 142.00
20150204  00:29:00 16430.00 16430.00 16430.00 16430.00  64.00
20150204  00:28:00 16430.00 16435.00 16430.00 16430.00 232.00
20150204  00:27:00 16430.00 16435.00 16430.00 16430.00 108.00
20150204  00:26:00 16430.00 16430.00 16430.00 16430.00 152.00
20150204  00:25:00 16430.00 16430.00 16430.00 16430.00  72.00
20150204  00:24:00 16430.00 16435.00 16430.00 16430.00 250.00
20150204  00:23:00 16425.00 16430.00 16425.00 16430.00 336.00
20150204  00:22:00 16425.00 16425.00 16420.00 16425.00  90.00
20150204  00:21:00 16425.00 16430.00 16425.00 16425.00 130.00
20150204  00:20:00 16425.00 16430.00 16420.00 16425.00 194.00
20150204  00:19:00 16425.00 16430.00 16425.00 16425.00 128.00
20150204  00:18:00 16415.00 16430.00 16405.00 16425.00 780.00
20150204  00:17:00 16410.00 16415.00 16410.00 16415.00 124.00
20150204  00:16:00 16410.00 16410.00 16410.00 16410.00 142.00
20150204  00:15:00 16415.00 16415.00 16410.00 16410.00 108.00
20150204  00:14:00 16415.00 16415.00 16415.00 16415.00   4.00
20150204  00:13:00 16415.00 16415.00 16410.00 16415.00  28.00
20150204  00:12:00 16415.00 16415.00 16410.00 16415.00 182.00
20150204  00:11:00 16410.00 16415.00 16410.00 16415.00  10.00
20150204  00:10:00 16415.00 16415.00 16410.00 16410.00  68.00
20150204  00:09:00 16410.00 16415.00 16410.00 16415.00  52.00
20150204  00:08:00 16405.00 16410.00 16405.00 16410.00 546.00
20150204  00:07:00 16400.00 16400.00 16400.00 16400.00 238.00
20150204  00:06:00 16400.00 16400.00 16395.00 16400.00 372.00
20150204  00:05:00 16405.00 16405.00 16400.00 16400.00 182.00
20150204  00:04:00 16405.00 16405.00 16400.00 16405.00 300.00
20150204  00:03:00 16410.00 16410.00 16400.00 16405.00 162.00
20150204  00:02:00 16405.00 16410.00 16400.00 16410.00  88.00
20150204  00:01:00 16390.00 16405.00 16390.00 16405.00 196.00
20150204  00:00:00 16400.00 16400.00 16390.00 16390.00 394.00
20150203  23:59:00 16400.00 16400.00 16400.00 16400.00  14.00
20150203  23:58:00 16400.00 16405.00 16395.00 16400.00 224.00
20150203  23:57:00 16400.00 16400.00 16395.00 16400.00 158.00
20150203  23:56:00 16405.00 16405.00 16395.00 16395.00 314.00
20150203  23:55:00 16405.00 16410.00 16405.00 16405.00 706.00
20150203  23:54:00 16410.00 16410.00 16405.00 16405.00  46.00
20150203  23:53:00 16410.00 16410.00 16410.00 16410.00  18.00
20150203  23:52:00 16415.00 16415.00 16410.00 16410.00  24.00
20150203  23:51:00 16410.00 16420.00 16405.00 16420.00 164.00
20150203  23:50:00 16420.00 16420.00 16410.00 16410.00 168.00
20150203  23:49:00 16410.00 16420.00 16410.00 16420.00 282.00
20150203  23:48:00 16410.00 16410.00 16405.00 16410.00  66.00
20150203  23:47:00 16410.00 16415.00 16405.00 16410.00 130.00
20150203  23:46:00 16405.00 16415.00 16405.00 16410.00 228.00
20150203  23:45:00 16395.00 16405.00 16395.00 16405.00 490.00
20150203  23:44:00 16410.00 16410.00 16390.00 16395.00 816.00
20150203  23:43:00 16415.00 16415.00 16410.00 16410.00 120.00
20150203  23:42:00 16410.00 16420.00 16410.00 16415.00 328.00
20150203  23:41:00 16410.00 16410.00 16405.00 16410.00 176.00
20150203  23:40:00 16410.00 16415.00 16405.00 16410.00 510.00
20150203  23:39:00 16415.00 16420.00 16410.00 16410.00 358.00
20150203  23:38:00 16410.00 16420.00 16410.00 16415.00 630.00
20150203  23:37:00 16420.00 16420.00 16405.00 16415.00 642.00
20150203  23:36:00 16420.00 16425.00 16415.00 16420.00 628.00
20150203  23:35:00 16445.00 16445.00 16420.00 16420.00 1012.00
20150203  23:34:00 16440.00 16445.00 16435.00 16440.00 464.00
20150203  23:33:00 16440.00 16445.00 16440.00 16440.00 492.00
20150203  23:32:00 16435.00 16445.00 16435.00 16445.00 694.00
20150203  23:31:00 16435.00 16440.00 16430.00 16435.00 568.00
20150203  23:30:00 16435.00 16440.00 16435.00 16435.00 212.00
20150203  23:29:00 16430.00 16440.00 16430.00 16435.00 282.00
20150203  23:28:00 16430.00 16435.00 16425.00 16430.00 326.00
20150203  23:27:00 16435.00 16440.00 16430.00 16430.00 510.00
20150203  23:26:00 16445.00 16445.00 16435.00 16435.00 610.00
20150203  23:25:00 16435.00 16450.00 16430.00 16445.00 1232.00
20150203  23:24:00 16440.00 16440.00 16425.00 16435.00 1000.00
20150203  23:23:00 16410.00 16450.00 16405.00 16440.00 3158.00
20150203  23:22:00 16405.00 16405.00 16400.00 16405.00 120.00
20150203  23:21:00 16400.00 16405.00 16400.00 16405.00 170.00
20150203  23:20:00 16400.00 16405.00 16400.00 16400.00 250.00
20150203  23:19:00 16395.00 16405.00 16395.00 16400.00 490.00
20150203  23:18:00 16395.00 16400.00 16390.00 16395.00 234.00
20150203  23:17:00 16390.00 16395.00 16390.00 16395.00 536.00
20150203  23:16:00 16390.00 16395.00 16390.00 16390.00 114.00
20150203  23:15:00 16395.00 16400.00 16390.00 16390.00 248.00
20150203  23:14:00 16400.00 16400.00 16390.00 16395.00 382.00
20150203  23:13:00 16400.00 16405.00 16400.00 16400.00 456.00
20150203  23:12:00 16410.00 16415.00 16400.00 16400.00 494.00
20150203  23:11:00 16405.00 16415.00 16400.00 16415.00 1050.00
20150203  23:10:00 16395.00 16410.00 16395.00 16405.00 1624.00
20150203  23:09:00 16395.00 16395.00 16390.00 16395.00 140.00
20150203  23:08:00 16385.00 16395.00 16385.00 16395.00 408.00
20150203  23:07:00 16390.00 16390.00 16385.00 16390.00 404.00
20150203  23:06:00 16390.00 16390.00 16385.00 16390.00 228.00
20150203  23:05:00 16390.00 16395.00 16385.00 16390.00 1080.00
20150203  23:04:00 16385.00 16390.00 16385.00 16385.00 452.00
20150203  23:03:00 16380.00 16390.00 16380.00 16385.00 620.00
20150203  23:02:00 16380.00 16385.00 16375.00 16380.00 542.00
20150203  23:01:00 16375.00 16390.00 16375.00 16380.00 836.00
20150203  23:00:00 16370.00 16380.00 16370.00 16375.00 1372.00
20150203  22:59:00 16370.00 16370.00 16365.00 16370.00 196.00
20150203  22:58:00 16360.00 16370.00 16360.00 16370.00 372.00
20150203  22:57:00 16365.00 16365.00 16360.00 16360.00  52.00
20150203  22:56:00 16360.00 16365.00 16360.00 16365.00  26.00
20150203  22:55:00 16360.00 16360.00 16360.00 16360.00  70.00
20150203  22:54:00 16360.00 16365.00 16355.00 16360.00 168.00
20150203  22:53:00 16365.00 16365.00 16360.00 16360.00 460.00
20150203  22:52:00 16365.00 16365.00 16365.00 16365.00 164.00
20150203  22:51:00 16360.00 16365.00 16360.00 16365.00 136.00
20150203  22:50:00 16365.00 16365.00 16360.00 16360.00 176.00
20150203  22:49:00 16355.00 16375.00 16355.00 16365.00 1286.00
20150203  22:48:00 16355.00 16360.00 16355.00 16360.00 350.00
20150203  22:47:00 16350.00 16355.00 16350.00 16355.00 398.00
20150203  22:46:00 16350.00 16350.00 16350.00 16350.00  56.00
20150203  22:45:00 16345.00 16350.00 16345.00 16345.00  46.00
20150203  22:44:00 16345.00 16345.00 16345.00 16345.00  10.00
20150203  22:43:00 16345.00 16345.00 16340.00 16345.00  36.00
20150203  22:42:00 16345.00 16345.00 16345.00 16345.00  62.00
20150203  22:41:00 16340.00 16345.00 16340.00 16345.00  38.00
20150203  22:40:00 16345.00 16350.00 16340.00 16340.00  50.00
20150203  22:39:00 16345.00 16345.00 16345.00 16345.00  58.00
20150203  22:38:00 16345.00 16350.00 16345.00 16345.00  38.00
20150203  22:37:00 16345.00 16350.00 16340.00 16350.00  70.00
20150203  22:36:00 16345.00 16345.00 16345.00 16345.00  32.00
20150203  22:35:00 16350.00 16350.00 16345.00 16345.00  46.00
20150203  22:34:00 16345.00 16350.00 16345.00 16350.00  98.00
20150203  22:33:00 16345.00 16345.00 16340.00 16345.00 180.00
20150203  22:32:00 16345.00 16345.00 16345.00 16345.00 240.00
20150203  22:31:00 16340.00 16345.00 16340.00 16345.00 190.00
20150203  22:30:00 16340.00 16345.00 16340.00 16340.00 306.00
20150203  22:29:00 16345.00 16345.00 16340.00 16340.00 152.00
20150203  22:28:00 16345.00 16350.00 16345.00 16345.00 398.00
20150203  22:27:00 16345.00 16350.00 16345.00 16345.00 172.00
20150203  22:26:00 16350.00 16350.00 16345.00 16345.00 190.00
20150203  22:25:00 16350.00 16355.00 16345.00 16350.00 618.00
20150203  22:24:00 16350.00 16350.00 16345.00 16350.00 378.00
20150203  22:23:00 16355.00 16355.00 16345.00 16350.00 168.00
20150203  22:22:00 16350.00 16355.00 16345.00 16355.00 138.00
20150203  22:21:00 16350.00 16355.00 16345.00 16350.00 894.00
20150203  22:20:00 16350.00 16355.00 16345.00 16350.00 580.00
20150203  22:19:00 16350.00 16355.00 16350.00 16350.00 196.00
20150203  22:18:00 16350.00 16350.00 16345.00 16350.00 298.00
20150203  22:17:00 16345.00 16350.00 16340.00 16350.00 458.00
20150203  22:16:00 16350.00 16350.00 16345.00 16345.00  86.00
20150203  22:15:00 16345.00 16350.00 16340.00 16350.00 396.00
20150203  22:14:00 16340.00 16345.00 16335.00 16345.00 284.00
20150203  22:13:00 16340.00 16350.00 16340.00 16340.00 432.00
20150203  22:12:00 16345.00 16350.00 16340.00 16340.00 398.00
20150203  22:11:00 16345.00 16350.00 16340.00 16345.00 474.00
20150203  22:10:00 16345.00 16350.00 16340.00 16345.00  98.00
20150203  22:09:00 16345.00 16350.00 16340.00 16345.00 238.00
20150203  22:08:00 16340.00 16345.00 16340.00 16345.00 408.00
20150203  22:07:00 16345.00 16345.00 16335.00 16340.00 360.00
20150203  22:06:00 16340.00 16345.00 16340.00 16345.00 128.00
20150203  22:05:00 16340.00 16345.00 16340.00 16340.00 158.00
20150203  22:04:00 16340.00 16345.00 16340.00 16340.00 242.00
20150203  22:03:00 16345.00 16345.00 16335.00 16340.00 150.00
20150203  22:02:00 16340.00 16345.00 16335.00 16345.00 266.00
20150203  22:01:00 16335.00 16345.00 16335.00 16340.00 248.00
20150203  22:00:00 16340.00 16340.00 16335.00 16335.00 216.00
20150203  21:59:00 16340.00 16345.00 16340.00 16340.00 254.00
20150203  21:58:00 16340.00 16340.00 16335.00 16340.00 412.00
20150203  21:57:00 16335.00 16340.00 16330.00 16340.00 212.00
20150203  21:56:00 16335.00 16340.00 16330.00 16335.00 288.00
20150203  21:55:00 16335.00 16340.00 16335.00 16340.00  32.00
20150203  21:54:00 16340.00 16340.00 16335.00 16335.00 160.00
20150203  21:53:00 16345.00 16345.00 16335.00 16335.00  56.00
20150203  21:52:00 16340.00 16340.00 16335.00 16340.00 298.00
20150203  21:51:00 16340.00 16345.00 16335.00 16340.00 336.00
20150203  21:50:00 16340.00 16345.00 16335.00 16340.00 150.00
20150203  21:49:00 16345.00 16345.00 16330.00 16340.00 1348.00
20150203  21:48:00 16335.00 16345.00 16335.00 16345.00 366.00
20150203  21:47:00 16335.00 16340.00 16330.00 16335.00 588.00
20150203  21:46:00 16340.00 16345.00 16335.00 16335.00 326.00
20150203  21:45:00 16345.00 16345.00 16335.00 16340.00 218.00
20150203  21:44:00 16340.00 16345.00 16335.00 16345.00 574.00
20150203  21:43:00 16330.00 16340.00 16330.00 16340.00 452.00
20150203  21:42:00 16330.00 16335.00 16325.00 16330.00 480.00
20150203  21:41:00 16325.00 16330.00 16325.00 16330.00 256.00
20150203  21:40:00 16320.00 16330.00 16320.00 16325.00 778.00
20150203  21:39:00 16320.00 16325.00 16315.00 16320.00 182.00
20150203  21:38:00 16320.00 16320.00 16315.00 16320.00 184.00
20150203  21:37:00 16315.00 16320.00 16315.00 16320.00 104.00
20150203  21:36:00 16310.00 16315.00 16310.00 16315.00 390.00
20150203  21:35:00 16305.00 16310.00 16305.00 16310.00 246.00
20150203  21:34:00 16305.00 16315.00 16305.00 16305.00 274.00
20150203  21:33:00 16305.00 16310.00 16305.00 16305.00 468.00
20150203  21:32:00 16315.00 16320.00 16305.00 16305.00 592.00
20150203  21:31:00 16325.00 16325.00 16315.00 16315.00 186.00
20150203  21:30:00 16325.00 16330.00 16320.00 16325.00 500.00
20150203  21:29:00 16320.00 16325.00 16320.00 16325.00 202.00
20150203  21:28:00 16320.00 16325.00 16315.00 16320.00 376.00
20150203  21:27:00 16330.00 16330.00 16320.00 16320.00 170.00
20150203  21:26:00 16315.00 16330.00 16315.00 16330.00 270.00
20150203  21:25:00 16310.00 16315.00 16310.00 16315.00 158.00
20150203  21:24:00 16315.00 16315.00 16310.00 16310.00 150.00
20150203  21:23:00 16315.00 16315.00 16310.00 16310.00 262.00
20150203  21:22:00 16315.00 16320.00 16315.00 16315.00 446.00
20150203  21:21:00 16315.00 16320.00 16310.00 16315.00 716.00
20150203  21:20:00 16305.00 16315.00 16305.00 16315.00 314.00
20150203  21:19:00 16315.00 16315.00 16305.00 16305.00 246.00
20150203  21:18:00 16310.00 16315.00 16310.00 16315.00 390.00
20150203  21:17:00 16305.00 16315.00 16305.00 16310.00 314.00
20150203  21:16:00 16305.00 16310.00 16305.00 16305.00 238.00
20150203  21:15:00 16300.00 16305.00 16295.00 16305.00 370.00
20150203  21:14:00 16300.00 16305.00 16290.00 16300.00 660.00
20150203  21:13:00 16310.00 16310.00 16300.00 16300.00 356.00
20150203  21:12:00 16305.00 16310.00 16300.00 16310.00 430.00
20150203  21:11:00 16315.00 16315.00 16305.00 16305.00 430.00
20150203  21:10:00 16315.00 16315.00 16305.00 16315.00 688.00
20150203  21:09:00 16315.00 16320.00 16310.00 16315.00 726.00
20150203  21:08:00 16320.00 16325.00 16315.00 16320.00 554.00
20150203  21:07:00 16315.00 16320.00 16310.00 16320.00 624.00
20150203  21:06:00 16315.00 16320.00 16310.00 16315.00 754.00
20150203  21:05:00 16335.00 16335.00 16310.00 16315.00 1350.00
20150203  21:04:00 16335.00 16345.00 16330.00 16335.00 700.00
20150203  21:03:00 16335.00 16340.00 16330.00 16335.00 470.00
20150203  21:02:00 16335.00 16340.00 16330.00 16335.00 578.00
20150203  21:01:00 16340.00 16345.00 16330.00 16335.00 962.00
20150203  21:00:00 16370.00 16370.00 16335.00 16340.00 2386.00
