20150601  15:00:00 16615.00 16615.00 16615.00 16615.00  10.00
20150601  14:59:00 16620.00 16625.00 16615.00 16620.00 616.00
20150601  14:58:00 16625.00 16625.00 16610.00 16620.00 1826.00
20150601  14:57:00 16635.00 16635.00 16620.00 16620.00 1102.00
20150601  14:56:00 16640.00 16645.00 16630.00 16635.00 710.00
20150601  14:55:00 16650.00 16660.00 16640.00 16640.00 1028.00
20150601  14:54:00 16645.00 16650.00 16645.00 16650.00 576.00
20150601  14:53:00 16645.00 16650.00 16645.00 16645.00 148.00
20150601  14:52:00 16640.00 16650.00 16640.00 16645.00 786.00
20150601  14:51:00 16650.00 16650.00 16640.00 16640.00 730.00
20150601  14:50:00 16660.00 16660.00 16655.00 16655.00 174.00
20150601  14:49:00 16660.00 16660.00 16655.00 16660.00  24.00
20150601  14:48:00 16655.00 16660.00 16655.00 16660.00 192.00
20150601  14:47:00 16645.00 16660.00 16645.00 16660.00 626.00
20150601  14:46:00 16640.00 16650.00 16640.00 16645.00 162.00
20150601  14:45:00 16650.00 16650.00 16640.00 16640.00 330.00
20150601  14:44:00 16645.00 16650.00 16645.00 16650.00 132.00
20150601  14:43:00 16650.00 16650.00 16645.00 16645.00 136.00
20150601  14:42:00 16645.00 16650.00 16645.00 16650.00 214.00
20150601  14:41:00 16645.00 16650.00 16640.00 16645.00 254.00
20150601  14:40:00 16645.00 16650.00 16640.00 16640.00 356.00
20150601  14:39:00 16660.00 16660.00 16645.00 16650.00 500.00
20150601  14:38:00 16660.00 16665.00 16655.00 16660.00 446.00
20150601  14:37:00 16670.00 16670.00 16660.00 16660.00 286.00
20150601  14:36:00 16675.00 16680.00 16670.00 16670.00 542.00
20150601  14:35:00 16665.00 16675.00 16665.00 16675.00 562.00
20150601  14:34:00 16675.00 16675.00 16665.00 16665.00 222.00
20150601  14:33:00 16670.00 16680.00 16670.00 16675.00 420.00
20150601  14:32:00 16665.00 16670.00 16665.00 16670.00 294.00
20150601  14:31:00 16665.00 16670.00 16665.00 16665.00 242.00
20150601  14:30:00 16665.00 16670.00 16665.00 16665.00  96.00
20150601  14:29:00 16660.00 16665.00 16660.00 16665.00 120.00
20150601  14:28:00 16665.00 16665.00 16655.00 16655.00 208.00
20150601  14:27:00 16655.00 16665.00 16655.00 16660.00 374.00
20150601  14:26:00 16650.00 16660.00 16650.00 16660.00 262.00
20150601  14:25:00 16645.00 16655.00 16645.00 16655.00 284.00
20150601  14:24:00 16645.00 16645.00 16640.00 16645.00 122.00
20150601  14:23:00 16635.00 16645.00 16635.00 16645.00 568.00
20150601  14:22:00 16640.00 16640.00 16635.00 16635.00  20.00
20150601  14:21:00 16635.00 16640.00 16635.00 16640.00   2.00
20150601  14:20:00 16635.00 16640.00 16635.00 16635.00 546.00
20150601  14:19:00 16635.00 16640.00 16630.00 16635.00 290.00
20150601  14:18:00 16645.00 16645.00 16630.00 16635.00 512.00
20150601  14:17:00 16645.00 16645.00 16645.00 16645.00 100.00
20150601  14:16:00 16640.00 16645.00 16640.00 16645.00 182.00
20150601  14:15:00 16640.00 16640.00 16635.00 16640.00 218.00
20150601  14:14:00 16635.00 16640.00 16635.00 16640.00 226.00
20150601  14:13:00 16640.00 16640.00 16635.00 16635.00 172.00
20150601  14:12:00 16640.00 16640.00 16640.00 16640.00  80.00
20150601  14:11:00 16640.00 16640.00 16640.00 16640.00 118.00
20150601  14:10:00 16640.00 16640.00 16640.00 16640.00 618.00
20150601  14:09:00 16640.00 16645.00 16640.00 16640.00 358.00
20150601  14:08:00 16640.00 16645.00 16640.00 16640.00 796.00
20150601  14:07:00 16640.00 16640.00 16635.00 16635.00 284.00
20150601  14:06:00 16635.00 16640.00 16635.00 16640.00 280.00
20150601  14:05:00 16625.00 16635.00 16625.00 16635.00  38.00
20150601  14:04:00 16635.00 16640.00 16625.00 16625.00 424.00
20150601  14:03:00 16630.00 16635.00 16625.00 16635.00 342.00
20150601  14:02:00 16630.00 16635.00 16625.00 16635.00 230.00
20150601  14:01:00 16635.00 16640.00 16625.00 16630.00 772.00
20150601  14:00:00 16640.00 16640.00 16635.00 16635.00  70.00
20150601  13:59:00 16635.00 16640.00 16630.00 16640.00 466.00
20150601  13:58:00 16635.00 16640.00 16635.00 16640.00  76.00
20150601  13:57:00 16640.00 16640.00 16635.00 16635.00 548.00
20150601  13:56:00 16655.00 16655.00 16635.00 16635.00 966.00
20150601  13:55:00 16655.00 16655.00 16650.00 16655.00 282.00
20150601  13:54:00 16660.00 16660.00 16655.00 16655.00 190.00
20150601  13:53:00 16655.00 16660.00 16655.00 16660.00 146.00
20150601  13:52:00 16660.00 16660.00 16655.00 16655.00 248.00
20150601  13:51:00 16660.00 16665.00 16660.00 16660.00 258.00
20150601  13:50:00 16665.00 16665.00 16665.00 16665.00   6.00
20150601  13:49:00 16665.00 16665.00 16665.00 16665.00 100.00
20150601  13:48:00 16660.00 16665.00 16655.00 16665.00 154.00
20150601  13:47:00 16665.00 16670.00 16660.00 16665.00 156.00
20150601  13:46:00 16670.00 16670.00 16665.00 16665.00  36.00
20150601  13:45:00 16665.00 16675.00 16660.00 16670.00 614.00
20150601  13:44:00 16675.00 16675.00 16665.00 16665.00 240.00
20150601  13:43:00 16680.00 16685.00 16670.00 16670.00 280.00
20150601  13:42:00 16655.00 16690.00 16655.00 16680.00 1240.00
20150601  13:41:00 16655.00 16665.00 16655.00 16660.00 420.00
20150601  13:40:00 16655.00 16660.00 16655.00 16655.00 160.00
20150601  13:39:00 16645.00 16660.00 16645.00 16655.00 222.00
20150601  13:38:00 16650.00 16655.00 16645.00 16650.00 536.00
20150601  13:37:00 16645.00 16650.00 16645.00 16650.00 318.00
20150601  13:36:00 16650.00 16650.00 16645.00 16645.00  56.00
20150601  13:35:00 16650.00 16650.00 16645.00 16645.00  10.00
20150601  13:34:00 16645.00 16650.00 16645.00 16650.00 144.00
20150601  13:33:00 16650.00 16655.00 16645.00 16645.00 982.00
20150601  13:32:00 16645.00 16650.00 16645.00 16645.00  48.00
20150601  13:31:00 16650.00 16650.00 16645.00 16645.00  90.00
20150601  13:30:00 16650.00 16650.00 16645.00 16650.00 226.00
20150601  11:29:00 16640.00 16645.00 16640.00 16640.00 150.00
20150601  11:28:00 16640.00 16640.00 16640.00 16640.00  26.00
20150601  11:27:00 16640.00 16645.00 16640.00 16640.00  36.00
20150601  11:26:00 16640.00 16645.00 16640.00 16640.00  54.00
20150601  11:25:00 16640.00 16645.00 16640.00 16640.00 108.00
20150601  11:24:00 16640.00 16645.00 16640.00 16645.00  14.00
20150601  11:23:00 16645.00 16645.00 16640.00 16640.00 118.00
20150601  11:22:00 16645.00 16650.00 16645.00 16645.00 226.00
20150601  11:21:00 16645.00 16650.00 16645.00 16645.00  72.00
20150601  11:20:00 16645.00 16650.00 16645.00 16650.00  22.00
20150601  11:19:00 16645.00 16645.00 16645.00 16645.00   2.00
20150601  11:18:00 16645.00 16645.00 16645.00 16645.00 128.00
20150601  11:17:00 16645.00 16645.00 16640.00 16645.00 368.00
20150601  11:16:00 16640.00 16645.00 16640.00 16645.00 130.00
20150601  11:15:00 16645.00 16645.00 16640.00 16640.00 194.00
20150601  11:14:00 16635.00 16645.00 16635.00 16645.00 304.00
20150601  11:13:00 16640.00 16640.00 16635.00 16635.00  30.00
20150601  11:12:00 16635.00 16640.00 16635.00 16640.00  20.00
20150601  11:11:00 16635.00 16635.00 16635.00 16635.00  10.00
20150601  11:10:00 16645.00 16645.00 16635.00 16635.00 250.00
20150601  11:09:00 16645.00 16645.00 16645.00 16645.00  98.00
20150601  11:08:00 16645.00 16645.00 16640.00 16640.00  24.00
20150601  11:07:00 16645.00 16645.00 16640.00 16645.00 138.00
20150601  11:06:00 16635.00 16645.00 16635.00 16645.00  80.00
20150601  11:05:00 16640.00 16640.00 16635.00 16635.00 224.00
20150601  11:04:00 16640.00 16640.00 16640.00 16640.00  22.00
20150601  11:03:00 16640.00 16640.00 16640.00 16640.00  52.00
20150601  11:02:00 16640.00 16640.00 16640.00 16640.00  56.00
20150601  11:01:00 16635.00 16640.00 16635.00 16640.00 110.00
20150601  11:00:00 16640.00 16640.00 16635.00 16635.00 382.00
20150601  10:59:00 16635.00 16640.00 16635.00 16640.00 110.00
20150601  10:58:00 16640.00 16640.00 16635.00 16635.00  50.00
20150601  10:57:00 16640.00 16640.00 16635.00 16640.00  66.00
20150601  10:56:00 16640.00 16640.00 16635.00 16640.00 236.00
20150601  10:55:00 16640.00 16640.00 16635.00 16635.00 154.00
20150601  10:54:00 16635.00 16640.00 16635.00 16640.00  34.00
20150601  10:53:00 16630.00 16635.00 16630.00 16635.00  60.00
20150601  10:52:00 16635.00 16640.00 16630.00 16630.00 230.00
20150601  10:51:00 16640.00 16640.00 16635.00 16635.00  64.00
20150601  10:50:00 16635.00 16640.00 16630.00 16640.00  88.00
20150601  10:49:00 16635.00 16635.00 16630.00 16630.00  24.00
20150601  10:48:00 16640.00 16640.00 16635.00 16635.00 134.00
20150601  10:47:00 16640.00 16640.00 16635.00 16640.00  76.00
20150601  10:46:00 16635.00 16640.00 16635.00 16635.00  16.00
20150601  10:45:00 16640.00 16640.00 16635.00 16640.00  50.00
20150601  10:44:00 16640.00 16645.00 16635.00 16640.00 412.00
20150601  10:43:00 16645.00 16645.00 16640.00 16640.00 102.00
20150601  10:42:00 16640.00 16645.00 16640.00 16645.00 454.00
20150601  10:41:00 16645.00 16645.00 16640.00 16640.00  46.00
20150601  10:40:00 16640.00 16645.00 16640.00 16645.00 356.00
20150601  10:39:00 16645.00 16645.00 16640.00 16640.00  46.00
20150601  10:38:00 16645.00 16645.00 16645.00 16645.00  24.00
20150601  10:37:00 16640.00 16650.00 16640.00 16645.00 184.00
20150601  10:36:00 16645.00 16645.00 16640.00 16640.00  64.00
20150601  10:35:00 16645.00 16645.00 16640.00 16645.00 254.00
20150601  10:34:00 16645.00 16645.00 16640.00 16645.00 152.00
20150601  10:33:00 16640.00 16645.00 16640.00 16645.00   6.00
20150601  10:32:00 16635.00 16640.00 16635.00 16640.00 362.00
20150601  10:31:00 16640.00 16640.00 16635.00 16635.00  92.00
20150601  10:30:00 16635.00 16645.00 16625.00 16640.00 402.00
20150601  10:14:00 16635.00 16640.00 16635.00 16635.00  68.00
20150601  10:13:00 16640.00 16640.00 16635.00 16635.00 160.00
20150601  10:12:00 16640.00 16640.00 16635.00 16640.00 112.00
20150601  10:11:00 16640.00 16640.00 16635.00 16640.00  12.00
20150601  10:10:00 16635.00 16640.00 16635.00 16640.00 250.00
20150601  10:09:00 16625.00 16640.00 16625.00 16635.00 216.00
20150601  10:08:00 16630.00 16630.00 16625.00 16625.00 484.00
20150601  10:07:00 16635.00 16635.00 16630.00 16630.00 200.00
20150601  10:06:00 16640.00 16640.00 16635.00 16635.00 118.00
20150601  10:05:00 16635.00 16640.00 16635.00 16640.00 122.00
20150601  10:04:00 16635.00 16635.00 16630.00 16635.00 204.00
20150601  10:03:00 16630.00 16635.00 16630.00 16635.00  98.00
20150601  10:02:00 16625.00 16630.00 16620.00 16630.00 590.00
20150601  10:01:00 16630.00 16635.00 16625.00 16625.00 190.00
20150601  10:00:00 16640.00 16640.00 16625.00 16630.00 628.00
20150601  09:59:00 16635.00 16640.00 16630.00 16640.00 206.00
20150601  09:58:00 16635.00 16635.00 16630.00 16635.00  40.00
20150601  09:57:00 16630.00 16635.00 16630.00 16630.00  62.00
20150601  09:56:00 16635.00 16635.00 16630.00 16635.00  86.00
20150601  09:55:00 16630.00 16635.00 16630.00 16635.00 304.00
20150601  09:54:00 16640.00 16645.00 16630.00 16630.00 258.00
20150601  09:53:00 16645.00 16645.00 16640.00 16640.00 108.00
20150601  09:52:00 16645.00 16645.00 16640.00 16640.00  32.00
20150601  09:51:00 16640.00 16645.00 16640.00 16645.00 136.00
20150601  09:50:00 16645.00 16650.00 16640.00 16640.00 262.00
20150601  09:49:00 16645.00 16655.00 16640.00 16645.00 610.00
20150601  09:48:00 16645.00 16645.00 16640.00 16645.00 230.00
20150601  09:47:00 16640.00 16645.00 16640.00 16645.00 120.00
20150601  09:46:00 16640.00 16645.00 16640.00 16640.00 174.00
20150601  09:45:00 16635.00 16640.00 16635.00 16640.00  56.00
20150601  09:44:00 16635.00 16635.00 16635.00 16635.00   4.00
20150601  09:43:00 16635.00 16640.00 16635.00 16635.00 122.00
20150601  09:42:00 16640.00 16640.00 16635.00 16640.00  64.00
20150601  09:41:00 16640.00 16640.00 16635.00 16640.00  50.00
20150601  09:40:00 16640.00 16645.00 16635.00 16640.00 178.00
20150601  09:39:00 16635.00 16640.00 16635.00 16640.00  34.00
20150601  09:38:00 16635.00 16640.00 16630.00 16640.00 148.00
20150601  09:37:00 16630.00 16635.00 16630.00 16635.00 162.00
20150601  09:36:00 16635.00 16640.00 16630.00 16630.00 200.00
20150601  09:35:00 16640.00 16640.00 16635.00 16635.00 140.00
20150601  09:34:00 16645.00 16645.00 16640.00 16645.00  96.00
20150601  09:33:00 16640.00 16645.00 16640.00 16645.00  36.00
20150601  09:32:00 16640.00 16645.00 16640.00 16640.00 160.00
20150601  09:31:00 16645.00 16645.00 16640.00 16640.00 154.00
20150601  09:30:00 16640.00 16645.00 16635.00 16645.00 198.00
20150601  09:29:00 16645.00 16645.00 16635.00 16640.00 160.00
20150601  09:28:00 16635.00 16645.00 16630.00 16645.00 836.00
20150601  09:27:00 16635.00 16635.00 16630.00 16635.00 100.00
20150601  09:26:00 16630.00 16635.00 16630.00 16635.00 320.00
20150601  09:25:00 16625.00 16630.00 16625.00 16630.00  78.00
20150601  09:24:00 16630.00 16630.00 16625.00 16625.00 218.00
20150601  09:23:00 16625.00 16630.00 16625.00 16630.00 146.00
20150601  09:22:00 16625.00 16630.00 16625.00 16625.00 218.00
20150601  09:21:00 16630.00 16630.00 16615.00 16625.00 536.00
20150601  09:20:00 16625.00 16630.00 16625.00 16630.00 142.00
20150601  09:19:00 16625.00 16630.00 16625.00 16625.00 346.00
20150601  09:18:00 16625.00 16630.00 16620.00 16625.00 424.00
20150601  09:17:00 16635.00 16635.00 16620.00 16620.00 544.00
20150601  09:16:00 16655.00 16655.00 16630.00 16635.00 578.00
20150601  09:15:00 16660.00 16660.00 16645.00 16655.00 366.00
20150601  09:14:00 16660.00 16660.00 16655.00 16660.00 506.00
20150601  09:13:00 16655.00 16665.00 16650.00 16660.00 524.00
20150601  09:12:00 16645.00 16655.00 16645.00 16655.00 312.00
20150601  09:11:00 16650.00 16650.00 16645.00 16645.00 228.00
20150601  09:10:00 16625.00 16645.00 16620.00 16645.00 712.00
20150601  09:09:00 16630.00 16635.00 16615.00 16625.00 1414.00
20150601  09:08:00 16650.00 16650.00 16625.00 16630.00 1628.00
20150601  09:07:00 16655.00 16655.00 16650.00 16650.00 302.00
20150601  09:06:00 16660.00 16660.00 16645.00 16655.00 492.00
20150601  09:05:00 16670.00 16670.00 16660.00 16660.00 610.00
20150601  09:04:00 16670.00 16675.00 16665.00 16670.00 746.00
20150601  09:03:00 16660.00 16670.00 16660.00 16670.00 388.00
20150601  09:02:00 16655.00 16665.00 16645.00 16660.00 572.00
20150601  09:01:00 16650.00 16660.00 16640.00 16655.00 650.00
20150601  09:00:00 16660.00 16660.00 16630.00 16645.00 1052.00
20150530  01:00:00 16660.00 16660.00 16660.00 16660.00   0.00
20150530  00:59:00 16660.00 16665.00 16655.00 16660.00 172.00
20150530  00:58:00 16655.00 16660.00 16650.00 16660.00 380.00
20150530  00:57:00 16665.00 16665.00 16650.00 16655.00 266.00
20150530  00:56:00 16665.00 16670.00 16665.00 16665.00 118.00
20150530  00:55:00 16665.00 16665.00 16665.00 16665.00  16.00
20150530  00:54:00 16670.00 16670.00 16665.00 16665.00  82.00
20150530  00:53:00 16670.00 16670.00 16665.00 16665.00  10.00
20150530  00:52:00 16665.00 16670.00 16665.00 16670.00  12.00
20150530  00:51:00 16665.00 16665.00 16665.00 16665.00  56.00
20150530  00:50:00 16660.00 16665.00 16660.00 16660.00  24.00
20150530  00:49:00 16660.00 16660.00 16660.00 16660.00  54.00
20150530  00:48:00 16655.00 16660.00 16655.00 16660.00  34.00
20150530  00:47:00 16660.00 16660.00 16655.00 16660.00  46.00
20150530  00:46:00 16665.00 16665.00 16660.00 16660.00  64.00
20150530  00:45:00 16660.00 16665.00 16660.00 16665.00  30.00
20150530  00:44:00 16665.00 16665.00 16660.00 16660.00  12.00
20150530  00:43:00 16665.00 16665.00 16665.00 16665.00  38.00
20150530  00:42:00 16665.00 16665.00 16665.00 16665.00 116.00
20150530  00:41:00 16660.00 16670.00 16660.00 16665.00 244.00
20150530  00:40:00 16670.00 16670.00 16660.00 16660.00  62.00
20150530  00:39:00 16670.00 16670.00 16665.00 16670.00  48.00
20150530  00:38:00 16665.00 16665.00 16665.00 16665.00  10.00
20150530  00:37:00 16665.00 16665.00 16665.00 16665.00  22.00
20150530  00:36:00 16670.00 16670.00 16665.00 16665.00  20.00
20150530  00:35:00 16670.00 16670.00 16665.00 16670.00 188.00
20150530  00:34:00 16670.00 16670.00 16670.00 16670.00  22.00
20150530  00:33:00 16670.00 16670.00 16670.00 16670.00  40.00
20150530  00:32:00 16670.00 16670.00 16670.00 16670.00   2.00
20150530  00:31:00 16670.00 16670.00 16670.00 16670.00   2.00
20150530  00:30:00 16670.00 16670.00 16670.00 16670.00  14.00
20150530  00:29:00 16670.00 16670.00 16665.00 16670.00  44.00
20150530  00:28:00 16670.00 16670.00 16670.00 16670.00  58.00
20150530  00:27:00 16675.00 16675.00 16670.00 16670.00 288.00
20150530  00:26:00 16680.00 16680.00 16675.00 16675.00  74.00
20150530  00:25:00 16680.00 16680.00 16680.00 16680.00  10.00
20150530  00:24:00 16675.00 16680.00 16675.00 16680.00  44.00
20150530  00:23:00 16670.00 16675.00 16670.00 16675.00 142.00
20150530  00:22:00 16670.00 16675.00 16670.00 16675.00 110.00
20150530  00:21:00 16665.00 16670.00 16665.00 16670.00  10.00
20150530  00:20:00 16670.00 16670.00 16665.00 16665.00  62.00
20150530  00:19:00 16670.00 16670.00 16665.00 16670.00  38.00
20150530  00:18:00 16670.00 16670.00 16665.00 16670.00  38.00
20150530  00:17:00 16670.00 16670.00 16665.00 16670.00 274.00
20150530  00:16:00 16670.00 16670.00 16670.00 16670.00  12.00
20150530  00:15:00 16670.00 16670.00 16670.00 16670.00  68.00
20150530  00:14:00 16670.00 16670.00 16670.00 16670.00  28.00
20150530  00:13:00 16670.00 16670.00 16670.00 16670.00  84.00
20150530  00:12:00 16670.00 16670.00 16670.00 16670.00   2.00
20150530  00:11:00 16670.00 16670.00 16670.00 16670.00   6.00
20150530  00:10:00 16670.00 16670.00 16665.00 16670.00  72.00
20150530  00:09:00 16675.00 16675.00 16670.00 16670.00  80.00
20150530  00:08:00 16680.00 16680.00 16675.00 16675.00  18.00
20150530  00:07:00 16680.00 16680.00 16675.00 16680.00  54.00
20150530  00:06:00 16670.00 16680.00 16670.00 16680.00 164.00
20150530  00:05:00 16665.00 16675.00 16665.00 16670.00 182.00
20150530  00:04:00 16670.00 16670.00 16665.00 16665.00  84.00
20150530  00:03:00 16670.00 16670.00 16670.00 16670.00   0.00
20150530  00:02:00 16670.00 16670.00 16670.00 16670.00   6.00
20150530  00:01:00 16670.00 16675.00 16670.00 16670.00  94.00
20150530  00:00:00 16665.00 16670.00 16665.00 16670.00 196.00
20150529  23:59:00 16665.00 16670.00 16665.00 16665.00   8.00
20150529  23:58:00 16670.00 16670.00 16665.00 16665.00  30.00
20150529  23:57:00 16665.00 16670.00 16665.00 16670.00  90.00
20150529  23:56:00 16660.00 16665.00 16660.00 16665.00   6.00
20150529  23:55:00 16660.00 16665.00 16660.00 16665.00  56.00
20150529  23:54:00 16665.00 16665.00 16660.00 16660.00  48.00
20150529  23:53:00 16665.00 16665.00 16665.00 16665.00  44.00
20150529  23:52:00 16660.00 16665.00 16660.00 16665.00  86.00
20150529  23:51:00 16670.00 16670.00 16660.00 16660.00 238.00
20150529  23:50:00 16670.00 16670.00 16670.00 16670.00 148.00
20150529  23:49:00 16665.00 16670.00 16665.00 16670.00 124.00
20150529  23:48:00 16670.00 16670.00 16660.00 16665.00 200.00
20150529  23:47:00 16670.00 16675.00 16665.00 16670.00 336.00
20150529  23:46:00 16655.00 16675.00 16655.00 16670.00 302.00
20150529  23:45:00 16660.00 16665.00 16655.00 16655.00 340.00
20150529  23:44:00 16660.00 16660.00 16655.00 16660.00  88.00
20150529  23:43:00 16660.00 16665.00 16660.00 16660.00 108.00
20150529  23:42:00 16670.00 16670.00 16660.00 16660.00 276.00
20150529  23:41:00 16660.00 16670.00 16660.00 16665.00 362.00
20150529  23:40:00 16660.00 16665.00 16655.00 16665.00 352.00
20150529  23:39:00 16645.00 16660.00 16645.00 16660.00 394.00
20150529  23:38:00 16650.00 16650.00 16645.00 16645.00  90.00
20150529  23:37:00 16645.00 16655.00 16645.00 16650.00  94.00
20150529  23:36:00 16650.00 16655.00 16645.00 16645.00  72.00
20150529  23:35:00 16650.00 16655.00 16650.00 16650.00 162.00
20150529  23:34:00 16650.00 16650.00 16645.00 16650.00 212.00
20150529  23:33:00 16645.00 16650.00 16640.00 16650.00 212.00
20150529  23:32:00 16655.00 16655.00 16640.00 16645.00 398.00
20150529  23:31:00 16660.00 16660.00 16655.00 16655.00 318.00
20150529  23:30:00 16650.00 16660.00 16650.00 16660.00 184.00
20150529  23:29:00 16640.00 16650.00 16640.00 16650.00 228.00
20150529  23:28:00 16645.00 16645.00 16640.00 16640.00 286.00
20150529  23:27:00 16645.00 16650.00 16640.00 16645.00 174.00
20150529  23:26:00 16635.00 16645.00 16635.00 16640.00 272.00
20150529  23:25:00 16635.00 16635.00 16620.00 16635.00 1022.00
20150529  23:24:00 16655.00 16660.00 16640.00 16640.00 978.00
20150529  23:23:00 16665.00 16665.00 16655.00 16655.00 650.00
20150529  23:22:00 16670.00 16670.00 16665.00 16665.00 162.00
20150529  23:21:00 16670.00 16670.00 16665.00 16670.00  82.00
20150529  23:20:00 16675.00 16675.00 16670.00 16670.00 498.00
20150529  23:19:00 16680.00 16680.00 16675.00 16675.00 284.00
20150529  23:18:00 16675.00 16680.00 16675.00 16680.00 300.00
20150529  23:17:00 16680.00 16685.00 16680.00 16680.00 162.00
20150529  23:16:00 16675.00 16685.00 16675.00 16680.00 724.00
20150529  23:15:00 16685.00 16685.00 16675.00 16675.00 204.00
20150529  23:14:00 16690.00 16690.00 16685.00 16685.00  92.00
20150529  23:13:00 16680.00 16690.00 16680.00 16690.00 222.00
20150529  23:12:00 16665.00 16685.00 16660.00 16680.00 536.00
20150529  23:11:00 16675.00 16675.00 16665.00 16665.00 186.00
20150529  23:10:00 16670.00 16675.00 16670.00 16675.00 152.00
20150529  23:09:00 16680.00 16680.00 16670.00 16670.00 182.00
20150529  23:08:00 16680.00 16685.00 16680.00 16680.00  54.00
20150529  23:07:00 16685.00 16685.00 16680.00 16680.00 108.00
20150529  23:06:00 16680.00 16685.00 16680.00 16685.00 118.00
20150529  23:05:00 16680.00 16685.00 16680.00 16680.00 148.00
20150529  23:04:00 16685.00 16685.00 16680.00 16680.00 162.00
20150529  23:03:00 16685.00 16690.00 16685.00 16685.00 100.00
20150529  23:02:00 16695.00 16695.00 16685.00 16685.00 282.00
20150529  23:01:00 16690.00 16695.00 16690.00 16695.00  26.00
20150529  23:00:00 16690.00 16690.00 16690.00 16690.00   0.00
20150529  22:59:00 16695.00 16695.00 16690.00 16690.00  92.00
20150529  22:58:00 16690.00 16695.00 16690.00 16695.00  66.00
20150529  22:57:00 16685.00 16690.00 16685.00 16690.00  94.00
20150529  22:56:00 16690.00 16695.00 16685.00 16685.00 226.00
20150529  22:55:00 16695.00 16700.00 16695.00 16695.00 122.00
20150529  22:54:00 16700.00 16700.00 16695.00 16695.00  10.00
20150529  22:53:00 16700.00 16700.00 16695.00 16700.00 216.00
20150529  22:52:00 16695.00 16700.00 16690.00 16700.00 210.00
20150529  22:51:00 16695.00 16695.00 16695.00 16695.00   4.00
20150529  22:50:00 16700.00 16700.00 16695.00 16695.00 126.00
20150529  22:49:00 16705.00 16705.00 16695.00 16700.00  74.00
20150529  22:48:00 16705.00 16705.00 16700.00 16705.00  34.00
20150529  22:47:00 16705.00 16705.00 16700.00 16700.00  56.00
20150529  22:46:00 16700.00 16705.00 16700.00 16700.00 146.00
20150529  22:45:00 16700.00 16700.00 16695.00 16700.00 222.00
20150529  22:44:00 16705.00 16705.00 16700.00 16700.00 380.00
20150529  22:43:00 16710.00 16710.00 16705.00 16705.00 508.00
20150529  22:42:00 16710.00 16710.00 16710.00 16710.00 288.00
20150529  22:41:00 16710.00 16715.00 16705.00 16710.00 602.00
20150529  22:40:00 16705.00 16710.00 16705.00 16710.00 530.00
20150529  22:39:00 16695.00 16705.00 16690.00 16705.00 450.00
20150529  22:38:00 16690.00 16695.00 16690.00 16690.00 514.00
20150529  22:37:00 16680.00 16695.00 16680.00 16690.00 528.00
20150529  22:36:00 16680.00 16685.00 16680.00 16685.00  32.00
20150529  22:35:00 16680.00 16685.00 16680.00 16680.00  50.00
20150529  22:34:00 16690.00 16690.00 16685.00 16685.00  76.00
20150529  22:33:00 16690.00 16690.00 16685.00 16690.00 180.00
20150529  22:32:00 16690.00 16690.00 16685.00 16690.00 216.00
20150529  22:31:00 16690.00 16695.00 16690.00 16690.00 282.00
20150529  22:30:00 16695.00 16695.00 16690.00 16690.00 218.00
20150529  22:29:00 16695.00 16700.00 16690.00 16695.00 296.00
20150529  22:28:00 16675.00 16695.00 16675.00 16695.00 260.00
20150529  22:27:00 16680.00 16685.00 16675.00 16675.00 280.00
20150529  22:26:00 16695.00 16695.00 16680.00 16680.00 226.00
20150529  22:25:00 16685.00 16695.00 16685.00 16695.00 450.00
20150529  22:24:00 16685.00 16690.00 16680.00 16690.00 258.00
20150529  22:23:00 16685.00 16690.00 16680.00 16685.00 282.00
20150529  22:22:00 16675.00 16690.00 16675.00 16685.00 204.00
20150529  22:21:00 16685.00 16690.00 16675.00 16675.00 404.00
20150529  22:20:00 16680.00 16690.00 16680.00 16685.00 522.00
20150529  22:19:00 16665.00 16675.00 16665.00 16675.00 304.00
20150529  22:18:00 16665.00 16670.00 16665.00 16665.00 206.00
20150529  22:17:00 16670.00 16675.00 16665.00 16665.00 182.00
20150529  22:16:00 16665.00 16675.00 16665.00 16670.00 174.00
20150529  22:15:00 16670.00 16670.00 16655.00 16665.00 564.00
20150529  22:14:00 16680.00 16680.00 16670.00 16670.00 340.00
20150529  22:13:00 16680.00 16685.00 16675.00 16680.00 340.00
20150529  22:12:00 16670.00 16685.00 16670.00 16680.00 1368.00
20150529  22:11:00 16660.00 16670.00 16660.00 16670.00 556.00
20150529  22:10:00 16655.00 16665.00 16655.00 16660.00 556.00
20150529  22:09:00 16650.00 16660.00 16640.00 16660.00 724.00
20150529  22:08:00 16645.00 16650.00 16640.00 16650.00 962.00
20150529  22:07:00 16650.00 16655.00 16640.00 16645.00 1182.00
20150529  22:06:00 16660.00 16665.00 16650.00 16650.00 894.00
20150529  22:05:00 16660.00 16660.00 16650.00 16660.00 1070.00
20150529  22:04:00 16670.00 16670.00 16650.00 16660.00 2700.00
20150529  22:03:00 16675.00 16680.00 16670.00 16670.00 518.00
20150529  22:02:00 16680.00 16680.00 16670.00 16675.00 658.00
20150529  22:01:00 16680.00 16680.00 16670.00 16680.00 626.00
20150529  22:00:00 16680.00 16685.00 16675.00 16680.00 1666.00
20150529  21:59:00 16695.00 16695.00 16680.00 16680.00 696.00
20150529  21:58:00 16690.00 16695.00 16690.00 16695.00 330.00
20150529  21:57:00 16690.00 16695.00 16690.00 16690.00 442.00
20150529  21:56:00 16705.00 16710.00 16685.00 16690.00 1602.00
20150529  21:55:00 16705.00 16710.00 16700.00 16705.00 598.00
20150529  21:54:00 16700.00 16705.00 16695.00 16705.00 1658.00
20150529  21:53:00 16720.00 16720.00 16700.00 16705.00 1320.00
20150529  21:52:00 16720.00 16730.00 16720.00 16720.00 548.00
20150529  21:51:00 16715.00 16720.00 16710.00 16720.00 516.00
20150529  21:50:00 16705.00 16720.00 16705.00 16715.00 554.00
20150529  21:49:00 16705.00 16710.00 16705.00 16705.00 908.00
20150529  21:48:00 16720.00 16720.00 16705.00 16705.00 1338.00
20150529  21:47:00 16730.00 16730.00 16720.00 16720.00 704.00
20150529  21:46:00 16725.00 16730.00 16725.00 16730.00 120.00
20150529  21:45:00 16730.00 16730.00 16720.00 16730.00 380.00
20150529  21:44:00 16725.00 16735.00 16725.00 16730.00 196.00
20150529  21:43:00 16735.00 16740.00 16725.00 16725.00 324.00
20150529  21:42:00 16730.00 16740.00 16730.00 16735.00 344.00
20150529  21:41:00 16725.00 16730.00 16725.00 16730.00 270.00
20150529  21:40:00 16720.00 16725.00 16715.00 16725.00 634.00
20150529  21:39:00 16715.00 16720.00 16710.00 16720.00 896.00
20150529  21:38:00 16745.00 16745.00 16715.00 16715.00 1782.00
20150529  21:37:00 16740.00 16750.00 16740.00 16745.00 236.00
20150529  21:36:00 16740.00 16750.00 16735.00 16740.00 442.00
20150529  21:35:00 16745.00 16750.00 16740.00 16740.00 500.00
20150529  21:34:00 16760.00 16760.00 16745.00 16745.00 468.00
20150529  21:33:00 16760.00 16760.00 16755.00 16760.00 342.00
20150529  21:32:00 16770.00 16770.00 16760.00 16760.00 198.00
20150529  21:31:00 16770.00 16770.00 16760.00 16770.00  86.00
20150529  21:30:00 16770.00 16770.00 16760.00 16765.00 320.00
20150529  21:29:00 16765.00 16770.00 16765.00 16770.00  74.00
20150529  21:28:00 16765.00 16775.00 16765.00 16765.00 182.00
20150529  21:27:00 16770.00 16770.00 16760.00 16765.00 120.00
20150529  21:26:00 16775.00 16775.00 16765.00 16770.00 194.00
20150529  21:25:00 16765.00 16775.00 16760.00 16775.00 322.00
20150529  21:24:00 16760.00 16765.00 16755.00 16765.00 756.00
20150529  21:23:00 16775.00 16780.00 16760.00 16760.00 576.00
20150529  21:22:00 16770.00 16775.00 16765.00 16775.00 208.00
20150529  21:21:00 16770.00 16775.00 16770.00 16770.00 500.00
20150529  21:20:00 16785.00 16790.00 16770.00 16770.00 450.00
20150529  21:19:00 16785.00 16790.00 16785.00 16790.00 428.00
20150529  21:18:00 16780.00 16785.00 16775.00 16785.00 132.00
20150529  21:17:00 16780.00 16780.00 16770.00 16780.00 180.00
20150529  21:16:00 16775.00 16785.00 16770.00 16780.00 574.00
20150529  21:15:00 16775.00 16780.00 16770.00 16775.00 208.00
20150529  21:14:00 16775.00 16775.00 16770.00 16775.00 338.00
20150529  21:13:00 16775.00 16780.00 16765.00 16770.00 784.00
20150529  21:12:00 16775.00 16780.00 16770.00 16775.00 338.00
20150529  21:11:00 16770.00 16780.00 16770.00 16775.00 502.00
20150529  21:10:00 16780.00 16780.00 16770.00 16775.00 442.00
20150529  21:09:00 16790.00 16795.00 16775.00 16780.00 706.00
20150529  21:08:00 16785.00 16790.00 16775.00 16790.00 410.00
20150529  21:07:00 16770.00 16790.00 16770.00 16785.00 1204.00
20150529  21:06:00 16770.00 16775.00 16760.00 16770.00 698.00
20150529  21:05:00 16765.00 16780.00 16765.00 16770.00 794.00
20150529  21:04:00 16760.00 16780.00 16760.00 16770.00 1022.00
20150529  21:03:00 16760.00 16760.00 16750.00 16760.00 780.00
20150529  21:02:00 16755.00 16765.00 16755.00 16760.00 518.00
20150529  21:01:00 16755.00 16765.00 16755.00 16755.00 1172.00
20150529  21:00:00 16740.00 16765.00 16730.00 16760.00 2586.00
