20150520  15:00:00 16630.00 16630.00 16630.00 16630.00   0.00
20150520  14:59:00 16625.00 16635.00 16625.00 16630.00 352.00
20150520  14:58:00 16630.00 16635.00 16625.00 16625.00 640.00
20150520  14:57:00 16625.00 16635.00 16615.00 16630.00 1138.00
20150520  14:56:00 16620.00 16630.00 16620.00 16630.00 388.00
20150520  14:55:00 16625.00 16625.00 16620.00 16620.00 252.00
20150520  14:54:00 16620.00 16625.00 16615.00 16625.00 690.00
20150520  14:53:00 16615.00 16620.00 16615.00 16620.00 238.00
20150520  14:52:00 16615.00 16620.00 16615.00 16615.00 276.00
20150520  14:51:00 16610.00 16615.00 16610.00 16610.00 268.00
20150520  14:50:00 16620.00 16620.00 16610.00 16610.00 256.00
20150520  14:49:00 16620.00 16620.00 16615.00 16620.00  98.00
20150520  14:48:00 16625.00 16625.00 16615.00 16615.00 264.00
20150520  14:47:00 16620.00 16630.00 16620.00 16625.00 358.00
20150520  14:46:00 16625.00 16625.00 16625.00 16625.00  52.00
20150520  14:45:00 16625.00 16625.00 16620.00 16625.00 148.00
20150520  14:44:00 16630.00 16630.00 16620.00 16620.00 176.00
20150520  14:43:00 16635.00 16635.00 16625.00 16630.00 116.00
20150520  14:42:00 16630.00 16635.00 16625.00 16630.00 150.00
20150520  14:41:00 16625.00 16635.00 16625.00 16630.00 554.00
20150520  14:40:00 16615.00 16625.00 16610.00 16625.00 450.00
20150520  14:39:00 16615.00 16615.00 16610.00 16615.00 142.00
20150520  14:38:00 16620.00 16620.00 16605.00 16615.00 252.00
20150520  14:37:00 16615.00 16620.00 16615.00 16620.00  80.00
20150520  14:36:00 16615.00 16620.00 16610.00 16615.00  80.00
20150520  14:35:00 16620.00 16625.00 16615.00 16615.00 138.00
20150520  14:34:00 16615.00 16630.00 16615.00 16625.00 330.00
20150520  14:33:00 16620.00 16625.00 16615.00 16615.00  70.00
20150520  14:32:00 16610.00 16625.00 16610.00 16620.00 284.00
20150520  14:31:00 16615.00 16625.00 16615.00 16615.00 738.00
20150520  14:30:00 16615.00 16625.00 16610.00 16615.00 588.00
20150520  14:29:00 16590.00 16615.00 16585.00 16615.00 708.00
20150520  14:28:00 16590.00 16590.00 16585.00 16590.00  38.00
20150520  14:27:00 16585.00 16595.00 16585.00 16590.00 276.00
20150520  14:26:00 16585.00 16585.00 16580.00 16585.00 680.00
20150520  14:25:00 16585.00 16590.00 16580.00 16585.00 818.00
20150520  14:24:00 16585.00 16590.00 16585.00 16585.00 334.00
20150520  14:23:00 16590.00 16595.00 16585.00 16585.00 670.00
20150520  14:22:00 16600.00 16600.00 16585.00 16585.00 498.00
20150520  14:21:00 16605.00 16605.00 16585.00 16600.00 724.00
20150520  14:20:00 16590.00 16605.00 16585.00 16605.00 358.00
20150520  14:19:00 16595.00 16600.00 16585.00 16590.00 1146.00
20150520  14:18:00 16595.00 16600.00 16590.00 16590.00 102.00
20150520  14:17:00 16595.00 16600.00 16590.00 16600.00 302.00
20150520  14:16:00 16590.00 16595.00 16585.00 16595.00 372.00
20150520  14:15:00 16590.00 16600.00 16585.00 16585.00 1220.00
20150520  14:14:00 16595.00 16605.00 16585.00 16590.00 878.00
20150520  14:13:00 16600.00 16605.00 16595.00 16595.00 612.00
20150520  14:12:00 16600.00 16605.00 16590.00 16600.00 1086.00
20150520  14:11:00 16615.00 16615.00 16600.00 16600.00 564.00
20150520  14:10:00 16610.00 16615.00 16610.00 16615.00 194.00
20150520  14:09:00 16615.00 16620.00 16610.00 16610.00 186.00
20150520  14:08:00 16615.00 16620.00 16615.00 16615.00 154.00
20150520  14:07:00 16620.00 16625.00 16610.00 16615.00 320.00
20150520  14:06:00 16610.00 16620.00 16605.00 16620.00 1098.00
20150520  14:05:00 16625.00 16625.00 16610.00 16610.00 260.00
20150520  14:04:00 16630.00 16630.00 16620.00 16625.00 110.00
20150520  14:03:00 16635.00 16640.00 16620.00 16630.00 212.00
20150520  14:02:00 16625.00 16645.00 16625.00 16640.00 838.00
20150520  14:01:00 16620.00 16625.00 16620.00 16625.00 304.00
20150520  14:00:00 16635.00 16635.00 16620.00 16620.00 832.00
20150520  13:59:00 16630.00 16640.00 16630.00 16635.00 176.00
20150520  13:58:00 16640.00 16645.00 16630.00 16630.00 570.00
20150520  13:57:00 16635.00 16640.00 16635.00 16640.00  36.00
20150520  13:56:00 16635.00 16635.00 16635.00 16635.00 134.00
20150520  13:55:00 16640.00 16640.00 16635.00 16635.00 254.00
20150520  13:54:00 16650.00 16650.00 16635.00 16640.00 442.00
20150520  13:53:00 16650.00 16655.00 16645.00 16650.00 270.00
20150520  13:52:00 16640.00 16650.00 16640.00 16650.00 434.00
20150520  13:51:00 16645.00 16650.00 16640.00 16640.00 290.00
20150520  13:50:00 16645.00 16650.00 16640.00 16645.00 274.00
20150520  13:49:00 16650.00 16655.00 16645.00 16645.00 204.00
20150520  13:48:00 16640.00 16650.00 16635.00 16650.00 488.00
20150520  13:47:00 16640.00 16640.00 16630.00 16640.00 398.00
20150520  13:46:00 16635.00 16640.00 16630.00 16640.00 456.00
20150520  13:45:00 16635.00 16640.00 16620.00 16635.00 754.00
20150520  13:44:00 16650.00 16655.00 16620.00 16630.00 1434.00
20150520  13:43:00 16650.00 16655.00 16650.00 16650.00 384.00
20150520  13:42:00 16645.00 16655.00 16640.00 16650.00 492.00
20150520  13:41:00 16645.00 16650.00 16640.00 16645.00 258.00
20150520  13:40:00 16655.00 16660.00 16645.00 16645.00 1034.00
20150520  13:39:00 16645.00 16655.00 16645.00 16645.00 390.00
20150520  13:38:00 16650.00 16655.00 16645.00 16650.00 642.00
20150520  13:37:00 16660.00 16660.00 16650.00 16650.00 744.00
20150520  13:36:00 16660.00 16665.00 16655.00 16660.00 512.00
20150520  13:35:00 16660.00 16670.00 16660.00 16660.00 288.00
20150520  13:34:00 16670.00 16670.00 16655.00 16665.00 308.00
20150520  13:33:00 16675.00 16680.00 16660.00 16660.00 624.00
20150520  13:32:00 16675.00 16680.00 16670.00 16675.00 398.00
20150520  13:31:00 16685.00 16690.00 16675.00 16675.00 682.00
20150520  13:30:00 16680.00 16685.00 16670.00 16685.00 1640.00
20150520  11:29:00 16695.00 16695.00 16690.00 16690.00 116.00
20150520  11:28:00 16690.00 16700.00 16690.00 16695.00 240.00
20150520  11:27:00 16695.00 16695.00 16690.00 16690.00  12.00
20150520  11:26:00 16695.00 16695.00 16690.00 16695.00  12.00
20150520  11:25:00 16690.00 16695.00 16690.00 16695.00  32.00
20150520  11:24:00 16685.00 16690.00 16680.00 16690.00 178.00
20150520  11:23:00 16690.00 16690.00 16685.00 16685.00  64.00
20150520  11:22:00 16690.00 16695.00 16690.00 16690.00 316.00
20150520  11:21:00 16690.00 16695.00 16690.00 16690.00  38.00
20150520  11:20:00 16695.00 16695.00 16690.00 16690.00  30.00
20150520  11:19:00 16695.00 16695.00 16695.00 16695.00  80.00
20150520  11:18:00 16695.00 16695.00 16695.00 16695.00  12.00
20150520  11:17:00 16695.00 16700.00 16695.00 16695.00 146.00
20150520  11:16:00 16690.00 16695.00 16690.00 16695.00   6.00
20150520  11:15:00 16695.00 16695.00 16690.00 16690.00 146.00
20150520  11:14:00 16695.00 16700.00 16695.00 16695.00 172.00
20150520  11:13:00 16690.00 16695.00 16690.00 16695.00 154.00
20150520  11:12:00 16695.00 16695.00 16690.00 16690.00  62.00
20150520  11:11:00 16690.00 16695.00 16690.00 16695.00 118.00
20150520  11:10:00 16700.00 16700.00 16690.00 16695.00 174.00
20150520  11:09:00 16695.00 16700.00 16695.00 16700.00   6.00
20150520  11:08:00 16700.00 16700.00 16700.00 16700.00 106.00
20150520  11:07:00 16695.00 16700.00 16695.00 16700.00  56.00
20150520  11:06:00 16695.00 16700.00 16695.00 16695.00  38.00
20150520  11:05:00 16700.00 16700.00 16695.00 16695.00  28.00
20150520  11:04:00 16695.00 16700.00 16695.00 16700.00 126.00
20150520  11:03:00 16705.00 16705.00 16695.00 16695.00 160.00
20150520  11:02:00 16700.00 16705.00 16700.00 16705.00  54.00
20150520  11:01:00 16705.00 16705.00 16700.00 16700.00  38.00
20150520  11:00:00 16700.00 16705.00 16700.00 16705.00  84.00
20150520  10:59:00 16705.00 16705.00 16700.00 16700.00  12.00
20150520  10:58:00 16705.00 16705.00 16705.00 16705.00  34.00
20150520  10:57:00 16705.00 16705.00 16705.00 16705.00  12.00
20150520  10:56:00 16705.00 16705.00 16700.00 16705.00  64.00
20150520  10:55:00 16705.00 16705.00 16705.00 16705.00  68.00
20150520  10:54:00 16705.00 16705.00 16700.00 16705.00 132.00
20150520  10:53:00 16700.00 16705.00 16700.00 16705.00 156.00
20150520  10:52:00 16705.00 16705.00 16700.00 16700.00  34.00
20150520  10:51:00 16705.00 16705.00 16705.00 16705.00   6.00
20150520  10:50:00 16700.00 16705.00 16700.00 16705.00  42.00
20150520  10:49:00 16700.00 16700.00 16695.00 16700.00 202.00
20150520  10:48:00 16705.00 16705.00 16700.00 16700.00 150.00
20150520  10:47:00 16705.00 16705.00 16700.00 16705.00  92.00
20150520  10:46:00 16700.00 16705.00 16700.00 16700.00 366.00
20150520  10:45:00 16700.00 16700.00 16695.00 16700.00 178.00
20150520  10:44:00 16695.00 16700.00 16695.00 16695.00  66.00
20150520  10:43:00 16695.00 16700.00 16695.00 16695.00 202.00
20150520  10:42:00 16695.00 16700.00 16690.00 16695.00 300.00
20150520  10:41:00 16685.00 16695.00 16685.00 16695.00 314.00
20150520  10:40:00 16685.00 16690.00 16685.00 16685.00  46.00
20150520  10:39:00 16690.00 16695.00 16685.00 16685.00 160.00
20150520  10:38:00 16685.00 16690.00 16685.00 16690.00 174.00
20150520  10:37:00 16685.00 16685.00 16680.00 16685.00 106.00
20150520  10:36:00 16690.00 16690.00 16685.00 16685.00 122.00
20150520  10:35:00 16680.00 16685.00 16680.00 16685.00 146.00
20150520  10:34:00 16685.00 16685.00 16680.00 16680.00  54.00
20150520  10:33:00 16680.00 16680.00 16675.00 16680.00 474.00
20150520  10:32:00 16685.00 16685.00 16680.00 16680.00 282.00
20150520  10:31:00 16690.00 16690.00 16680.00 16685.00 152.00
20150520  10:30:00 16685.00 16690.00 16680.00 16690.00 302.00
20150520  10:14:00 16675.00 16680.00 16675.00 16680.00  90.00
20150520  10:13:00 16680.00 16680.00 16675.00 16680.00  18.00
20150520  10:12:00 16680.00 16680.00 16675.00 16680.00  14.00
20150520  10:11:00 16675.00 16680.00 16675.00 16680.00 184.00
20150520  10:10:00 16680.00 16680.00 16675.00 16675.00  50.00
20150520  10:09:00 16680.00 16680.00 16680.00 16680.00   8.00
20150520  10:08:00 16680.00 16680.00 16675.00 16680.00 180.00
20150520  10:07:00 16675.00 16680.00 16675.00 16680.00   8.00
20150520  10:06:00 16675.00 16675.00 16675.00 16675.00   2.00
20150520  10:05:00 16675.00 16675.00 16675.00 16675.00   0.00
20150520  10:04:00 16675.00 16675.00 16675.00 16675.00  22.00
20150520  10:03:00 16675.00 16675.00 16675.00 16675.00   4.00
20150520  10:02:00 16675.00 16675.00 16670.00 16675.00  56.00
20150520  10:01:00 16675.00 16675.00 16670.00 16675.00  74.00
20150520  10:00:00 16675.00 16675.00 16670.00 16675.00 176.00
20150520  09:59:00 16680.00 16680.00 16675.00 16675.00  24.00
20150520  09:58:00 16680.00 16680.00 16680.00 16680.00 330.00
20150520  09:57:00 16675.00 16680.00 16675.00 16675.00   8.00
20150520  09:56:00 16675.00 16675.00 16675.00 16675.00   0.00
20150520  09:55:00 16675.00 16680.00 16675.00 16675.00  30.00
20150520  09:54:00 16675.00 16680.00 16670.00 16675.00 216.00
20150520  09:53:00 16675.00 16675.00 16675.00 16675.00   2.00
20150520  09:52:00 16680.00 16680.00 16675.00 16675.00  84.00
20150520  09:51:00 16680.00 16680.00 16675.00 16680.00  90.00
20150520  09:50:00 16680.00 16685.00 16675.00 16680.00  52.00
20150520  09:49:00 16680.00 16685.00 16680.00 16680.00  66.00
20150520  09:48:00 16675.00 16680.00 16675.00 16680.00 122.00
20150520  09:47:00 16680.00 16680.00 16675.00 16675.00 134.00
20150520  09:46:00 16675.00 16675.00 16675.00 16675.00  32.00
20150520  09:45:00 16675.00 16675.00 16675.00 16675.00 102.00
20150520  09:44:00 16675.00 16675.00 16675.00 16675.00  30.00
20150520  09:43:00 16680.00 16680.00 16680.00 16680.00  12.00
20150520  09:42:00 16685.00 16685.00 16680.00 16680.00 120.00
20150520  09:41:00 16675.00 16685.00 16675.00 16685.00  58.00
20150520  09:40:00 16675.00 16680.00 16675.00 16675.00  14.00
20150520  09:39:00 16675.00 16675.00 16675.00 16675.00  14.00
20150520  09:38:00 16680.00 16680.00 16675.00 16675.00  68.00
20150520  09:37:00 16680.00 16680.00 16675.00 16675.00 148.00
20150520  09:36:00 16675.00 16680.00 16675.00 16680.00  66.00
20150520  09:35:00 16675.00 16675.00 16675.00 16675.00  24.00
20150520  09:34:00 16675.00 16675.00 16670.00 16675.00 102.00
20150520  09:33:00 16670.00 16675.00 16670.00 16675.00  36.00
20150520  09:32:00 16670.00 16680.00 16670.00 16675.00  60.00
20150520  09:31:00 16680.00 16680.00 16670.00 16670.00  94.00
20150520  09:30:00 16675.00 16680.00 16675.00 16680.00 244.00
20150520  09:29:00 16675.00 16685.00 16675.00 16685.00 142.00
20150520  09:28:00 16675.00 16680.00 16675.00 16675.00  28.00
20150520  09:27:00 16670.00 16680.00 16670.00 16675.00 134.00
20150520  09:26:00 16665.00 16675.00 16665.00 16670.00  94.00
20150520  09:25:00 16670.00 16670.00 16665.00 16665.00  56.00
20150520  09:24:00 16665.00 16670.00 16665.00 16665.00 120.00
20150520  09:23:00 16665.00 16665.00 16660.00 16665.00  74.00
20150520  09:22:00 16660.00 16665.00 16660.00 16665.00   4.00
20150520  09:21:00 16675.00 16675.00 16665.00 16665.00 352.00
20150520  09:20:00 16675.00 16675.00 16670.00 16675.00  54.00
20150520  09:19:00 16665.00 16675.00 16665.00 16675.00 146.00
20150520  09:18:00 16670.00 16680.00 16665.00 16665.00 444.00
20150520  09:17:00 16665.00 16675.00 16665.00 16670.00 356.00
20150520  09:16:00 16665.00 16670.00 16660.00 16665.00 232.00
20150520  09:15:00 16650.00 16665.00 16650.00 16665.00 282.00
20150520  09:14:00 16655.00 16660.00 16650.00 16650.00 396.00
20150520  09:13:00 16660.00 16660.00 16655.00 16655.00 152.00
20150520  09:12:00 16660.00 16660.00 16655.00 16660.00 310.00
20150520  09:11:00 16650.00 16670.00 16645.00 16660.00 774.00
20150520  09:10:00 16665.00 16665.00 16645.00 16650.00 1196.00
20150520  09:09:00 16670.00 16670.00 16660.00 16665.00 370.00
20150520  09:08:00 16680.00 16680.00 16660.00 16670.00 704.00
20150520  09:07:00 16680.00 16680.00 16670.00 16680.00 314.00
20150520  09:06:00 16695.00 16695.00 16675.00 16680.00 528.00
20150520  09:05:00 16685.00 16705.00 16685.00 16695.00 952.00
20150520  09:04:00 16680.00 16690.00 16675.00 16680.00 386.00
20150520  09:03:00 16675.00 16685.00 16675.00 16685.00 410.00
20150520  09:02:00 16665.00 16680.00 16665.00 16680.00 512.00
20150520  09:01:00 16645.00 16670.00 16645.00 16665.00 586.00
20150520  09:00:00 16650.00 16655.00 16640.00 16640.00 1160.00
20150520  00:59:00 16660.00 16675.00 16660.00 16665.00 132.00
20150520  00:58:00 16665.00 16675.00 16660.00 16665.00 366.00
20150520  00:57:00 16660.00 16665.00 16655.00 16655.00 118.00
20150520  00:56:00 16660.00 16660.00 16655.00 16660.00  62.00
20150520  00:55:00 16660.00 16665.00 16660.00 16660.00 122.00
20150520  00:54:00 16655.00 16660.00 16655.00 16655.00  34.00
20150520  00:53:00 16655.00 16660.00 16655.00 16655.00  58.00
20150520  00:52:00 16655.00 16655.00 16655.00 16655.00  18.00
20150520  00:51:00 16655.00 16655.00 16655.00 16655.00  94.00
20150520  00:50:00 16650.00 16655.00 16650.00 16655.00  42.00
20150520  00:49:00 16645.00 16650.00 16645.00 16650.00  18.00
20150520  00:48:00 16650.00 16655.00 16645.00 16645.00  48.00
20150520  00:47:00 16650.00 16650.00 16650.00 16650.00  10.00
20150520  00:46:00 16650.00 16650.00 16645.00 16650.00  74.00
20150520  00:45:00 16645.00 16650.00 16645.00 16650.00 106.00
20150520  00:44:00 16650.00 16650.00 16645.00 16645.00  66.00
20150520  00:43:00 16645.00 16650.00 16645.00 16650.00  48.00
20150520  00:42:00 16650.00 16650.00 16645.00 16645.00  84.00
20150520  00:41:00 16645.00 16650.00 16645.00 16650.00  10.00
20150520  00:40:00 16645.00 16645.00 16645.00 16645.00  30.00
20150520  00:39:00 16650.00 16650.00 16645.00 16645.00  36.00
20150520  00:38:00 16650.00 16650.00 16650.00 16650.00  28.00
20150520  00:37:00 16650.00 16650.00 16650.00 16650.00   8.00
20150520  00:36:00 16650.00 16650.00 16650.00 16650.00  20.00
20150520  00:35:00 16650.00 16650.00 16650.00 16650.00  34.00
20150520  00:34:00 16655.00 16655.00 16650.00 16650.00 146.00
20150520  00:33:00 16655.00 16655.00 16655.00 16655.00  20.00
20150520  00:32:00 16655.00 16655.00 16655.00 16655.00  64.00
20150520  00:31:00 16650.00 16655.00 16650.00 16655.00  94.00
20150520  00:30:00 16655.00 16655.00 16650.00 16650.00  28.00
20150520  00:29:00 16645.00 16655.00 16645.00 16655.00 150.00
20150520  00:28:00 16655.00 16660.00 16650.00 16650.00 126.00
20150520  00:27:00 16655.00 16660.00 16655.00 16655.00  40.00
20150520  00:26:00 16665.00 16665.00 16655.00 16655.00 132.00
20150520  00:25:00 16660.00 16665.00 16660.00 16665.00  30.00
20150520  00:24:00 16665.00 16665.00 16660.00 16660.00  16.00
20150520  00:23:00 16660.00 16670.00 16660.00 16665.00 184.00
20150520  00:22:00 16665.00 16665.00 16655.00 16660.00 126.00
20150520  00:21:00 16670.00 16670.00 16665.00 16665.00 110.00
20150520  00:20:00 16670.00 16670.00 16670.00 16670.00 516.00
20150520  00:19:00 16675.00 16675.00 16665.00 16670.00 248.00
20150520  00:18:00 16670.00 16675.00 16665.00 16675.00 204.00
20150520  00:17:00 16665.00 16670.00 16660.00 16670.00  98.00
20150520  00:16:00 16665.00 16670.00 16660.00 16665.00 192.00
20150520  00:15:00 16660.00 16665.00 16660.00 16665.00 186.00
20150520  00:14:00 16655.00 16660.00 16655.00 16660.00 170.00
20150520  00:13:00 16655.00 16660.00 16655.00 16655.00 138.00
20150520  00:12:00 16655.00 16655.00 16650.00 16655.00  48.00
20150520  00:11:00 16645.00 16655.00 16645.00 16655.00 244.00
20150520  00:10:00 16645.00 16645.00 16645.00 16645.00  14.00
20150520  00:09:00 16650.00 16650.00 16645.00 16645.00  12.00
20150520  00:08:00 16645.00 16650.00 16645.00 16650.00  34.00
20150520  00:07:00 16640.00 16645.00 16640.00 16645.00  90.00
20150520  00:06:00 16645.00 16645.00 16640.00 16640.00  12.00
20150520  00:05:00 16645.00 16645.00 16645.00 16645.00  24.00
20150520  00:04:00 16645.00 16645.00 16640.00 16645.00  38.00
20150520  00:03:00 16650.00 16650.00 16645.00 16645.00  86.00
20150520  00:02:00 16645.00 16650.00 16645.00 16650.00  12.00
20150520  00:01:00 16645.00 16650.00 16645.00 16645.00 146.00
20150520  00:00:00 16645.00 16645.00 16645.00 16645.00  74.00
20150519  23:59:00 16645.00 16645.00 16640.00 16645.00 150.00
20150519  23:58:00 16645.00 16645.00 16640.00 16645.00 162.00
20150519  23:57:00 16650.00 16650.00 16645.00 16645.00 108.00
20150519  23:56:00 16645.00 16650.00 16645.00 16650.00  24.00
20150519  23:55:00 16645.00 16650.00 16645.00 16645.00 126.00
20150519  23:54:00 16645.00 16645.00 16640.00 16645.00 122.00
20150519  23:53:00 16645.00 16650.00 16645.00 16645.00 274.00
20150519  23:52:00 16650.00 16650.00 16645.00 16645.00 298.00
20150519  23:51:00 16640.00 16650.00 16640.00 16650.00 180.00
20150519  23:50:00 16645.00 16650.00 16640.00 16640.00 168.00
20150519  23:49:00 16640.00 16645.00 16640.00 16645.00  88.00
20150519  23:48:00 16640.00 16645.00 16635.00 16640.00  86.00
20150519  23:47:00 16635.00 16640.00 16635.00 16640.00 232.00
20150519  23:46:00 16640.00 16645.00 16635.00 16635.00 528.00
20150519  23:45:00 16645.00 16645.00 16640.00 16640.00 206.00
20150519  23:44:00 16645.00 16645.00 16640.00 16645.00 340.00
20150519  23:43:00 16640.00 16650.00 16635.00 16645.00 380.00
20150519  23:42:00 16650.00 16650.00 16635.00 16635.00 584.00
20150519  23:41:00 16655.00 16655.00 16650.00 16655.00 250.00
20150519  23:40:00 16655.00 16660.00 16655.00 16655.00 100.00
20150519  23:39:00 16665.00 16665.00 16650.00 16655.00 560.00
20150519  23:38:00 16665.00 16665.00 16665.00 16665.00 130.00
20150519  23:37:00 16670.00 16675.00 16670.00 16670.00  96.00
20150519  23:36:00 16670.00 16675.00 16670.00 16675.00  42.00
20150519  23:35:00 16680.00 16685.00 16670.00 16670.00 386.00
20150519  23:34:00 16680.00 16680.00 16675.00 16680.00  60.00
20150519  23:33:00 16675.00 16680.00 16670.00 16675.00 310.00
20150519  23:32:00 16665.00 16675.00 16665.00 16675.00 320.00
20150519  23:31:00 16660.00 16665.00 16660.00 16665.00 258.00
20150519  23:30:00 16665.00 16665.00 16660.00 16665.00 782.00
20150519  23:29:00 16660.00 16665.00 16655.00 16665.00 576.00
20150519  23:28:00 16655.00 16660.00 16655.00 16660.00 244.00
20150519  23:27:00 16660.00 16660.00 16655.00 16660.00 304.00
20150519  23:26:00 16665.00 16665.00 16655.00 16660.00 296.00
20150519  23:25:00 16665.00 16665.00 16655.00 16665.00 300.00
20150519  23:24:00 16665.00 16665.00 16660.00 16665.00 574.00
20150519  23:23:00 16675.00 16675.00 16660.00 16665.00 652.00
20150519  23:22:00 16680.00 16680.00 16670.00 16670.00 270.00
20150519  23:21:00 16680.00 16680.00 16680.00 16680.00 412.00
20150519  23:20:00 16680.00 16685.00 16680.00 16680.00 128.00
20150519  23:19:00 16680.00 16685.00 16680.00 16680.00 204.00
20150519  23:18:00 16690.00 16690.00 16680.00 16680.00 178.00
20150519  23:17:00 16685.00 16690.00 16685.00 16690.00 194.00
20150519  23:16:00 16695.00 16695.00 16685.00 16685.00 162.00
20150519  23:15:00 16690.00 16695.00 16690.00 16695.00  88.00
20150519  23:14:00 16690.00 16695.00 16690.00 16690.00  20.00
20150519  23:13:00 16695.00 16695.00 16690.00 16690.00  24.00
20150519  23:12:00 16700.00 16700.00 16695.00 16695.00  46.00
20150519  23:11:00 16680.00 16700.00 16680.00 16700.00 294.00
20150519  23:10:00 16680.00 16685.00 16675.00 16685.00  64.00
20150519  23:09:00 16680.00 16685.00 16680.00 16680.00 106.00
20150519  23:08:00 16690.00 16695.00 16680.00 16680.00 218.00
20150519  23:07:00 16690.00 16695.00 16690.00 16690.00  46.00
20150519  23:06:00 16690.00 16695.00 16685.00 16690.00 426.00
20150519  23:05:00 16690.00 16695.00 16685.00 16695.00  64.00
20150519  23:04:00 16690.00 16690.00 16690.00 16690.00  12.00
20150519  23:03:00 16685.00 16690.00 16685.00 16690.00  70.00
20150519  23:02:00 16685.00 16690.00 16680.00 16690.00 104.00
20150519  23:01:00 16690.00 16695.00 16685.00 16685.00 116.00
20150519  23:00:00 16690.00 16695.00 16690.00 16690.00 394.00
20150519  22:59:00 16680.00 16695.00 16680.00 16690.00 190.00
20150519  22:58:00 16680.00 16685.00 16680.00 16680.00 254.00
20150519  22:57:00 16675.00 16685.00 16675.00 16680.00 194.00
20150519  22:56:00 16690.00 16690.00 16680.00 16680.00 214.00
20150519  22:55:00 16685.00 16690.00 16685.00 16690.00 254.00
20150519  22:54:00 16695.00 16695.00 16685.00 16685.00 394.00
20150519  22:53:00 16695.00 16700.00 16685.00 16690.00 496.00
20150519  22:52:00 16680.00 16695.00 16680.00 16695.00 414.00
20150519  22:51:00 16665.00 16685.00 16665.00 16680.00 672.00
20150519  22:50:00 16665.00 16670.00 16655.00 16665.00 588.00
20150519  22:49:00 16665.00 16670.00 16665.00 16665.00 140.00
20150519  22:48:00 16660.00 16665.00 16660.00 16665.00 460.00
20150519  22:47:00 16660.00 16670.00 16660.00 16660.00 230.00
20150519  22:46:00 16665.00 16670.00 16660.00 16660.00 206.00
20150519  22:45:00 16670.00 16670.00 16660.00 16660.00 134.00
20150519  22:44:00 16665.00 16675.00 16665.00 16675.00 208.00
20150519  22:43:00 16665.00 16665.00 16660.00 16665.00 672.00
20150519  22:42:00 16665.00 16670.00 16665.00 16665.00 312.00
20150519  22:41:00 16665.00 16665.00 16660.00 16665.00 286.00
20150519  22:40:00 16670.00 16670.00 16665.00 16665.00  82.00
20150519  22:39:00 16675.00 16680.00 16665.00 16670.00 184.00
20150519  22:38:00 16670.00 16675.00 16660.00 16675.00 1134.00
20150519  22:37:00 16655.00 16670.00 16655.00 16670.00 516.00
20150519  22:36:00 16660.00 16665.00 16655.00 16655.00 258.00
20150519  22:35:00 16660.00 16660.00 16650.00 16660.00 238.00
20150519  22:34:00 16655.00 16660.00 16650.00 16660.00 336.00
20150519  22:33:00 16655.00 16665.00 16650.00 16655.00 1214.00
20150519  22:32:00 16665.00 16665.00 16655.00 16660.00 946.00
20150519  22:31:00 16650.00 16665.00 16650.00 16665.00 756.00
20150519  22:30:00 16660.00 16660.00 16650.00 16650.00 1918.00
20150519  22:29:00 16670.00 16670.00 16660.00 16660.00 786.00
20150519  22:28:00 16660.00 16670.00 16660.00 16670.00 274.00
20150519  22:27:00 16665.00 16670.00 16660.00 16660.00 630.00
20150519  22:26:00 16665.00 16670.00 16660.00 16665.00 556.00
20150519  22:25:00 16680.00 16680.00 16660.00 16665.00 934.00
20150519  22:24:00 16680.00 16685.00 16670.00 16680.00 556.00
20150519  22:23:00 16675.00 16685.00 16675.00 16680.00 226.00
20150519  22:22:00 16685.00 16685.00 16675.00 16675.00 580.00
20150519  22:21:00 16695.00 16700.00 16680.00 16685.00 438.00
20150519  22:20:00 16695.00 16700.00 16695.00 16695.00 160.00
20150519  22:19:00 16695.00 16700.00 16690.00 16695.00 122.00
20150519  22:18:00 16700.00 16700.00 16685.00 16695.00 214.00
20150519  22:17:00 16700.00 16705.00 16695.00 16700.00 444.00
20150519  22:16:00 16695.00 16705.00 16690.00 16700.00 368.00
20150519  22:15:00 16695.00 16705.00 16690.00 16695.00 592.00
20150519  22:14:00 16685.00 16700.00 16685.00 16695.00 878.00
20150519  22:13:00 16680.00 16690.00 16680.00 16685.00 526.00
20150519  22:12:00 16685.00 16690.00 16670.00 16680.00 418.00
20150519  22:11:00 16685.00 16690.00 16665.00 16685.00 1182.00
20150519  22:10:00 16700.00 16700.00 16680.00 16685.00 920.00
20150519  22:09:00 16695.00 16700.00 16690.00 16695.00 570.00
20150519  22:08:00 16705.00 16705.00 16695.00 16695.00 918.00
20150519  22:07:00 16720.00 16725.00 16700.00 16700.00 1060.00
20150519  22:06:00 16715.00 16730.00 16715.00 16715.00 558.00
20150519  22:05:00 16715.00 16720.00 16710.00 16715.00 632.00
20150519  22:04:00 16720.00 16725.00 16710.00 16710.00 770.00
20150519  22:03:00 16730.00 16730.00 16720.00 16720.00 600.00
20150519  22:02:00 16730.00 16740.00 16725.00 16730.00 424.00
20150519  22:01:00 16730.00 16735.00 16725.00 16730.00 464.00
20150519  22:00:00 16730.00 16735.00 16725.00 16725.00 444.00
20150519  21:59:00 16740.00 16745.00 16730.00 16730.00 476.00
20150519  21:58:00 16745.00 16750.00 16740.00 16740.00 212.00
20150519  21:57:00 16740.00 16745.00 16740.00 16740.00 356.00
20150519  21:56:00 16740.00 16740.00 16735.00 16740.00 202.00
20150519  21:55:00 16745.00 16745.00 16740.00 16740.00 110.00
20150519  21:54:00 16745.00 16745.00 16740.00 16745.00 130.00
20150519  21:53:00 16745.00 16750.00 16745.00 16745.00 112.00
20150519  21:52:00 16745.00 16750.00 16745.00 16745.00  98.00
20150519  21:51:00 16755.00 16760.00 16745.00 16745.00 246.00
20150519  21:50:00 16755.00 16755.00 16750.00 16755.00 142.00
20150519  21:49:00 16755.00 16755.00 16750.00 16755.00  62.00
20150519  21:48:00 16755.00 16755.00 16745.00 16755.00 308.00
20150519  21:47:00 16760.00 16765.00 16755.00 16755.00 960.00
20150519  21:46:00 16740.00 16765.00 16740.00 16760.00 806.00
20150519  21:45:00 16730.00 16740.00 16725.00 16740.00 310.00
20150519  21:44:00 16710.00 16730.00 16710.00 16730.00 372.00
20150519  21:43:00 16715.00 16720.00 16710.00 16710.00 164.00
20150519  21:42:00 16715.00 16715.00 16710.00 16715.00 358.00
20150519  21:41:00 16730.00 16735.00 16715.00 16715.00 602.00
20150519  21:40:00 16720.00 16730.00 16715.00 16725.00 412.00
20150519  21:39:00 16725.00 16730.00 16715.00 16720.00 630.00
20150519  21:38:00 16735.00 16735.00 16725.00 16725.00 502.00
20150519  21:37:00 16735.00 16735.00 16730.00 16735.00 148.00
20150519  21:36:00 16735.00 16735.00 16730.00 16735.00 152.00
20150519  21:35:00 16735.00 16740.00 16730.00 16735.00 160.00
20150519  21:34:00 16740.00 16740.00 16735.00 16735.00 106.00
20150519  21:33:00 16755.00 16755.00 16735.00 16740.00  92.00
20150519  21:32:00 16745.00 16755.00 16745.00 16755.00 324.00
20150519  21:31:00 16745.00 16745.00 16730.00 16745.00 706.00
20150519  21:30:00 16755.00 16755.00 16745.00 16745.00 242.00
20150519  21:29:00 16765.00 16765.00 16760.00 16760.00 368.00
20150519  21:28:00 16765.00 16765.00 16760.00 16765.00 502.00
20150519  21:27:00 16755.00 16770.00 16750.00 16760.00 1448.00
20150519  21:26:00 16745.00 16760.00 16740.00 16755.00 554.00
20150519  21:25:00 16735.00 16745.00 16735.00 16745.00 422.00
20150519  21:24:00 16735.00 16740.00 16730.00 16735.00 262.00
20150519  21:23:00 16735.00 16740.00 16735.00 16735.00 148.00
20150519  21:22:00 16735.00 16740.00 16730.00 16735.00 464.00
20150519  21:21:00 16730.00 16740.00 16730.00 16735.00 278.00
20150519  21:20:00 16730.00 16735.00 16725.00 16735.00 998.00
20150519  21:19:00 16725.00 16730.00 16720.00 16730.00 656.00
20150519  21:18:00 16735.00 16740.00 16725.00 16725.00 596.00
20150519  21:17:00 16740.00 16740.00 16730.00 16735.00 438.00
20150519  21:16:00 16745.00 16745.00 16735.00 16740.00 346.00
20150519  21:15:00 16745.00 16750.00 16745.00 16745.00 294.00
20150519  21:14:00 16755.00 16755.00 16750.00 16750.00 238.00
20150519  21:13:00 16755.00 16760.00 16750.00 16755.00 212.00
20150519  21:12:00 16760.00 16765.00 16755.00 16755.00 282.00
20150519  21:11:00 16760.00 16765.00 16755.00 16755.00 320.00
20150519  21:10:00 16765.00 16765.00 16750.00 16760.00 388.00
20150519  21:09:00 16750.00 16765.00 16750.00 16765.00 392.00
20150519  21:08:00 16750.00 16755.00 16745.00 16750.00 276.00
20150519  21:07:00 16745.00 16760.00 16740.00 16745.00 598.00
20150519  21:06:00 16735.00 16750.00 16735.00 16745.00 474.00
20150519  21:05:00 16735.00 16740.00 16730.00 16735.00 906.00
20150519  21:04:00 16740.00 16745.00 16735.00 16735.00 644.00
20150519  21:03:00 16735.00 16740.00 16730.00 16740.00 514.00
20150519  21:02:00 16735.00 16740.00 16730.00 16735.00 722.00
20150519  21:01:00 16725.00 16740.00 16725.00 16735.00 668.00
20150519  21:00:00 16765.00 16765.00 16680.00 16730.00 3966.00
