20150309  15:00:00 15740.00 15740.00 15740.00 15740.00   4.00
20150309  14:59:00 15735.00 15745.00 15735.00 15745.00 644.00
20150309  14:58:00 15745.00 15745.00 15735.00 15735.00 622.00
20150309  14:57:00 15745.00 15745.00 15735.00 15745.00 674.00
20150309  14:56:00 15740.00 15745.00 15740.00 15745.00 128.00
20150309  14:55:00 15740.00 15740.00 15735.00 15740.00 746.00
20150309  14:54:00 15740.00 15745.00 15740.00 15740.00 786.00
20150309  14:53:00 15740.00 15750.00 15740.00 15745.00 906.00
20150309  14:52:00 15760.00 15765.00 15740.00 15740.00 2118.00
20150309  14:51:00 15760.00 15765.00 15760.00 15760.00 590.00
20150309  14:50:00 15760.00 15765.00 15760.00 15760.00 788.00
20150309  14:49:00 15765.00 15770.00 15765.00 15765.00 452.00
20150309  14:48:00 15770.00 15770.00 15765.00 15765.00 126.00
20150309  14:47:00 15765.00 15770.00 15765.00 15770.00 392.00
20150309  14:46:00 15765.00 15770.00 15760.00 15765.00 228.00
20150309  14:45:00 15760.00 15765.00 15755.00 15765.00 780.00
20150309  14:44:00 15775.00 15775.00 15760.00 15760.00 1396.00
20150309  14:43:00 15780.00 15780.00 15775.00 15775.00 224.00
20150309  14:42:00 15785.00 15785.00 15775.00 15780.00 476.00
20150309  14:41:00 15775.00 15785.00 15775.00 15780.00 160.00
20150309  14:40:00 15775.00 15785.00 15770.00 15775.00 762.00
20150309  14:39:00 15775.00 15785.00 15775.00 15775.00 334.00
20150309  14:38:00 15775.00 15780.00 15770.00 15775.00 286.00
20150309  14:37:00 15780.00 15780.00 15765.00 15775.00 868.00
20150309  14:36:00 15780.00 15785.00 15775.00 15780.00 320.00
20150309  14:35:00 15790.00 15790.00 15770.00 15780.00 914.00
20150309  14:34:00 15795.00 15795.00 15790.00 15790.00 286.00
20150309  14:33:00 15785.00 15795.00 15785.00 15795.00 350.00
20150309  14:32:00 15785.00 15785.00 15775.00 15785.00 864.00
20150309  14:31:00 15795.00 15800.00 15780.00 15785.00 634.00
20150309  14:30:00 15795.00 15805.00 15795.00 15795.00 1114.00
20150309  14:29:00 15795.00 15800.00 15790.00 15795.00 282.00
20150309  14:28:00 15800.00 15800.00 15785.00 15795.00 1274.00
20150309  14:27:00 15800.00 15805.00 15795.00 15800.00 1028.00
20150309  14:26:00 15800.00 15810.00 15800.00 15805.00 962.00
20150309  14:25:00 15800.00 15810.00 15800.00 15800.00 850.00
20150309  14:24:00 15800.00 15800.00 15800.00 15800.00 396.00
20150309  14:23:00 15800.00 15800.00 15795.00 15800.00 670.00
20150309  14:22:00 15800.00 15800.00 15795.00 15800.00 680.00
20150309  14:21:00 15800.00 15800.00 15795.00 15800.00 328.00
20150309  14:20:00 15800.00 15800.00 15790.00 15795.00 482.00
20150309  14:19:00 15800.00 15805.00 15795.00 15800.00 1190.00
20150309  14:18:00 15815.00 15815.00 15795.00 15800.00 1952.00
20150309  14:17:00 15820.00 15820.00 15810.00 15815.00 212.00
20150309  14:16:00 15815.00 15815.00 15810.00 15815.00 416.00
20150309  14:15:00 15825.00 15825.00 15815.00 15815.00 504.00
20150309  14:14:00 15820.00 15825.00 15820.00 15825.00  98.00
20150309  14:13:00 15815.00 15820.00 15815.00 15820.00 268.00
20150309  14:12:00 15820.00 15820.00 15815.00 15815.00 232.00
20150309  14:11:00 15830.00 15830.00 15815.00 15820.00 618.00
20150309  14:10:00 15845.00 15845.00 15830.00 15830.00 420.00
20150309  14:09:00 15840.00 15845.00 15835.00 15845.00 1270.00
20150309  14:08:00 15825.00 15840.00 15825.00 15840.00 1114.00
20150309  14:07:00 15820.00 15830.00 15820.00 15825.00 586.00
20150309  14:06:00 15815.00 15825.00 15815.00 15820.00 1076.00
20150309  14:05:00 15810.00 15815.00 15810.00 15815.00 244.00
20150309  14:04:00 15805.00 15810.00 15805.00 15810.00  90.00
20150309  14:03:00 15800.00 15805.00 15800.00 15805.00  42.00
20150309  14:02:00 15805.00 15805.00 15800.00 15800.00  24.00
20150309  14:01:00 15815.00 15815.00 15800.00 15805.00 292.00
20150309  14:00:00 15800.00 15815.00 15800.00 15815.00 1048.00
20150309  13:59:00 15800.00 15805.00 15800.00 15800.00 418.00
20150309  13:58:00 15795.00 15800.00 15795.00 15800.00 424.00
20150309  13:57:00 15790.00 15795.00 15790.00 15795.00 286.00
20150309  13:56:00 15795.00 15795.00 15790.00 15790.00 356.00
20150309  13:55:00 15805.00 15810.00 15790.00 15800.00 658.00
20150309  13:54:00 15810.00 15810.00 15800.00 15805.00 352.00
20150309  13:53:00 15815.00 15820.00 15810.00 15810.00 762.00
20150309  13:52:00 15810.00 15815.00 15805.00 15815.00 624.00
20150309  13:51:00 15800.00 15810.00 15800.00 15810.00 1096.00
20150309  13:50:00 15790.00 15800.00 15790.00 15800.00 482.00
20150309  13:49:00 15790.00 15795.00 15790.00 15790.00 626.00
20150309  13:48:00 15785.00 15795.00 15785.00 15795.00 506.00
20150309  13:47:00 15785.00 15790.00 15780.00 15785.00 294.00
20150309  13:46:00 15785.00 15785.00 15780.00 15785.00 434.00
20150309  13:45:00 15780.00 15785.00 15780.00 15785.00 334.00
20150309  13:44:00 15775.00 15780.00 15775.00 15780.00 506.00
20150309  13:43:00 15770.00 15780.00 15770.00 15775.00 234.00
20150309  13:42:00 15780.00 15780.00 15770.00 15775.00 454.00
20150309  13:41:00 15765.00 15780.00 15765.00 15780.00 1644.00
20150309  13:40:00 15760.00 15765.00 15760.00 15765.00 338.00
20150309  13:39:00 15760.00 15760.00 15755.00 15760.00 128.00
20150309  13:38:00 15765.00 15765.00 15760.00 15760.00 178.00
20150309  13:37:00 15765.00 15765.00 15755.00 15765.00 226.00
20150309  13:36:00 15755.00 15765.00 15750.00 15765.00 470.00
20150309  13:35:00 15750.00 15755.00 15745.00 15755.00 390.00
20150309  13:34:00 15760.00 15760.00 15750.00 15755.00 154.00
20150309  13:33:00 15765.00 15765.00 15760.00 15760.00 312.00
20150309  13:32:00 15755.00 15765.00 15755.00 15765.00 304.00
20150309  13:31:00 15755.00 15760.00 15755.00 15755.00 472.00
20150309  13:30:00 15740.00 15760.00 15740.00 15760.00 588.00
20150309  11:29:00 15735.00 15745.00 15735.00 15740.00 186.00
20150309  11:28:00 15740.00 15740.00 15735.00 15735.00  82.00
20150309  11:27:00 15745.00 15745.00 15740.00 15740.00 236.00
20150309  11:26:00 15745.00 15750.00 15740.00 15745.00 298.00
20150309  11:25:00 15745.00 15750.00 15740.00 15750.00 160.00
20150309  11:24:00 15745.00 15745.00 15745.00 15745.00  10.00
20150309  11:23:00 15750.00 15750.00 15745.00 15745.00 234.00
20150309  11:22:00 15735.00 15750.00 15735.00 15750.00 360.00
20150309  11:21:00 15735.00 15740.00 15735.00 15735.00 228.00
20150309  11:20:00 15735.00 15735.00 15735.00 15735.00   8.00
20150309  11:19:00 15740.00 15740.00 15735.00 15735.00 190.00
20150309  11:18:00 15740.00 15740.00 15735.00 15740.00  54.00
20150309  11:17:00 15735.00 15740.00 15735.00 15740.00  16.00
20150309  11:16:00 15735.00 15740.00 15735.00 15735.00  12.00
20150309  11:15:00 15740.00 15740.00 15735.00 15735.00  98.00
20150309  11:14:00 15735.00 15740.00 15735.00 15740.00  66.00
20150309  11:13:00 15740.00 15740.00 15735.00 15735.00   6.00
20150309  11:12:00 15740.00 15740.00 15735.00 15740.00  34.00
20150309  11:11:00 15735.00 15740.00 15735.00 15740.00  50.00
20150309  11:10:00 15735.00 15735.00 15735.00 15735.00  10.00
20150309  11:09:00 15730.00 15740.00 15730.00 15735.00 542.00
20150309  11:08:00 15730.00 15730.00 15730.00 15730.00   0.00
20150309  11:07:00 15730.00 15730.00 15725.00 15730.00 334.00
20150309  11:06:00 15735.00 15735.00 15735.00 15735.00   0.00
20150309  11:05:00 15735.00 15735.00 15735.00 15735.00  48.00
20150309  11:04:00 15730.00 15735.00 15730.00 15735.00   2.00
20150309  11:03:00 15725.00 15730.00 15725.00 15730.00  80.00
20150309  11:02:00 15730.00 15730.00 15725.00 15725.00  12.00
20150309  11:01:00 15730.00 15730.00 15730.00 15730.00 272.00
20150309  11:00:00 15730.00 15730.00 15730.00 15730.00   0.00
20150309  10:59:00 15740.00 15740.00 15730.00 15730.00 108.00
20150309  10:58:00 15735.00 15740.00 15735.00 15740.00  10.00
20150309  10:57:00 15735.00 15735.00 15735.00 15735.00 118.00
20150309  10:56:00 15730.00 15735.00 15730.00 15735.00 188.00
20150309  10:55:00 15725.00 15730.00 15725.00 15730.00  16.00
20150309  10:54:00 15735.00 15735.00 15725.00 15725.00 344.00
20150309  10:53:00 15730.00 15735.00 15730.00 15735.00 192.00
20150309  10:52:00 15725.00 15730.00 15725.00 15730.00 320.00
20150309  10:51:00 15725.00 15730.00 15725.00 15725.00 220.00
20150309  10:50:00 15725.00 15725.00 15720.00 15725.00  34.00
20150309  10:49:00 15730.00 15735.00 15720.00 15725.00 328.00
20150309  10:48:00 15735.00 15735.00 15730.00 15735.00  52.00
20150309  10:47:00 15730.00 15735.00 15730.00 15735.00  24.00
20150309  10:46:00 15730.00 15730.00 15725.00 15730.00 182.00
20150309  10:45:00 15730.00 15730.00 15730.00 15730.00  18.00
20150309  10:44:00 15735.00 15735.00 15725.00 15730.00 194.00
20150309  10:43:00 15735.00 15735.00 15735.00 15735.00  34.00
20150309  10:42:00 15730.00 15735.00 15730.00 15735.00  56.00
20150309  10:41:00 15725.00 15730.00 15725.00 15730.00 222.00
20150309  10:40:00 15730.00 15730.00 15725.00 15725.00  36.00
20150309  10:39:00 15725.00 15725.00 15720.00 15725.00  88.00
20150309  10:38:00 15725.00 15725.00 15725.00 15725.00  24.00
20150309  10:37:00 15720.00 15730.00 15720.00 15725.00 190.00
20150309  10:36:00 15725.00 15725.00 15720.00 15720.00 266.00
20150309  10:35:00 15725.00 15725.00 15720.00 15725.00  38.00
20150309  10:34:00 15730.00 15730.00 15720.00 15725.00 162.00
20150309  10:33:00 15725.00 15730.00 15725.00 15730.00 102.00
20150309  10:32:00 15725.00 15730.00 15725.00 15725.00 146.00
20150309  10:31:00 15730.00 15730.00 15725.00 15725.00 284.00
20150309  10:30:00 15735.00 15735.00 15730.00 15735.00  28.00
20150309  10:14:00 15730.00 15735.00 15730.00 15735.00 300.00
20150309  10:13:00 15725.00 15730.00 15725.00 15730.00 124.00
20150309  10:12:00 15730.00 15730.00 15725.00 15725.00 148.00
20150309  10:11:00 15730.00 15735.00 15725.00 15730.00 346.00
20150309  10:10:00 15720.00 15730.00 15720.00 15730.00  84.00
20150309  10:09:00 15715.00 15725.00 15715.00 15725.00 176.00
20150309  10:08:00 15720.00 15720.00 15710.00 15715.00 182.00
20150309  10:07:00 15720.00 15725.00 15710.00 15720.00 608.00
20150309  10:06:00 15725.00 15730.00 15720.00 15720.00  92.00
20150309  10:05:00 15725.00 15725.00 15720.00 15725.00 564.00
20150309  10:04:00 15715.00 15725.00 15715.00 15725.00 308.00
20150309  10:03:00 15720.00 15725.00 15710.00 15715.00 1256.00
20150309  10:02:00 15730.00 15730.00 15725.00 15725.00 308.00
20150309  10:01:00 15730.00 15730.00 15725.00 15730.00 506.00
20150309  10:00:00 15730.00 15730.00 15725.00 15730.00 306.00
20150309  09:59:00 15740.00 15740.00 15730.00 15730.00 444.00
20150309  09:58:00 15740.00 15740.00 15735.00 15740.00 308.00
20150309  09:57:00 15740.00 15740.00 15740.00 15740.00  68.00
20150309  09:56:00 15745.00 15745.00 15740.00 15740.00 182.00
20150309  09:55:00 15740.00 15745.00 15740.00 15745.00  34.00
20150309  09:54:00 15745.00 15745.00 15740.00 15740.00  88.00
20150309  09:53:00 15745.00 15745.00 15740.00 15745.00 110.00
20150309  09:52:00 15745.00 15745.00 15745.00 15745.00  10.00
20150309  09:51:00 15740.00 15745.00 15740.00 15745.00  38.00
20150309  09:50:00 15745.00 15745.00 15740.00 15740.00 242.00
20150309  09:49:00 15750.00 15750.00 15745.00 15745.00 132.00
20150309  09:48:00 15745.00 15755.00 15745.00 15755.00 108.00
20150309  09:47:00 15755.00 15755.00 15745.00 15745.00 216.00
20150309  09:46:00 15750.00 15755.00 15750.00 15755.00 208.00
20150309  09:45:00 15750.00 15755.00 15750.00 15750.00 140.00
20150309  09:44:00 15750.00 15750.00 15745.00 15750.00  36.00
20150309  09:43:00 15745.00 15750.00 15745.00 15750.00   6.00
20150309  09:42:00 15745.00 15750.00 15745.00 15745.00  20.00
20150309  09:41:00 15750.00 15750.00 15745.00 15745.00  88.00
20150309  09:40:00 15750.00 15750.00 15750.00 15750.00 148.00
20150309  09:39:00 15750.00 15750.00 15745.00 15750.00 100.00
20150309  09:38:00 15740.00 15750.00 15740.00 15750.00  56.00
20150309  09:37:00 15750.00 15750.00 15740.00 15745.00 204.00
20150309  09:36:00 15745.00 15750.00 15745.00 15750.00  96.00
20150309  09:35:00 15745.00 15745.00 15745.00 15745.00  10.00
20150309  09:34:00 15745.00 15750.00 15745.00 15745.00 218.00
20150309  09:33:00 15745.00 15750.00 15745.00 15745.00  26.00
20150309  09:32:00 15750.00 15750.00 15745.00 15745.00   4.00
20150309  09:31:00 15750.00 15750.00 15745.00 15750.00 178.00
20150309  09:30:00 15750.00 15750.00 15745.00 15750.00  50.00
20150309  09:29:00 15740.00 15750.00 15740.00 15750.00 178.00
20150309  09:28:00 15745.00 15750.00 15740.00 15740.00  40.00
20150309  09:27:00 15745.00 15750.00 15745.00 15745.00 214.00
20150309  09:26:00 15745.00 15750.00 15740.00 15745.00 166.00
20150309  09:25:00 15745.00 15745.00 15740.00 15745.00 358.00
20150309  09:24:00 15750.00 15755.00 15740.00 15745.00 388.00
20150309  09:23:00 15745.00 15760.00 15745.00 15750.00 594.00
20150309  09:22:00 15740.00 15750.00 15740.00 15745.00 230.00
20150309  09:21:00 15755.00 15760.00 15745.00 15745.00 402.00
20150309  09:20:00 15760.00 15765.00 15755.00 15755.00 396.00
20150309  09:19:00 15750.00 15760.00 15750.00 15760.00 210.00
20150309  09:18:00 15750.00 15750.00 15750.00 15750.00  92.00
20150309  09:17:00 15750.00 15750.00 15745.00 15750.00 122.00
20150309  09:16:00 15760.00 15760.00 15745.00 15750.00 662.00
20150309  09:15:00 15760.00 15765.00 15755.00 15760.00 922.00
20150309  09:14:00 15745.00 15765.00 15745.00 15760.00 1016.00
20150309  09:13:00 15745.00 15745.00 15735.00 15745.00 138.00
20150309  09:12:00 15740.00 15745.00 15735.00 15745.00 328.00
20150309  09:11:00 15745.00 15745.00 15740.00 15740.00 568.00
20150309  09:10:00 15750.00 15750.00 15740.00 15740.00 706.00
20150309  09:09:00 15750.00 15750.00 15740.00 15745.00 1208.00
20150309  09:08:00 15735.00 15750.00 15735.00 15750.00 1290.00
20150309  09:07:00 15720.00 15740.00 15715.00 15735.00 1136.00
20150309  09:06:00 15725.00 15725.00 15710.00 15715.00 542.00
20150309  09:05:00 15725.00 15730.00 15720.00 15725.00 578.00
20150309  09:04:00 15730.00 15735.00 15725.00 15725.00 486.00
20150309  09:03:00 15735.00 15735.00 15730.00 15730.00  96.00
20150309  09:02:00 15735.00 15735.00 15730.00 15735.00 404.00
20150309  09:01:00 15730.00 15735.00 15720.00 15735.00 1080.00
20150309  09:00:00 15720.00 15740.00 15710.00 15730.00 1412.00
20150307  00:59:00 15715.00 15735.00 15715.00 15735.00 324.00
20150307  00:58:00 15715.00 15720.00 15715.00 15720.00  82.00
20150307  00:57:00 15720.00 15720.00 15715.00 15715.00 204.00
20150307  00:56:00 15715.00 15720.00 15715.00 15720.00  22.00
20150307  00:55:00 15720.00 15730.00 15715.00 15715.00 332.00
20150307  00:54:00 15730.00 15730.00 15725.00 15725.00 152.00
20150307  00:53:00 15730.00 15730.00 15730.00 15730.00  10.00
20150307  00:52:00 15730.00 15730.00 15730.00 15730.00  26.00
20150307  00:51:00 15720.00 15730.00 15720.00 15725.00  92.00
20150307  00:50:00 15730.00 15735.00 15720.00 15720.00 110.00
20150307  00:49:00 15730.00 15740.00 15730.00 15730.00 572.00
20150307  00:48:00 15715.00 15730.00 15710.00 15730.00 556.00
20150307  00:47:00 15710.00 15715.00 15710.00 15715.00 204.00
20150307  00:46:00 15710.00 15710.00 15705.00 15710.00  80.00
20150307  00:45:00 15710.00 15715.00 15705.00 15710.00 162.00
20150307  00:44:00 15700.00 15710.00 15700.00 15710.00 146.00
20150307  00:43:00 15700.00 15700.00 15700.00 15700.00  54.00
20150307  00:42:00 15700.00 15700.00 15695.00 15695.00  18.00
20150307  00:41:00 15700.00 15700.00 15700.00 15700.00  78.00
20150307  00:40:00 15695.00 15700.00 15695.00 15700.00 184.00
20150307  00:39:00 15695.00 15695.00 15695.00 15695.00  42.00
20150307  00:38:00 15695.00 15695.00 15690.00 15695.00  76.00
20150307  00:37:00 15690.00 15695.00 15690.00 15695.00  30.00
20150307  00:36:00 15690.00 15690.00 15685.00 15690.00  48.00
20150307  00:35:00 15695.00 15695.00 15690.00 15690.00  94.00
20150307  00:34:00 15695.00 15695.00 15695.00 15695.00 164.00
20150307  00:33:00 15695.00 15700.00 15695.00 15695.00  18.00
20150307  00:32:00 15695.00 15695.00 15695.00 15695.00  24.00
20150307  00:31:00 15695.00 15695.00 15690.00 15695.00  86.00
20150307  00:30:00 15690.00 15695.00 15690.00 15695.00 428.00
20150307  00:29:00 15690.00 15695.00 15690.00 15690.00 196.00
20150307  00:28:00 15695.00 15695.00 15695.00 15695.00   8.00
20150307  00:27:00 15695.00 15695.00 15695.00 15695.00  72.00
20150307  00:26:00 15695.00 15695.00 15695.00 15695.00  78.00
20150307  00:25:00 15695.00 15700.00 15695.00 15700.00   6.00
20150307  00:24:00 15695.00 15700.00 15695.00 15695.00 128.00
20150307  00:23:00 15695.00 15695.00 15695.00 15695.00   4.00
20150307  00:22:00 15690.00 15695.00 15690.00 15695.00  20.00
20150307  00:21:00 15695.00 15695.00 15690.00 15695.00  40.00
20150307  00:20:00 15695.00 15695.00 15695.00 15695.00 142.00
20150307  00:19:00 15695.00 15695.00 15695.00 15695.00   0.00
20150307  00:18:00 15695.00 15695.00 15695.00 15695.00  24.00
20150307  00:17:00 15700.00 15700.00 15695.00 15695.00 114.00
20150307  00:16:00 15700.00 15700.00 15700.00 15700.00   2.00
20150307  00:15:00 15705.00 15705.00 15700.00 15700.00 158.00
20150307  00:14:00 15705.00 15705.00 15705.00 15705.00   4.00
20150307  00:13:00 15705.00 15705.00 15705.00 15705.00   4.00
20150307  00:12:00 15700.00 15705.00 15700.00 15705.00  66.00
20150307  00:11:00 15695.00 15705.00 15695.00 15700.00  48.00
20150307  00:10:00 15700.00 15700.00 15695.00 15695.00  34.00
20150307  00:09:00 15700.00 15700.00 15700.00 15700.00  42.00
20150307  00:08:00 15695.00 15700.00 15695.00 15700.00 240.00
20150307  00:07:00 15695.00 15700.00 15690.00 15695.00  42.00
20150307  00:06:00 15695.00 15700.00 15695.00 15695.00 196.00
20150307  00:05:00 15695.00 15695.00 15690.00 15695.00 272.00
20150307  00:04:00 15690.00 15695.00 15690.00 15695.00 302.00
20150307  00:03:00 15695.00 15695.00 15690.00 15690.00  98.00
20150307  00:02:00 15695.00 15700.00 15690.00 15695.00 160.00
20150307  00:01:00 15700.00 15700.00 15695.00 15695.00 344.00
20150307  00:00:00 15710.00 15710.00 15700.00 15700.00 522.00
20150306  23:59:00 15715.00 15715.00 15710.00 15710.00 200.00
20150306  23:58:00 15720.00 15720.00 15715.00 15715.00 194.00
20150306  23:57:00 15720.00 15720.00 15715.00 15720.00  14.00
20150306  23:56:00 15720.00 15720.00 15720.00 15720.00  26.00
20150306  23:55:00 15725.00 15725.00 15720.00 15720.00 102.00
20150306  23:54:00 15725.00 15725.00 15725.00 15725.00  14.00
20150306  23:53:00 15725.00 15725.00 15725.00 15725.00  10.00
20150306  23:52:00 15725.00 15725.00 15720.00 15725.00  84.00
20150306  23:51:00 15725.00 15725.00 15725.00 15725.00  14.00
20150306  23:50:00 15725.00 15725.00 15725.00 15725.00  60.00
20150306  23:49:00 15725.00 15725.00 15725.00 15725.00   0.00
20150306  23:48:00 15725.00 15725.00 15725.00 15725.00   2.00
20150306  23:47:00 15725.00 15725.00 15720.00 15725.00   4.00
20150306  23:46:00 15725.00 15725.00 15725.00 15725.00  28.00
20150306  23:45:00 15725.00 15725.00 15720.00 15725.00  90.00
20150306  23:44:00 15725.00 15725.00 15725.00 15725.00   0.00
20150306  23:43:00 15725.00 15725.00 15725.00 15725.00   8.00
20150306  23:42:00 15720.00 15725.00 15720.00 15725.00  54.00
20150306  23:41:00 15725.00 15725.00 15720.00 15720.00   4.00
20150306  23:40:00 15730.00 15730.00 15725.00 15725.00  48.00
20150306  23:39:00 15720.00 15725.00 15720.00 15725.00 352.00
20150306  23:38:00 15725.00 15725.00 15720.00 15720.00   8.00
20150306  23:37:00 15720.00 15725.00 15720.00 15725.00  22.00
20150306  23:36:00 15720.00 15725.00 15715.00 15720.00 260.00
20150306  23:35:00 15715.00 15720.00 15715.00 15720.00  30.00
20150306  23:34:00 15715.00 15715.00 15715.00 15715.00  12.00
20150306  23:33:00 15720.00 15720.00 15715.00 15715.00 198.00
20150306  23:32:00 15725.00 15725.00 15720.00 15720.00  80.00
20150306  23:31:00 15725.00 15725.00 15720.00 15725.00 132.00
20150306  23:30:00 15725.00 15725.00 15725.00 15725.00  32.00
20150306  23:29:00 15715.00 15720.00 15715.00 15720.00  38.00
20150306  23:28:00 15725.00 15725.00 15715.00 15720.00  46.00
20150306  23:27:00 15720.00 15725.00 15720.00 15725.00  34.00
20150306  23:26:00 15720.00 15720.00 15720.00 15720.00   6.00
20150306  23:25:00 15720.00 15720.00 15720.00 15720.00  98.00
20150306  23:24:00 15720.00 15720.00 15720.00 15720.00  92.00
20150306  23:23:00 15720.00 15720.00 15720.00 15720.00  28.00
20150306  23:22:00 15715.00 15725.00 15715.00 15720.00 240.00
20150306  23:21:00 15715.00 15715.00 15715.00 15715.00  10.00
20150306  23:20:00 15710.00 15715.00 15710.00 15715.00 264.00
20150306  23:19:00 15710.00 15710.00 15710.00 15710.00  74.00
20150306  23:18:00 15710.00 15715.00 15705.00 15710.00 152.00
20150306  23:17:00 15715.00 15715.00 15710.00 15710.00 242.00
20150306  23:16:00 15720.00 15720.00 15710.00 15715.00 184.00
20150306  23:15:00 15720.00 15720.00 15720.00 15720.00  18.00
20150306  23:14:00 15715.00 15720.00 15715.00 15720.00   2.00
20150306  23:13:00 15715.00 15720.00 15715.00 15715.00   6.00
20150306  23:12:00 15715.00 15715.00 15715.00 15715.00  26.00
20150306  23:11:00 15720.00 15720.00 15715.00 15715.00 102.00
20150306  23:10:00 15715.00 15720.00 15715.00 15720.00   8.00
20150306  23:09:00 15715.00 15720.00 15715.00 15715.00  90.00
20150306  23:08:00 15715.00 15715.00 15715.00 15715.00  68.00
20150306  23:07:00 15715.00 15715.00 15715.00 15715.00  36.00
20150306  23:06:00 15715.00 15715.00 15715.00 15715.00   6.00
20150306  23:05:00 15710.00 15720.00 15710.00 15715.00 248.00
20150306  23:04:00 15715.00 15715.00 15710.00 15710.00  82.00
20150306  23:03:00 15715.00 15720.00 15710.00 15720.00  64.00
20150306  23:02:00 15715.00 15715.00 15710.00 15710.00 178.00
20150306  23:01:00 15715.00 15715.00 15710.00 15715.00 146.00
20150306  23:00:00 15720.00 15720.00 15715.00 15715.00 198.00
20150306  22:59:00 15715.00 15720.00 15710.00 15720.00 372.00
20150306  22:58:00 15715.00 15715.00 15715.00 15715.00  46.00
20150306  22:57:00 15720.00 15725.00 15715.00 15715.00  64.00
20150306  22:56:00 15720.00 15725.00 15720.00 15720.00  14.00
20150306  22:55:00 15720.00 15725.00 15720.00 15720.00 146.00
20150306  22:54:00 15720.00 15720.00 15715.00 15720.00 206.00
20150306  22:53:00 15720.00 15720.00 15720.00 15720.00   0.00
20150306  22:52:00 15725.00 15725.00 15720.00 15720.00 102.00
20150306  22:51:00 15725.00 15730.00 15720.00 15725.00 312.00
20150306  22:50:00 15710.00 15730.00 15710.00 15725.00 608.00
20150306  22:49:00 15715.00 15715.00 15705.00 15710.00 336.00
20150306  22:48:00 15715.00 15720.00 15715.00 15715.00 118.00
20150306  22:47:00 15720.00 15725.00 15720.00 15720.00 162.00
20150306  22:46:00 15720.00 15720.00 15720.00 15720.00 166.00
20150306  22:45:00 15720.00 15720.00 15715.00 15720.00  74.00
20150306  22:44:00 15715.00 15720.00 15710.00 15720.00 302.00
20150306  22:43:00 15715.00 15715.00 15710.00 15715.00  92.00
20150306  22:42:00 15705.00 15715.00 15705.00 15715.00  82.00
20150306  22:41:00 15715.00 15715.00 15705.00 15705.00 250.00
20150306  22:40:00 15705.00 15715.00 15705.00 15715.00 128.00
20150306  22:39:00 15710.00 15710.00 15705.00 15705.00  16.00
20150306  22:38:00 15705.00 15710.00 15705.00 15710.00  28.00
20150306  22:37:00 15700.00 15710.00 15700.00 15705.00  98.00
20150306  22:36:00 15705.00 15705.00 15700.00 15705.00 174.00
20150306  22:35:00 15705.00 15710.00 15705.00 15705.00 130.00
20150306  22:34:00 15705.00 15710.00 15705.00 15705.00 168.00
20150306  22:33:00 15710.00 15710.00 15705.00 15705.00 130.00
20150306  22:32:00 15705.00 15710.00 15705.00 15710.00 184.00
20150306  22:31:00 15710.00 15710.00 15700.00 15705.00 260.00
20150306  22:30:00 15705.00 15710.00 15700.00 15710.00 410.00
20150306  22:29:00 15710.00 15715.00 15705.00 15710.00 406.00
20150306  22:28:00 15705.00 15710.00 15705.00 15710.00 342.00
20150306  22:27:00 15705.00 15710.00 15705.00 15705.00 300.00
20150306  22:26:00 15710.00 15710.00 15705.00 15705.00 210.00
20150306  22:25:00 15710.00 15715.00 15710.00 15715.00  94.00
20150306  22:24:00 15710.00 15710.00 15705.00 15710.00  80.00
20150306  22:23:00 15710.00 15715.00 15710.00 15710.00 118.00
20150306  22:22:00 15710.00 15710.00 15705.00 15710.00 152.00
20150306  22:21:00 15710.00 15715.00 15705.00 15710.00 226.00
20150306  22:20:00 15710.00 15715.00 15705.00 15710.00 164.00
20150306  22:19:00 15715.00 15715.00 15710.00 15710.00 146.00
20150306  22:18:00 15710.00 15720.00 15710.00 15715.00 230.00
20150306  22:17:00 15705.00 15710.00 15700.00 15710.00 406.00
20150306  22:16:00 15705.00 15705.00 15700.00 15705.00 224.00
20150306  22:15:00 15710.00 15710.00 15700.00 15705.00 406.00
20150306  22:14:00 15715.00 15715.00 15705.00 15710.00 204.00
20150306  22:13:00 15715.00 15715.00 15710.00 15715.00  58.00
20150306  22:12:00 15715.00 15715.00 15705.00 15715.00 176.00
20150306  22:11:00 15715.00 15715.00 15715.00 15715.00  12.00
20150306  22:10:00 15715.00 15720.00 15710.00 15715.00 156.00
20150306  22:09:00 15715.00 15715.00 15710.00 15710.00 104.00
20150306  22:08:00 15705.00 15715.00 15705.00 15715.00 220.00
20150306  22:07:00 15705.00 15710.00 15700.00 15705.00  82.00
20150306  22:06:00 15715.00 15715.00 15700.00 15705.00 284.00
20150306  22:05:00 15725.00 15725.00 15715.00 15715.00 178.00
20150306  22:04:00 15730.00 15730.00 15730.00 15730.00  32.00
20150306  22:03:00 15725.00 15735.00 15725.00 15730.00 184.00
20150306  22:02:00 15730.00 15730.00 15725.00 15725.00  34.00
20150306  22:01:00 15720.00 15730.00 15720.00 15730.00 186.00
20150306  22:00:00 15725.00 15730.00 15720.00 15720.00  60.00
20150306  21:59:00 15720.00 15725.00 15720.00 15725.00 268.00
20150306  21:58:00 15725.00 15730.00 15720.00 15720.00 136.00
20150306  21:57:00 15730.00 15730.00 15725.00 15725.00 112.00
20150306  21:56:00 15735.00 15735.00 15730.00 15730.00 368.00
20150306  21:55:00 15735.00 15740.00 15730.00 15735.00 208.00
20150306  21:54:00 15740.00 15740.00 15730.00 15735.00 252.00
20150306  21:53:00 15740.00 15740.00 15730.00 15735.00 194.00
20150306  21:52:00 15730.00 15745.00 15725.00 15740.00 932.00
20150306  21:51:00 15725.00 15735.00 15720.00 15730.00 420.00
20150306  21:50:00 15725.00 15725.00 15715.00 15720.00 402.00
20150306  21:49:00 15720.00 15725.00 15720.00 15725.00 240.00
20150306  21:48:00 15720.00 15720.00 15715.00 15720.00 106.00
20150306  21:47:00 15710.00 15720.00 15705.00 15720.00 268.00
20150306  21:46:00 15705.00 15710.00 15705.00 15710.00 130.00
20150306  21:45:00 15705.00 15710.00 15700.00 15705.00 186.00
20150306  21:44:00 15705.00 15705.00 15700.00 15705.00 266.00
20150306  21:43:00 15710.00 15715.00 15705.00 15705.00 266.00
20150306  21:42:00 15715.00 15715.00 15710.00 15710.00 128.00
20150306  21:41:00 15715.00 15720.00 15710.00 15715.00 150.00
20150306  21:40:00 15715.00 15715.00 15705.00 15715.00 204.00
20150306  21:39:00 15705.00 15715.00 15705.00 15715.00 272.00
20150306  21:38:00 15705.00 15710.00 15700.00 15705.00 448.00
20150306  21:37:00 15690.00 15710.00 15690.00 15705.00 302.00
20150306  21:36:00 15680.00 15690.00 15680.00 15690.00 262.00
20150306  21:35:00 15685.00 15685.00 15680.00 15680.00 674.00
20150306  21:34:00 15695.00 15695.00 15685.00 15685.00 236.00
20150306  21:33:00 15690.00 15700.00 15685.00 15695.00 334.00
20150306  21:32:00 15695.00 15695.00 15685.00 15690.00 442.00
20150306  21:31:00 15705.00 15710.00 15690.00 15700.00 920.00
20150306  21:30:00 15730.00 15730.00 15705.00 15705.00 1754.00
20150306  21:29:00 15735.00 15740.00 15735.00 15735.00 442.00
20150306  21:28:00 15735.00 15740.00 15735.00 15735.00 132.00
20150306  21:27:00 15730.00 15735.00 15730.00 15735.00 294.00
20150306  21:26:00 15725.00 15730.00 15725.00 15725.00  56.00
20150306  21:25:00 15730.00 15730.00 15725.00 15725.00 290.00
20150306  21:24:00 15740.00 15740.00 15730.00 15730.00 238.00
20150306  21:23:00 15745.00 15745.00 15735.00 15735.00 280.00
20150306  21:22:00 15740.00 15745.00 15740.00 15745.00 198.00
20150306  21:21:00 15740.00 15740.00 15735.00 15740.00  92.00
20150306  21:20:00 15735.00 15740.00 15735.00 15740.00 192.00
20150306  21:19:00 15740.00 15740.00 15735.00 15740.00 202.00
20150306  21:18:00 15730.00 15740.00 15730.00 15735.00 608.00
20150306  21:17:00 15725.00 15730.00 15720.00 15730.00 908.00
20150306  21:16:00 15715.00 15730.00 15715.00 15725.00 448.00
20150306  21:15:00 15710.00 15715.00 15705.00 15715.00 506.00
20150306  21:14:00 15705.00 15710.00 15700.00 15705.00 176.00
20150306  21:13:00 15705.00 15710.00 15700.00 15705.00 320.00
20150306  21:12:00 15695.00 15705.00 15695.00 15705.00 198.00
20150306  21:11:00 15700.00 15700.00 15695.00 15700.00 186.00
20150306  21:10:00 15705.00 15710.00 15700.00 15700.00 142.00
20150306  21:09:00 15710.00 15710.00 15705.00 15705.00 160.00
20150306  21:08:00 15705.00 15710.00 15705.00 15710.00 228.00
20150306  21:07:00 15700.00 15710.00 15700.00 15705.00 272.00
20150306  21:06:00 15715.00 15720.00 15705.00 15705.00 516.00
20150306  21:05:00 15710.00 15715.00 15705.00 15715.00 626.00
20150306  21:04:00 15685.00 15710.00 15685.00 15710.00 372.00
20150306  21:03:00 15705.00 15705.00 15675.00 15685.00 872.00
20150306  21:02:00 15710.00 15710.00 15705.00 15705.00 238.00
20150306  21:01:00 15715.00 15720.00 15710.00 15710.00 222.00
20150306  21:00:00 15715.00 15730.00 15715.00 15715.00 464.00
