20150227  21:00:00 16075.00 16075.00 16040.00 16050.00 1038.00
20150227  21:01:00 16050.00 16050.00 16045.00 16045.00 126.00
20150227  21:02:00 16045.00 16050.00 16040.00 16040.00 486.00
20150227  21:03:00 16040.00 16045.00 16035.00 16040.00 184.00
20150227  21:04:00 16040.00 16045.00 16035.00 16045.00 416.00
20150227  21:05:00 16045.00 16050.00 16040.00 16045.00 126.00
20150227  21:06:00 16045.00 16050.00 16040.00 16045.00 458.00
20150227  21:07:00 16045.00 16045.00 16035.00 16035.00 492.00
20150227  21:08:00 16035.00 16035.00 16030.00 16035.00 252.00
20150227  21:09:00 16035.00 16035.00 16030.00 16030.00 124.00
20150227  21:10:00 16030.00 16035.00 16030.00 16030.00 356.00
20150227  21:11:00 16030.00 16030.00 16020.00 16025.00 516.00
20150227  21:12:00 16025.00 16025.00 16010.00 16015.00 572.00
20150227  21:13:00 16015.00 16020.00 16000.00 16005.00 2232.00
20150227  21:14:00 16005.00 16010.00 16005.00 16005.00 300.00
20150227  21:15:00 16005.00 16015.00 16005.00 16010.00 648.00
20150227  21:16:00 16010.00 16010.00 16005.00 16010.00 302.00
20150227  21:17:00 16010.00 16015.00 16000.00 16000.00 498.00
20150227  21:18:00 16000.00 16010.00 16000.00 16005.00 564.00
20150227  21:19:00 16005.00 16010.00 16005.00 16005.00 158.00
20150227  21:20:00 16005.00 16010.00 16000.00 16010.00 262.00
20150227  21:21:00 16010.00 16010.00 16005.00 16005.00 172.00
20150227  21:22:00 16010.00 16010.00 16005.00 16010.00 462.00
20150227  21:23:00 16010.00 16020.00 16010.00 16020.00 386.00
20150227  21:24:00 16020.00 16020.00 16015.00 16015.00 294.00
20150227  21:25:00 16015.00 16020.00 16010.00 16010.00 208.00
20150227  21:26:00 16010.00 16015.00 16010.00 16015.00  32.00
20150227  21:27:00 16015.00 16015.00 16005.00 16010.00 804.00
20150227  21:28:00 16010.00 16015.00 16010.00 16015.00  68.00
20150227  21:29:00 16015.00 16015.00 16010.00 16015.00 162.00
20150227  21:30:00 16015.00 16015.00 16010.00 16010.00  46.00
20150227  21:31:00 16010.00 16015.00 16005.00 16015.00 332.00
20150227  21:32:00 16015.00 16020.00 16015.00 16020.00  58.00
20150227  21:33:00 16020.00 16020.00 16015.00 16015.00 316.00
20150227  21:34:00 16015.00 16015.00 16010.00 16015.00 352.00
20150227  21:35:00 16015.00 16020.00 16015.00 16015.00 230.00
20150227  21:36:00 16015.00 16020.00 16015.00 16015.00 204.00
20150227  21:37:00 16015.00 16020.00 16015.00 16020.00  34.00
20150227  21:38:00 16020.00 16030.00 16015.00 16025.00 318.00
20150227  21:39:00 16030.00 16030.00 16020.00 16025.00 178.00
20150227  21:40:00 16025.00 16025.00 16020.00 16025.00 250.00
20150227  21:41:00 16025.00 16030.00 16025.00 16025.00 266.00
20150227  21:42:00 16025.00 16035.00 16025.00 16030.00 492.00
20150227  21:43:00 16030.00 16030.00 16025.00 16025.00  44.00
20150227  21:44:00 16025.00 16030.00 16025.00 16025.00 240.00
20150227  21:45:00 16025.00 16030.00 16025.00 16030.00 276.00
20150227  21:46:00 16025.00 16030.00 16025.00 16030.00 118.00
20150227  21:47:00 16030.00 16030.00 16025.00 16030.00 134.00
20150227  21:48:00 16030.00 16030.00 16025.00 16030.00  82.00
20150227  21:49:00 16030.00 16035.00 16030.00 16030.00 220.00
20150227  21:50:00 16030.00 16045.00 16030.00 16045.00 512.00
20150227  21:51:00 16045.00 16050.00 16040.00 16045.00 520.00
20150227  21:52:00 16045.00 16060.00 16045.00 16060.00 1256.00
20150227  21:53:00 16065.00 16070.00 16055.00 16065.00 1218.00
20150227  21:54:00 16065.00 16070.00 16065.00 16070.00 354.00
20150227  21:55:00 16070.00 16070.00 16065.00 16065.00 378.00
20150227  21:56:00 16065.00 16070.00 16065.00 16065.00 508.00
20150227  21:57:00 16065.00 16065.00 16060.00 16060.00 246.00
20150227  21:58:00 16060.00 16065.00 16055.00 16055.00 170.00
20150227  21:59:00 16055.00 16060.00 16055.00 16055.00 154.00
20150227  22:00:00 16055.00 16070.00 16055.00 16065.00 776.00
20150227  22:01:00 16065.00 16065.00 16060.00 16060.00 250.00
20150227  22:02:00 16060.00 16075.00 16060.00 16070.00 888.00
20150227  22:03:00 16075.00 16075.00 16070.00 16070.00 506.00
20150227  22:04:00 16070.00 16075.00 16065.00 16070.00 448.00
20150227  22:05:00 16070.00 16075.00 16065.00 16075.00 278.00
20150227  22:06:00 16075.00 16075.00 16070.00 16070.00  70.00
20150227  22:07:00 16070.00 16070.00 16060.00 16065.00 220.00
20150227  22:08:00 16065.00 16070.00 16065.00 16065.00 270.00
20150227  22:09:00 16065.00 16065.00 16060.00 16065.00 102.00
20150227  22:10:00 16065.00 16070.00 16060.00 16060.00 148.00
20150227  22:11:00 16060.00 16065.00 16060.00 16060.00  10.00
20150227  22:12:00 16060.00 16070.00 16060.00 16065.00 388.00
20150227  22:13:00 16065.00 16065.00 16065.00 16065.00 198.00
20150227  22:14:00 16065.00 16070.00 16065.00 16065.00 450.00
20150227  22:15:00 16065.00 16075.00 16065.00 16070.00 370.00
20150227  22:16:00 16070.00 16070.00 16065.00 16065.00 146.00
20150227  22:17:00 16070.00 16070.00 16065.00 16070.00 154.00
20150227  22:18:00 16070.00 16070.00 16065.00 16065.00  48.00
20150227  22:19:00 16065.00 16065.00 16065.00 16065.00  78.00
20150227  22:20:00 16065.00 16070.00 16065.00 16070.00 174.00
20150227  22:21:00 16070.00 16070.00 16070.00 16070.00  12.00
20150227  22:22:00 16070.00 16070.00 16065.00 16070.00  50.00
20150227  22:23:00 16070.00 16070.00 16065.00 16070.00  28.00
20150227  22:24:00 16070.00 16085.00 16070.00 16080.00 446.00
20150227  22:25:00 16080.00 16085.00 16075.00 16080.00 596.00
20150227  22:26:00 16080.00 16080.00 16070.00 16080.00 308.00
20150227  22:27:00 16080.00 16080.00 16070.00 16075.00 128.00
20150227  22:28:00 16075.00 16075.00 16065.00 16070.00 320.00
20150227  22:29:00 16070.00 16075.00 16070.00 16075.00 268.00
20150227  22:30:00 16075.00 16080.00 16075.00 16075.00 520.00
20150227  22:31:00 16075.00 16080.00 16075.00 16075.00 192.00
20150227  22:32:00 16075.00 16075.00 16070.00 16075.00 220.00
20150227  22:33:00 16070.00 16075.00 16070.00 16070.00 114.00
20150227  22:34:00 16070.00 16075.00 16065.00 16065.00 436.00
20150227  22:35:00 16065.00 16070.00 16060.00 16060.00 362.00
20150227  22:36:00 16060.00 16065.00 16060.00 16060.00 214.00
20150227  22:37:00 16060.00 16065.00 16060.00 16065.00  38.00
20150227  22:38:00 16060.00 16065.00 16060.00 16065.00 196.00
20150227  22:39:00 16065.00 16065.00 16065.00 16065.00 208.00
20150227  22:40:00 16065.00 16070.00 16065.00 16065.00 112.00
20150227  22:41:00 16065.00 16065.00 16055.00 16060.00 342.00
20150227  22:42:00 16060.00 16060.00 16055.00 16055.00 128.00
20150227  22:43:00 16055.00 16060.00 16055.00 16060.00 162.00
20150227  22:44:00 16060.00 16060.00 16040.00 16040.00 806.00
20150227  22:45:00 16045.00 16045.00 16035.00 16035.00 274.00
20150227  22:46:00 16040.00 16050.00 16040.00 16050.00 464.00
20150227  22:47:00 16050.00 16055.00 16045.00 16045.00 180.00
20150227  22:48:00 16045.00 16045.00 16040.00 16040.00  88.00
20150227  22:49:00 16040.00 16045.00 16035.00 16045.00 850.00
20150227  22:50:00 16045.00 16045.00 16045.00 16045.00  88.00
20150227  22:51:00 16045.00 16045.00 16040.00 16045.00  56.00
20150227  22:52:00 16045.00 16045.00 16045.00 16045.00  40.00
20150227  22:53:00 16045.00 16045.00 16040.00 16045.00  48.00
20150227  22:54:00 16045.00 16050.00 16040.00 16045.00 112.00
20150227  22:55:00 16045.00 16045.00 16045.00 16045.00   6.00
20150227  22:56:00 16045.00 16045.00 16045.00 16045.00  92.00
20150227  22:57:00 16045.00 16050.00 16045.00 16045.00 128.00
20150227  22:58:00 16040.00 16050.00 16040.00 16050.00  36.00
20150227  22:59:00 16050.00 16050.00 16045.00 16045.00 118.00
20150227  23:00:00 16045.00 16045.00 16040.00 16045.00 222.00
20150227  23:01:00 16045.00 16055.00 16045.00 16055.00  68.00
20150227  23:02:00 16055.00 16055.00 16050.00 16050.00 160.00
20150227  23:03:00 16050.00 16055.00 16050.00 16055.00  52.00
20150227  23:04:00 16055.00 16055.00 16050.00 16050.00 100.00
20150227  23:05:00 16050.00 16050.00 16045.00 16045.00  12.00
20150227  23:06:00 16045.00 16050.00 16045.00 16050.00 172.00
20150227  23:07:00 16050.00 16050.00 16050.00 16050.00   2.00
20150227  23:08:00 16050.00 16050.00 16045.00 16045.00  42.00
20150227  23:09:00 16045.00 16050.00 16045.00 16050.00  94.00
20150227  23:10:00 16045.00 16050.00 16045.00 16045.00  22.00
20150227  23:11:00 16045.00 16050.00 16045.00 16045.00 230.00
20150227  23:12:00 16045.00 16045.00 16045.00 16045.00 156.00
20150227  23:13:00 16045.00 16045.00 16045.00 16045.00  16.00
20150227  23:14:00 16045.00 16045.00 16040.00 16045.00  36.00
20150227  23:15:00 16045.00 16045.00 16040.00 16040.00  64.00
20150227  23:16:00 16040.00 16040.00 16035.00 16035.00 398.00
20150227  23:17:00 16035.00 16040.00 16025.00 16025.00 720.00
20150227  23:18:00 16025.00 16030.00 16010.00 16020.00 862.00
20150227  23:19:00 16020.00 16025.00 16020.00 16020.00 272.00
20150227  23:20:00 16020.00 16025.00 16020.00 16025.00  34.00
20150227  23:21:00 16025.00 16025.00 16015.00 16020.00 458.00
20150227  23:22:00 16020.00 16030.00 16020.00 16030.00 160.00
20150227  23:23:00 16030.00 16030.00 16025.00 16025.00  92.00
20150227  23:24:00 16030.00 16030.00 16025.00 16030.00  30.00
20150227  23:25:00 16030.00 16030.00 16020.00 16020.00 214.00
20150227  23:26:00 16020.00 16025.00 16020.00 16025.00  52.00
20150227  23:27:00 16025.00 16030.00 16020.00 16030.00  38.00
20150227  23:28:00 16025.00 16025.00 16025.00 16025.00 100.00
20150227  23:29:00 16025.00 16025.00 16015.00 16020.00  88.00
20150227  23:30:00 16020.00 16020.00 16020.00 16020.00  36.00
20150227  23:31:00 16020.00 16020.00 16015.00 16020.00 374.00
20150227  23:32:00 16020.00 16020.00 16010.00 16015.00 306.00
20150227  23:33:00 16015.00 16020.00 16015.00 16015.00  10.00
20150227  23:34:00 16015.00 16025.00 16015.00 16025.00 242.00
20150227  23:35:00 16025.00 16040.00 16025.00 16040.00 278.00
20150227  23:36:00 16035.00 16040.00 16035.00 16035.00  80.00
20150227  23:37:00 16035.00 16045.00 16035.00 16040.00  60.00
20150227  23:38:00 16045.00 16045.00 16040.00 16045.00  22.00
20150227  23:39:00 16045.00 16045.00 16040.00 16040.00  24.00
20150227  23:40:00 16040.00 16040.00 16035.00 16035.00 196.00
20150227  23:41:00 16035.00 16040.00 16035.00 16040.00  20.00
20150227  23:42:00 16040.00 16040.00 16035.00 16035.00   6.00
20150227  23:43:00 16035.00 16035.00 16030.00 16030.00 136.00
20150227  23:44:00 16030.00 16035.00 16030.00 16030.00  16.00
20150227  23:45:00 16030.00 16040.00 16030.00 16040.00 318.00
20150227  23:46:00 16040.00 16045.00 16040.00 16040.00 322.00
20150227  23:47:00 16040.00 16045.00 16040.00 16045.00 144.00
20150227  23:48:00 16045.00 16050.00 16045.00 16045.00  54.00
20150227  23:49:00 16045.00 16050.00 16045.00 16045.00 162.00
20150227  23:50:00 16045.00 16050.00 16045.00 16045.00  26.00
20150227  23:51:00 16045.00 16045.00 16045.00 16045.00  68.00
20150227  23:52:00 16045.00 16055.00 16040.00 16055.00 338.00
20150227  23:53:00 16055.00 16055.00 16050.00 16050.00 114.00
20150227  23:54:00 16050.00 16055.00 16050.00 16055.00 100.00
20150227  23:55:00 16055.00 16060.00 16050.00 16060.00 192.00
20150227  23:56:00 16060.00 16065.00 16060.00 16060.00 128.00
20150227  23:57:00 16060.00 16060.00 16055.00 16060.00  28.00
20150227  23:58:00 16060.00 16060.00 16055.00 16060.00  48.00
20150227  23:59:00 16060.00 16060.00 16055.00 16055.00  24.00
20150228  00:00:00 16055.00 16055.00 16045.00 16045.00 124.00
20150228  00:01:00 16045.00 16045.00 16040.00 16040.00  52.00
20150228  00:02:00 16040.00 16045.00 16040.00 16040.00 194.00
20150228  00:03:00 16040.00 16045.00 16040.00 16040.00  24.00
20150228  00:04:00 16040.00 16045.00 16040.00 16045.00   6.00
20150228  00:05:00 16045.00 16045.00 16045.00 16045.00  40.00
20150228  00:06:00 16045.00 16045.00 16045.00 16045.00  54.00
20150228  00:07:00 16045.00 16045.00 16045.00 16045.00   2.00
20150228  00:08:00 16045.00 16055.00 16045.00 16055.00 110.00
20150228  00:09:00 16055.00 16055.00 16055.00 16055.00  48.00
20150228  00:10:00 16055.00 16060.00 16055.00 16060.00  64.00
20150228  00:11:00 16060.00 16060.00 16055.00 16055.00 190.00
20150228  00:12:00 16055.00 16055.00 16050.00 16055.00  12.00
20150228  00:13:00 16055.00 16055.00 16045.00 16045.00 286.00
20150228  00:14:00 16045.00 16050.00 16045.00 16050.00  24.00
20150228  00:15:00 16050.00 16050.00 16050.00 16050.00   4.00
20150228  00:16:00 16055.00 16055.00 16055.00 16055.00  90.00
20150228  00:17:00 16055.00 16055.00 16055.00 16055.00  20.00
20150228  00:18:00 16055.00 16055.00 16055.00 16055.00   4.00
20150228  00:19:00 16055.00 16055.00 16050.00 16050.00  16.00
20150228  00:20:00 16055.00 16055.00 16050.00 16050.00  28.00
20150228  00:21:00 16050.00 16050.00 16050.00 16050.00  10.00
20150228  00:22:00 16050.00 16055.00 16050.00 16055.00  54.00
20150228  00:23:00 16055.00 16060.00 16055.00 16055.00 182.00
20150228  00:24:00 16055.00 16055.00 16055.00 16055.00  48.00
20150228  00:25:00 16055.00 16055.00 16055.00 16055.00  44.00
20150228  00:26:00 16055.00 16055.00 16055.00 16055.00  16.00
20150228  00:27:00 16055.00 16055.00 16055.00 16055.00  24.00
20150228  00:28:00 16055.00 16055.00 16055.00 16055.00   8.00
20150228  00:29:00 16055.00 16055.00 16050.00 16050.00  56.00
20150228  00:30:00 16050.00 16060.00 16050.00 16060.00  58.00
20150228  00:31:00 16060.00 16060.00 16055.00 16055.00   2.00
20150228  00:32:00 16055.00 16055.00 16055.00 16055.00 176.00
20150228  00:33:00 16055.00 16055.00 16055.00 16055.00  34.00
20150228  00:34:00 16055.00 16055.00 16050.00 16055.00  80.00
20150228  00:35:00 16055.00 16060.00 16055.00 16060.00  30.00
20150228  00:36:00 16060.00 16060.00 16050.00 16055.00  54.00
20150228  00:37:00 16055.00 16055.00 16050.00 16050.00  24.00
20150228  00:38:00 16050.00 16050.00 16045.00 16045.00 124.00
20150228  00:39:00 16045.00 16045.00 16035.00 16045.00 146.00
20150228  00:40:00 16045.00 16045.00 16045.00 16045.00   4.00
20150228  00:41:00 16040.00 16040.00 16025.00 16025.00 204.00
20150228  00:42:00 16025.00 16035.00 16025.00 16035.00 340.00
20150228  00:43:00 16035.00 16035.00 16035.00 16035.00  88.00
20150228  00:44:00 16035.00 16035.00 16030.00 16035.00 200.00
20150228  00:45:00 16035.00 16035.00 16030.00 16030.00 398.00
20150228  00:46:00 16030.00 16035.00 16030.00 16030.00 208.00
20150228  00:47:00 16030.00 16035.00 16030.00 16035.00  78.00
20150228  00:48:00 16035.00 16035.00 16030.00 16035.00  86.00
20150228  00:49:00 16035.00 16040.00 16035.00 16040.00  56.00
20150228  00:50:00 16040.00 16045.00 16040.00 16045.00  10.00
20150228  00:51:00 16045.00 16045.00 16035.00 16035.00  50.00
20150228  00:52:00 16035.00 16045.00 16035.00 16040.00 122.00
20150228  00:53:00 16040.00 16050.00 16040.00 16050.00 146.00
20150228  00:54:00 16050.00 16050.00 16050.00 16050.00   0.00
20150228  00:55:00 16045.00 16045.00 16025.00 16030.00 296.00
20150228  00:56:00 16030.00 16040.00 16030.00 16035.00  48.00
20150228  00:57:00 16035.00 16035.00 16035.00 16035.00  22.00
20150228  00:58:00 16035.00 16040.00 16030.00 16035.00 324.00
20150228  00:59:00 16030.00 16040.00 16030.00 16035.00 360.00
20150302  09:00:00 16045.00 16090.00 16045.00 16090.00 2384.00
20150302  09:01:00 16090.00 16095.00 16070.00 16075.00 1812.00
20150302  09:02:00 16075.00 16095.00 16075.00 16090.00 1740.00
20150302  09:03:00 16090.00 16095.00 16075.00 16080.00 778.00
20150302  09:04:00 16080.00 16085.00 16080.00 16085.00 520.00
20150302  09:05:00 16090.00 16100.00 16085.00 16100.00 1122.00
20150302  09:06:00 16100.00 16100.00 16090.00 16100.00 694.00
20150302  09:07:00 16100.00 16110.00 16095.00 16105.00 1656.00
20150302  09:08:00 16110.00 16115.00 16100.00 16105.00 984.00
20150302  09:09:00 16105.00 16110.00 16105.00 16110.00 724.00
20150302  09:10:00 16110.00 16130.00 16110.00 16110.00 1592.00
20150302  09:11:00 16110.00 16115.00 16105.00 16105.00 528.00
20150302  09:12:00 16105.00 16110.00 16090.00 16090.00 1092.00
20150302  09:13:00 16090.00 16095.00 16090.00 16095.00 520.00
20150302  09:14:00 16090.00 16095.00 16085.00 16085.00 298.00
20150302  09:15:00 16085.00 16090.00 16085.00 16085.00 526.00
20150302  09:16:00 16085.00 16085.00 16060.00 16070.00 2864.00
20150302  09:17:00 16075.00 16075.00 16065.00 16065.00 410.00
20150302  09:18:00 16070.00 16070.00 16060.00 16060.00 1094.00
20150302  09:19:00 16060.00 16065.00 16050.00 16060.00 510.00
20150302  09:20:00 16060.00 16060.00 16050.00 16050.00 1228.00
20150302  09:21:00 16055.00 16070.00 16050.00 16065.00 804.00
20150302  09:22:00 16065.00 16070.00 16065.00 16065.00 138.00
20150302  09:23:00 16065.00 16080.00 16065.00 16080.00 362.00
20150302  09:24:00 16080.00 16080.00 16070.00 16075.00 214.00
20150302  09:25:00 16075.00 16085.00 16075.00 16085.00 624.00
20150302  09:26:00 16085.00 16090.00 16080.00 16085.00 372.00
20150302  09:27:00 16085.00 16090.00 16080.00 16090.00 950.00
20150302  09:28:00 16090.00 16095.00 16090.00 16095.00 220.00
20150302  09:29:00 16095.00 16100.00 16090.00 16095.00 330.00
20150302  09:30:00 16095.00 16100.00 16095.00 16095.00 334.00
20150302  09:31:00 16095.00 16105.00 16095.00 16100.00 522.00
20150302  09:32:00 16100.00 16100.00 16090.00 16095.00 158.00
20150302  09:33:00 16095.00 16095.00 16090.00 16095.00  44.00
20150302  09:34:00 16090.00 16095.00 16085.00 16090.00 844.00
20150302  09:35:00 16090.00 16090.00 16085.00 16085.00 212.00
20150302  09:36:00 16085.00 16085.00 16080.00 16080.00 162.00
20150302  09:37:00 16080.00 16095.00 16080.00 16090.00 512.00
20150302  09:38:00 16090.00 16090.00 16085.00 16090.00 222.00
20150302  09:39:00 16090.00 16090.00 16085.00 16090.00  86.00
20150302  09:40:00 16090.00 16090.00 16080.00 16080.00 306.00
20150302  09:41:00 16085.00 16085.00 16080.00 16085.00 182.00
20150302  09:42:00 16085.00 16090.00 16085.00 16090.00  18.00
20150302  09:43:00 16090.00 16090.00 16085.00 16090.00  16.00
20150302  09:44:00 16090.00 16090.00 16090.00 16090.00 262.00
20150302  09:45:00 16090.00 16090.00 16085.00 16090.00 144.00
20150302  09:46:00 16090.00 16095.00 16085.00 16095.00 172.00
20150302  09:47:00 16090.00 16095.00 16085.00 16090.00 624.00
20150302  09:48:00 16090.00 16095.00 16085.00 16085.00 212.00
20150302  09:49:00 16085.00 16090.00 16085.00 16085.00 220.00
20150302  09:50:00 16085.00 16090.00 16085.00 16090.00 150.00
20150302  09:51:00 16090.00 16090.00 16085.00 16085.00 164.00
20150302  09:52:00 16090.00 16090.00 16085.00 16085.00 366.00
20150302  09:53:00 16085.00 16085.00 16080.00 16080.00 472.00
20150302  09:54:00 16080.00 16095.00 16080.00 16090.00 826.00
20150302  09:55:00 16090.00 16095.00 16085.00 16085.00 222.00
20150302  09:56:00 16085.00 16090.00 16085.00 16085.00  62.00
20150302  09:57:00 16090.00 16090.00 16085.00 16090.00 300.00
20150302  09:58:00 16090.00 16095.00 16090.00 16090.00  18.00
20150302  09:59:00 16090.00 16095.00 16090.00 16095.00  10.00
20150302  10:00:00 16095.00 16100.00 16090.00 16100.00 472.00
20150302  10:01:00 16100.00 16100.00 16095.00 16095.00 180.00
20150302  10:02:00 16095.00 16100.00 16090.00 16100.00 340.00
20150302  10:03:00 16100.00 16105.00 16090.00 16095.00 802.00
20150302  10:04:00 16095.00 16100.00 16095.00 16100.00 520.00
20150302  10:05:00 16095.00 16095.00 16085.00 16085.00 560.00
20150302  10:06:00 16085.00 16095.00 16085.00 16095.00 176.00
20150302  10:07:00 16095.00 16115.00 16095.00 16115.00 1258.00
20150302  10:08:00 16115.00 16120.00 16110.00 16115.00 636.00
20150302  10:09:00 16115.00 16130.00 16115.00 16125.00 1232.00
20150302  10:10:00 16125.00 16140.00 16120.00 16130.00 1318.00
20150302  10:11:00 16135.00 16135.00 16125.00 16135.00 464.00
20150302  10:12:00 16130.00 16135.00 16125.00 16125.00 378.00
20150302  10:13:00 16125.00 16130.00 16120.00 16125.00 346.00
20150302  10:14:00 16125.00 16125.00 16120.00 16125.00 286.00
20150302  10:30:00 16125.00 16130.00 16125.00 16130.00 616.00
20150302  10:31:00 16130.00 16130.00 16125.00 16125.00 310.00
20150302  10:32:00 16120.00 16130.00 16120.00 16125.00 398.00
20150302  10:33:00 16125.00 16135.00 16125.00 16135.00 670.00
20150302  10:34:00 16135.00 16150.00 16135.00 16145.00 688.00
20150302  10:35:00 16145.00 16155.00 16145.00 16150.00 980.00
20150302  10:36:00 16150.00 16155.00 16150.00 16155.00 230.00
20150302  10:37:00 16155.00 16155.00 16150.00 16155.00 428.00
20150302  10:38:00 16155.00 16155.00 16140.00 16140.00 834.00
20150302  10:39:00 16140.00 16155.00 16135.00 16155.00 1112.00
20150302  10:40:00 16155.00 16175.00 16155.00 16170.00 1738.00
20150302  10:41:00 16165.00 16180.00 16165.00 16170.00 1218.00
20150302  10:42:00 16165.00 16170.00 16160.00 16160.00 402.00
20150302  10:43:00 16160.00 16165.00 16155.00 16160.00 766.00
20150302  10:44:00 16160.00 16165.00 16155.00 16155.00 592.00
20150302  10:45:00 16155.00 16165.00 16150.00 16165.00 676.00
20150302  10:46:00 16165.00 16165.00 16155.00 16160.00 192.00
20150302  10:47:00 16160.00 16170.00 16155.00 16155.00 542.00
20150302  10:48:00 16160.00 16160.00 16155.00 16160.00 334.00
20150302  10:49:00 16160.00 16165.00 16155.00 16155.00 346.00
20150302  10:50:00 16155.00 16160.00 16150.00 16160.00 452.00
20150302  10:51:00 16160.00 16160.00 16155.00 16160.00 118.00
20150302  10:52:00 16160.00 16160.00 16155.00 16155.00  80.00
20150302  10:53:00 16155.00 16160.00 16155.00 16155.00 164.00
20150302  10:54:00 16155.00 16160.00 16155.00 16160.00  78.00
20150302  10:55:00 16160.00 16170.00 16160.00 16165.00 336.00
20150302  10:56:00 16165.00 16165.00 16160.00 16160.00 224.00
20150302  10:57:00 16160.00 16165.00 16160.00 16160.00  32.00
20150302  10:58:00 16160.00 16165.00 16155.00 16155.00 558.00
20150302  10:59:00 16160.00 16170.00 16160.00 16170.00 422.00
20150302  11:00:00 16170.00 16185.00 16170.00 16185.00 1616.00
20150302  11:01:00 16180.00 16195.00 16175.00 16195.00 2032.00
20150302  11:02:00 16195.00 16195.00 16180.00 16195.00 1322.00
20150302  11:03:00 16195.00 16200.00 16190.00 16195.00 1064.00
20150302  11:04:00 16195.00 16210.00 16190.00 16205.00 1252.00
20150302  11:05:00 16205.00 16210.00 16190.00 16190.00 1454.00
20150302  11:06:00 16190.00 16195.00 16185.00 16185.00 418.00
20150302  11:07:00 16185.00 16190.00 16180.00 16180.00 418.00
20150302  11:08:00 16180.00 16180.00 16175.00 16180.00 862.00
20150302  11:09:00 16180.00 16185.00 16175.00 16180.00 760.00
20150302  11:10:00 16180.00 16185.00 16175.00 16185.00 448.00
20150302  11:11:00 16185.00 16185.00 16180.00 16180.00 530.00
20150302  11:12:00 16185.00 16185.00 16185.00 16185.00  14.00
20150302  11:13:00 16185.00 16185.00 16175.00 16175.00 278.00
20150302  11:14:00 16175.00 16180.00 16175.00 16180.00 406.00
20150302  11:15:00 16180.00 16180.00 16170.00 16175.00 332.00
20150302  11:16:00 16175.00 16175.00 16170.00 16175.00 210.00
20150302  11:17:00 16175.00 16175.00 16165.00 16175.00 410.00
20150302  11:18:00 16175.00 16175.00 16165.00 16170.00 252.00
20150302  11:19:00 16170.00 16170.00 16160.00 16165.00 612.00
20150302  11:20:00 16165.00 16170.00 16160.00 16170.00 704.00
20150302  11:21:00 16175.00 16175.00 16170.00 16170.00 128.00
20150302  11:22:00 16170.00 16170.00 16170.00 16170.00  54.00
20150302  11:23:00 16170.00 16170.00 16165.00 16165.00 162.00
20150302  11:24:00 16165.00 16165.00 16165.00 16165.00 118.00
20150302  11:25:00 16165.00 16170.00 16155.00 16155.00 772.00
20150302  11:26:00 16155.00 16160.00 16155.00 16160.00 124.00
20150302  11:27:00 16155.00 16165.00 16155.00 16160.00 122.00
20150302  11:28:00 16160.00 16165.00 16160.00 16160.00 242.00
20150302  11:29:00 16160.00 16170.00 16160.00 16170.00 248.00
20150302  13:30:00 16170.00 16170.00 16155.00 16160.00 486.00
20150302  13:31:00 16160.00 16175.00 16155.00 16175.00 690.00
20150302  13:32:00 16175.00 16180.00 16170.00 16175.00 454.00
20150302  13:33:00 16175.00 16185.00 16175.00 16180.00 306.00
20150302  13:34:00 16180.00 16180.00 16165.00 16165.00 466.00
20150302  13:35:00 16165.00 16165.00 16155.00 16160.00 292.00
20150302  13:36:00 16160.00 16165.00 16155.00 16160.00 152.00
20150302  13:37:00 16160.00 16165.00 16160.00 16165.00 298.00
20150302  13:38:00 16160.00 16165.00 16160.00 16165.00 532.00
20150302  13:39:00 16165.00 16170.00 16165.00 16165.00 164.00
20150302  13:40:00 16170.00 16170.00 16160.00 16160.00 236.00
20150302  13:41:00 16160.00 16165.00 16160.00 16165.00 342.00
20150302  13:42:00 16165.00 16165.00 16160.00 16160.00 158.00
20150302  13:43:00 16160.00 16175.00 16160.00 16175.00 116.00
20150302  13:44:00 16175.00 16175.00 16170.00 16175.00 364.00
20150302  13:45:00 16175.00 16175.00 16165.00 16165.00 198.00
20150302  13:46:00 16165.00 16170.00 16165.00 16165.00 126.00
20150302  13:47:00 16165.00 16165.00 16155.00 16160.00 772.00
20150302  13:48:00 16160.00 16160.00 16135.00 16150.00 1502.00
20150302  13:49:00 16150.00 16155.00 16145.00 16155.00 268.00
20150302  13:50:00 16155.00 16155.00 16145.00 16145.00 464.00
20150302  13:51:00 16145.00 16150.00 16140.00 16150.00 328.00
20150302  13:52:00 16150.00 16155.00 16150.00 16155.00 296.00
20150302  13:53:00 16155.00 16155.00 16150.00 16150.00 126.00
20150302  13:54:00 16150.00 16150.00 16140.00 16140.00 206.00
20150302  13:55:00 16140.00 16145.00 16130.00 16135.00 812.00
20150302  13:56:00 16135.00 16135.00 16130.00 16135.00 898.00
20150302  13:57:00 16130.00 16135.00 16130.00 16135.00  40.00
20150302  13:58:00 16135.00 16135.00 16130.00 16130.00 194.00
20150302  13:59:00 16130.00 16130.00 16125.00 16125.00 436.00
20150302  14:00:00 16125.00 16130.00 16125.00 16130.00 300.00
20150302  14:01:00 16130.00 16140.00 16130.00 16135.00 194.00
20150302  14:02:00 16135.00 16140.00 16135.00 16140.00 296.00
20150302  14:03:00 16140.00 16140.00 16135.00 16135.00 344.00
20150302  14:04:00 16135.00 16135.00 16130.00 16130.00  76.00
20150302  14:05:00 16130.00 16140.00 16130.00 16140.00 140.00
20150302  14:06:00 16135.00 16145.00 16135.00 16140.00 580.00
20150302  14:07:00 16140.00 16140.00 16130.00 16135.00 232.00
20150302  14:08:00 16135.00 16140.00 16130.00 16140.00 368.00
20150302  14:09:00 16140.00 16140.00 16135.00 16140.00 182.00
20150302  14:10:00 16140.00 16140.00 16135.00 16135.00  42.00
20150302  14:11:00 16135.00 16140.00 16135.00 16135.00 364.00
20150302  14:12:00 16135.00 16135.00 16130.00 16135.00  52.00
20150302  14:13:00 16135.00 16135.00 16120.00 16130.00 804.00
20150302  14:14:00 16125.00 16130.00 16125.00 16130.00 170.00
20150302  14:15:00 16130.00 16140.00 16130.00 16135.00 336.00
20150302  14:16:00 16135.00 16135.00 16125.00 16125.00 372.00
20150302  14:17:00 16125.00 16130.00 16125.00 16130.00 248.00
20150302  14:18:00 16135.00 16135.00 16125.00 16125.00 478.00
20150302  14:19:00 16125.00 16130.00 16125.00 16130.00 146.00
20150302  14:20:00 16130.00 16135.00 16130.00 16135.00  64.00
20150302  14:21:00 16135.00 16135.00 16130.00 16130.00 418.00
20150302  14:22:00 16130.00 16135.00 16125.00 16130.00 256.00
20150302  14:23:00 16130.00 16130.00 16125.00 16130.00 236.00
20150302  14:24:00 16130.00 16130.00 16130.00 16130.00 232.00
20150302  14:25:00 16130.00 16130.00 16125.00 16130.00 136.00
20150302  14:26:00 16130.00 16130.00 16130.00 16130.00  16.00
20150302  14:27:00 16130.00 16140.00 16130.00 16140.00 300.00
20150302  14:28:00 16140.00 16150.00 16140.00 16150.00 564.00
20150302  14:29:00 16150.00 16160.00 16150.00 16155.00 384.00
20150302  14:30:00 16155.00 16165.00 16150.00 16165.00 836.00
20150302  14:31:00 16165.00 16170.00 16160.00 16160.00 174.00
20150302  14:32:00 16160.00 16165.00 16155.00 16160.00 478.00
20150302  14:33:00 16160.00 16160.00 16155.00 16155.00 526.00
20150302  14:34:00 16155.00 16160.00 16150.00 16160.00 610.00
20150302  14:35:00 16160.00 16160.00 16155.00 16155.00  80.00
20150302  14:36:00 16155.00 16155.00 16150.00 16155.00 134.00
20150302  14:37:00 16155.00 16165.00 16155.00 16160.00 758.00
20150302  14:38:00 16160.00 16160.00 16155.00 16155.00  96.00
20150302  14:39:00 16155.00 16160.00 16155.00 16160.00  28.00
20150302  14:40:00 16160.00 16160.00 16155.00 16155.00  18.00
20150302  14:41:00 16155.00 16155.00 16150.00 16155.00 112.00
20150302  14:42:00 16150.00 16160.00 16150.00 16160.00 182.00
20150302  14:43:00 16160.00 16160.00 16155.00 16160.00 238.00
20150302  14:44:00 16160.00 16160.00 16150.00 16150.00 478.00
20150302  14:45:00 16150.00 16155.00 16145.00 16150.00 124.00
20150302  14:46:00 16150.00 16150.00 16145.00 16145.00 202.00
20150302  14:47:00 16145.00 16150.00 16140.00 16145.00 640.00
20150302  14:48:00 16145.00 16145.00 16140.00 16140.00 372.00
20150302  14:49:00 16140.00 16145.00 16140.00 16145.00  78.00
20150302  14:50:00 16145.00 16145.00 16140.00 16140.00 354.00
20150302  14:51:00 16140.00 16145.00 16140.00 16145.00 122.00
20150302  14:52:00 16145.00 16155.00 16145.00 16155.00 562.00
20150302  14:53:00 16155.00 16160.00 16150.00 16155.00 246.00
20150302  14:54:00 16155.00 16155.00 16150.00 16155.00 948.00
20150302  14:55:00 16150.00 16160.00 16150.00 16155.00 714.00
20150302  14:56:00 16155.00 16160.00 16155.00 16160.00 546.00
20150302  14:57:00 16160.00 16160.00 16155.00 16155.00 126.00
20150302  14:58:00 16155.00 16160.00 16140.00 16155.00 1222.00
20150302  14:59:00 16150.00 16155.00 16140.00 16145.00 548.00
20150302  15:00:00 16145.00 16145.00 16145.00 16145.00   0.00
