20150720  15:00:00 15550.00 15550.00 15550.00 15550.00   2.00
20150720  14:59:00 15550.00 15550.00 15545.00 15550.00 712.00
20150720  14:58:00 15540.00 15550.00 15540.00 15550.00 442.00
20150720  14:57:00 15540.00 15545.00 15540.00 15540.00 238.00
20150720  14:56:00 15540.00 15545.00 15540.00 15540.00 190.00
20150720  14:55:00 15540.00 15545.00 15540.00 15540.00 184.00
20150720  14:54:00 15540.00 15545.00 15540.00 15540.00  54.00
20150720  14:53:00 15540.00 15545.00 15535.00 15540.00 196.00
20150720  14:52:00 15535.00 15540.00 15535.00 15540.00 310.00
20150720  14:51:00 15540.00 15540.00 15535.00 15535.00  34.00
20150720  14:50:00 15535.00 15540.00 15530.00 15540.00  86.00
20150720  14:49:00 15540.00 15540.00 15530.00 15535.00 414.00
20150720  14:48:00 15545.00 15545.00 15540.00 15540.00 340.00
20150720  14:47:00 15535.00 15540.00 15535.00 15540.00  80.00
20150720  14:46:00 15545.00 15545.00 15535.00 15535.00 226.00
20150720  14:45:00 15540.00 15550.00 15540.00 15545.00 266.00
20150720  14:44:00 15535.00 15540.00 15530.00 15540.00 364.00
20150720  14:43:00 15535.00 15535.00 15530.00 15535.00 120.00
20150720  14:42:00 15525.00 15535.00 15525.00 15535.00 346.00
20150720  14:41:00 15545.00 15545.00 15525.00 15525.00 368.00
20150720  14:40:00 15540.00 15545.00 15540.00 15545.00 182.00
20150720  14:39:00 15540.00 15550.00 15540.00 15545.00 466.00
20150720  14:38:00 15540.00 15540.00 15535.00 15540.00 506.00
20150720  14:37:00 15550.00 15550.00 15540.00 15540.00 236.00
20150720  14:36:00 15550.00 15555.00 15545.00 15550.00 328.00
20150720  14:35:00 15560.00 15560.00 15550.00 15550.00 296.00
20150720  14:34:00 15560.00 15560.00 15555.00 15560.00 184.00
20150720  14:33:00 15545.00 15565.00 15545.00 15560.00 312.00
20150720  14:32:00 15545.00 15545.00 15545.00 15545.00 188.00
20150720  14:31:00 15560.00 15560.00 15545.00 15545.00 274.00
20150720  14:30:00 15555.00 15565.00 15555.00 15560.00 460.00
20150720  14:29:00 15555.00 15560.00 15545.00 15555.00 818.00
20150720  14:28:00 15555.00 15560.00 15545.00 15555.00 498.00
20150720  14:27:00 15550.00 15560.00 15545.00 15555.00 822.00
20150720  14:26:00 15540.00 15550.00 15540.00 15550.00 224.00
20150720  14:25:00 15535.00 15545.00 15535.00 15540.00 492.00
20150720  14:24:00 15530.00 15535.00 15530.00 15535.00 262.00
20150720  14:23:00 15525.00 15535.00 15525.00 15530.00 186.00
20150720  14:22:00 15530.00 15535.00 15525.00 15525.00  96.00
20150720  14:21:00 15530.00 15535.00 15525.00 15535.00 170.00
20150720  14:20:00 15520.00 15535.00 15520.00 15530.00 120.00
20150720  14:19:00 15530.00 15540.00 15520.00 15520.00 466.00
20150720  14:18:00 15525.00 15535.00 15525.00 15530.00 290.00
20150720  14:17:00 15520.00 15525.00 15515.00 15525.00 214.00
20150720  14:16:00 15515.00 15520.00 15510.00 15520.00 138.00
20150720  14:15:00 15510.00 15515.00 15510.00 15510.00 126.00
20150720  14:14:00 15515.00 15515.00 15510.00 15510.00  40.00
20150720  14:13:00 15515.00 15520.00 15510.00 15515.00  88.00
20150720  14:12:00 15510.00 15520.00 15505.00 15515.00 236.00
20150720  14:11:00 15515.00 15515.00 15505.00 15510.00 336.00
20150720  14:10:00 15515.00 15515.00 15515.00 15515.00  76.00
20150720  14:09:00 15510.00 15515.00 15505.00 15515.00 416.00
20150720  14:08:00 15520.00 15520.00 15510.00 15510.00 538.00
20150720  14:07:00 15520.00 15525.00 15515.00 15520.00 262.00
20150720  14:06:00 15535.00 15535.00 15520.00 15520.00 718.00
20150720  14:05:00 15535.00 15540.00 15535.00 15535.00 306.00
20150720  14:04:00 15540.00 15545.00 15535.00 15535.00 298.00
20150720  14:03:00 15545.00 15550.00 15545.00 15545.00 740.00
20150720  14:02:00 15545.00 15545.00 15545.00 15545.00 160.00
20150720  14:01:00 15545.00 15550.00 15540.00 15540.00 174.00
20150720  14:00:00 15545.00 15550.00 15540.00 15545.00 148.00
20150720  13:59:00 15540.00 15545.00 15535.00 15545.00 170.00
20150720  13:58:00 15540.00 15540.00 15535.00 15535.00 300.00
20150720  13:57:00 15540.00 15545.00 15535.00 15540.00 190.00
20150720  13:56:00 15555.00 15555.00 15540.00 15540.00 324.00
20150720  13:55:00 15545.00 15555.00 15545.00 15550.00 932.00
20150720  13:54:00 15540.00 15555.00 15540.00 15555.00 738.00
20150720  13:53:00 15535.00 15545.00 15535.00 15540.00 562.00
20150720  13:52:00 15535.00 15540.00 15525.00 15540.00 1024.00
20150720  13:51:00 15525.00 15535.00 15525.00 15535.00 396.00
20150720  13:50:00 15530.00 15530.00 15525.00 15525.00 128.00
20150720  13:49:00 15520.00 15535.00 15520.00 15530.00 230.00
20150720  13:48:00 15515.00 15520.00 15515.00 15520.00 150.00
20150720  13:47:00 15515.00 15515.00 15510.00 15515.00 304.00
20150720  13:46:00 15515.00 15520.00 15510.00 15515.00 234.00
20150720  13:45:00 15515.00 15515.00 15510.00 15515.00 134.00
20150720  13:44:00 15515.00 15520.00 15515.00 15515.00  34.00
20150720  13:43:00 15525.00 15525.00 15515.00 15515.00 214.00
20150720  13:42:00 15530.00 15535.00 15525.00 15525.00 300.00
20150720  13:41:00 15530.00 15530.00 15525.00 15530.00 294.00
20150720  13:40:00 15525.00 15530.00 15525.00 15530.00 130.00
20150720  13:39:00 15525.00 15530.00 15520.00 15525.00 274.00
20150720  13:38:00 15515.00 15525.00 15515.00 15525.00 246.00
20150720  13:37:00 15520.00 15520.00 15515.00 15515.00 128.00
20150720  13:36:00 15520.00 15520.00 15515.00 15520.00  68.00
20150720  13:35:00 15515.00 15520.00 15510.00 15520.00 336.00
20150720  13:34:00 15500.00 15515.00 15500.00 15515.00 260.00
20150720  13:33:00 15520.00 15520.00 15500.00 15500.00 482.00
20150720  13:32:00 15510.00 15520.00 15510.00 15520.00 156.00
20150720  13:31:00 15515.00 15520.00 15510.00 15510.00 280.00
20150720  13:30:00 15500.00 15515.00 15500.00 15515.00 950.00
20150720  11:29:00 15505.00 15510.00 15500.00 15510.00 304.00
20150720  11:28:00 15510.00 15510.00 15505.00 15505.00 168.00
20150720  11:27:00 15510.00 15510.00 15510.00 15510.00 196.00
20150720  11:26:00 15515.00 15515.00 15510.00 15510.00  52.00
20150720  11:25:00 15515.00 15515.00 15515.00 15515.00  26.00
20150720  11:24:00 15515.00 15520.00 15515.00 15515.00  30.00
20150720  11:23:00 15510.00 15515.00 15505.00 15515.00 156.00
20150720  11:22:00 15510.00 15510.00 15505.00 15510.00  18.00
20150720  11:21:00 15505.00 15510.00 15505.00 15510.00 386.00
20150720  11:20:00 15510.00 15510.00 15505.00 15505.00 634.00
20150720  11:19:00 15520.00 15520.00 15515.00 15515.00  20.00
20150720  11:18:00 15520.00 15525.00 15510.00 15520.00 236.00
20150720  11:17:00 15515.00 15520.00 15515.00 15520.00  92.00
20150720  11:16:00 15520.00 15520.00 15515.00 15515.00 106.00
20150720  11:15:00 15520.00 15525.00 15515.00 15520.00  36.00
20150720  11:14:00 15515.00 15520.00 15515.00 15520.00  54.00
20150720  11:13:00 15515.00 15520.00 15515.00 15515.00  12.00
20150720  11:12:00 15525.00 15525.00 15515.00 15515.00  58.00
20150720  11:11:00 15520.00 15525.00 15520.00 15525.00  32.00
20150720  11:10:00 15530.00 15530.00 15520.00 15520.00 526.00
20150720  11:09:00 15525.00 15530.00 15520.00 15530.00 176.00
20150720  11:08:00 15530.00 15530.00 15525.00 15525.00 154.00
20150720  11:07:00 15530.00 15535.00 15525.00 15525.00 178.00
20150720  11:06:00 15520.00 15530.00 15520.00 15530.00 278.00
20150720  11:05:00 15520.00 15520.00 15515.00 15520.00 224.00
20150720  11:04:00 15505.00 15520.00 15505.00 15515.00 142.00
20150720  11:03:00 15515.00 15515.00 15505.00 15505.00 218.00
20150720  11:02:00 15515.00 15515.00 15510.00 15510.00  28.00
20150720  11:01:00 15510.00 15515.00 15510.00 15515.00  80.00
20150720  11:00:00 15510.00 15510.00 15505.00 15510.00 340.00
20150720  10:59:00 15515.00 15515.00 15510.00 15510.00 362.00
20150720  10:58:00 15515.00 15520.00 15515.00 15515.00 120.00
20150720  10:57:00 15515.00 15520.00 15515.00 15515.00  92.00
20150720  10:56:00 15525.00 15525.00 15515.00 15515.00 112.00
20150720  10:55:00 15525.00 15530.00 15520.00 15525.00 106.00
20150720  10:54:00 15525.00 15530.00 15525.00 15525.00 216.00
20150720  10:53:00 15530.00 15530.00 15525.00 15525.00 152.00
20150720  10:52:00 15525.00 15530.00 15525.00 15530.00 354.00
20150720  10:51:00 15530.00 15530.00 15525.00 15525.00 296.00
20150720  10:50:00 15525.00 15530.00 15525.00 15530.00 494.00
20150720  10:49:00 15530.00 15530.00 15520.00 15525.00 176.00
20150720  10:48:00 15515.00 15530.00 15515.00 15530.00 392.00
20150720  10:47:00 15515.00 15515.00 15510.00 15515.00 198.00
20150720  10:46:00 15515.00 15520.00 15515.00 15515.00  74.00
20150720  10:45:00 15515.00 15515.00 15510.00 15515.00 312.00
20150720  10:44:00 15515.00 15515.00 15515.00 15515.00  10.00
20150720  10:43:00 15510.00 15515.00 15510.00 15515.00 164.00
20150720  10:42:00 15515.00 15515.00 15510.00 15510.00 100.00
20150720  10:41:00 15515.00 15515.00 15510.00 15515.00 104.00
20150720  10:40:00 15510.00 15520.00 15505.00 15515.00 360.00
20150720  10:39:00 15500.00 15510.00 15500.00 15510.00 348.00
20150720  10:38:00 15505.00 15505.00 15500.00 15500.00 108.00
20150720  10:37:00 15510.00 15510.00 15500.00 15505.00 308.00
20150720  10:36:00 15515.00 15515.00 15510.00 15510.00 248.00
20150720  10:35:00 15515.00 15520.00 15510.00 15515.00 212.00
20150720  10:34:00 15510.00 15515.00 15510.00 15515.00 166.00
20150720  10:33:00 15515.00 15515.00 15510.00 15510.00  86.00
20150720  10:32:00 15515.00 15520.00 15515.00 15515.00  98.00
20150720  10:31:00 15510.00 15525.00 15510.00 15515.00 860.00
20150720  10:30:00 15505.00 15515.00 15500.00 15510.00 452.00
20150720  10:14:00 15505.00 15505.00 15500.00 15505.00  94.00
20150720  10:13:00 15505.00 15510.00 15500.00 15505.00 128.00
20150720  10:12:00 15510.00 15510.00 15505.00 15505.00 178.00
20150720  10:11:00 15515.00 15520.00 15505.00 15510.00 150.00
20150720  10:10:00 15515.00 15515.00 15510.00 15515.00 112.00
20150720  10:09:00 15515.00 15525.00 15515.00 15515.00 510.00
20150720  10:08:00 15500.00 15520.00 15500.00 15515.00 676.00
20150720  10:07:00 15500.00 15500.00 15490.00 15500.00 232.00
20150720  10:06:00 15490.00 15500.00 15490.00 15500.00 278.00
20150720  10:05:00 15490.00 15495.00 15490.00 15495.00 178.00
20150720  10:04:00 15490.00 15495.00 15485.00 15490.00 642.00
20150720  10:03:00 15480.00 15490.00 15480.00 15490.00 1354.00
20150720  10:02:00 15505.00 15505.00 15480.00 15480.00 1376.00
20150720  10:01:00 15495.00 15515.00 15495.00 15505.00 1636.00
20150720  10:00:00 15510.00 15525.00 15495.00 15500.00 1570.00
20150720  09:59:00 15535.00 15540.00 15500.00 15510.00 1962.00
20150720  09:58:00 15550.00 15550.00 15535.00 15540.00 504.00
20150720  09:57:00 15545.00 15550.00 15540.00 15550.00 286.00
20150720  09:56:00 15545.00 15550.00 15540.00 15545.00 722.00
20150720  09:55:00 15565.00 15565.00 15545.00 15545.00 1374.00
20150720  09:54:00 15575.00 15580.00 15555.00 15560.00 1378.00
20150720  09:53:00 15575.00 15580.00 15570.00 15575.00 876.00
20150720  09:52:00 15580.00 15580.00 15580.00 15580.00 458.00
20150720  09:51:00 15580.00 15580.00 15575.00 15580.00 462.00
20150720  09:50:00 15575.00 15585.00 15575.00 15580.00 644.00
20150720  09:49:00 15580.00 15585.00 15575.00 15575.00 290.00
20150720  09:48:00 15590.00 15595.00 15580.00 15585.00 132.00
20150720  09:47:00 15585.00 15600.00 15585.00 15590.00 540.00
20150720  09:46:00 15585.00 15585.00 15575.00 15585.00 312.00
20150720  09:45:00 15595.00 15595.00 15585.00 15585.00 102.00
20150720  09:44:00 15575.00 15595.00 15575.00 15595.00 638.00
20150720  09:43:00 15580.00 15580.00 15575.00 15575.00 436.00
20150720  09:42:00 15570.00 15585.00 15565.00 15585.00 654.00
20150720  09:41:00 15595.00 15600.00 15560.00 15565.00 1364.00
20150720  09:40:00 15595.00 15600.00 15595.00 15595.00 556.00
20150720  09:39:00 15595.00 15600.00 15590.00 15595.00 582.00
20150720  09:38:00 15610.00 15615.00 15590.00 15595.00 1478.00
20150720  09:37:00 15615.00 15615.00 15615.00 15615.00 126.00
20150720  09:36:00 15615.00 15615.00 15615.00 15615.00 146.00
20150720  09:35:00 15620.00 15620.00 15615.00 15615.00 390.00
20150720  09:34:00 15615.00 15620.00 15615.00 15620.00  48.00
20150720  09:33:00 15615.00 15620.00 15615.00 15615.00  30.00
20150720  09:32:00 15605.00 15620.00 15605.00 15615.00 448.00
20150720  09:31:00 15605.00 15610.00 15600.00 15605.00 324.00
20150720  09:30:00 15615.00 15615.00 15605.00 15605.00 346.00
20150720  09:29:00 15625.00 15625.00 15605.00 15615.00 850.00
20150720  09:28:00 15620.00 15625.00 15620.00 15625.00 420.00
20150720  09:27:00 15620.00 15625.00 15615.00 15620.00 196.00
20150720  09:26:00 15620.00 15625.00 15615.00 15620.00 254.00
20150720  09:25:00 15615.00 15625.00 15615.00 15620.00 210.00
20150720  09:24:00 15620.00 15620.00 15615.00 15615.00 286.00
20150720  09:23:00 15620.00 15620.00 15620.00 15620.00  36.00
20150720  09:22:00 15630.00 15630.00 15620.00 15620.00 354.00
20150720  09:21:00 15625.00 15630.00 15625.00 15630.00 170.00
20150720  09:20:00 15625.00 15630.00 15620.00 15625.00 384.00
20150720  09:19:00 15620.00 15625.00 15620.00 15625.00 104.00
20150720  09:18:00 15625.00 15625.00 15620.00 15625.00 180.00
20150720  09:17:00 15625.00 15630.00 15615.00 15625.00 748.00
20150720  09:16:00 15620.00 15630.00 15620.00 15625.00 444.00
20150720  09:15:00 15615.00 15620.00 15615.00 15620.00 244.00
20150720  09:14:00 15615.00 15630.00 15615.00 15615.00 712.00
20150720  09:13:00 15610.00 15620.00 15610.00 15615.00 1018.00
20150720  09:12:00 15620.00 15635.00 15610.00 15615.00 1650.00
20150720  09:11:00 15615.00 15630.00 15615.00 15620.00 816.00
20150720  09:10:00 15620.00 15625.00 15600.00 15615.00 2148.00
20150720  09:09:00 15645.00 15655.00 15620.00 15620.00 1056.00
20150720  09:08:00 15650.00 15655.00 15645.00 15650.00 270.00
20150720  09:07:00 15665.00 15665.00 15645.00 15650.00 644.00
20150720  09:06:00 15665.00 15670.00 15660.00 15665.00 274.00
20150720  09:05:00 15680.00 15685.00 15665.00 15665.00 524.00
20150720  09:04:00 15660.00 15680.00 15660.00 15680.00 726.00
20150720  09:03:00 15655.00 15665.00 15650.00 15665.00 480.00
20150720  09:02:00 15665.00 15670.00 15650.00 15655.00 620.00
20150720  09:01:00 15640.00 15670.00 15640.00 15665.00 1098.00
20150720  09:00:00 15655.00 15660.00 15640.00 15645.00 968.00
20150718  00:59:00 15640.00 15650.00 15640.00 15650.00 132.00
20150718  00:58:00 15640.00 15640.00 15635.00 15640.00 154.00
20150718  00:57:00 15640.00 15640.00 15635.00 15635.00  64.00
20150718  00:56:00 15640.00 15640.00 15635.00 15640.00  42.00
20150718  00:55:00 15640.00 15640.00 15640.00 15640.00  26.00
20150718  00:54:00 15640.00 15640.00 15635.00 15640.00  64.00
20150718  00:53:00 15635.00 15645.00 15635.00 15640.00 116.00
20150718  00:52:00 15640.00 15640.00 15635.00 15635.00  52.00
20150718  00:51:00 15640.00 15640.00 15640.00 15640.00  74.00
20150718  00:50:00 15635.00 15635.00 15635.00 15635.00  18.00
20150718  00:49:00 15635.00 15635.00 15635.00 15635.00  72.00
20150718  00:48:00 15640.00 15640.00 15635.00 15635.00  38.00
20150718  00:47:00 15640.00 15640.00 15640.00 15640.00  56.00
20150718  00:46:00 15630.00 15640.00 15630.00 15640.00 130.00
20150718  00:45:00 15630.00 15630.00 15630.00 15630.00  66.00
20150718  00:44:00 15630.00 15630.00 15625.00 15630.00  50.00
20150718  00:43:00 15630.00 15630.00 15630.00 15630.00  10.00
20150718  00:42:00 15630.00 15630.00 15625.00 15630.00  62.00
20150718  00:41:00 15625.00 15630.00 15625.00 15630.00 118.00
20150718  00:40:00 15625.00 15625.00 15625.00 15625.00  20.00
20150718  00:39:00 15625.00 15625.00 15625.00 15625.00  12.00
20150718  00:38:00 15625.00 15630.00 15625.00 15630.00  12.00
20150718  00:37:00 15625.00 15625.00 15625.00 15625.00  22.00
20150718  00:36:00 15630.00 15630.00 15625.00 15630.00  14.00
20150718  00:35:00 15625.00 15630.00 15625.00 15630.00  14.00
20150718  00:34:00 15635.00 15635.00 15625.00 15625.00 160.00
20150718  00:33:00 15630.00 15635.00 15630.00 15635.00   6.00
20150718  00:32:00 15635.00 15635.00 15630.00 15630.00  52.00
20150718  00:31:00 15630.00 15635.00 15630.00 15635.00  24.00
20150718  00:30:00 15630.00 15630.00 15625.00 15630.00  28.00
20150718  00:29:00 15625.00 15630.00 15625.00 15630.00 162.00
20150718  00:28:00 15630.00 15635.00 15625.00 15625.00  70.00
20150718  00:27:00 15635.00 15635.00 15630.00 15630.00 110.00
20150718  00:26:00 15630.00 15635.00 15630.00 15635.00  22.00
20150718  00:25:00 15630.00 15630.00 15630.00 15630.00  86.00
20150718  00:24:00 15630.00 15630.00 15625.00 15630.00 228.00
20150718  00:23:00 15635.00 15635.00 15630.00 15630.00   4.00
20150718  00:22:00 15630.00 15635.00 15630.00 15635.00 222.00
20150718  00:21:00 15635.00 15635.00 15630.00 15630.00  52.00
20150718  00:20:00 15635.00 15640.00 15635.00 15635.00  60.00
20150718  00:19:00 15640.00 15640.00 15635.00 15635.00  20.00
20150718  00:18:00 15640.00 15640.00 15640.00 15640.00   6.00
20150718  00:17:00 15635.00 15640.00 15635.00 15640.00  10.00
20150718  00:16:00 15640.00 15645.00 15635.00 15635.00 112.00
20150718  00:15:00 15635.00 15640.00 15635.00 15640.00 148.00
20150718  00:14:00 15635.00 15635.00 15635.00 15635.00  12.00
20150718  00:13:00 15630.00 15635.00 15630.00 15635.00  20.00
20150718  00:12:00 15640.00 15640.00 15630.00 15630.00  36.00
20150718  00:11:00 15635.00 15640.00 15630.00 15640.00  44.00
20150718  00:10:00 15645.00 15645.00 15630.00 15635.00 174.00
20150718  00:09:00 15645.00 15645.00 15645.00 15645.00  38.00
20150718  00:08:00 15640.00 15645.00 15640.00 15640.00  30.00
20150718  00:07:00 15640.00 15645.00 15640.00 15645.00   4.00
20150718  00:06:00 15635.00 15640.00 15635.00 15640.00 202.00
20150718  00:05:00 15630.00 15640.00 15630.00 15635.00  54.00
20150718  00:04:00 15640.00 15640.00 15630.00 15630.00 112.00
20150718  00:03:00 15640.00 15655.00 15640.00 15640.00 296.00
20150718  00:02:00 15630.00 15640.00 15630.00 15640.00 122.00
20150718  00:01:00 15635.00 15635.00 15630.00 15630.00  66.00
20150718  00:00:00 15635.00 15635.00 15630.00 15635.00  44.00
20150717  23:59:00 15625.00 15635.00 15625.00 15635.00 414.00
20150717  23:58:00 15630.00 15630.00 15625.00 15625.00 220.00
20150717  23:57:00 15640.00 15640.00 15620.00 15630.00 594.00
20150717  23:56:00 15645.00 15650.00 15640.00 15640.00 368.00
20150717  23:55:00 15645.00 15650.00 15640.00 15645.00 194.00
20150717  23:54:00 15655.00 15655.00 15650.00 15650.00 354.00
20150717  23:53:00 15660.00 15665.00 15655.00 15655.00 144.00
20150717  23:52:00 15650.00 15665.00 15650.00 15660.00 214.00
20150717  23:51:00 15655.00 15660.00 15650.00 15650.00 134.00
20150717  23:50:00 15660.00 15665.00 15655.00 15660.00 136.00
20150717  23:49:00 15675.00 15680.00 15655.00 15660.00 314.00
20150717  23:48:00 15680.00 15680.00 15675.00 15675.00  80.00
20150717  23:47:00 15675.00 15685.00 15670.00 15680.00 136.00
20150717  23:46:00 15670.00 15675.00 15670.00 15670.00  18.00
20150717  23:45:00 15675.00 15675.00 15670.00 15670.00 100.00
20150717  23:44:00 15675.00 15675.00 15670.00 15675.00 136.00
20150717  23:43:00 15670.00 15685.00 15665.00 15675.00 366.00
20150717  23:42:00 15675.00 15675.00 15670.00 15670.00  44.00
20150717  23:41:00 15675.00 15680.00 15670.00 15675.00 116.00
20150717  23:40:00 15675.00 15675.00 15670.00 15675.00 164.00
20150717  23:39:00 15680.00 15680.00 15675.00 15680.00  90.00
20150717  23:38:00 15680.00 15680.00 15675.00 15680.00 230.00
20150717  23:37:00 15680.00 15685.00 15670.00 15685.00 432.00
20150717  23:36:00 15685.00 15685.00 15680.00 15680.00 110.00
20150717  23:35:00 15685.00 15695.00 15685.00 15685.00 434.00
20150717  23:34:00 15690.00 15690.00 15680.00 15685.00 540.00
20150717  23:33:00 15680.00 15690.00 15680.00 15690.00 362.00
20150717  23:32:00 15665.00 15680.00 15665.00 15680.00 142.00
20150717  23:31:00 15660.00 15670.00 15660.00 15665.00  94.00
20150717  23:30:00 15655.00 15665.00 15655.00 15660.00 118.00
20150717  23:29:00 15665.00 15665.00 15655.00 15655.00  82.00
20150717  23:28:00 15660.00 15665.00 15660.00 15665.00  56.00
20150717  23:27:00 15660.00 15660.00 15655.00 15660.00 250.00
20150717  23:26:00 15670.00 15670.00 15660.00 15660.00 126.00
20150717  23:25:00 15675.00 15680.00 15670.00 15675.00 326.00
20150717  23:24:00 15660.00 15675.00 15660.00 15675.00 304.00
20150717  23:23:00 15665.00 15665.00 15655.00 15660.00 206.00
20150717  23:22:00 15650.00 15665.00 15650.00 15660.00 212.00
20150717  23:21:00 15645.00 15650.00 15645.00 15650.00 166.00
20150717  23:20:00 15635.00 15645.00 15635.00 15645.00  72.00
20150717  23:19:00 15640.00 15640.00 15635.00 15635.00  52.00
20150717  23:18:00 15640.00 15645.00 15640.00 15640.00  52.00
20150717  23:17:00 15635.00 15645.00 15635.00 15640.00 124.00
20150717  23:16:00 15635.00 15640.00 15635.00 15635.00  78.00
20150717  23:15:00 15630.00 15635.00 15630.00 15635.00  36.00
20150717  23:14:00 15630.00 15630.00 15630.00 15630.00  80.00
20150717  23:13:00 15630.00 15630.00 15630.00 15630.00 128.00
20150717  23:12:00 15635.00 15635.00 15630.00 15630.00  98.00
20150717  23:11:00 15635.00 15640.00 15635.00 15635.00  20.00
20150717  23:10:00 15630.00 15635.00 15630.00 15635.00  36.00
20150717  23:09:00 15630.00 15630.00 15630.00 15630.00  14.00
20150717  23:08:00 15635.00 15635.00 15625.00 15630.00  58.00
20150717  23:07:00 15640.00 15640.00 15635.00 15635.00  22.00
20150717  23:06:00 15640.00 15640.00 15635.00 15640.00  30.00
20150717  23:05:00 15635.00 15645.00 15635.00 15640.00  98.00
20150717  23:04:00 15640.00 15640.00 15640.00 15640.00  14.00
20150717  23:03:00 15635.00 15640.00 15635.00 15640.00   6.00
20150717  23:02:00 15630.00 15640.00 15630.00 15635.00 106.00
20150717  23:01:00 15630.00 15635.00 15625.00 15630.00 196.00
20150717  23:00:00 15640.00 15640.00 15630.00 15630.00  64.00
20150717  22:59:00 15640.00 15640.00 15640.00 15640.00  26.00
20150717  22:58:00 15635.00 15640.00 15630.00 15640.00 204.00
20150717  22:57:00 15630.00 15635.00 15630.00 15635.00  40.00
20150717  22:56:00 15630.00 15630.00 15625.00 15630.00  76.00
20150717  22:55:00 15625.00 15630.00 15625.00 15630.00  64.00
20150717  22:54:00 15635.00 15635.00 15625.00 15625.00 120.00
20150717  22:53:00 15635.00 15635.00 15635.00 15635.00   4.00
20150717  22:52:00 15635.00 15635.00 15635.00 15635.00  80.00
20150717  22:51:00 15635.00 15635.00 15630.00 15635.00   6.00
20150717  22:50:00 15635.00 15635.00 15635.00 15635.00  36.00
20150717  22:49:00 15635.00 15635.00 15635.00 15635.00  80.00
20150717  22:48:00 15640.00 15640.00 15635.00 15635.00  56.00
20150717  22:47:00 15645.00 15645.00 15640.00 15640.00  88.00
20150717  22:46:00 15645.00 15655.00 15645.00 15650.00 222.00
20150717  22:45:00 15645.00 15645.00 15645.00 15645.00   4.00
20150717  22:44:00 15645.00 15645.00 15640.00 15640.00  40.00
20150717  22:43:00 15645.00 15645.00 15645.00 15645.00  14.00
20150717  22:42:00 15645.00 15650.00 15645.00 15645.00   8.00
20150717  22:41:00 15645.00 15650.00 15645.00 15645.00  96.00
20150717  22:40:00 15640.00 15640.00 15635.00 15640.00  90.00
20150717  22:39:00 15645.00 15645.00 15640.00 15640.00  36.00
20150717  22:38:00 15650.00 15650.00 15645.00 15645.00  24.00
20150717  22:37:00 15650.00 15650.00 15650.00 15650.00   8.00
20150717  22:36:00 15640.00 15650.00 15640.00 15650.00 120.00
20150717  22:35:00 15655.00 15655.00 15640.00 15640.00 286.00
20150717  22:34:00 15650.00 15655.00 15650.00 15650.00  66.00
20150717  22:33:00 15645.00 15660.00 15645.00 15650.00 404.00
20150717  22:32:00 15640.00 15645.00 15635.00 15645.00 132.00
20150717  22:31:00 15635.00 15640.00 15630.00 15640.00 110.00
20150717  22:30:00 15635.00 15635.00 15635.00 15635.00  50.00
20150717  22:29:00 15630.00 15640.00 15625.00 15635.00  56.00
20150717  22:28:00 15640.00 15640.00 15630.00 15630.00  74.00
20150717  22:27:00 15635.00 15640.00 15635.00 15640.00  22.00
20150717  22:26:00 15640.00 15640.00 15635.00 15635.00  18.00
20150717  22:25:00 15630.00 15645.00 15625.00 15640.00 144.00
20150717  22:24:00 15625.00 15630.00 15625.00 15630.00  50.00
20150717  22:23:00 15635.00 15635.00 15625.00 15630.00 110.00
20150717  22:22:00 15630.00 15635.00 15630.00 15630.00  58.00
20150717  22:21:00 15630.00 15635.00 15630.00 15630.00  42.00
20150717  22:20:00 15630.00 15630.00 15630.00 15630.00 152.00
20150717  22:19:00 15615.00 15630.00 15615.00 15630.00 192.00
20150717  22:18:00 15630.00 15630.00 15610.00 15615.00 496.00
20150717  22:17:00 15640.00 15640.00 15630.00 15635.00 214.00
20150717  22:16:00 15630.00 15645.00 15630.00 15640.00 134.00
20150717  22:15:00 15630.00 15630.00 15625.00 15630.00 114.00
20150717  22:14:00 15635.00 15635.00 15625.00 15630.00 206.00
20150717  22:13:00 15645.00 15645.00 15630.00 15635.00 106.00
20150717  22:12:00 15635.00 15650.00 15630.00 15645.00 310.00
20150717  22:11:00 15640.00 15640.00 15625.00 15635.00 168.00
20150717  22:10:00 15635.00 15640.00 15635.00 15635.00  26.00
20150717  22:09:00 15640.00 15645.00 15635.00 15640.00  42.00
20150717  22:08:00 15655.00 15655.00 15640.00 15640.00 216.00
20150717  22:07:00 15630.00 15655.00 15630.00 15655.00 378.00
20150717  22:06:00 15625.00 15630.00 15625.00 15630.00  76.00
20150717  22:05:00 15625.00 15630.00 15625.00 15625.00 136.00
20150717  22:04:00 15625.00 15630.00 15625.00 15625.00 162.00
20150717  22:03:00 15625.00 15630.00 15610.00 15625.00 844.00
20150717  22:02:00 15635.00 15635.00 15625.00 15630.00 150.00
20150717  22:01:00 15645.00 15645.00 15630.00 15635.00 318.00
20150717  22:00:00 15650.00 15650.00 15645.00 15645.00 230.00
20150717  21:59:00 15650.00 15655.00 15650.00 15650.00  48.00
20150717  21:58:00 15650.00 15655.00 15650.00 15650.00  30.00
20150717  21:57:00 15645.00 15650.00 15645.00 15650.00  78.00
20150717  21:56:00 15640.00 15645.00 15640.00 15645.00  34.00
20150717  21:55:00 15645.00 15645.00 15635.00 15640.00 130.00
20150717  21:54:00 15640.00 15650.00 15640.00 15645.00  78.00
20150717  21:53:00 15650.00 15650.00 15640.00 15640.00 332.00
20150717  21:52:00 15655.00 15655.00 15650.00 15650.00  32.00
20150717  21:51:00 15655.00 15660.00 15650.00 15655.00  82.00
20150717  21:50:00 15655.00 15660.00 15650.00 15655.00 136.00
20150717  21:49:00 15655.00 15665.00 15650.00 15650.00 128.00
20150717  21:48:00 15645.00 15665.00 15645.00 15655.00 310.00
20150717  21:47:00 15640.00 15645.00 15640.00 15645.00 174.00
20150717  21:46:00 15640.00 15640.00 15635.00 15640.00 226.00
20150717  21:45:00 15640.00 15640.00 15625.00 15640.00 316.00
20150717  21:44:00 15645.00 15650.00 15640.00 15640.00 316.00
20150717  21:43:00 15630.00 15655.00 15630.00 15650.00 462.00
20150717  21:42:00 15600.00 15635.00 15600.00 15630.00 2244.00
20150717  21:41:00 15675.00 15675.00 15600.00 15600.00 1240.00
20150717  21:40:00 15675.00 15675.00 15675.00 15675.00  96.00
20150717  21:39:00 15675.00 15675.00 15670.00 15675.00  36.00
20150717  21:38:00 15675.00 15675.00 15670.00 15675.00  28.00
20150717  21:37:00 15675.00 15675.00 15670.00 15675.00 116.00
20150717  21:36:00 15675.00 15680.00 15670.00 15670.00  28.00
20150717  21:35:00 15665.00 15675.00 15665.00 15675.00 170.00
20150717  21:34:00 15665.00 15670.00 15660.00 15665.00 130.00
20150717  21:33:00 15675.00 15675.00 15660.00 15665.00 830.00
20150717  21:32:00 15680.00 15680.00 15675.00 15675.00 144.00
20150717  21:31:00 15675.00 15685.00 15670.00 15680.00 434.00
20150717  21:30:00 15685.00 15690.00 15680.00 15680.00 294.00
20150717  21:29:00 15680.00 15690.00 15680.00 15685.00 122.00
20150717  21:28:00 15690.00 15695.00 15680.00 15680.00 214.00
20150717  21:27:00 15685.00 15700.00 15685.00 15690.00 334.00
20150717  21:26:00 15690.00 15690.00 15685.00 15685.00 252.00
20150717  21:25:00 15700.00 15700.00 15685.00 15690.00 468.00
20150717  21:24:00 15695.00 15705.00 15695.00 15700.00 658.00
20150717  21:23:00 15685.00 15700.00 15685.00 15695.00 486.00
20150717  21:22:00 15680.00 15685.00 15680.00 15685.00 232.00
20150717  21:21:00 15690.00 15690.00 15680.00 15685.00 230.00
20150717  21:20:00 15705.00 15705.00 15685.00 15685.00 368.00
20150717  21:19:00 15690.00 15710.00 15690.00 15705.00 1206.00
20150717  21:18:00 15680.00 15690.00 15675.00 15685.00 584.00
20150717  21:17:00 15690.00 15690.00 15670.00 15680.00 398.00
20150717  21:16:00 15665.00 15690.00 15660.00 15690.00 1042.00
20150717  21:15:00 15655.00 15675.00 15655.00 15665.00 484.00
20150717  21:14:00 15640.00 15655.00 15640.00 15655.00 394.00
20150717  21:13:00 15650.00 15650.00 15640.00 15640.00 198.00
20150717  21:12:00 15630.00 15650.00 15630.00 15650.00 250.00
20150717  21:11:00 15635.00 15635.00 15625.00 15625.00 182.00
20150717  21:10:00 15630.00 15640.00 15620.00 15635.00 320.00
20150717  21:09:00 15645.00 15660.00 15630.00 15630.00 382.00
20150717  21:08:00 15660.00 15660.00 15640.00 15650.00 496.00
20150717  21:07:00 15655.00 15665.00 15655.00 15655.00 694.00
20150717  21:06:00 15645.00 15665.00 15640.00 15660.00 782.00
20150717  21:05:00 15640.00 15645.00 15620.00 15645.00 726.00
20150717  21:04:00 15605.00 15650.00 15605.00 15640.00 930.00
20150717  21:03:00 15585.00 15610.00 15580.00 15605.00 718.00
20150717  21:02:00 15595.00 15595.00 15580.00 15585.00 364.00
20150717  21:01:00 15630.00 15630.00 15580.00 15595.00 772.00
20150717  21:00:00 15630.00 15630.00 15530.00 15625.00 2778.00
