20151026  21:00:00 14120.00 14125.00 14105.00 14120.00 3286.00
20151026  21:01:00 14120.00 14145.00 14105.00 14140.00 2700.00
20151026  21:02:00 14140.00 14140.00 14125.00 14135.00 1632.00
20151026  21:03:00 14135.00 14145.00 14125.00 14130.00 1542.00
20151026  21:04:00 14130.00 14145.00 14130.00 14145.00 936.00
20151026  21:05:00 14145.00 14145.00 14125.00 14130.00 1116.00
20151026  21:06:00 14130.00 14150.00 14130.00 14150.00 1456.00
20151026  21:07:00 14150.00 14150.00 14140.00 14145.00 1234.00
20151026  21:08:00 14150.00 14155.00 14145.00 14150.00 582.00
20151026  21:09:00 14150.00 14150.00 14135.00 14145.00 798.00
20151026  21:10:00 14145.00 14150.00 14140.00 14150.00 266.00
20151026  21:11:00 14150.00 14160.00 14145.00 14150.00 1094.00
20151026  21:12:00 14150.00 14165.00 14150.00 14155.00 1608.00
20151026  21:13:00 14155.00 14160.00 14150.00 14150.00 272.00
20151026  21:14:00 14150.00 14155.00 14145.00 14145.00 794.00
20151026  21:15:00 14145.00 14150.00 14145.00 14150.00 314.00
20151026  21:16:00 14150.00 14150.00 14130.00 14130.00 808.00
20151026  21:17:00 14130.00 14140.00 14125.00 14140.00 1374.00
20151026  21:18:00 14140.00 14150.00 14130.00 14145.00 678.00
20151026  21:19:00 14145.00 14150.00 14140.00 14145.00 556.00
20151026  21:20:00 14145.00 14155.00 14145.00 14155.00 1142.00
20151026  21:21:00 14155.00 14155.00 14145.00 14145.00 850.00
20151026  21:22:00 14145.00 14145.00 14135.00 14135.00 662.00
20151026  21:23:00 14135.00 14145.00 14135.00 14145.00 280.00
20151026  21:24:00 14145.00 14145.00 14130.00 14135.00 302.00
20151026  21:25:00 14135.00 14140.00 14135.00 14140.00 268.00
20151026  21:26:00 14135.00 14160.00 14135.00 14145.00 1322.00
20151026  21:27:00 14145.00 14145.00 14135.00 14140.00 436.00
20151026  21:28:00 14140.00 14145.00 14130.00 14145.00 596.00
20151026  21:29:00 14145.00 14145.00 14130.00 14135.00 442.00
20151026  21:30:00 14135.00 14150.00 14135.00 14150.00 250.00
20151026  21:31:00 14150.00 14150.00 14140.00 14145.00 178.00
20151026  21:32:00 14145.00 14145.00 14135.00 14135.00 486.00
20151026  21:33:00 14135.00 14145.00 14135.00 14140.00 304.00
20151026  21:34:00 14140.00 14145.00 14135.00 14145.00 126.00
20151026  21:35:00 14145.00 14145.00 14135.00 14140.00 288.00
20151026  21:36:00 14140.00 14140.00 14135.00 14135.00 458.00
20151026  21:37:00 14135.00 14145.00 14130.00 14140.00 566.00
20151026  21:38:00 14140.00 14140.00 14135.00 14140.00  58.00
20151026  21:39:00 14140.00 14145.00 14135.00 14140.00 674.00
20151026  21:40:00 14140.00 14145.00 14135.00 14140.00 382.00
20151026  21:41:00 14140.00 14145.00 14135.00 14145.00 216.00
20151026  21:42:00 14145.00 14150.00 14140.00 14150.00 490.00
20151026  21:43:00 14150.00 14155.00 14145.00 14145.00 248.00
20151026  21:44:00 14145.00 14145.00 14135.00 14140.00 500.00
20151026  21:45:00 14140.00 14140.00 14135.00 14135.00 388.00
20151026  21:46:00 14135.00 14140.00 14135.00 14135.00 322.00
20151026  21:47:00 14135.00 14135.00 14125.00 14125.00 908.00
20151026  21:48:00 14125.00 14130.00 14125.00 14125.00 356.00
20151026  21:49:00 14125.00 14140.00 14125.00 14140.00 590.00
20151026  21:50:00 14140.00 14145.00 14130.00 14130.00 964.00
20151026  21:51:00 14135.00 14135.00 14130.00 14135.00 490.00
20151026  21:52:00 14135.00 14140.00 14130.00 14135.00 480.00
20151026  21:53:00 14135.00 14140.00 14135.00 14135.00 396.00
20151026  21:54:00 14135.00 14145.00 14135.00 14140.00 348.00
20151026  21:55:00 14140.00 14145.00 14140.00 14145.00 404.00
20151026  21:56:00 14145.00 14145.00 14140.00 14140.00 410.00
20151026  21:57:00 14140.00 14140.00 14120.00 14125.00 1452.00
20151026  21:58:00 14125.00 14140.00 14125.00 14135.00 1046.00
20151026  21:59:00 14135.00 14140.00 14130.00 14130.00 318.00
20151026  22:00:00 14130.00 14155.00 14130.00 14155.00 1574.00
20151026  22:01:00 14160.00 14165.00 14155.00 14160.00 1672.00
20151026  22:02:00 14160.00 14165.00 14155.00 14155.00 544.00
20151026  22:03:00 14155.00 14175.00 14150.00 14170.00 1330.00
20151026  22:04:00 14165.00 14175.00 14160.00 14165.00 944.00
20151026  22:05:00 14165.00 14170.00 14160.00 14165.00 984.00
20151026  22:06:00 14165.00 14170.00 14160.00 14165.00 2264.00
20151026  22:07:00 14165.00 14175.00 14165.00 14175.00 1182.00
20151026  22:08:00 14175.00 14175.00 14165.00 14170.00 634.00
20151026  22:09:00 14170.00 14170.00 14160.00 14160.00 718.00
20151026  22:10:00 14165.00 14170.00 14155.00 14155.00 686.00
20151026  22:11:00 14155.00 14155.00 14150.00 14155.00 1042.00
20151026  22:12:00 14155.00 14160.00 14140.00 14140.00 884.00
20151026  22:13:00 14140.00 14150.00 14135.00 14145.00 1222.00
20151026  22:14:00 14145.00 14150.00 14140.00 14145.00 786.00
20151026  22:15:00 14145.00 14165.00 14145.00 14160.00 1554.00
20151026  22:16:00 14165.00 14165.00 14155.00 14160.00 1020.00
20151026  22:17:00 14160.00 14160.00 14150.00 14155.00 534.00
20151026  22:18:00 14155.00 14165.00 14150.00 14160.00 518.00
20151026  22:19:00 14160.00 14165.00 14155.00 14160.00 742.00
20151026  22:20:00 14160.00 14160.00 14145.00 14145.00 1204.00
20151026  22:21:00 14145.00 14150.00 14110.00 14115.00 3300.00
20151026  22:22:00 14115.00 14130.00 14110.00 14120.00 1662.00
20151026  22:23:00 14120.00 14130.00 14120.00 14125.00 1228.00
20151026  22:24:00 14125.00 14130.00 14120.00 14120.00 1618.00
20151026  22:25:00 14120.00 14135.00 14120.00 14130.00 1208.00
20151026  22:26:00 14130.00 14140.00 14130.00 14135.00 702.00
20151026  22:27:00 14135.00 14135.00 14125.00 14125.00 560.00
20151026  22:28:00 14125.00 14140.00 14125.00 14140.00 746.00
20151026  22:29:00 14140.00 14140.00 14130.00 14130.00 588.00
20151026  22:30:00 14130.00 14135.00 14125.00 14130.00 588.00
20151026  22:31:00 14130.00 14145.00 14130.00 14140.00 786.00
20151026  22:32:00 14140.00 14145.00 14135.00 14140.00 172.00
20151026  22:33:00 14140.00 14145.00 14140.00 14140.00 366.00
20151026  22:34:00 14140.00 14150.00 14140.00 14150.00 548.00
20151026  22:35:00 14150.00 14155.00 14145.00 14150.00 394.00
20151026  22:36:00 14150.00 14150.00 14140.00 14140.00 226.00
20151026  22:37:00 14145.00 14145.00 14140.00 14140.00 244.00
20151026  22:38:00 14140.00 14145.00 14140.00 14140.00 102.00
20151026  22:39:00 14140.00 14145.00 14140.00 14145.00  24.00
20151026  22:40:00 14145.00 14155.00 14145.00 14150.00 520.00
20151026  22:41:00 14150.00 14155.00 14150.00 14150.00 600.00
20151026  22:42:00 14150.00 14155.00 14145.00 14150.00 196.00
20151026  22:43:00 14155.00 14160.00 14150.00 14155.00 520.00
20151026  22:44:00 14155.00 14155.00 14150.00 14150.00 308.00
20151026  22:45:00 14150.00 14150.00 14140.00 14140.00 704.00
20151026  22:46:00 14145.00 14145.00 14140.00 14145.00 300.00
20151026  22:47:00 14145.00 14150.00 14140.00 14145.00 200.00
20151026  22:48:00 14145.00 14155.00 14145.00 14145.00 536.00
20151026  22:49:00 14145.00 14145.00 14135.00 14135.00 854.00
20151026  22:50:00 14135.00 14140.00 14135.00 14140.00  86.00
20151026  22:51:00 14140.00 14140.00 14130.00 14135.00 526.00
20151026  22:52:00 14135.00 14140.00 14130.00 14140.00 280.00
20151026  22:53:00 14140.00 14150.00 14140.00 14145.00 136.00
20151026  22:54:00 14145.00 14150.00 14145.00 14145.00 216.00
20151026  22:55:00 14145.00 14150.00 14145.00 14145.00  32.00
20151026  22:56:00 14145.00 14160.00 14145.00 14155.00 564.00
20151026  22:57:00 14155.00 14160.00 14150.00 14155.00 446.00
20151026  22:58:00 14155.00 14155.00 14145.00 14145.00 360.00
20151026  22:59:00 14145.00 14150.00 14145.00 14150.00 230.00
20151026  23:00:00 14150.00 14165.00 14145.00 14155.00 858.00
20151026  23:01:00 14155.00 14165.00 14150.00 14150.00 370.00
20151026  23:02:00 14150.00 14160.00 14150.00 14160.00 404.00
20151026  23:03:00 14160.00 14190.00 14160.00 14175.00 1794.00
20151026  23:04:00 14175.00 14180.00 14170.00 14175.00 798.00
20151026  23:05:00 14175.00 14175.00 14165.00 14170.00 680.00
20151026  23:06:00 14170.00 14170.00 14165.00 14170.00 268.00
20151026  23:07:00 14170.00 14180.00 14165.00 14165.00 694.00
20151026  23:08:00 14165.00 14170.00 14160.00 14160.00 150.00
20151026  23:09:00 14160.00 14165.00 14160.00 14160.00  98.00
20151026  23:10:00 14160.00 14160.00 14155.00 14155.00 276.00
20151026  23:11:00 14155.00 14170.00 14155.00 14170.00 540.00
20151026  23:12:00 14170.00 14170.00 14160.00 14165.00 252.00
20151026  23:13:00 14165.00 14165.00 14160.00 14165.00   8.00
20151026  23:14:00 14165.00 14165.00 14160.00 14160.00 130.00
20151026  23:15:00 14160.00 14160.00 14145.00 14145.00 1310.00
20151026  23:16:00 14145.00 14150.00 14140.00 14150.00 302.00
20151026  23:17:00 14150.00 14155.00 14150.00 14150.00  78.00
20151026  23:18:00 14155.00 14155.00 14150.00 14155.00 312.00
20151026  23:19:00 14155.00 14155.00 14150.00 14150.00  20.00
20151026  23:20:00 14150.00 14155.00 14145.00 14150.00 142.00
20151026  23:21:00 14150.00 14150.00 14140.00 14145.00 566.00
20151026  23:22:00 14145.00 14145.00 14140.00 14145.00 168.00
20151026  23:23:00 14145.00 14150.00 14145.00 14150.00  54.00
20151026  23:24:00 14150.00 14150.00 14150.00 14150.00  50.00
20151026  23:25:00 14150.00 14150.00 14145.00 14150.00  56.00
20151026  23:26:00 14150.00 14150.00 14145.00 14145.00 152.00
20151026  23:27:00 14145.00 14145.00 14140.00 14145.00 214.00
20151026  23:28:00 14145.00 14145.00 14145.00 14145.00  50.00
20151026  23:29:00 14150.00 14150.00 14145.00 14150.00  12.00
20151026  23:30:00 14150.00 14155.00 14150.00 14150.00 224.00
20151026  23:31:00 14150.00 14155.00 14145.00 14145.00  90.00
20151026  23:32:00 14145.00 14150.00 14145.00 14150.00 238.00
20151026  23:33:00 14150.00 14150.00 14145.00 14150.00  70.00
20151026  23:34:00 14150.00 14150.00 14135.00 14135.00 788.00
20151026  23:35:00 14135.00 14140.00 14135.00 14140.00 112.00
20151026  23:36:00 14140.00 14140.00 14135.00 14135.00  12.00
20151026  23:37:00 14135.00 14135.00 14130.00 14130.00 450.00
20151026  23:38:00 14130.00 14135.00 14130.00 14135.00 388.00
20151026  23:39:00 14135.00 14140.00 14135.00 14135.00 284.00
20151026  23:40:00 14135.00 14135.00 14130.00 14130.00 194.00
20151026  23:41:00 14135.00 14135.00 14130.00 14135.00 228.00
20151026  23:42:00 14135.00 14135.00 14130.00 14130.00 134.00
20151026  23:43:00 14130.00 14135.00 14130.00 14130.00 272.00
20151026  23:44:00 14130.00 14135.00 14130.00 14135.00 204.00
20151026  23:45:00 14135.00 14145.00 14135.00 14145.00 660.00
20151026  23:46:00 14140.00 14145.00 14140.00 14140.00  42.00
20151026  23:47:00 14140.00 14145.00 14140.00 14140.00 114.00
20151026  23:48:00 14140.00 14140.00 14135.00 14140.00   8.00
20151026  23:49:00 14140.00 14140.00 14135.00 14140.00   8.00
20151026  23:50:00 14140.00 14140.00 14135.00 14140.00   6.00
20151026  23:51:00 14140.00 14140.00 14135.00 14135.00  16.00
20151026  23:52:00 14135.00 14140.00 14135.00 14135.00  88.00
20151026  23:53:00 14135.00 14140.00 14135.00 14140.00  58.00
20151026  23:54:00 14140.00 14140.00 14135.00 14135.00 146.00
20151026  23:55:00 14135.00 14135.00 14135.00 14135.00  12.00
20151026  23:56:00 14135.00 14140.00 14135.00 14140.00  26.00
20151026  23:57:00 14140.00 14140.00 14135.00 14135.00  78.00
20151026  23:58:00 14140.00 14140.00 14135.00 14135.00  38.00
20151026  23:59:00 14135.00 14135.00 14135.00 14135.00 126.00
20151027  00:00:00 14135.00 14140.00 14135.00 14140.00  90.00
20151027  00:01:00 14140.00 14140.00 14140.00 14140.00  40.00
20151027  00:02:00 14140.00 14140.00 14135.00 14135.00  10.00
20151027  00:03:00 14135.00 14140.00 14135.00 14140.00  14.00
20151027  00:04:00 14140.00 14140.00 14135.00 14140.00  82.00
20151027  00:05:00 14140.00 14140.00 14135.00 14135.00 144.00
20151027  00:06:00 14135.00 14135.00 14130.00 14130.00  46.00
20151027  00:07:00 14130.00 14135.00 14130.00 14135.00  70.00
20151027  00:08:00 14135.00 14135.00 14135.00 14135.00   4.00
20151027  00:09:00 14135.00 14135.00 14135.00 14135.00 102.00
20151027  00:10:00 14135.00 14135.00 14135.00 14135.00  34.00
20151027  00:11:00 14135.00 14135.00 14135.00 14135.00 156.00
20151027  00:12:00 14135.00 14140.00 14135.00 14140.00  92.00
20151027  00:13:00 14140.00 14140.00 14135.00 14140.00  38.00
20151027  00:14:00 14140.00 14145.00 14140.00 14145.00  70.00
20151027  00:15:00 14145.00 14145.00 14140.00 14140.00 130.00
20151027  00:16:00 14140.00 14140.00 14140.00 14140.00  12.00
20151027  00:17:00 14140.00 14140.00 14140.00 14140.00  10.00
20151027  00:18:00 14140.00 14140.00 14135.00 14140.00  18.00
20151027  00:19:00 14140.00 14140.00 14135.00 14140.00   8.00
20151027  00:20:00 14135.00 14135.00 14135.00 14135.00 142.00
20151027  00:21:00 14135.00 14140.00 14135.00 14135.00  16.00
20151027  00:22:00 14135.00 14135.00 14135.00 14135.00  28.00
20151027  00:23:00 14135.00 14135.00 14135.00 14135.00   0.00
20151027  00:24:00 14135.00 14135.00 14135.00 14135.00   2.00
20151027  00:25:00 14135.00 14140.00 14135.00 14135.00  86.00
20151027  00:26:00 14135.00 14140.00 14135.00 14140.00   4.00
20151027  00:27:00 14140.00 14140.00 14135.00 14135.00   8.00
20151027  00:28:00 14135.00 14135.00 14135.00 14135.00   6.00
20151027  00:29:00 14135.00 14140.00 14135.00 14140.00  34.00
20151027  00:30:00 14140.00 14160.00 14140.00 14160.00 818.00
20151027  00:31:00 14160.00 14160.00 14155.00 14160.00 106.00
20151027  00:32:00 14155.00 14160.00 14155.00 14160.00  72.00
20151027  00:33:00 14155.00 14160.00 14150.00 14150.00 504.00
20151027  00:34:00 14150.00 14155.00 14150.00 14155.00  16.00
20151027  00:35:00 14155.00 14160.00 14150.00 14155.00 238.00
20151027  00:36:00 14155.00 14155.00 14155.00 14155.00   0.00
20151027  00:37:00 14155.00 14155.00 14150.00 14150.00  76.00
20151027  00:38:00 14150.00 14150.00 14150.00 14150.00   2.00
20151027  00:39:00 14145.00 14145.00 14145.00 14145.00  24.00
20151027  00:40:00 14145.00 14150.00 14145.00 14150.00   6.00
20151027  00:41:00 14150.00 14150.00 14150.00 14150.00  58.00
20151027  00:42:00 14150.00 14155.00 14150.00 14155.00   6.00
20151027  00:43:00 14155.00 14155.00 14150.00 14150.00  62.00
20151027  00:44:00 14150.00 14150.00 14150.00 14150.00   2.00
20151027  00:45:00 14150.00 14150.00 14130.00 14130.00 806.00
20151027  00:46:00 14130.00 14135.00 14130.00 14135.00 164.00
20151027  00:47:00 14135.00 14135.00 14130.00 14135.00  26.00
20151027  00:48:00 14135.00 14135.00 14135.00 14135.00  30.00
20151027  00:49:00 14140.00 14140.00 14130.00 14135.00  68.00
20151027  00:50:00 14135.00 14135.00 14130.00 14135.00  62.00
20151027  00:51:00 14135.00 14140.00 14135.00 14135.00  14.00
20151027  00:52:00 14135.00 14140.00 14135.00 14140.00  14.00
20151027  00:53:00 14140.00 14140.00 14140.00 14140.00  28.00
20151027  00:54:00 14140.00 14145.00 14140.00 14140.00  46.00
20151027  00:55:00 14140.00 14145.00 14140.00 14140.00 136.00
20151027  00:56:00 14140.00 14145.00 14140.00 14145.00   4.00
20151027  00:57:00 14145.00 14145.00 14140.00 14140.00  38.00
20151027  00:58:00 14140.00 14145.00 14135.00 14135.00 184.00
20151027  00:59:00 14140.00 14140.00 14130.00 14140.00 188.00
20151027  09:00:00 14130.00 14145.00 14120.00 14125.00 1612.00
20151027  09:01:00 14125.00 14135.00 14125.00 14130.00 1160.00
20151027  09:02:00 14135.00 14145.00 14130.00 14140.00 576.00
20151027  09:03:00 14140.00 14145.00 14125.00 14135.00 766.00
20151027  09:04:00 14135.00 14135.00 14105.00 14110.00 2292.00
20151027  09:05:00 14105.00 14120.00 14100.00 14115.00 2382.00
20151027  09:06:00 14110.00 14115.00 14090.00 14095.00 1870.00
20151027  09:07:00 14095.00 14100.00 14090.00 14100.00 1188.00
20151027  09:08:00 14100.00 14110.00 14095.00 14105.00 1306.00
20151027  09:09:00 14105.00 14125.00 14100.00 14120.00 1272.00
20151027  09:10:00 14120.00 14125.00 14110.00 14120.00 812.00
20151027  09:11:00 14120.00 14140.00 14120.00 14125.00 1378.00
20151027  09:12:00 14125.00 14135.00 14120.00 14125.00 1412.00
20151027  09:13:00 14125.00 14135.00 14120.00 14125.00 1012.00
20151027  09:14:00 14125.00 14130.00 14125.00 14130.00 108.00
20151027  09:15:00 14130.00 14130.00 14110.00 14110.00 1270.00
20151027  09:16:00 14110.00 14115.00 14110.00 14115.00 448.00
20151027  09:17:00 14115.00 14130.00 14110.00 14120.00 450.00
20151027  09:18:00 14120.00 14130.00 14115.00 14125.00 440.00
20151027  09:19:00 14125.00 14125.00 14115.00 14115.00 326.00
20151027  09:20:00 14115.00 14120.00 14115.00 14120.00 350.00
20151027  09:21:00 14120.00 14120.00 14110.00 14110.00 388.00
20151027  09:22:00 14110.00 14115.00 14105.00 14115.00 552.00
20151027  09:23:00 14115.00 14120.00 14105.00 14105.00 432.00
20151027  09:24:00 14105.00 14115.00 14100.00 14115.00 634.00
20151027  09:25:00 14115.00 14120.00 14115.00 14115.00 354.00
20151027  09:26:00 14115.00 14120.00 14110.00 14120.00 306.00
20151027  09:27:00 14120.00 14120.00 14110.00 14110.00 148.00
20151027  09:28:00 14110.00 14115.00 14110.00 14115.00 358.00
20151027  09:29:00 14115.00 14125.00 14115.00 14115.00 1192.00
20151027  09:30:00 14115.00 14140.00 14115.00 14140.00 1702.00
20151027  09:31:00 14135.00 14140.00 14130.00 14130.00 590.00
20151027  09:32:00 14130.00 14140.00 14130.00 14135.00 1024.00
20151027  09:33:00 14135.00 14145.00 14135.00 14145.00 1150.00
20151027  09:34:00 14145.00 14170.00 14140.00 14165.00 2664.00
20151027  09:35:00 14165.00 14170.00 14155.00 14170.00 2208.00
20151027  09:36:00 14170.00 14170.00 14160.00 14165.00 1316.00
20151027  09:37:00 14165.00 14180.00 14165.00 14175.00 1656.00
20151027  09:38:00 14175.00 14180.00 14170.00 14170.00 532.00
20151027  09:39:00 14170.00 14175.00 14165.00 14165.00 676.00
20151027  09:40:00 14165.00 14175.00 14160.00 14170.00 1130.00
20151027  09:41:00 14170.00 14170.00 14160.00 14160.00 516.00
20151027  09:42:00 14160.00 14165.00 14160.00 14160.00 438.00
20151027  09:43:00 14160.00 14165.00 14155.00 14155.00 520.00
20151027  09:44:00 14160.00 14160.00 14145.00 14150.00 1576.00
20151027  09:45:00 14150.00 14155.00 14135.00 14135.00 1510.00
20151027  09:46:00 14135.00 14150.00 14135.00 14145.00 566.00
20151027  09:47:00 14145.00 14145.00 14140.00 14145.00 560.00
20151027  09:48:00 14145.00 14150.00 14135.00 14140.00 1392.00
20151027  09:49:00 14140.00 14145.00 14140.00 14140.00 880.00
20151027  09:50:00 14145.00 14145.00 14135.00 14140.00 520.00
20151027  09:51:00 14140.00 14150.00 14140.00 14150.00 362.00
20151027  09:52:00 14150.00 14150.00 14140.00 14140.00 476.00
20151027  09:53:00 14140.00 14145.00 14135.00 14140.00 412.00
20151027  09:54:00 14140.00 14140.00 14135.00 14135.00 426.00
20151027  09:55:00 14135.00 14145.00 14135.00 14140.00 592.00
20151027  09:56:00 14140.00 14145.00 14140.00 14145.00 266.00
20151027  09:57:00 14145.00 14145.00 14135.00 14140.00 364.00
20151027  09:58:00 14140.00 14145.00 14135.00 14140.00 450.00
20151027  09:59:00 14135.00 14145.00 14135.00 14140.00 482.00
20151027  10:00:00 14140.00 14145.00 14140.00 14145.00 224.00
20151027  10:01:00 14145.00 14145.00 14140.00 14145.00 220.00
20151027  10:02:00 14145.00 14145.00 14140.00 14140.00 138.00
20151027  10:03:00 14140.00 14150.00 14140.00 14145.00 416.00
20151027  10:04:00 14145.00 14155.00 14145.00 14155.00 640.00
20151027  10:05:00 14155.00 14155.00 14150.00 14150.00 432.00
20151027  10:06:00 14150.00 14150.00 14145.00 14145.00  90.00
20151027  10:07:00 14150.00 14150.00 14145.00 14145.00  90.00
20151027  10:08:00 14145.00 14150.00 14145.00 14145.00 198.00
20151027  10:09:00 14150.00 14150.00 14145.00 14150.00 164.00
20151027  10:10:00 14150.00 14150.00 14145.00 14145.00 236.00
20151027  10:11:00 14145.00 14155.00 14145.00 14155.00 192.00
20151027  10:12:00 14155.00 14155.00 14145.00 14145.00  88.00
20151027  10:13:00 14145.00 14150.00 14145.00 14150.00   8.00
20151027  10:14:00 14145.00 14150.00 14145.00 14145.00 126.00
20151027  10:30:00 14140.00 14145.00 14125.00 14135.00 2000.00
20151027  10:31:00 14135.00 14135.00 14125.00 14125.00 958.00
20151027  10:32:00 14125.00 14125.00 14115.00 14120.00 1356.00
20151027  10:33:00 14120.00 14130.00 14120.00 14125.00 420.00
20151027  10:34:00 14125.00 14130.00 14120.00 14120.00 412.00
20151027  10:35:00 14120.00 14135.00 14120.00 14130.00 1184.00
20151027  10:36:00 14130.00 14130.00 14120.00 14125.00 650.00
20151027  10:37:00 14130.00 14135.00 14125.00 14130.00 476.00
20151027  10:38:00 14130.00 14135.00 14130.00 14130.00 338.00
20151027  10:39:00 14125.00 14130.00 14125.00 14130.00 320.00
20151027  10:40:00 14130.00 14130.00 14125.00 14130.00 156.00
20151027  10:41:00 14130.00 14140.00 14130.00 14135.00 392.00
20151027  10:42:00 14135.00 14140.00 14135.00 14135.00 266.00
20151027  10:43:00 14140.00 14145.00 14135.00 14145.00 456.00
20151027  10:44:00 14145.00 14160.00 14145.00 14150.00 1562.00
20151027  10:45:00 14150.00 14155.00 14150.00 14150.00 354.00
20151027  10:46:00 14150.00 14155.00 14150.00 14155.00 206.00
20151027  10:47:00 14155.00 14165.00 14155.00 14160.00 1278.00
20151027  10:48:00 14160.00 14165.00 14160.00 14160.00 746.00
20151027  10:49:00 14160.00 14165.00 14155.00 14160.00 900.00
20151027  10:50:00 14160.00 14160.00 14155.00 14160.00 482.00
20151027  10:51:00 14155.00 14160.00 14150.00 14150.00 324.00
20151027  10:52:00 14155.00 14155.00 14150.00 14155.00 136.00
20151027  10:53:00 14155.00 14155.00 14150.00 14155.00 102.00
20151027  10:54:00 14155.00 14155.00 14150.00 14150.00 280.00
20151027  10:55:00 14150.00 14155.00 14150.00 14150.00 512.00
20151027  10:56:00 14150.00 14155.00 14150.00 14150.00  20.00
20151027  10:57:00 14150.00 14155.00 14150.00 14155.00 150.00
20151027  10:58:00 14155.00 14165.00 14155.00 14155.00 778.00
20151027  10:59:00 14155.00 14160.00 14155.00 14160.00 182.00
20151027  11:00:00 14160.00 14165.00 14155.00 14160.00 676.00
20151027  11:01:00 14160.00 14180.00 14160.00 14180.00 2370.00
20151027  11:02:00 14180.00 14180.00 14165.00 14170.00 616.00
20151027  11:03:00 14170.00 14175.00 14165.00 14170.00 796.00
20151027  11:04:00 14170.00 14175.00 14165.00 14170.00 640.00
20151027  11:05:00 14170.00 14170.00 14160.00 14165.00 924.00
20151027  11:06:00 14160.00 14165.00 14160.00 14165.00  66.00
20151027  11:07:00 14165.00 14165.00 14160.00 14165.00 134.00
20151027  11:08:00 14165.00 14165.00 14155.00 14160.00 632.00
20151027  11:09:00 14160.00 14170.00 14160.00 14165.00 316.00
20151027  11:10:00 14165.00 14170.00 14165.00 14165.00  92.00
20151027  11:11:00 14165.00 14165.00 14155.00 14155.00 428.00
20151027  11:12:00 14155.00 14155.00 14145.00 14150.00 1114.00
20151027  11:13:00 14150.00 14150.00 14140.00 14150.00 676.00
20151027  11:14:00 14145.00 14150.00 14140.00 14140.00 664.00
20151027  11:15:00 14140.00 14145.00 14140.00 14145.00 226.00
20151027  11:16:00 14145.00 14145.00 14140.00 14145.00 274.00
20151027  11:17:00 14150.00 14150.00 14140.00 14145.00 276.00
20151027  11:18:00 14145.00 14150.00 14145.00 14150.00 216.00
20151027  11:19:00 14150.00 14160.00 14145.00 14160.00 716.00
20151027  11:20:00 14160.00 14165.00 14150.00 14165.00 650.00
20151027  11:21:00 14170.00 14170.00 14160.00 14160.00 474.00
20151027  11:22:00 14160.00 14165.00 14155.00 14160.00 320.00
20151027  11:23:00 14160.00 14165.00 14160.00 14160.00 312.00
20151027  11:24:00 14160.00 14165.00 14160.00 14165.00 248.00
20151027  11:25:00 14165.00 14170.00 14160.00 14170.00 316.00
20151027  11:26:00 14170.00 14170.00 14160.00 14160.00 242.00
20151027  11:27:00 14160.00 14170.00 14160.00 14165.00 428.00
20151027  11:28:00 14165.00 14175.00 14165.00 14170.00 516.00
20151027  11:29:00 14170.00 14180.00 14165.00 14170.00 708.00
20151027  13:30:00 14160.00 14165.00 14155.00 14155.00 1044.00
20151027  13:31:00 14155.00 14165.00 14155.00 14155.00 398.00
20151027  13:32:00 14160.00 14165.00 14155.00 14165.00 562.00
20151027  13:33:00 14165.00 14165.00 14160.00 14165.00 564.00
20151027  13:34:00 14160.00 14170.00 14160.00 14165.00 724.00
20151027  13:35:00 14165.00 14200.00 14165.00 14200.00 2466.00
20151027  13:36:00 14205.00 14215.00 14195.00 14200.00 3786.00
20151027  13:37:00 14200.00 14205.00 14195.00 14200.00 1584.00
20151027  13:38:00 14200.00 14200.00 14190.00 14190.00 1250.00
20151027  13:39:00 14190.00 14195.00 14185.00 14195.00 804.00
20151027  13:40:00 14195.00 14200.00 14190.00 14200.00 488.00
20151027  13:41:00 14200.00 14205.00 14195.00 14200.00 948.00
20151027  13:42:00 14200.00 14200.00 14195.00 14200.00 340.00
20151027  13:43:00 14200.00 14205.00 14195.00 14200.00 488.00
20151027  13:44:00 14200.00 14205.00 14195.00 14195.00 1380.00
20151027  13:45:00 14195.00 14200.00 14190.00 14195.00 418.00
20151027  13:46:00 14195.00 14200.00 14190.00 14195.00 340.00
20151027  13:47:00 14195.00 14200.00 14180.00 14185.00 1424.00
20151027  13:48:00 14190.00 14195.00 14185.00 14185.00 438.00
20151027  13:49:00 14185.00 14190.00 14185.00 14190.00 166.00
20151027  13:50:00 14190.00 14190.00 14185.00 14185.00 418.00
20151027  13:51:00 14185.00 14185.00 14185.00 14185.00  70.00
20151027  13:52:00 14185.00 14205.00 14185.00 14200.00 1982.00
20151027  13:53:00 14200.00 14205.00 14195.00 14200.00 562.00
20151027  13:54:00 14200.00 14210.00 14200.00 14205.00 1376.00
20151027  13:55:00 14205.00 14210.00 14200.00 14210.00 922.00
20151027  13:56:00 14210.00 14230.00 14210.00 14225.00 3836.00
20151027  13:57:00 14225.00 14235.00 14225.00 14235.00 3168.00
20151027  13:58:00 14235.00 14235.00 14220.00 14225.00 962.00
20151027  13:59:00 14225.00 14235.00 14225.00 14225.00 858.00
20151027  14:00:00 14225.00 14245.00 14225.00 14240.00 2670.00
20151027  14:01:00 14245.00 14250.00 14235.00 14235.00 2562.00
20151027  14:02:00 14235.00 14240.00 14220.00 14220.00 1936.00
20151027  14:03:00 14220.00 14220.00 14210.00 14215.00 1248.00
20151027  14:04:00 14215.00 14225.00 14215.00 14220.00 812.00
20151027  14:05:00 14220.00 14225.00 14215.00 14220.00 258.00
20151027  14:06:00 14220.00 14230.00 14215.00 14225.00 670.00
20151027  14:07:00 14225.00 14235.00 14220.00 14230.00 952.00
20151027  14:08:00 14230.00 14235.00 14225.00 14225.00 418.00
20151027  14:09:00 14225.00 14250.00 14225.00 14245.00 1618.00
20151027  14:10:00 14240.00 14260.00 14240.00 14255.00 2876.00
20151027  14:11:00 14260.00 14260.00 14240.00 14240.00 982.00
20151027  14:12:00 14240.00 14245.00 14235.00 14240.00 846.00
20151027  14:13:00 14240.00 14245.00 14235.00 14235.00 404.00
20151027  14:14:00 14235.00 14240.00 14230.00 14230.00 426.00
20151027  14:15:00 14230.00 14245.00 14230.00 14245.00 1010.00
20151027  14:16:00 14240.00 14245.00 14235.00 14245.00 718.00
20151027  14:17:00 14245.00 14260.00 14240.00 14255.00 1600.00
20151027  14:18:00 14250.00 14270.00 14245.00 14260.00 2166.00
20151027  14:19:00 14260.00 14260.00 14245.00 14250.00 1018.00
20151027  14:20:00 14250.00 14260.00 14245.00 14250.00 886.00
20151027  14:21:00 14250.00 14255.00 14240.00 14245.00 724.00
20151027  14:22:00 14240.00 14245.00 14235.00 14235.00 674.00
20151027  14:23:00 14235.00 14240.00 14230.00 14235.00 778.00
20151027  14:24:00 14235.00 14235.00 14225.00 14225.00 1592.00
20151027  14:25:00 14225.00 14230.00 14215.00 14220.00 1612.00
20151027  14:26:00 14220.00 14230.00 14215.00 14220.00 844.00
20151027  14:27:00 14220.00 14220.00 14215.00 14220.00 870.00
20151027  14:28:00 14220.00 14220.00 14215.00 14215.00 530.00
20151027  14:29:00 14215.00 14225.00 14215.00 14225.00 568.00
20151027  14:30:00 14220.00 14230.00 14220.00 14225.00 732.00
20151027  14:31:00 14225.00 14230.00 14225.00 14225.00 532.00
20151027  14:32:00 14225.00 14225.00 14220.00 14220.00 538.00
20151027  14:33:00 14225.00 14230.00 14220.00 14225.00 132.00
20151027  14:34:00 14230.00 14240.00 14225.00 14235.00 1288.00
20151027  14:35:00 14235.00 14235.00 14225.00 14225.00 716.00
20151027  14:36:00 14225.00 14225.00 14210.00 14215.00 1428.00
20151027  14:37:00 14215.00 14230.00 14215.00 14230.00 538.00
20151027  14:38:00 14230.00 14240.00 14225.00 14230.00 668.00
20151027  14:39:00 14230.00 14245.00 14230.00 14235.00 838.00
20151027  14:40:00 14235.00 14255.00 14230.00 14240.00 1102.00
20151027  14:41:00 14240.00 14240.00 14225.00 14225.00 832.00
20151027  14:42:00 14225.00 14230.00 14220.00 14225.00 340.00
20151027  14:43:00 14230.00 14235.00 14225.00 14230.00 386.00
20151027  14:44:00 14230.00 14230.00 14220.00 14225.00 218.00
20151027  14:45:00 14225.00 14240.00 14225.00 14240.00 1242.00
20151027  14:46:00 14240.00 14240.00 14230.00 14235.00 604.00
20151027  14:47:00 14235.00 14240.00 14230.00 14235.00 528.00
20151027  14:48:00 14235.00 14250.00 14235.00 14250.00 564.00
20151027  14:49:00 14250.00 14250.00 14240.00 14250.00 702.00
20151027  14:50:00 14250.00 14255.00 14235.00 14245.00 606.00
20151027  14:51:00 14245.00 14255.00 14240.00 14240.00 836.00
20151027  14:52:00 14240.00 14240.00 14225.00 14225.00 890.00
20151027  14:53:00 14225.00 14230.00 14215.00 14220.00 2312.00
20151027  14:54:00 14220.00 14225.00 14220.00 14225.00 356.00
20151027  14:55:00 14225.00 14230.00 14220.00 14225.00 760.00
20151027  14:56:00 14225.00 14230.00 14220.00 14230.00 1438.00
20151027  14:57:00 14230.00 14235.00 14215.00 14220.00 2570.00
20151027  14:58:00 14225.00 14230.00 14220.00 14225.00 962.00
20151027  14:59:00 14225.00 14240.00 14220.00 14220.00 2064.00
20151027  15:00:00 14225.00 14225.00 14225.00 14225.00   2.00
