20150506  21:00:00 17345.00 17365.00 17330.00 17345.00 1416.00
20150506  21:01:00 17345.00 17355.00 17340.00 17350.00 320.00
20150506  21:02:00 17350.00 17365.00 17345.00 17355.00 996.00
20150506  21:03:00 17355.00 17365.00 17350.00 17355.00 308.00
20150506  21:04:00 17355.00 17360.00 17350.00 17355.00 348.00
20150506  21:05:00 17355.00 17355.00 17345.00 17355.00 594.00
20150506  21:06:00 17355.00 17360.00 17350.00 17355.00 178.00
20150506  21:07:00 17355.00 17355.00 17350.00 17350.00 170.00
20150506  21:08:00 17355.00 17360.00 17350.00 17355.00 266.00
20150506  21:09:00 17355.00 17360.00 17345.00 17345.00 488.00
20150506  21:10:00 17345.00 17350.00 17345.00 17345.00 200.00
20150506  21:11:00 17350.00 17350.00 17340.00 17345.00 460.00
20150506  21:12:00 17345.00 17345.00 17310.00 17315.00 1278.00
20150506  21:13:00 17315.00 17325.00 17315.00 17315.00 342.00
20150506  21:14:00 17315.00 17320.00 17310.00 17310.00 688.00
20150506  21:15:00 17310.00 17310.00 17285.00 17290.00 1606.00
20150506  21:16:00 17290.00 17300.00 17285.00 17295.00 410.00
20150506  21:17:00 17295.00 17295.00 17290.00 17290.00 390.00
20150506  21:18:00 17295.00 17320.00 17290.00 17320.00 662.00
20150506  21:19:00 17320.00 17325.00 17315.00 17320.00 312.00
20150506  21:20:00 17320.00 17320.00 17305.00 17310.00 286.00
20150506  21:21:00 17310.00 17315.00 17305.00 17315.00 142.00
20150506  21:22:00 17315.00 17320.00 17310.00 17310.00 450.00
20150506  21:23:00 17310.00 17315.00 17305.00 17310.00 384.00
20150506  21:24:00 17310.00 17315.00 17310.00 17310.00  86.00
20150506  21:25:00 17310.00 17320.00 17310.00 17315.00 112.00
20150506  21:26:00 17315.00 17335.00 17315.00 17330.00 490.00
20150506  21:27:00 17330.00 17345.00 17330.00 17340.00 454.00
20150506  21:28:00 17335.00 17345.00 17335.00 17345.00 320.00
20150506  21:29:00 17345.00 17345.00 17335.00 17335.00 140.00
20150506  21:30:00 17340.00 17340.00 17330.00 17330.00 228.00
20150506  21:31:00 17335.00 17340.00 17330.00 17335.00 176.00
20150506  21:32:00 17335.00 17340.00 17330.00 17330.00  64.00
20150506  21:33:00 17330.00 17335.00 17330.00 17335.00 252.00
20150506  21:34:00 17335.00 17340.00 17335.00 17335.00 142.00
20150506  21:35:00 17335.00 17335.00 17330.00 17335.00 168.00
20150506  21:36:00 17335.00 17345.00 17335.00 17340.00 368.00
20150506  21:37:00 17340.00 17350.00 17340.00 17345.00 434.00
20150506  21:38:00 17345.00 17345.00 17335.00 17340.00 188.00
20150506  21:39:00 17340.00 17340.00 17335.00 17335.00 264.00
20150506  21:40:00 17335.00 17335.00 17330.00 17335.00  78.00
20150506  21:41:00 17335.00 17335.00 17330.00 17335.00  30.00
20150506  21:42:00 17335.00 17350.00 17335.00 17350.00 468.00
20150506  21:43:00 17350.00 17350.00 17340.00 17340.00 248.00
20150506  21:44:00 17340.00 17340.00 17340.00 17340.00  20.00
20150506  21:45:00 17340.00 17340.00 17335.00 17340.00  16.00
20150506  21:46:00 17340.00 17345.00 17335.00 17340.00 252.00
20150506  21:47:00 17340.00 17340.00 17335.00 17335.00 146.00
20150506  21:48:00 17335.00 17340.00 17335.00 17335.00 110.00
20150506  21:49:00 17335.00 17355.00 17335.00 17345.00 302.00
20150506  21:50:00 17350.00 17355.00 17345.00 17355.00 622.00
20150506  21:51:00 17355.00 17360.00 17350.00 17350.00 292.00
20150506  21:52:00 17350.00 17350.00 17345.00 17350.00 380.00
20150506  21:53:00 17345.00 17350.00 17345.00 17345.00   6.00
20150506  21:54:00 17345.00 17355.00 17345.00 17355.00 106.00
20150506  21:55:00 17350.00 17355.00 17350.00 17350.00  92.00
20150506  21:56:00 17350.00 17360.00 17350.00 17355.00 234.00
20150506  21:57:00 17355.00 17370.00 17355.00 17370.00 400.00
20150506  21:58:00 17370.00 17400.00 17370.00 17390.00 1590.00
20150506  21:59:00 17390.00 17400.00 17390.00 17400.00 560.00
20150506  22:00:00 17400.00 17430.00 17400.00 17430.00 1654.00
20150506  22:01:00 17425.00 17440.00 17420.00 17430.00 1462.00
20150506  22:02:00 17430.00 17435.00 17420.00 17435.00 1286.00
20150506  22:03:00 17435.00 17435.00 17420.00 17420.00 1272.00
20150506  22:04:00 17420.00 17420.00 17410.00 17415.00 362.00
20150506  22:05:00 17415.00 17420.00 17410.00 17415.00 374.00
20150506  22:06:00 17420.00 17425.00 17410.00 17410.00 342.00
20150506  22:07:00 17410.00 17420.00 17410.00 17415.00 242.00
20150506  22:08:00 17415.00 17415.00 17390.00 17390.00 988.00
20150506  22:09:00 17390.00 17395.00 17385.00 17390.00 590.00
20150506  22:10:00 17390.00 17390.00 17380.00 17390.00 648.00
20150506  22:11:00 17390.00 17400.00 17385.00 17400.00 664.00
20150506  22:12:00 17400.00 17400.00 17390.00 17395.00 234.00
20150506  22:13:00 17395.00 17400.00 17395.00 17395.00 490.00
20150506  22:14:00 17395.00 17395.00 17390.00 17390.00 130.00
20150506  22:15:00 17390.00 17395.00 17390.00 17395.00 292.00
20150506  22:16:00 17395.00 17400.00 17395.00 17400.00 154.00
20150506  22:17:00 17395.00 17395.00 17385.00 17385.00 188.00
20150506  22:18:00 17385.00 17390.00 17385.00 17385.00 128.00
20150506  22:19:00 17385.00 17385.00 17380.00 17385.00 186.00
20150506  22:20:00 17385.00 17385.00 17380.00 17380.00 176.00
20150506  22:21:00 17375.00 17380.00 17365.00 17370.00 390.00
20150506  22:22:00 17370.00 17385.00 17365.00 17380.00 372.00
20150506  22:23:00 17380.00 17385.00 17375.00 17380.00 340.00
20150506  22:24:00 17380.00 17380.00 17380.00 17380.00  54.00
20150506  22:25:00 17380.00 17380.00 17375.00 17380.00 226.00
20150506  22:26:00 17380.00 17380.00 17375.00 17380.00 156.00
20150506  22:27:00 17380.00 17385.00 17380.00 17385.00 124.00
20150506  22:28:00 17385.00 17390.00 17385.00 17385.00  88.00
20150506  22:29:00 17385.00 17385.00 17380.00 17380.00 182.00
20150506  22:30:00 17380.00 17405.00 17380.00 17405.00 550.00
20150506  22:31:00 17405.00 17410.00 17395.00 17405.00 368.00
20150506  22:32:00 17405.00 17410.00 17400.00 17405.00 272.00
20150506  22:33:00 17405.00 17405.00 17400.00 17400.00 110.00
20150506  22:34:00 17400.00 17405.00 17400.00 17400.00 136.00
20150506  22:35:00 17400.00 17405.00 17390.00 17390.00 164.00
20150506  22:36:00 17390.00 17400.00 17390.00 17395.00  92.00
20150506  22:37:00 17395.00 17395.00 17385.00 17385.00 170.00
20150506  22:38:00 17385.00 17395.00 17385.00 17395.00 154.00
20150506  22:39:00 17395.00 17395.00 17380.00 17380.00 112.00
20150506  22:40:00 17380.00 17380.00 17370.00 17370.00 352.00
20150506  22:41:00 17370.00 17385.00 17370.00 17375.00 346.00
20150506  22:42:00 17375.00 17385.00 17375.00 17380.00 100.00
20150506  22:43:00 17380.00 17385.00 17375.00 17375.00  72.00
20150506  22:44:00 17375.00 17380.00 17375.00 17375.00 112.00
20150506  22:45:00 17375.00 17380.00 17365.00 17370.00 234.00
20150506  22:46:00 17370.00 17370.00 17355.00 17355.00 616.00
20150506  22:47:00 17360.00 17360.00 17350.00 17355.00 374.00
20150506  22:48:00 17355.00 17380.00 17355.00 17370.00 354.00
20150506  22:49:00 17370.00 17375.00 17365.00 17370.00 228.00
20150506  22:50:00 17370.00 17375.00 17345.00 17345.00 532.00
20150506  22:51:00 17345.00 17360.00 17340.00 17355.00 380.00
20150506  22:52:00 17355.00 17370.00 17355.00 17365.00 342.00
20150506  22:53:00 17365.00 17370.00 17355.00 17355.00 156.00
20150506  22:54:00 17355.00 17355.00 17350.00 17355.00 318.00
20150506  22:55:00 17355.00 17355.00 17350.00 17355.00 140.00
20150506  22:56:00 17355.00 17355.00 17345.00 17350.00 484.00
20150506  22:57:00 17350.00 17360.00 17350.00 17355.00 122.00
20150506  22:58:00 17355.00 17360.00 17350.00 17350.00 316.00
20150506  22:59:00 17350.00 17350.00 17330.00 17340.00 764.00
20150506  23:00:00 17340.00 17345.00 17330.00 17335.00 368.00
20150506  23:01:00 17335.00 17335.00 17320.00 17325.00 568.00
20150506  23:02:00 17325.00 17330.00 17325.00 17325.00 230.00
20150506  23:03:00 17325.00 17335.00 17325.00 17330.00 406.00
20150506  23:04:00 17330.00 17330.00 17310.00 17320.00 848.00
20150506  23:05:00 17320.00 17320.00 17305.00 17310.00 700.00
20150506  23:06:00 17310.00 17320.00 17305.00 17315.00 420.00
20150506  23:07:00 17315.00 17315.00 17290.00 17290.00 1564.00
20150506  23:08:00 17290.00 17290.00 17280.00 17280.00 1380.00
20150506  23:09:00 17275.00 17285.00 17265.00 17270.00 1026.00
20150506  23:10:00 17265.00 17275.00 17260.00 17270.00 822.00
20150506  23:11:00 17265.00 17300.00 17265.00 17290.00 1464.00
20150506  23:12:00 17290.00 17315.00 17290.00 17310.00 1180.00
20150506  23:13:00 17310.00 17310.00 17295.00 17300.00 436.00
20150506  23:14:00 17300.00 17305.00 17295.00 17300.00 302.00
20150506  23:15:00 17300.00 17300.00 17280.00 17285.00 468.00
20150506  23:16:00 17290.00 17305.00 17290.00 17305.00 266.00
20150506  23:17:00 17305.00 17305.00 17295.00 17300.00 108.00
20150506  23:18:00 17300.00 17305.00 17300.00 17300.00 110.00
20150506  23:19:00 17300.00 17300.00 17300.00 17300.00 228.00
20150506  23:20:00 17300.00 17305.00 17280.00 17285.00 400.00
20150506  23:21:00 17285.00 17290.00 17280.00 17280.00 152.00
20150506  23:22:00 17280.00 17290.00 17280.00 17290.00 110.00
20150506  23:23:00 17290.00 17290.00 17275.00 17275.00 512.00
20150506  23:24:00 17275.00 17275.00 17260.00 17265.00 1264.00
20150506  23:25:00 17265.00 17265.00 17240.00 17245.00 1466.00
20150506  23:26:00 17245.00 17250.00 17230.00 17240.00 1424.00
20150506  23:27:00 17240.00 17245.00 17235.00 17240.00 526.00
20150506  23:28:00 17240.00 17240.00 17210.00 17220.00 1140.00
20150506  23:29:00 17220.00 17255.00 17220.00 17250.00 888.00
20150506  23:30:00 17250.00 17260.00 17230.00 17230.00 1158.00
20150506  23:31:00 17230.00 17240.00 17205.00 17215.00 954.00
20150506  23:32:00 17215.00 17225.00 17215.00 17220.00 390.00
20150506  23:33:00 17220.00 17230.00 17220.00 17225.00 642.00
20150506  23:34:00 17225.00 17225.00 17210.00 17215.00 470.00
20150506  23:35:00 17220.00 17225.00 17215.00 17225.00 818.00
20150506  23:36:00 17225.00 17225.00 17215.00 17220.00 244.00
20150506  23:37:00 17225.00 17230.00 17215.00 17220.00 392.00
20150506  23:38:00 17220.00 17225.00 17220.00 17225.00 206.00
20150506  23:39:00 17225.00 17225.00 17220.00 17220.00 354.00
20150506  23:40:00 17220.00 17220.00 17205.00 17205.00 806.00
20150506  23:41:00 17205.00 17210.00 17180.00 17180.00 1502.00
20150506  23:42:00 17190.00 17195.00 17180.00 17195.00 712.00
20150506  23:43:00 17195.00 17200.00 17150.00 17160.00 2148.00
20150506  23:44:00 17160.00 17165.00 17150.00 17165.00 1094.00
20150506  23:45:00 17165.00 17165.00 17140.00 17150.00 1366.00
20150506  23:46:00 17150.00 17170.00 17145.00 17160.00 630.00
20150506  23:47:00 17165.00 17175.00 17160.00 17170.00 930.00
20150506  23:48:00 17170.00 17180.00 17165.00 17180.00 434.00
20150506  23:49:00 17175.00 17195.00 17175.00 17195.00 654.00
20150506  23:50:00 17195.00 17210.00 17190.00 17200.00 698.00
20150506  23:51:00 17205.00 17205.00 17195.00 17200.00 536.00
20150506  23:52:00 17200.00 17220.00 17200.00 17220.00 1042.00
20150506  23:53:00 17220.00 17230.00 17205.00 17205.00 866.00
20150506  23:54:00 17205.00 17215.00 17200.00 17205.00 462.00
20150506  23:55:00 17205.00 17215.00 17205.00 17210.00 204.00
20150506  23:56:00 17205.00 17210.00 17205.00 17205.00 118.00
20150506  23:57:00 17205.00 17210.00 17205.00 17205.00  60.00
20150506  23:58:00 17205.00 17215.00 17205.00 17215.00 146.00
20150506  23:59:00 17215.00 17215.00 17210.00 17210.00  66.00
20150507  00:00:00 17195.00 17210.00 17195.00 17205.00 406.00
20150507  00:01:00 17210.00 17220.00 17210.00 17220.00 136.00
20150507  00:02:00 17220.00 17220.00 17215.00 17215.00  62.00
20150507  00:03:00 17220.00 17225.00 17215.00 17225.00 184.00
20150507  00:04:00 17225.00 17225.00 17220.00 17220.00  74.00
20150507  00:05:00 17220.00 17225.00 17220.00 17220.00  74.00
20150507  00:06:00 17220.00 17230.00 17220.00 17230.00  78.00
20150507  00:07:00 17230.00 17230.00 17225.00 17230.00  38.00
20150507  00:08:00 17230.00 17230.00 17220.00 17220.00 180.00
20150507  00:09:00 17225.00 17235.00 17225.00 17230.00 212.00
20150507  00:10:00 17230.00 17240.00 17225.00 17225.00 558.00
20150507  00:11:00 17225.00 17225.00 17220.00 17220.00  76.00
20150507  00:12:00 17220.00 17235.00 17220.00 17235.00 346.00
20150507  00:13:00 17235.00 17235.00 17230.00 17235.00  98.00
20150507  00:14:00 17235.00 17240.00 17235.00 17235.00  94.00
20150507  00:15:00 17235.00 17240.00 17235.00 17240.00  60.00
20150507  00:16:00 17240.00 17240.00 17235.00 17235.00 186.00
20150507  00:17:00 17235.00 17235.00 17235.00 17235.00  72.00
20150507  00:18:00 17235.00 17245.00 17235.00 17235.00 288.00
20150507  00:19:00 17240.00 17240.00 17235.00 17235.00  48.00
20150507  00:20:00 17235.00 17235.00 17230.00 17235.00  48.00
20150507  00:21:00 17230.00 17235.00 17230.00 17230.00 160.00
20150507  00:22:00 17230.00 17240.00 17230.00 17235.00 358.00
20150507  00:23:00 17235.00 17235.00 17230.00 17230.00  20.00
20150507  00:24:00 17230.00 17235.00 17225.00 17230.00  62.00
20150507  00:25:00 17230.00 17230.00 17225.00 17230.00  58.00
20150507  00:26:00 17230.00 17230.00 17225.00 17225.00 164.00
20150507  00:27:00 17225.00 17225.00 17220.00 17220.00  84.00
20150507  00:28:00 17220.00 17220.00 17200.00 17200.00 446.00
20150507  00:29:00 17205.00 17210.00 17195.00 17205.00 418.00
20150507  00:30:00 17205.00 17205.00 17200.00 17205.00  94.00
20150507  00:31:00 17205.00 17215.00 17205.00 17215.00 126.00
20150507  00:32:00 17215.00 17220.00 17215.00 17215.00  40.00
20150507  00:33:00 17215.00 17215.00 17215.00 17215.00  32.00
20150507  00:34:00 17215.00 17220.00 17215.00 17220.00  46.00
20150507  00:35:00 17215.00 17215.00 17215.00 17215.00  56.00
20150507  00:36:00 17215.00 17215.00 17205.00 17205.00 112.00
20150507  00:37:00 17205.00 17210.00 17205.00 17210.00  70.00
20150507  00:38:00 17205.00 17210.00 17205.00 17210.00   8.00
20150507  00:39:00 17210.00 17210.00 17210.00 17210.00  78.00
20150507  00:40:00 17210.00 17220.00 17210.00 17215.00  50.00
20150507  00:41:00 17215.00 17220.00 17215.00 17220.00  74.00
20150507  00:42:00 17220.00 17220.00 17215.00 17215.00  28.00
20150507  00:43:00 17215.00 17215.00 17210.00 17210.00 130.00
20150507  00:44:00 17210.00 17215.00 17210.00 17215.00  60.00
20150507  00:45:00 17215.00 17220.00 17215.00 17215.00  32.00
20150507  00:46:00 17215.00 17225.00 17215.00 17225.00  42.00
20150507  00:47:00 17225.00 17230.00 17225.00 17225.00  70.00
20150507  00:48:00 17225.00 17235.00 17220.00 17230.00 184.00
20150507  00:49:00 17230.00 17230.00 17225.00 17230.00  26.00
20150507  00:50:00 17230.00 17235.00 17225.00 17230.00  90.00
20150507  00:51:00 17230.00 17240.00 17230.00 17235.00  94.00
20150507  00:52:00 17240.00 17245.00 17235.00 17245.00  26.00
20150507  00:53:00 17235.00 17240.00 17235.00 17240.00  14.00
20150507  00:54:00 17240.00 17240.00 17235.00 17235.00  26.00
20150507  00:55:00 17235.00 17235.00 17230.00 17230.00  12.00
20150507  00:56:00 17235.00 17235.00 17230.00 17235.00  60.00
20150507  00:57:00 17235.00 17250.00 17235.00 17245.00 314.00
20150507  00:58:00 17245.00 17245.00 17220.00 17220.00 164.00
20150507  00:59:00 17215.00 17225.00 17210.00 17215.00 280.00
20150507  09:00:00 17220.00 17220.00 17155.00 17165.00 1968.00
20150507  09:01:00 17170.00 17200.00 17165.00 17200.00 974.00
20150507  09:02:00 17195.00 17240.00 17190.00 17225.00 2070.00
20150507  09:03:00 17225.00 17225.00 17200.00 17215.00 928.00
20150507  09:04:00 17215.00 17220.00 17210.00 17210.00 424.00
20150507  09:05:00 17210.00 17210.00 17185.00 17190.00 900.00
20150507  09:06:00 17185.00 17195.00 17180.00 17185.00 396.00
20150507  09:07:00 17185.00 17190.00 17180.00 17185.00 498.00
20150507  09:08:00 17185.00 17200.00 17185.00 17200.00 1072.00
20150507  09:09:00 17200.00 17205.00 17185.00 17200.00 658.00
20150507  09:10:00 17200.00 17200.00 17195.00 17200.00 112.00
20150507  09:11:00 17200.00 17220.00 17200.00 17215.00 676.00
20150507  09:12:00 17215.00 17220.00 17205.00 17205.00 656.00
20150507  09:13:00 17210.00 17215.00 17210.00 17210.00  44.00
20150507  09:14:00 17210.00 17220.00 17200.00 17200.00 276.00
20150507  09:15:00 17200.00 17220.00 17200.00 17210.00 622.00
20150507  09:16:00 17210.00 17215.00 17210.00 17210.00 128.00
20150507  09:17:00 17210.00 17225.00 17210.00 17220.00 356.00
20150507  09:18:00 17220.00 17235.00 17215.00 17235.00 748.00
20150507  09:19:00 17235.00 17235.00 17225.00 17230.00 448.00
20150507  09:20:00 17230.00 17230.00 17225.00 17225.00  96.00
20150507  09:21:00 17225.00 17230.00 17220.00 17225.00 298.00
20150507  09:22:00 17225.00 17225.00 17205.00 17205.00 636.00
20150507  09:23:00 17205.00 17220.00 17205.00 17215.00 650.00
20150507  09:24:00 17215.00 17215.00 17210.00 17210.00  98.00
20150507  09:25:00 17210.00 17210.00 17200.00 17205.00 146.00
20150507  09:26:00 17205.00 17210.00 17185.00 17185.00 416.00
20150507  09:27:00 17185.00 17200.00 17185.00 17200.00 328.00
20150507  09:28:00 17200.00 17200.00 17185.00 17190.00 406.00
20150507  09:29:00 17190.00 17200.00 17190.00 17200.00 238.00
20150507  09:30:00 17200.00 17200.00 17185.00 17185.00 242.00
20150507  09:31:00 17185.00 17195.00 17185.00 17195.00 216.00
20150507  09:32:00 17195.00 17200.00 17190.00 17195.00 162.00
20150507  09:33:00 17195.00 17210.00 17195.00 17210.00 524.00
20150507  09:34:00 17215.00 17220.00 17215.00 17215.00 504.00
20150507  09:35:00 17215.00 17215.00 17205.00 17205.00 222.00
20150507  09:36:00 17205.00 17205.00 17200.00 17205.00  88.00
20150507  09:37:00 17205.00 17210.00 17205.00 17210.00  88.00
20150507  09:38:00 17210.00 17210.00 17205.00 17205.00 132.00
20150507  09:39:00 17205.00 17205.00 17195.00 17200.00 260.00
20150507  09:40:00 17200.00 17205.00 17200.00 17205.00 132.00
20150507  09:41:00 17205.00 17210.00 17205.00 17205.00  44.00
20150507  09:42:00 17205.00 17210.00 17205.00 17205.00 160.00
20150507  09:43:00 17205.00 17205.00 17190.00 17200.00 662.00
20150507  09:44:00 17200.00 17205.00 17195.00 17205.00 116.00
20150507  09:45:00 17205.00 17205.00 17195.00 17195.00 368.00
20150507  09:46:00 17195.00 17195.00 17190.00 17195.00 316.00
20150507  09:47:00 17195.00 17200.00 17195.00 17195.00 110.00
20150507  09:48:00 17195.00 17200.00 17190.00 17200.00 128.00
20150507  09:49:00 17200.00 17205.00 17200.00 17205.00 118.00
20150507  09:50:00 17200.00 17200.00 17200.00 17200.00  46.00
20150507  09:51:00 17200.00 17205.00 17200.00 17200.00  56.00
20150507  09:52:00 17210.00 17210.00 17205.00 17210.00 246.00
20150507  09:53:00 17210.00 17210.00 17205.00 17205.00  18.00
20150507  09:54:00 17205.00 17210.00 17200.00 17200.00 342.00
20150507  09:55:00 17200.00 17200.00 17190.00 17190.00 144.00
20150507  09:56:00 17190.00 17195.00 17175.00 17185.00 920.00
20150507  09:57:00 17185.00 17185.00 17180.00 17185.00 390.00
20150507  09:58:00 17185.00 17195.00 17180.00 17185.00 1010.00
20150507  09:59:00 17185.00 17190.00 17180.00 17180.00 158.00
20150507  10:00:00 17180.00 17180.00 17175.00 17180.00 320.00
20150507  10:01:00 17180.00 17185.00 17180.00 17185.00 148.00
20150507  10:02:00 17185.00 17185.00 17180.00 17185.00  34.00
20150507  10:03:00 17180.00 17190.00 17180.00 17185.00 110.00
20150507  10:04:00 17185.00 17190.00 17185.00 17185.00  98.00
20150507  10:05:00 17190.00 17190.00 17180.00 17185.00 196.00
20150507  10:06:00 17185.00 17185.00 17175.00 17175.00 264.00
20150507  10:07:00 17175.00 17185.00 17175.00 17180.00 172.00
20150507  10:08:00 17180.00 17185.00 17180.00 17180.00  46.00
20150507  10:09:00 17180.00 17185.00 17175.00 17175.00 544.00
20150507  10:10:00 17175.00 17185.00 17175.00 17175.00 232.00
20150507  10:11:00 17175.00 17185.00 17175.00 17180.00 228.00
20150507  10:12:00 17180.00 17185.00 17175.00 17175.00 596.00
20150507  10:13:00 17180.00 17190.00 17180.00 17190.00 270.00
20150507  10:14:00 17190.00 17195.00 17190.00 17190.00 244.00
20150507  10:30:00 17175.00 17180.00 17170.00 17180.00 1188.00
20150507  10:31:00 17175.00 17185.00 17175.00 17175.00 474.00
20150507  10:32:00 17175.00 17180.00 17175.00 17180.00  62.00
20150507  10:33:00 17180.00 17185.00 17175.00 17175.00 162.00
20150507  10:34:00 17175.00 17180.00 17175.00 17180.00 128.00
20150507  10:35:00 17180.00 17180.00 17175.00 17180.00  82.00
20150507  10:36:00 17180.00 17185.00 17180.00 17185.00  80.00
20150507  10:37:00 17185.00 17185.00 17180.00 17185.00  58.00
20150507  10:38:00 17185.00 17195.00 17180.00 17195.00 334.00
20150507  10:39:00 17195.00 17195.00 17185.00 17190.00 116.00
20150507  10:40:00 17190.00 17195.00 17190.00 17190.00  46.00
20150507  10:41:00 17190.00 17195.00 17190.00 17190.00  28.00
20150507  10:42:00 17190.00 17195.00 17190.00 17195.00 176.00
20150507  10:43:00 17195.00 17195.00 17190.00 17195.00  30.00
20150507  10:44:00 17195.00 17200.00 17195.00 17195.00 260.00
20150507  10:45:00 17195.00 17195.00 17190.00 17190.00  70.00
20150507  10:46:00 17190.00 17190.00 17180.00 17180.00 364.00
20150507  10:47:00 17180.00 17185.00 17180.00 17180.00  64.00
20150507  10:48:00 17180.00 17185.00 17180.00 17180.00 122.00
20150507  10:49:00 17185.00 17185.00 17180.00 17185.00 248.00
20150507  10:50:00 17185.00 17190.00 17185.00 17185.00 146.00
20150507  10:51:00 17185.00 17185.00 17170.00 17175.00 564.00
20150507  10:52:00 17175.00 17175.00 17170.00 17170.00 166.00
20150507  10:53:00 17170.00 17185.00 17170.00 17180.00 326.00
20150507  10:54:00 17180.00 17185.00 17180.00 17180.00  58.00
20150507  10:55:00 17180.00 17180.00 17175.00 17175.00 162.00
20150507  10:56:00 17175.00 17180.00 17170.00 17175.00 200.00
20150507  10:57:00 17175.00 17180.00 17175.00 17180.00 214.00
20150507  10:58:00 17180.00 17180.00 17175.00 17175.00  58.00
20150507  10:59:00 17175.00 17180.00 17175.00 17175.00 200.00
20150507  11:00:00 17175.00 17175.00 17165.00 17165.00 368.00
20150507  11:01:00 17165.00 17175.00 17165.00 17170.00 386.00
20150507  11:02:00 17170.00 17180.00 17170.00 17180.00  98.00
20150507  11:03:00 17180.00 17180.00 17170.00 17180.00  92.00
20150507  11:04:00 17170.00 17180.00 17170.00 17175.00  56.00
20150507  11:05:00 17175.00 17180.00 17175.00 17175.00 100.00
20150507  11:06:00 17175.00 17185.00 17175.00 17180.00 228.00
20150507  11:07:00 17175.00 17180.00 17175.00 17175.00  44.00
20150507  11:08:00 17175.00 17180.00 17175.00 17180.00  32.00
20150507  11:09:00 17180.00 17180.00 17175.00 17180.00  48.00
20150507  11:10:00 17180.00 17180.00 17180.00 17180.00 258.00
20150507  11:11:00 17180.00 17190.00 17180.00 17185.00 254.00
20150507  11:12:00 17185.00 17185.00 17175.00 17180.00 268.00
20150507  11:13:00 17180.00 17185.00 17180.00 17185.00   4.00
20150507  11:14:00 17185.00 17185.00 17180.00 17185.00 208.00
20150507  11:15:00 17185.00 17185.00 17175.00 17175.00 302.00
20150507  11:16:00 17175.00 17180.00 17175.00 17175.00 154.00
20150507  11:17:00 17175.00 17180.00 17170.00 17180.00 204.00
20150507  11:18:00 17180.00 17185.00 17180.00 17185.00  88.00
20150507  11:19:00 17185.00 17185.00 17180.00 17180.00 188.00
20150507  11:20:00 17180.00 17185.00 17175.00 17180.00 202.00
20150507  11:21:00 17180.00 17185.00 17180.00 17180.00  40.00
20150507  11:22:00 17180.00 17185.00 17180.00 17185.00  30.00
20150507  11:23:00 17185.00 17185.00 17180.00 17185.00  70.00
20150507  11:24:00 17185.00 17190.00 17180.00 17185.00 204.00
20150507  11:25:00 17185.00 17195.00 17185.00 17195.00 390.00
20150507  11:26:00 17195.00 17200.00 17190.00 17195.00 232.00
20150507  11:27:00 17195.00 17195.00 17185.00 17185.00  60.00
20150507  11:28:00 17185.00 17190.00 17185.00 17185.00  52.00
20150507  11:29:00 17185.00 17195.00 17185.00 17190.00 322.00
20150507  13:30:00 17175.00 17185.00 17170.00 17170.00 692.00
20150507  13:31:00 17170.00 17185.00 17170.00 17180.00 478.00
20150507  13:32:00 17180.00 17190.00 17180.00 17185.00 208.00
20150507  13:33:00 17185.00 17190.00 17180.00 17180.00 358.00
20150507  13:34:00 17180.00 17180.00 17175.00 17175.00 264.00
20150507  13:35:00 17175.00 17190.00 17175.00 17190.00 172.00
20150507  13:36:00 17185.00 17185.00 17185.00 17185.00  44.00
20150507  13:37:00 17185.00 17190.00 17185.00 17190.00  28.00
20150507  13:38:00 17185.00 17190.00 17185.00 17185.00 196.00
20150507  13:39:00 17185.00 17185.00 17180.00 17180.00 218.00
20150507  13:40:00 17175.00 17180.00 17170.00 17175.00 528.00
20150507  13:41:00 17175.00 17180.00 17175.00 17180.00  46.00
20150507  13:42:00 17180.00 17180.00 17180.00 17180.00  38.00
20150507  13:43:00 17175.00 17190.00 17175.00 17180.00 244.00
20150507  13:44:00 17180.00 17185.00 17180.00 17185.00 100.00
20150507  13:45:00 17185.00 17190.00 17180.00 17190.00  86.00
20150507  13:46:00 17190.00 17190.00 17180.00 17190.00 212.00
20150507  13:47:00 17190.00 17190.00 17190.00 17190.00  82.00
20150507  13:48:00 17190.00 17190.00 17180.00 17185.00 162.00
20150507  13:49:00 17185.00 17190.00 17185.00 17185.00  62.00
20150507  13:50:00 17190.00 17195.00 17190.00 17195.00 540.00
20150507  13:51:00 17195.00 17195.00 17190.00 17195.00 116.00
20150507  13:52:00 17195.00 17195.00 17190.00 17190.00  16.00
20150507  13:53:00 17190.00 17195.00 17190.00 17195.00  72.00
20150507  13:54:00 17200.00 17210.00 17200.00 17205.00 394.00
20150507  13:55:00 17205.00 17220.00 17200.00 17215.00 918.00
20150507  13:56:00 17220.00 17225.00 17215.00 17220.00 368.00
20150507  13:57:00 17220.00 17225.00 17215.00 17220.00 438.00
20150507  13:58:00 17220.00 17225.00 17215.00 17220.00 216.00
20150507  13:59:00 17220.00 17220.00 17210.00 17215.00 338.00
20150507  14:00:00 17210.00 17215.00 17200.00 17215.00 462.00
20150507  14:01:00 17215.00 17215.00 17210.00 17215.00 108.00
20150507  14:02:00 17215.00 17215.00 17205.00 17205.00 236.00
20150507  14:03:00 17205.00 17210.00 17205.00 17210.00 100.00
20150507  14:04:00 17210.00 17215.00 17210.00 17215.00  72.00
20150507  14:05:00 17215.00 17220.00 17215.00 17215.00  80.00
20150507  14:06:00 17220.00 17220.00 17210.00 17210.00 456.00
20150507  14:07:00 17210.00 17215.00 17210.00 17215.00  96.00
20150507  14:08:00 17215.00 17215.00 17215.00 17215.00  24.00
20150507  14:09:00 17215.00 17215.00 17210.00 17210.00   8.00
20150507  14:10:00 17210.00 17220.00 17210.00 17215.00 256.00
20150507  14:11:00 17215.00 17215.00 17210.00 17215.00  26.00
20150507  14:12:00 17215.00 17220.00 17210.00 17215.00 854.00
20150507  14:13:00 17215.00 17220.00 17215.00 17215.00  92.00
20150507  14:14:00 17215.00 17220.00 17215.00 17220.00 210.00
20150507  14:15:00 17220.00 17225.00 17215.00 17220.00 462.00
20150507  14:16:00 17215.00 17220.00 17215.00 17215.00 466.00
20150507  14:17:00 17215.00 17215.00 17210.00 17210.00 382.00
20150507  14:18:00 17210.00 17210.00 17205.00 17205.00 128.00
20150507  14:19:00 17205.00 17205.00 17200.00 17205.00 208.00
20150507  14:20:00 17205.00 17210.00 17205.00 17210.00 142.00
20150507  14:21:00 17210.00 17215.00 17205.00 17210.00  96.00
20150507  14:22:00 17210.00 17210.00 17205.00 17205.00 104.00
20150507  14:23:00 17205.00 17205.00 17200.00 17205.00  94.00
20150507  14:24:00 17205.00 17205.00 17200.00 17205.00  24.00
20150507  14:25:00 17205.00 17210.00 17200.00 17210.00 110.00
20150507  14:26:00 17205.00 17210.00 17205.00 17210.00  66.00
20150507  14:27:00 17210.00 17210.00 17200.00 17200.00 488.00
20150507  14:28:00 17200.00 17200.00 17195.00 17195.00 184.00
20150507  14:29:00 17195.00 17200.00 17195.00 17195.00 224.00
20150507  14:30:00 17195.00 17195.00 17190.00 17190.00 456.00
20150507  14:31:00 17195.00 17200.00 17190.00 17195.00 536.00
20150507  14:32:00 17195.00 17195.00 17190.00 17190.00 214.00
20150507  14:33:00 17190.00 17195.00 17190.00 17195.00  58.00
20150507  14:34:00 17195.00 17200.00 17195.00 17200.00 154.00
20150507  14:35:00 17195.00 17200.00 17195.00 17195.00  56.00
20150507  14:36:00 17195.00 17195.00 17185.00 17185.00 338.00
20150507  14:37:00 17185.00 17200.00 17185.00 17195.00 242.00
20150507  14:38:00 17195.00 17200.00 17190.00 17195.00 106.00
20150507  14:39:00 17195.00 17195.00 17185.00 17190.00 210.00
20150507  14:40:00 17190.00 17190.00 17180.00 17185.00 240.00
20150507  14:41:00 17185.00 17190.00 17180.00 17185.00 256.00
20150507  14:42:00 17185.00 17185.00 17180.00 17180.00  52.00
20150507  14:43:00 17180.00 17185.00 17175.00 17180.00 532.00
20150507  14:44:00 17180.00 17180.00 17170.00 17170.00 664.00
20150507  14:45:00 17170.00 17185.00 17170.00 17175.00 1176.00
20150507  14:46:00 17180.00 17190.00 17175.00 17190.00 672.00
20150507  14:47:00 17190.00 17190.00 17185.00 17190.00 222.00
20150507  14:48:00 17190.00 17195.00 17190.00 17190.00 230.00
20150507  14:49:00 17190.00 17190.00 17180.00 17180.00 702.00
20150507  14:50:00 17180.00 17190.00 17170.00 17170.00 328.00
20150507  14:51:00 17170.00 17175.00 17165.00 17170.00 400.00
20150507  14:52:00 17170.00 17175.00 17170.00 17170.00 138.00
20150507  14:53:00 17170.00 17180.00 17170.00 17180.00 246.00
20150507  14:54:00 17175.00 17180.00 17175.00 17180.00 326.00
20150507  14:55:00 17185.00 17185.00 17180.00 17180.00  76.00
20150507  14:56:00 17180.00 17185.00 17180.00 17185.00 178.00
20150507  14:57:00 17185.00 17185.00 17180.00 17180.00 536.00
20150507  14:58:00 17180.00 17185.00 17175.00 17180.00 506.00
20150507  14:59:00 17185.00 17190.00 17175.00 17180.00 526.00
20150507  15:00:00 17185.00 17185.00 17185.00 17185.00  10.00
