20150212  15:00:00 16235.00 16235.00 16235.00 16235.00   0.00
20150212  14:59:00 16235.00 16235.00 16225.00 16235.00 428.00
20150212  14:58:00 16230.00 16235.00 16225.00 16235.00 318.00
20150212  14:57:00 16230.00 16235.00 16225.00 16230.00 352.00
20150212  14:56:00 16235.00 16235.00 16225.00 16230.00 390.00
20150212  14:55:00 16235.00 16235.00 16225.00 16235.00 782.00
20150212  14:54:00 16235.00 16240.00 16230.00 16235.00 172.00
20150212  14:53:00 16230.00 16240.00 16225.00 16235.00 992.00
20150212  14:52:00 16230.00 16230.00 16225.00 16230.00 212.00
20150212  14:51:00 16225.00 16230.00 16225.00 16230.00  64.00
20150212  14:50:00 16225.00 16230.00 16220.00 16230.00 412.00
20150212  14:49:00 16225.00 16225.00 16220.00 16225.00 310.00
20150212  14:48:00 16215.00 16225.00 16215.00 16225.00 606.00
20150212  14:47:00 16215.00 16215.00 16215.00 16215.00 174.00
20150212  14:46:00 16215.00 16215.00 16210.00 16215.00 310.00
20150212  14:45:00 16205.00 16220.00 16205.00 16215.00 584.00
20150212  14:44:00 16205.00 16205.00 16200.00 16205.00  54.00
20150212  14:43:00 16200.00 16205.00 16200.00 16205.00  30.00
20150212  14:42:00 16200.00 16205.00 16195.00 16200.00 186.00
20150212  14:41:00 16205.00 16205.00 16200.00 16200.00  16.00
20150212  14:40:00 16205.00 16205.00 16205.00 16205.00   6.00
20150212  14:39:00 16205.00 16205.00 16205.00 16205.00  80.00
20150212  14:38:00 16205.00 16210.00 16205.00 16205.00  62.00
20150212  14:37:00 16205.00 16205.00 16205.00 16205.00   6.00
20150212  14:36:00 16205.00 16205.00 16205.00 16205.00  62.00
20150212  14:35:00 16200.00 16205.00 16200.00 16205.00 190.00
20150212  14:34:00 16205.00 16205.00 16200.00 16200.00   2.00
20150212  14:33:00 16205.00 16205.00 16200.00 16205.00  38.00
20150212  14:32:00 16200.00 16205.00 16200.00 16205.00 136.00
20150212  14:31:00 16200.00 16200.00 16200.00 16200.00  10.00
20150212  14:30:00 16200.00 16205.00 16200.00 16200.00 190.00
20150212  14:29:00 16195.00 16200.00 16195.00 16200.00 116.00
20150212  14:28:00 16195.00 16195.00 16195.00 16195.00   0.00
20150212  14:27:00 16190.00 16200.00 16190.00 16195.00 112.00
20150212  14:26:00 16190.00 16195.00 16190.00 16190.00  28.00
20150212  14:25:00 16195.00 16195.00 16190.00 16190.00  22.00
20150212  14:24:00 16195.00 16195.00 16195.00 16195.00  82.00
20150212  14:23:00 16200.00 16200.00 16195.00 16195.00  82.00
20150212  14:22:00 16200.00 16205.00 16200.00 16200.00 128.00
20150212  14:21:00 16200.00 16200.00 16195.00 16195.00  52.00
20150212  14:20:00 16200.00 16200.00 16195.00 16200.00 122.00
20150212  14:19:00 16200.00 16200.00 16195.00 16195.00  68.00
20150212  14:18:00 16200.00 16200.00 16200.00 16200.00 104.00
20150212  14:17:00 16200.00 16205.00 16200.00 16205.00  42.00
20150212  14:16:00 16195.00 16205.00 16195.00 16200.00 446.00
20150212  14:15:00 16195.00 16200.00 16195.00 16195.00  16.00
20150212  14:14:00 16195.00 16200.00 16190.00 16195.00 158.00
20150212  14:13:00 16195.00 16195.00 16195.00 16195.00 328.00
20150212  14:12:00 16195.00 16200.00 16195.00 16195.00   6.00
20150212  14:11:00 16195.00 16200.00 16195.00 16195.00  32.00
20150212  14:10:00 16195.00 16200.00 16195.00 16195.00  72.00
20150212  14:09:00 16190.00 16195.00 16190.00 16195.00 180.00
20150212  14:08:00 16195.00 16195.00 16190.00 16190.00 136.00
20150212  14:07:00 16195.00 16195.00 16190.00 16195.00 216.00
20150212  14:06:00 16195.00 16195.00 16195.00 16195.00 318.00
20150212  14:05:00 16205.00 16205.00 16200.00 16200.00 158.00
20150212  14:04:00 16200.00 16205.00 16200.00 16205.00  54.00
20150212  14:03:00 16200.00 16200.00 16200.00 16200.00  88.00
20150212  14:02:00 16205.00 16205.00 16200.00 16200.00 140.00
20150212  14:01:00 16215.00 16215.00 16200.00 16205.00 718.00
20150212  14:00:00 16215.00 16215.00 16210.00 16210.00 286.00
20150212  13:59:00 16220.00 16220.00 16215.00 16215.00 304.00
20150212  13:58:00 16220.00 16220.00 16215.00 16220.00  86.00
20150212  13:57:00 16215.00 16220.00 16215.00 16220.00  36.00
20150212  13:56:00 16220.00 16220.00 16215.00 16215.00  42.00
20150212  13:55:00 16215.00 16225.00 16215.00 16220.00 632.00
20150212  13:54:00 16215.00 16215.00 16210.00 16215.00 210.00
20150212  13:53:00 16210.00 16215.00 16210.00 16215.00  50.00
20150212  13:52:00 16210.00 16215.00 16210.00 16210.00  72.00
20150212  13:51:00 16210.00 16215.00 16205.00 16210.00 174.00
20150212  13:50:00 16205.00 16215.00 16205.00 16210.00 340.00
20150212  13:49:00 16200.00 16210.00 16200.00 16205.00 308.00
20150212  13:48:00 16200.00 16200.00 16195.00 16200.00  92.00
20150212  13:47:00 16195.00 16200.00 16195.00 16200.00  60.00
20150212  13:46:00 16190.00 16195.00 16190.00 16195.00 224.00
20150212  13:45:00 16195.00 16195.00 16190.00 16190.00  34.00
20150212  13:44:00 16200.00 16200.00 16195.00 16195.00  76.00
20150212  13:43:00 16200.00 16200.00 16200.00 16200.00 100.00
20150212  13:42:00 16195.00 16200.00 16195.00 16200.00  76.00
20150212  13:41:00 16195.00 16200.00 16195.00 16195.00 298.00
20150212  13:40:00 16190.00 16200.00 16190.00 16195.00 456.00
20150212  13:39:00 16195.00 16195.00 16190.00 16190.00   8.00
20150212  13:38:00 16190.00 16195.00 16190.00 16195.00  18.00
20150212  13:37:00 16200.00 16200.00 16190.00 16190.00 370.00
20150212  13:36:00 16195.00 16200.00 16195.00 16200.00 188.00
20150212  13:35:00 16190.00 16200.00 16185.00 16195.00 470.00
20150212  13:34:00 16190.00 16190.00 16185.00 16190.00 168.00
20150212  13:33:00 16190.00 16195.00 16190.00 16190.00 156.00
20150212  13:32:00 16185.00 16195.00 16185.00 16190.00 216.00
20150212  13:31:00 16185.00 16185.00 16180.00 16185.00 250.00
20150212  13:30:00 16170.00 16180.00 16170.00 16180.00 270.00
20150212  11:29:00 16170.00 16170.00 16160.00 16170.00 270.00
20150212  11:28:00 16170.00 16170.00 16170.00 16170.00  22.00
20150212  11:27:00 16170.00 16170.00 16170.00 16170.00   0.00
20150212  11:26:00 16165.00 16170.00 16165.00 16170.00  86.00
20150212  11:25:00 16170.00 16170.00 16165.00 16165.00  48.00
20150212  11:24:00 16170.00 16170.00 16165.00 16170.00 136.00
20150212  11:23:00 16170.00 16175.00 16165.00 16170.00  46.00
20150212  11:22:00 16170.00 16175.00 16170.00 16170.00  96.00
20150212  11:21:00 16170.00 16170.00 16165.00 16170.00 198.00
20150212  11:20:00 16170.00 16170.00 16170.00 16170.00 122.00
20150212  11:19:00 16170.00 16170.00 16170.00 16170.00  10.00
20150212  11:18:00 16170.00 16175.00 16170.00 16170.00  16.00
20150212  11:17:00 16175.00 16175.00 16170.00 16170.00  84.00
20150212  11:16:00 16180.00 16180.00 16175.00 16175.00 122.00
20150212  11:15:00 16175.00 16180.00 16175.00 16180.00 224.00
20150212  11:14:00 16170.00 16175.00 16170.00 16175.00  72.00
20150212  11:13:00 16170.00 16170.00 16170.00 16170.00  82.00
20150212  11:12:00 16165.00 16170.00 16165.00 16170.00  30.00
20150212  11:11:00 16175.00 16180.00 16165.00 16165.00  90.00
20150212  11:10:00 16170.00 16180.00 16170.00 16175.00 288.00
20150212  11:09:00 16170.00 16175.00 16170.00 16170.00 158.00
20150212  11:08:00 16165.00 16170.00 16165.00 16170.00 222.00
20150212  11:07:00 16165.00 16170.00 16165.00 16165.00  98.00
20150212  11:06:00 16170.00 16170.00 16165.00 16165.00 104.00
20150212  11:05:00 16160.00 16170.00 16160.00 16170.00 282.00
20150212  11:04:00 16160.00 16160.00 16155.00 16160.00 168.00
20150212  11:03:00 16160.00 16160.00 16160.00 16160.00 230.00
20150212  11:02:00 16165.00 16170.00 16165.00 16165.00 168.00
20150212  11:01:00 16165.00 16170.00 16165.00 16165.00  28.00
20150212  11:00:00 16165.00 16175.00 16165.00 16165.00 146.00
20150212  10:59:00 16165.00 16170.00 16165.00 16170.00  80.00
20150212  10:58:00 16170.00 16170.00 16165.00 16165.00   4.00
20150212  10:57:00 16175.00 16175.00 16165.00 16170.00  28.00
20150212  10:56:00 16170.00 16175.00 16170.00 16175.00  52.00
20150212  10:55:00 16175.00 16175.00 16170.00 16170.00 212.00
20150212  10:54:00 16175.00 16175.00 16175.00 16175.00  30.00
20150212  10:53:00 16170.00 16175.00 16170.00 16175.00   4.00
20150212  10:52:00 16170.00 16175.00 16170.00 16170.00  64.00
20150212  10:51:00 16170.00 16175.00 16170.00 16170.00  40.00
20150212  10:50:00 16175.00 16175.00 16170.00 16170.00   6.00
20150212  10:49:00 16175.00 16175.00 16170.00 16175.00  48.00
20150212  10:48:00 16175.00 16180.00 16175.00 16175.00 192.00
20150212  10:47:00 16175.00 16175.00 16170.00 16175.00 140.00
20150212  10:46:00 16175.00 16175.00 16170.00 16175.00 210.00
20150212  10:45:00 16175.00 16180.00 16175.00 16175.00 142.00
20150212  10:44:00 16185.00 16185.00 16175.00 16175.00 230.00
20150212  10:43:00 16180.00 16185.00 16180.00 16185.00  32.00
20150212  10:42:00 16195.00 16195.00 16180.00 16180.00 434.00
20150212  10:41:00 16190.00 16200.00 16190.00 16195.00 486.00
20150212  10:40:00 16180.00 16195.00 16180.00 16195.00 798.00
20150212  10:39:00 16170.00 16180.00 16170.00 16180.00 190.00
20150212  10:38:00 16175.00 16175.00 16170.00 16170.00 264.00
20150212  10:37:00 16170.00 16175.00 16170.00 16175.00 206.00
20150212  10:36:00 16170.00 16170.00 16165.00 16170.00 332.00
20150212  10:35:00 16170.00 16170.00 16170.00 16170.00  36.00
20150212  10:34:00 16165.00 16170.00 16165.00 16170.00 150.00
20150212  10:33:00 16170.00 16170.00 16165.00 16165.00 380.00
20150212  10:32:00 16165.00 16175.00 16165.00 16170.00 230.00
20150212  10:31:00 16160.00 16165.00 16155.00 16165.00 464.00
20150212  10:30:00 16155.00 16160.00 16150.00 16160.00 444.00
20150212  10:14:00 16150.00 16155.00 16145.00 16155.00 418.00
20150212  10:13:00 16150.00 16155.00 16150.00 16150.00  44.00
20150212  10:12:00 16150.00 16155.00 16150.00 16150.00 100.00
20150212  10:11:00 16145.00 16150.00 16145.00 16150.00 116.00
20150212  10:10:00 16150.00 16150.00 16145.00 16145.00  42.00
20150212  10:09:00 16145.00 16145.00 16145.00 16145.00  90.00
20150212  10:08:00 16145.00 16150.00 16145.00 16145.00 190.00
20150212  10:07:00 16150.00 16150.00 16145.00 16145.00 124.00
20150212  10:06:00 16150.00 16150.00 16145.00 16150.00  78.00
20150212  10:05:00 16150.00 16155.00 16145.00 16150.00 140.00
20150212  10:04:00 16145.00 16150.00 16145.00 16145.00 112.00
20150212  10:03:00 16145.00 16150.00 16140.00 16145.00 236.00
20150212  10:02:00 16140.00 16145.00 16140.00 16145.00  18.00
20150212  10:01:00 16140.00 16140.00 16140.00 16140.00  70.00
20150212  10:00:00 16140.00 16145.00 16140.00 16140.00 110.00
20150212  09:59:00 16145.00 16145.00 16140.00 16140.00  10.00
20150212  09:58:00 16140.00 16145.00 16140.00 16145.00  20.00
20150212  09:57:00 16140.00 16145.00 16140.00 16145.00  18.00
20150212  09:56:00 16145.00 16145.00 16140.00 16145.00 128.00
20150212  09:55:00 16155.00 16155.00 16145.00 16145.00 194.00
20150212  09:54:00 16150.00 16155.00 16150.00 16155.00  38.00
20150212  09:53:00 16155.00 16155.00 16150.00 16150.00  10.00
20150212  09:52:00 16150.00 16155.00 16150.00 16150.00  14.00
20150212  09:51:00 16155.00 16155.00 16150.00 16150.00  30.00
20150212  09:50:00 16150.00 16160.00 16150.00 16155.00 334.00
20150212  09:49:00 16145.00 16150.00 16145.00 16150.00 250.00
20150212  09:48:00 16140.00 16145.00 16140.00 16145.00 162.00
20150212  09:47:00 16145.00 16145.00 16140.00 16140.00  10.00
20150212  09:46:00 16140.00 16145.00 16140.00 16145.00   4.00
20150212  09:45:00 16145.00 16145.00 16145.00 16145.00   4.00
20150212  09:44:00 16145.00 16145.00 16145.00 16145.00 190.00
20150212  09:43:00 16140.00 16145.00 16140.00 16145.00  34.00
20150212  09:42:00 16140.00 16145.00 16140.00 16145.00  22.00
20150212  09:41:00 16140.00 16145.00 16140.00 16140.00 110.00
20150212  09:40:00 16145.00 16145.00 16140.00 16140.00 308.00
20150212  09:39:00 16150.00 16150.00 16140.00 16145.00 340.00
20150212  09:38:00 16150.00 16150.00 16145.00 16150.00   8.00
20150212  09:37:00 16145.00 16150.00 16145.00 16150.00  14.00
20150212  09:36:00 16145.00 16145.00 16145.00 16145.00   8.00
20150212  09:35:00 16140.00 16145.00 16140.00 16145.00 168.00
20150212  09:34:00 16140.00 16140.00 16140.00 16140.00  22.00
20150212  09:33:00 16145.00 16145.00 16140.00 16140.00  42.00
20150212  09:32:00 16140.00 16145.00 16140.00 16145.00 162.00
20150212  09:31:00 16145.00 16150.00 16135.00 16140.00 530.00
20150212  09:30:00 16145.00 16145.00 16135.00 16145.00 268.00
20150212  09:29:00 16145.00 16145.00 16145.00 16145.00  90.00
20150212  09:28:00 16140.00 16145.00 16140.00 16145.00  14.00
20150212  09:27:00 16140.00 16145.00 16135.00 16140.00 330.00
20150212  09:26:00 16120.00 16140.00 16120.00 16140.00 418.00
20150212  09:25:00 16130.00 16130.00 16120.00 16120.00 236.00
20150212  09:24:00 16130.00 16135.00 16130.00 16130.00 130.00
20150212  09:23:00 16140.00 16140.00 16130.00 16130.00 172.00
20150212  09:22:00 16135.00 16140.00 16135.00 16140.00 164.00
20150212  09:21:00 16135.00 16140.00 16135.00 16135.00  16.00
20150212  09:20:00 16130.00 16140.00 16130.00 16135.00 166.00
20150212  09:19:00 16140.00 16140.00 16125.00 16130.00 904.00
20150212  09:18:00 16155.00 16155.00 16135.00 16140.00 440.00
20150212  09:17:00 16150.00 16155.00 16150.00 16155.00  28.00
20150212  09:16:00 16140.00 16155.00 16140.00 16150.00 294.00
20150212  09:15:00 16150.00 16150.00 16140.00 16140.00 294.00
20150212  09:14:00 16160.00 16160.00 16145.00 16150.00 164.00
20150212  09:13:00 16155.00 16160.00 16150.00 16160.00 128.00
20150212  09:12:00 16150.00 16155.00 16150.00 16155.00  60.00
20150212  09:11:00 16155.00 16155.00 16150.00 16150.00 336.00
20150212  09:10:00 16155.00 16160.00 16145.00 16155.00 290.00
20150212  09:09:00 16155.00 16160.00 16155.00 16155.00  52.00
20150212  09:08:00 16170.00 16175.00 16150.00 16160.00 544.00
20150212  09:07:00 16165.00 16170.00 16165.00 16170.00 312.00
20150212  09:06:00 16165.00 16165.00 16165.00 16165.00 172.00
20150212  09:05:00 16170.00 16170.00 16165.00 16165.00  28.00
20150212  09:04:00 16170.00 16170.00 16165.00 16170.00 160.00
20150212  09:03:00 16170.00 16170.00 16165.00 16170.00  62.00
20150212  09:02:00 16175.00 16175.00 16165.00 16170.00 306.00
20150212  09:01:00 16170.00 16175.00 16165.00 16175.00 716.00
20150212  09:00:00 16160.00 16170.00 16155.00 16170.00 736.00
20150212  00:59:00 16155.00 16165.00 16155.00 16165.00 138.00
20150212  00:58:00 16155.00 16165.00 16155.00 16160.00 102.00
20150212  00:57:00 16160.00 16165.00 16155.00 16155.00  54.00
20150212  00:56:00 16155.00 16155.00 16155.00 16155.00   0.00
20150212  00:55:00 16160.00 16165.00 16155.00 16155.00 218.00
20150212  00:54:00 16160.00 16165.00 16160.00 16160.00  28.00
20150212  00:53:00 16160.00 16160.00 16160.00 16160.00  10.00
20150212  00:52:00 16160.00 16160.00 16160.00 16160.00  10.00
20150212  00:51:00 16155.00 16160.00 16155.00 16160.00  68.00
20150212  00:50:00 16150.00 16155.00 16150.00 16155.00 110.00
20150212  00:49:00 16150.00 16150.00 16145.00 16150.00  78.00
20150212  00:48:00 16155.00 16155.00 16150.00 16150.00 116.00
20150212  00:47:00 16160.00 16160.00 16160.00 16160.00  22.00
20150212  00:46:00 16160.00 16160.00 16160.00 16160.00  24.00
20150212  00:45:00 16160.00 16160.00 16155.00 16160.00  16.00
20150212  00:44:00 16155.00 16160.00 16155.00 16160.00 170.00
20150212  00:43:00 16150.00 16150.00 16150.00 16150.00  22.00
20150212  00:42:00 16150.00 16150.00 16150.00 16150.00  22.00
20150212  00:41:00 16150.00 16155.00 16150.00 16150.00  56.00
20150212  00:40:00 16155.00 16155.00 16150.00 16150.00  64.00
20150212  00:39:00 16160.00 16160.00 16150.00 16155.00 166.00
20150212  00:38:00 16160.00 16160.00 16160.00 16160.00  54.00
20150212  00:37:00 16165.00 16165.00 16160.00 16160.00 140.00
20150212  00:36:00 16160.00 16160.00 16160.00 16160.00  46.00
20150212  00:35:00 16160.00 16160.00 16160.00 16160.00  40.00
20150212  00:34:00 16160.00 16160.00 16160.00 16160.00  36.00
20150212  00:33:00 16160.00 16165.00 16160.00 16160.00 106.00
20150212  00:32:00 16160.00 16160.00 16160.00 16160.00  84.00
20150212  00:31:00 16155.00 16165.00 16155.00 16160.00 262.00
20150212  00:30:00 16155.00 16155.00 16155.00 16155.00  80.00
20150212  00:29:00 16150.00 16155.00 16150.00 16155.00  50.00
20150212  00:28:00 16155.00 16155.00 16150.00 16150.00  82.00
20150212  00:27:00 16155.00 16160.00 16155.00 16155.00  58.00
20150212  00:26:00 16150.00 16155.00 16150.00 16155.00  82.00
20150212  00:25:00 16150.00 16155.00 16150.00 16150.00 258.00
20150212  00:24:00 16145.00 16150.00 16145.00 16150.00  86.00
20150212  00:23:00 16145.00 16145.00 16145.00 16145.00  28.00
20150212  00:22:00 16145.00 16145.00 16145.00 16145.00  28.00
20150212  00:21:00 16140.00 16145.00 16140.00 16145.00  76.00
20150212  00:20:00 16140.00 16145.00 16140.00 16140.00 120.00
20150212  00:19:00 16140.00 16140.00 16140.00 16140.00  80.00
20150212  00:18:00 16145.00 16145.00 16140.00 16140.00  36.00
20150212  00:17:00 16145.00 16145.00 16145.00 16145.00   2.00
20150212  00:16:00 16150.00 16150.00 16145.00 16145.00  98.00
20150212  00:15:00 16150.00 16150.00 16150.00 16150.00   2.00
20150212  00:14:00 16150.00 16150.00 16150.00 16150.00 218.00
20150212  00:13:00 16145.00 16145.00 16145.00 16145.00   4.00
20150212  00:12:00 16145.00 16145.00 16145.00 16145.00 174.00
20150212  00:11:00 16150.00 16150.00 16145.00 16145.00  22.00
20150212  00:10:00 16145.00 16150.00 16145.00 16150.00  34.00
20150212  00:09:00 16140.00 16145.00 16140.00 16145.00  78.00
20150212  00:08:00 16140.00 16140.00 16140.00 16140.00   8.00
20150212  00:07:00 16145.00 16145.00 16140.00 16140.00  32.00
20150212  00:06:00 16140.00 16145.00 16140.00 16145.00  48.00
20150212  00:05:00 16140.00 16140.00 16140.00 16140.00  56.00
20150212  00:04:00 16150.00 16150.00 16140.00 16140.00 232.00
20150212  00:03:00 16155.00 16155.00 16150.00 16150.00 110.00
20150212  00:02:00 16145.00 16155.00 16145.00 16155.00 452.00
20150212  00:01:00 16130.00 16150.00 16130.00 16150.00 304.00
20150212  00:00:00 16130.00 16135.00 16130.00 16135.00  12.00
20150211  23:59:00 16135.00 16135.00 16130.00 16130.00  14.00
20150211  23:58:00 16135.00 16135.00 16135.00 16135.00   0.00
20150211  23:57:00 16135.00 16135.00 16135.00 16135.00   2.00
20150211  23:56:00 16130.00 16135.00 16130.00 16135.00   6.00
20150211  23:55:00 16130.00 16130.00 16130.00 16130.00  10.00
20150211  23:54:00 16135.00 16135.00 16130.00 16130.00 206.00
20150211  23:53:00 16140.00 16140.00 16135.00 16135.00  50.00
20150211  23:52:00 16140.00 16145.00 16140.00 16140.00  46.00
20150211  23:51:00 16135.00 16145.00 16135.00 16140.00 140.00
20150211  23:50:00 16135.00 16135.00 16135.00 16135.00  32.00
20150211  23:49:00 16135.00 16140.00 16135.00 16135.00  88.00
20150211  23:48:00 16135.00 16140.00 16130.00 16135.00  44.00
20150211  23:47:00 16135.00 16135.00 16135.00 16135.00   4.00
20150211  23:46:00 16135.00 16135.00 16130.00 16135.00  66.00
20150211  23:45:00 16135.00 16140.00 16135.00 16135.00  58.00
20150211  23:44:00 16140.00 16140.00 16135.00 16135.00  10.00
20150211  23:43:00 16145.00 16145.00 16140.00 16140.00 100.00
20150211  23:42:00 16145.00 16150.00 16140.00 16145.00 242.00
20150211  23:41:00 16140.00 16145.00 16140.00 16145.00 186.00
20150211  23:40:00 16130.00 16140.00 16130.00 16140.00 270.00
20150211  23:39:00 16135.00 16135.00 16130.00 16130.00  94.00
20150211  23:38:00 16135.00 16135.00 16130.00 16135.00  64.00
20150211  23:37:00 16125.00 16135.00 16125.00 16135.00 282.00
20150211  23:36:00 16120.00 16125.00 16120.00 16125.00   6.00
20150211  23:35:00 16130.00 16130.00 16120.00 16120.00  84.00
20150211  23:34:00 16120.00 16130.00 16120.00 16130.00  94.00
20150211  23:33:00 16130.00 16130.00 16120.00 16120.00  94.00
20150211  23:32:00 16125.00 16130.00 16125.00 16125.00 156.00
20150211  23:31:00 16120.00 16125.00 16115.00 16125.00 128.00
20150211  23:30:00 16120.00 16125.00 16120.00 16120.00 200.00
20150211  23:29:00 16115.00 16130.00 16115.00 16120.00 230.00
20150211  23:28:00 16120.00 16120.00 16115.00 16115.00 380.00
20150211  23:27:00 16125.00 16130.00 16120.00 16120.00 156.00
20150211  23:26:00 16130.00 16130.00 16125.00 16125.00  12.00
20150211  23:25:00 16130.00 16130.00 16125.00 16130.00 194.00
20150211  23:24:00 16130.00 16130.00 16125.00 16130.00 248.00
20150211  23:23:00 16130.00 16135.00 16125.00 16130.00 258.00
20150211  23:22:00 16125.00 16135.00 16125.00 16130.00 154.00
20150211  23:21:00 16125.00 16130.00 16125.00 16125.00 140.00
20150211  23:20:00 16125.00 16130.00 16120.00 16125.00 216.00
20150211  23:19:00 16125.00 16130.00 16120.00 16125.00 316.00
20150211  23:18:00 16130.00 16130.00 16120.00 16125.00 352.00
20150211  23:17:00 16120.00 16130.00 16120.00 16130.00 106.00
20150211  23:16:00 16125.00 16130.00 16120.00 16120.00 242.00
20150211  23:15:00 16135.00 16135.00 16120.00 16125.00 598.00
20150211  23:14:00 16135.00 16140.00 16130.00 16130.00 276.00
20150211  23:13:00 16140.00 16150.00 16135.00 16135.00 400.00
20150211  23:12:00 16150.00 16155.00 16140.00 16140.00 552.00
20150211  23:11:00 16155.00 16155.00 16150.00 16150.00 228.00
20150211  23:10:00 16155.00 16160.00 16150.00 16155.00 230.00
20150211  23:09:00 16155.00 16160.00 16155.00 16160.00  70.00
20150211  23:08:00 16165.00 16165.00 16155.00 16155.00  42.00
20150211  23:07:00 16160.00 16165.00 16160.00 16165.00  78.00
20150211  23:06:00 16160.00 16165.00 16160.00 16160.00 120.00
20150211  23:05:00 16165.00 16165.00 16155.00 16160.00 192.00
20150211  23:04:00 16160.00 16165.00 16160.00 16160.00 214.00
20150211  23:03:00 16160.00 16160.00 16160.00 16160.00  26.00
20150211  23:02:00 16160.00 16165.00 16155.00 16160.00 180.00
20150211  23:01:00 16160.00 16165.00 16160.00 16160.00  22.00
20150211  23:00:00 16165.00 16165.00 16155.00 16160.00 154.00
20150211  22:59:00 16160.00 16165.00 16155.00 16165.00 290.00
20150211  22:58:00 16150.00 16160.00 16150.00 16160.00 140.00
20150211  22:57:00 16155.00 16155.00 16150.00 16150.00 114.00
20150211  22:56:00 16165.00 16170.00 16145.00 16155.00 1502.00
20150211  22:55:00 16180.00 16180.00 16165.00 16165.00 358.00
20150211  22:54:00 16180.00 16180.00 16180.00 16180.00   0.00
20150211  22:53:00 16180.00 16180.00 16180.00 16180.00   4.00
20150211  22:52:00 16175.00 16180.00 16175.00 16180.00 220.00
20150211  22:51:00 16175.00 16180.00 16175.00 16175.00  76.00
20150211  22:50:00 16180.00 16180.00 16170.00 16175.00 434.00
20150211  22:49:00 16180.00 16185.00 16180.00 16180.00 126.00
20150211  22:48:00 16180.00 16185.00 16180.00 16180.00  88.00
20150211  22:47:00 16180.00 16180.00 16180.00 16180.00  36.00
20150211  22:46:00 16185.00 16185.00 16180.00 16180.00 216.00
20150211  22:45:00 16185.00 16190.00 16185.00 16185.00 204.00
20150211  22:44:00 16185.00 16190.00 16185.00 16185.00  34.00
20150211  22:43:00 16185.00 16190.00 16185.00 16190.00   6.00
20150211  22:42:00 16185.00 16185.00 16185.00 16185.00 168.00
20150211  22:41:00 16185.00 16185.00 16185.00 16185.00 228.00
20150211  22:40:00 16185.00 16185.00 16185.00 16185.00 138.00
20150211  22:39:00 16185.00 16185.00 16185.00 16185.00 122.00
20150211  22:38:00 16180.00 16185.00 16180.00 16185.00   4.00
20150211  22:37:00 16185.00 16185.00 16180.00 16180.00 104.00
20150211  22:36:00 16185.00 16185.00 16185.00 16185.00  84.00
20150211  22:35:00 16185.00 16190.00 16185.00 16185.00  82.00
20150211  22:34:00 16180.00 16185.00 16180.00 16185.00 200.00
20150211  22:33:00 16180.00 16180.00 16180.00 16180.00  66.00
20150211  22:32:00 16180.00 16185.00 16180.00 16180.00  44.00
20150211  22:31:00 16180.00 16185.00 16180.00 16180.00  24.00
20150211  22:30:00 16175.00 16180.00 16175.00 16180.00  90.00
20150211  22:29:00 16180.00 16180.00 16175.00 16175.00  84.00
20150211  22:28:00 16180.00 16180.00 16180.00 16180.00  54.00
20150211  22:27:00 16180.00 16185.00 16180.00 16180.00 112.00
20150211  22:26:00 16180.00 16180.00 16180.00 16180.00   2.00
20150211  22:25:00 16180.00 16180.00 16180.00 16180.00   6.00
20150211  22:24:00 16180.00 16180.00 16180.00 16180.00  48.00
20150211  22:23:00 16180.00 16180.00 16175.00 16180.00  94.00
20150211  22:22:00 16185.00 16185.00 16180.00 16180.00 104.00
20150211  22:21:00 16180.00 16185.00 16180.00 16185.00  16.00
20150211  22:20:00 16185.00 16185.00 16180.00 16180.00  80.00
20150211  22:19:00 16180.00 16185.00 16180.00 16185.00  24.00
20150211  22:18:00 16185.00 16190.00 16180.00 16180.00 226.00
20150211  22:17:00 16185.00 16185.00 16185.00 16185.00  28.00
20150211  22:16:00 16180.00 16190.00 16175.00 16185.00 362.00
20150211  22:15:00 16180.00 16180.00 16175.00 16180.00  40.00
20150211  22:14:00 16175.00 16180.00 16175.00 16180.00 122.00
20150211  22:13:00 16180.00 16180.00 16180.00 16180.00  12.00
20150211  22:12:00 16180.00 16180.00 16180.00 16180.00  38.00
20150211  22:11:00 16180.00 16180.00 16175.00 16180.00 138.00
20150211  22:10:00 16185.00 16185.00 16180.00 16180.00   4.00
20150211  22:09:00 16185.00 16185.00 16185.00 16185.00   6.00
20150211  22:08:00 16185.00 16185.00 16185.00 16185.00   6.00
20150211  22:07:00 16180.00 16185.00 16180.00 16185.00  84.00
20150211  22:06:00 16180.00 16180.00 16180.00 16180.00  26.00
20150211  22:05:00 16185.00 16185.00 16175.00 16180.00 148.00
20150211  22:04:00 16185.00 16185.00 16180.00 16185.00   8.00
20150211  22:03:00 16180.00 16185.00 16180.00 16185.00   4.00
20150211  22:02:00 16180.00 16185.00 16180.00 16180.00  62.00
20150211  22:01:00 16180.00 16180.00 16175.00 16180.00  26.00
20150211  22:00:00 16175.00 16180.00 16170.00 16175.00  80.00
20150211  21:59:00 16175.00 16175.00 16175.00 16175.00  20.00
20150211  21:58:00 16175.00 16175.00 16175.00 16175.00  40.00
20150211  21:57:00 16175.00 16180.00 16175.00 16175.00  64.00
20150211  21:56:00 16175.00 16175.00 16175.00 16175.00  60.00
20150211  21:55:00 16170.00 16175.00 16170.00 16175.00 144.00
20150211  21:54:00 16165.00 16175.00 16165.00 16175.00  62.00
20150211  21:53:00 16180.00 16180.00 16165.00 16165.00 352.00
20150211  21:52:00 16180.00 16180.00 16180.00 16180.00  76.00
20150211  21:51:00 16180.00 16180.00 16175.00 16180.00   8.00
20150211  21:50:00 16180.00 16185.00 16175.00 16180.00 204.00
20150211  21:49:00 16190.00 16190.00 16180.00 16180.00 158.00
20150211  21:48:00 16190.00 16195.00 16185.00 16190.00  72.00
20150211  21:47:00 16185.00 16190.00 16185.00 16190.00 168.00
20150211  21:46:00 16185.00 16190.00 16185.00 16185.00  14.00
20150211  21:45:00 16190.00 16190.00 16185.00 16185.00  22.00
20150211  21:44:00 16185.00 16190.00 16185.00 16185.00  36.00
20150211  21:43:00 16185.00 16185.00 16185.00 16185.00 100.00
20150211  21:42:00 16185.00 16185.00 16180.00 16185.00 222.00
20150211  21:41:00 16180.00 16185.00 16175.00 16185.00 150.00
20150211  21:40:00 16175.00 16180.00 16175.00 16180.00 190.00
20150211  21:39:00 16175.00 16175.00 16170.00 16175.00  50.00
20150211  21:38:00 16180.00 16180.00 16170.00 16175.00 140.00
20150211  21:37:00 16180.00 16185.00 16175.00 16180.00 190.00
20150211  21:36:00 16170.00 16185.00 16170.00 16180.00 336.00
20150211  21:35:00 16170.00 16170.00 16160.00 16170.00 312.00
20150211  21:34:00 16165.00 16170.00 16165.00 16165.00 112.00
20150211  21:33:00 16165.00 16170.00 16165.00 16170.00 286.00
20150211  21:32:00 16160.00 16165.00 16160.00 16165.00 164.00
20150211  21:31:00 16180.00 16180.00 16160.00 16160.00 834.00
20150211  21:30:00 16195.00 16195.00 16180.00 16180.00 396.00
20150211  21:29:00 16195.00 16195.00 16195.00 16195.00   0.00
20150211  21:28:00 16190.00 16195.00 16190.00 16195.00  50.00
20150211  21:27:00 16195.00 16195.00 16190.00 16190.00 142.00
20150211  21:26:00 16195.00 16195.00 16190.00 16195.00 340.00
20150211  21:25:00 16200.00 16200.00 16190.00 16195.00  84.00
20150211  21:24:00 16195.00 16200.00 16190.00 16200.00 202.00
20150211  21:23:00 16195.00 16200.00 16195.00 16195.00 186.00
20150211  21:22:00 16195.00 16195.00 16195.00 16195.00  26.00
20150211  21:21:00 16195.00 16195.00 16195.00 16195.00  18.00
20150211  21:20:00 16190.00 16195.00 16190.00 16195.00  52.00
20150211  21:19:00 16195.00 16200.00 16190.00 16190.00 150.00
20150211  21:18:00 16190.00 16195.00 16190.00 16195.00 252.00
20150211  21:17:00 16205.00 16205.00 16185.00 16190.00 664.00
20150211  21:16:00 16205.00 16205.00 16200.00 16205.00  40.00
20150211  21:15:00 16200.00 16205.00 16200.00 16205.00  44.00
20150211  21:14:00 16210.00 16210.00 16200.00 16200.00 168.00
20150211  21:13:00 16215.00 16215.00 16205.00 16210.00 108.00
20150211  21:12:00 16215.00 16215.00 16215.00 16215.00   6.00
20150211  21:11:00 16215.00 16215.00 16210.00 16215.00  88.00
20150211  21:10:00 16215.00 16215.00 16215.00 16215.00 134.00
20150211  21:09:00 16210.00 16215.00 16205.00 16215.00 170.00
20150211  21:08:00 16215.00 16215.00 16210.00 16210.00 206.00
20150211  21:07:00 16220.00 16220.00 16215.00 16215.00 108.00
20150211  21:06:00 16220.00 16225.00 16215.00 16220.00 126.00
20150211  21:05:00 16220.00 16225.00 16220.00 16220.00 190.00
20150211  21:04:00 16220.00 16220.00 16215.00 16220.00  94.00
20150211  21:03:00 16220.00 16220.00 16215.00 16220.00 288.00
20150211  21:02:00 16215.00 16220.00 16215.00 16220.00 198.00
20150211  21:01:00 16225.00 16225.00 16215.00 16215.00 386.00
20150211  21:00:00 16210.00 16230.00 16210.00 16225.00 528.00
