20150126  15:00:00 16115.00 16115.00 16115.00 16115.00   0.00
20150126  14:59:00 16100.00 16120.00 16095.00 16115.00 1294.00
20150126  14:58:00 16095.00 16110.00 16090.00 16100.00 1454.00
20150126  14:57:00 16095.00 16100.00 16090.00 16090.00 654.00
20150126  14:56:00 16095.00 16100.00 16090.00 16095.00 1118.00
20150126  14:55:00 16090.00 16100.00 16080.00 16095.00 1756.00
20150126  14:54:00 16085.00 16090.00 16080.00 16090.00 1166.00
20150126  14:53:00 16085.00 16085.00 16080.00 16085.00 918.00
20150126  14:52:00 16065.00 16085.00 16065.00 16085.00 482.00
20150126  14:51:00 16060.00 16070.00 16060.00 16065.00 318.00
20150126  14:50:00 16050.00 16070.00 16050.00 16060.00 592.00
20150126  14:49:00 16070.00 16075.00 16050.00 16055.00 752.00
20150126  14:48:00 16065.00 16075.00 16065.00 16070.00 670.00
20150126  14:47:00 16075.00 16075.00 16060.00 16065.00 1610.00
20150126  14:46:00 16055.00 16075.00 16055.00 16075.00 1564.00
20150126  14:45:00 16065.00 16065.00 16050.00 16055.00 1600.00
20150126  14:44:00 16045.00 16070.00 16040.00 16065.00 2732.00
20150126  14:43:00 16020.00 16045.00 16015.00 16045.00 1658.00
20150126  14:42:00 16025.00 16025.00 16015.00 16020.00 594.00
20150126  14:41:00 16015.00 16025.00 16015.00 16025.00 218.00
20150126  14:40:00 16035.00 16035.00 16010.00 16015.00 834.00
20150126  14:39:00 16020.00 16035.00 16020.00 16035.00 796.00
20150126  14:38:00 16015.00 16020.00 16015.00 16020.00 468.00
20150126  14:37:00 16010.00 16020.00 16010.00 16015.00 562.00
20150126  14:36:00 16000.00 16015.00 16000.00 16010.00 696.00
20150126  14:35:00 16005.00 16010.00 15995.00 16000.00 230.00
20150126  14:34:00 16000.00 16005.00 16000.00 16005.00 252.00
20150126  14:33:00 16000.00 16005.00 15995.00 16000.00 692.00
20150126  14:32:00 16005.00 16010.00 16000.00 16000.00 610.00
20150126  14:31:00 16010.00 16010.00 16000.00 16005.00 330.00
20150126  14:30:00 16015.00 16015.00 16000.00 16010.00 902.00
20150126  14:29:00 16010.00 16025.00 16010.00 16015.00 610.00
20150126  14:28:00 16010.00 16020.00 16005.00 16010.00 1518.00
20150126  14:27:00 15995.00 16015.00 15990.00 16010.00 1228.00
20150126  14:26:00 16000.00 16005.00 15990.00 15995.00 1288.00
20150126  14:25:00 16015.00 16020.00 15990.00 15995.00 1508.00
20150126  14:24:00 16030.00 16040.00 16015.00 16015.00 974.00
20150126  14:23:00 16030.00 16035.00 16015.00 16025.00 842.00
20150126  14:22:00 16025.00 16030.00 16025.00 16030.00 7536.00
20150126  14:19:00 15995.00 16005.00 15985.00 16000.00 2112.00
20150126  14:18:00 15975.00 16005.00 15970.00 16000.00 2888.00
20150126  14:17:00 15955.00 15975.00 15955.00 15970.00 1506.00
20150126  14:16:00 15950.00 15965.00 15950.00 15955.00 1104.00
20150126  14:15:00 15935.00 15955.00 15930.00 15955.00 1346.00
20150126  14:14:00 15920.00 15935.00 15915.00 15930.00 1546.00
20150126  14:13:00 15940.00 15955.00 15915.00 15915.00 2940.00
20150126  14:12:00 15920.00 15955.00 15915.00 15940.00 2770.00
20150126  14:11:00 15980.00 15985.00 15915.00 15915.00 4872.00
20150126  14:10:00 15935.00 15985.00 15930.00 15980.00 3362.00
20150126  14:09:00 15965.00 15990.00 15920.00 15930.00 3928.00
20150126  14:08:00 15970.00 15975.00 15945.00 15965.00 2834.00
20150126  14:07:00 15970.00 15985.00 15960.00 15970.00 2752.00
20150126  14:06:00 15995.00 16000.00 15970.00 15970.00 2854.00
20150126  14:05:00 16025.00 16025.00 15990.00 16000.00 3648.00
20150126  14:04:00 16015.00 16030.00 16010.00 16025.00 1462.00
20150126  14:03:00 16030.00 16035.00 16005.00 16010.00 2352.00
20150126  14:02:00 16040.00 16045.00 16020.00 16025.00 1388.00
20150126  14:01:00 16035.00 16060.00 16035.00 16040.00 1630.00
20150126  14:00:00 16045.00 16060.00 16030.00 16035.00 1952.00
20150126  13:59:00 16055.00 16060.00 16045.00 16045.00 770.00
20150126  13:58:00 16070.00 16070.00 16055.00 16055.00 682.00
20150126  13:57:00 16060.00 16070.00 16060.00 16070.00 360.00
20150126  13:56:00 16070.00 16070.00 16060.00 16060.00 622.00
20150126  13:55:00 16080.00 16080.00 16075.00 16075.00 440.00
20150126  13:54:00 16070.00 16085.00 16065.00 16080.00 490.00
20150126  13:53:00 16065.00 16075.00 16065.00 16070.00 410.00
20150126  13:52:00 16055.00 16065.00 16055.00 16065.00 118.00
20150126  13:51:00 16060.00 16065.00 16055.00 16055.00 328.00
20150126  13:50:00 16075.00 16080.00 16060.00 16060.00 484.00
20150126  13:49:00 16070.00 16080.00 16065.00 16075.00 398.00
20150126  13:48:00 16060.00 16070.00 16055.00 16070.00 262.00
20150126  13:47:00 16060.00 16070.00 16055.00 16060.00 512.00
20150126  13:46:00 16055.00 16060.00 16055.00 16060.00 808.00
20150126  13:45:00 16065.00 16065.00 16055.00 16055.00 370.00
20150126  13:44:00 16050.00 16065.00 16045.00 16065.00 1366.00
20150126  13:43:00 16055.00 16060.00 16050.00 16050.00 294.00
20150126  13:42:00 16070.00 16070.00 16055.00 16055.00 648.00
20150126  13:41:00 16070.00 16070.00 16065.00 16070.00 114.00
20150126  13:40:00 16070.00 16075.00 16065.00 16070.00 360.00
20150126  13:39:00 16080.00 16085.00 16060.00 16065.00 1422.00
20150126  13:38:00 16080.00 16085.00 16075.00 16075.00 316.00
20150126  13:37:00 16085.00 16090.00 16080.00 16080.00 952.00
20150126  13:36:00 16085.00 16090.00 16085.00 16085.00 278.00
20150126  13:35:00 16085.00 16085.00 16075.00 16085.00 562.00
20150126  13:34:00 16080.00 16085.00 16075.00 16085.00 710.00
20150126  13:33:00 16090.00 16090.00 16075.00 16085.00 558.00
20150126  13:32:00 16070.00 16090.00 16065.00 16085.00 1040.00
20150126  13:31:00 16065.00 16075.00 16065.00 16070.00 726.00
20150126  13:30:00 16070.00 16070.00 16055.00 16065.00 922.00
20150126  11:29:00 16060.00 16070.00 16060.00 16070.00 316.00
20150126  11:28:00 16060.00 16075.00 16060.00 16060.00 540.00
20150126  11:27:00 16060.00 16065.00 16060.00 16060.00 208.00
20150126  11:26:00 16070.00 16075.00 16050.00 16060.00 892.00
20150126  11:25:00 16055.00 16070.00 16050.00 16065.00 562.00
20150126  11:24:00 16045.00 16055.00 16045.00 16050.00 454.00
20150126  11:23:00 16045.00 16060.00 16040.00 16050.00 1018.00
20150126  11:22:00 16050.00 16055.00 16045.00 16045.00 958.00
20150126  11:21:00 16035.00 16050.00 16030.00 16050.00 668.00
20150126  11:20:00 16035.00 16040.00 16020.00 16035.00 2324.00
20150126  11:19:00 16055.00 16060.00 16035.00 16035.00 1242.00
20150126  11:18:00 16060.00 16060.00 16045.00 16055.00 1534.00
20150126  11:17:00 16055.00 16065.00 16050.00 16060.00 704.00
20150126  11:16:00 16055.00 16065.00 16050.00 16055.00 1036.00
20150126  11:15:00 16060.00 16060.00 16040.00 16055.00 1348.00
20150126  11:14:00 16060.00 16060.00 16045.00 16060.00 856.00
20150126  11:13:00 16085.00 16085.00 16060.00 16060.00 1166.00
20150126  11:12:00 16090.00 16090.00 16075.00 16085.00 674.00
20150126  11:11:00 16110.00 16110.00 16085.00 16085.00 596.00
20150126  11:10:00 16105.00 16110.00 16100.00 16110.00 372.00
20150126  11:09:00 16105.00 16110.00 16100.00 16105.00 350.00
20150126  11:08:00 16105.00 16115.00 16100.00 16100.00 866.00
20150126  11:07:00 16085.00 16105.00 16085.00 16105.00 744.00
20150126  11:06:00 16100.00 16100.00 16080.00 16085.00 1212.00
20150126  11:05:00 16100.00 16100.00 16095.00 16100.00 492.00
20150126  11:04:00 16105.00 16115.00 16095.00 16100.00 852.00
20150126  11:03:00 16105.00 16110.00 16100.00 16110.00 448.00
20150126  11:02:00 16115.00 16115.00 16095.00 16105.00 1116.00
20150126  11:01:00 16110.00 16125.00 16110.00 16115.00 252.00
20150126  11:00:00 16120.00 16120.00 16110.00 16110.00 168.00
20150126  10:59:00 16110.00 16125.00 16110.00 16120.00 780.00
20150126  10:58:00 16115.00 16115.00 16110.00 16110.00 440.00
20150126  10:57:00 16110.00 16120.00 16110.00 16115.00  82.00
20150126  10:56:00 16115.00 16115.00 16110.00 16110.00 440.00
20150126  10:55:00 16120.00 16120.00 16115.00 16120.00 120.00
20150126  10:54:00 16115.00 16120.00 16115.00 16120.00  58.00
20150126  10:53:00 16120.00 16120.00 16115.00 16115.00 410.00
20150126  10:52:00 16115.00 16120.00 16115.00 16120.00  34.00
20150126  10:51:00 16120.00 16120.00 16115.00 16115.00  82.00
20150126  10:50:00 16115.00 16120.00 16115.00 16120.00 142.00
20150126  10:49:00 16125.00 16125.00 16120.00 16120.00  28.00
20150126  10:48:00 16115.00 16125.00 16115.00 16125.00  92.00
20150126  10:47:00 16115.00 16120.00 16115.00 16120.00 218.00
20150126  10:46:00 16125.00 16125.00 16115.00 16115.00 370.00
20150126  10:45:00 16125.00 16130.00 16120.00 16125.00 192.00
20150126  10:44:00 16120.00 16125.00 16120.00 16125.00 226.00
20150126  10:43:00 16125.00 16125.00 16120.00 16120.00  78.00
20150126  10:42:00 16125.00 16125.00 16125.00 16125.00 126.00
20150126  10:41:00 16120.00 16125.00 16120.00 16125.00 220.00
20150126  10:40:00 16125.00 16125.00 16120.00 16120.00  36.00
20150126  10:39:00 16120.00 16125.00 16120.00 16125.00  18.00
20150126  10:38:00 16130.00 16130.00 16120.00 16120.00 526.00
20150126  10:37:00 16130.00 16130.00 16125.00 16130.00  64.00
20150126  10:36:00 16125.00 16135.00 16125.00 16130.00 236.00
20150126  10:35:00 16125.00 16125.00 16120.00 16125.00 100.00
20150126  10:34:00 16115.00 16125.00 16115.00 16125.00 208.00
20150126  10:33:00 16130.00 16130.00 16115.00 16115.00 604.00
20150126  10:32:00 16130.00 16130.00 16120.00 16125.00 200.00
20150126  10:31:00 16135.00 16135.00 16130.00 16135.00 174.00
20150126  10:30:00 16120.00 16140.00 16115.00 16135.00 278.00
20150126  10:14:00 16125.00 16125.00 16115.00 16120.00 258.00
20150126  10:13:00 16115.00 16125.00 16115.00 16125.00 252.00
20150126  10:12:00 16125.00 16125.00 16115.00 16115.00 452.00
20150126  10:11:00 16130.00 16130.00 16125.00 16125.00 152.00
20150126  10:10:00 16130.00 16130.00 16125.00 16130.00  70.00
20150126  10:09:00 16125.00 16130.00 16125.00 16130.00 230.00
20150126  10:08:00 16120.00 16125.00 16115.00 16125.00 138.00
20150126  10:07:00 16105.00 16125.00 16100.00 16115.00 674.00
20150126  10:06:00 16105.00 16110.00 16100.00 16105.00 476.00
20150126  10:05:00 16110.00 16115.00 16105.00 16105.00 1646.00
20150126  10:04:00 16125.00 16125.00 16110.00 16115.00 1162.00
20150126  10:03:00 16130.00 16135.00 16120.00 16125.00 1030.00
20150126  10:02:00 16125.00 16130.00 16120.00 16130.00 942.00
20150126  10:01:00 16135.00 16135.00 16125.00 16125.00 494.00
20150126  10:00:00 16130.00 16140.00 16125.00 16135.00 1052.00
20150126  09:59:00 16140.00 16145.00 16135.00 16135.00 512.00
20150126  09:58:00 16140.00 16140.00 16130.00 16140.00 572.00
20150126  09:57:00 16145.00 16145.00 16140.00 16140.00 260.00
20150126  09:56:00 16140.00 16145.00 16135.00 16145.00 410.00
20150126  09:55:00 16145.00 16145.00 16135.00 16140.00 614.00
20150126  09:54:00 16150.00 16155.00 16140.00 16145.00 1738.00
20150126  09:53:00 16140.00 16155.00 16140.00 16150.00 896.00
20150126  09:52:00 16145.00 16150.00 16140.00 16140.00 454.00
20150126  09:51:00 16140.00 16145.00 16130.00 16140.00 776.00
20150126  09:50:00 16135.00 16145.00 16135.00 16140.00 930.00
20150126  09:49:00 16145.00 16150.00 16135.00 16135.00 850.00
20150126  09:48:00 16140.00 16150.00 16135.00 16145.00 874.00
20150126  09:47:00 16140.00 16140.00 16130.00 16140.00 530.00
20150126  09:46:00 16140.00 16140.00 16135.00 16140.00 386.00
20150126  09:45:00 16155.00 16155.00 16135.00 16140.00 528.00
20150126  09:44:00 16150.00 16160.00 16150.00 16155.00 432.00
20150126  09:43:00 16155.00 16165.00 16145.00 16150.00 956.00
20150126  09:42:00 16145.00 16160.00 16145.00 16155.00 1156.00
20150126  09:41:00 16135.00 16145.00 16135.00 16145.00 624.00
20150126  09:40:00 16135.00 16140.00 16120.00 16135.00 694.00
20150126  09:39:00 16130.00 16140.00 16120.00 16135.00 876.00
20150126  09:38:00 16130.00 16140.00 16125.00 16125.00 936.00
20150126  09:37:00 16145.00 16145.00 16125.00 16130.00 1466.00
20150126  09:36:00 16155.00 16155.00 16140.00 16145.00 686.00
20150126  09:35:00 16155.00 16165.00 16150.00 16155.00 524.00
20150126  09:34:00 16160.00 16160.00 16150.00 16150.00 368.00
20150126  09:33:00 16135.00 16160.00 16135.00 16160.00 664.00
20150126  09:32:00 16145.00 16155.00 16135.00 16135.00 620.00
20150126  09:31:00 16170.00 16170.00 16145.00 16145.00 1098.00
20150126  09:30:00 16170.00 16170.00 16160.00 16170.00 510.00
20150126  09:29:00 16180.00 16185.00 16165.00 16165.00 1110.00
20150126  09:28:00 16160.00 16185.00 16160.00 16180.00 964.00
20150126  09:27:00 16150.00 16165.00 16150.00 16160.00 670.00
20150126  09:26:00 16155.00 16155.00 16145.00 16150.00 486.00
20150126  09:25:00 16145.00 16160.00 16130.00 16155.00 1282.00
20150126  09:24:00 16145.00 16150.00 16140.00 16140.00 358.00
20150126  09:23:00 16160.00 16160.00 16140.00 16145.00 920.00
20150126  09:22:00 16160.00 16160.00 16150.00 16155.00 756.00
20150126  09:21:00 16175.00 16175.00 16160.00 16160.00 870.00
20150126  09:20:00 16160.00 16180.00 16155.00 16175.00 1262.00
20150126  09:19:00 16150.00 16170.00 16145.00 16160.00 1226.00
20150126  09:18:00 16160.00 16165.00 16135.00 16150.00 712.00
20150126  09:17:00 16145.00 16170.00 16135.00 16165.00 1648.00
20150126  09:16:00 16140.00 16155.00 16120.00 16145.00 2124.00
20150126  09:15:00 16105.00 16145.00 16095.00 16140.00 2400.00
20150126  09:14:00 16120.00 16125.00 16100.00 16100.00 882.00
20150126  09:13:00 16130.00 16135.00 16120.00 16125.00 1202.00
20150126  09:12:00 16095.00 16135.00 16095.00 16135.00 1730.00
20150126  09:11:00 16095.00 16115.00 16090.00 16095.00 1646.00
20150126  09:10:00 16070.00 16100.00 16065.00 16090.00 1242.00
20150126  09:09:00 16065.00 16075.00 16065.00 16070.00 496.00
20150126  09:08:00 16075.00 16080.00 16055.00 16065.00 766.00
20150126  09:07:00 16060.00 16080.00 16055.00 16075.00 1194.00
20150126  09:06:00 16065.00 16070.00 16050.00 16060.00 1220.00
20150126  09:05:00 16095.00 16095.00 16065.00 16070.00 1476.00
20150126  09:04:00 16080.00 16100.00 16070.00 16095.00 1518.00
20150126  09:03:00 16055.00 16085.00 16045.00 16080.00 2866.00
20150126  09:02:00 16090.00 16095.00 16050.00 16050.00 2774.00
20150126  09:01:00 16095.00 16110.00 16085.00 16090.00 2282.00
20150126  09:00:00 16155.00 16160.00 16100.00 16100.00 3486.00
20150124  01:00:00 16150.00 16150.00 16150.00 16150.00   0.00
20150124  00:59:00 16165.00 16165.00 16150.00 16150.00 466.00
20150124  00:58:00 16160.00 16165.00 16155.00 16160.00 498.00
20150124  00:57:00 16165.00 16165.00 16160.00 16160.00 382.00
20150124  00:56:00 16165.00 16170.00 16165.00 16165.00 154.00
20150124  00:55:00 16165.00 16175.00 16165.00 16165.00 360.00
20150124  00:54:00 16165.00 16170.00 16165.00 16170.00 452.00
20150124  00:53:00 16170.00 16175.00 16165.00 16165.00 504.00
20150124  00:52:00 16170.00 16170.00 16170.00 16170.00 138.00
20150124  00:51:00 16170.00 16180.00 16165.00 16170.00 524.00
20150124  00:50:00 16180.00 16180.00 16165.00 16170.00 360.00
20150124  00:49:00 16185.00 16190.00 16175.00 16180.00 432.00
20150124  00:48:00 16185.00 16185.00 16175.00 16185.00 348.00
20150124  00:47:00 16185.00 16185.00 16180.00 16185.00  84.00
20150124  00:46:00 16185.00 16185.00 16185.00 16185.00  24.00
20150124  00:45:00 16190.00 16190.00 16190.00 16190.00  18.00
20150124  00:44:00 16190.00 16190.00 16185.00 16190.00  60.00
20150124  00:43:00 16190.00 16190.00 16190.00 16190.00  32.00
20150124  00:42:00 16180.00 16195.00 16180.00 16190.00 366.00
20150124  00:41:00 16180.00 16180.00 16180.00 16180.00   0.00
20150124  00:40:00 16180.00 16185.00 16180.00 16180.00  34.00
20150124  00:39:00 16185.00 16185.00 16185.00 16185.00   0.00
20150124  00:38:00 16185.00 16185.00 16180.00 16185.00  32.00
20150124  00:37:00 16180.00 16185.00 16180.00 16185.00   8.00
20150124  00:36:00 16185.00 16185.00 16180.00 16180.00 146.00
20150124  00:35:00 16180.00 16185.00 16180.00 16185.00  98.00
20150124  00:34:00 16175.00 16180.00 16175.00 16180.00 184.00
20150124  00:33:00 16175.00 16175.00 16170.00 16175.00 104.00
20150124  00:32:00 16185.00 16185.00 16175.00 16175.00 156.00
20150124  00:31:00 16185.00 16185.00 16180.00 16185.00 138.00
20150124  00:30:00 16185.00 16190.00 16180.00 16185.00 164.00
20150124  00:29:00 16185.00 16185.00 16175.00 16185.00 306.00
20150124  00:28:00 16185.00 16190.00 16180.00 16185.00 352.00
20150124  00:27:00 16165.00 16185.00 16165.00 16185.00 290.00
20150124  00:26:00 16160.00 16170.00 16160.00 16165.00 398.00
20150124  00:25:00 16170.00 16170.00 16160.00 16165.00 230.00
20150124  00:24:00 16175.00 16175.00 16170.00 16170.00  92.00
20150124  00:23:00 16170.00 16175.00 16170.00 16175.00   6.00
20150124  00:22:00 16170.00 16175.00 16170.00 16170.00  88.00
20150124  00:21:00 16175.00 16175.00 16165.00 16170.00 1232.00
20150124  00:20:00 16180.00 16180.00 16170.00 16175.00 262.00
20150124  00:19:00 16175.00 16180.00 16170.00 16180.00 448.00
20150124  00:18:00 16180.00 16180.00 16180.00 16180.00  96.00
20150124  00:17:00 16180.00 16180.00 16175.00 16180.00  94.00
20150124  00:16:00 16180.00 16180.00 16175.00 16180.00  58.00
20150124  00:15:00 16190.00 16190.00 16175.00 16180.00 360.00
20150124  00:14:00 16185.00 16190.00 16185.00 16190.00  98.00
20150124  00:13:00 16195.00 16195.00 16185.00 16185.00  18.00
20150124  00:12:00 16195.00 16195.00 16190.00 16195.00  82.00
20150124  00:11:00 16190.00 16195.00 16190.00 16195.00 102.00
20150124  00:10:00 16190.00 16190.00 16190.00 16190.00  16.00
20150124  00:09:00 16195.00 16195.00 16190.00 16190.00 206.00
20150124  00:08:00 16200.00 16200.00 16195.00 16195.00  76.00
20150124  00:07:00 16190.00 16195.00 16190.00 16195.00 200.00
20150124  00:06:00 16185.00 16190.00 16185.00 16190.00   8.00
20150124  00:05:00 16185.00 16185.00 16185.00 16185.00  96.00
20150124  00:04:00 16190.00 16190.00 16180.00 16185.00 192.00
20150124  00:03:00 16185.00 16190.00 16185.00 16190.00 222.00
20150124  00:02:00 16185.00 16185.00 16185.00 16185.00  68.00
20150124  00:01:00 16190.00 16190.00 16185.00 16185.00 192.00
20150124  00:00:00 16190.00 16195.00 16185.00 16190.00 136.00
20150123  23:59:00 16190.00 16195.00 16190.00 16190.00 114.00
20150123  23:58:00 16195.00 16195.00 16190.00 16190.00 186.00
20150123  23:57:00 16185.00 16195.00 16185.00 16195.00 232.00
20150123  23:56:00 16195.00 16195.00 16185.00 16185.00 170.00
20150123  23:55:00 16200.00 16200.00 16190.00 16195.00 260.00
20150123  23:54:00 16200.00 16205.00 16195.00 16200.00 324.00
20150123  23:53:00 16205.00 16210.00 16200.00 16205.00 220.00
20150123  23:52:00 16205.00 16205.00 16205.00 16205.00   4.00
20150123  23:51:00 16210.00 16210.00 16205.00 16205.00  74.00
20150123  23:50:00 16205.00 16210.00 16205.00 16210.00 120.00
20150123  23:49:00 16205.00 16205.00 16205.00 16205.00  78.00
20150123  23:48:00 16200.00 16205.00 16200.00 16205.00  36.00
20150123  23:47:00 16205.00 16205.00 16200.00 16200.00  22.00
20150123  23:46:00 16205.00 16205.00 16200.00 16205.00 124.00
20150123  23:45:00 16205.00 16205.00 16205.00 16205.00  50.00
20150123  23:44:00 16205.00 16205.00 16205.00 16205.00  70.00
20150123  23:43:00 16205.00 16205.00 16205.00 16205.00   2.00
20150123  23:42:00 16205.00 16205.00 16200.00 16205.00  26.00
20150123  23:41:00 16205.00 16210.00 16205.00 16205.00   8.00
20150123  23:40:00 16205.00 16205.00 16205.00 16205.00  20.00
20150123  23:39:00 16210.00 16210.00 16205.00 16205.00  94.00
20150123  23:38:00 16205.00 16210.00 16200.00 16210.00 214.00
20150123  23:37:00 16200.00 16205.00 16200.00 16205.00   2.00
20150123  23:36:00 16210.00 16210.00 16200.00 16200.00 178.00
20150123  23:35:00 16205.00 16210.00 16205.00 16210.00 288.00
20150123  23:34:00 16205.00 16210.00 16205.00 16205.00 196.00
20150123  23:33:00 16210.00 16210.00 16205.00 16205.00  22.00
20150123  23:32:00 16215.00 16215.00 16205.00 16205.00 294.00
20150123  23:31:00 16215.00 16220.00 16215.00 16215.00 596.00
20150123  23:30:00 16205.00 16215.00 16205.00 16215.00 514.00
20150123  23:29:00 16205.00 16210.00 16205.00 16210.00 136.00
20150123  23:28:00 16195.00 16205.00 16195.00 16200.00 236.00
20150123  23:27:00 16210.00 16210.00 16195.00 16195.00 284.00
20150123  23:26:00 16200.00 16210.00 16200.00 16210.00 108.00
20150123  23:25:00 16195.00 16200.00 16195.00 16200.00  60.00
20150123  23:24:00 16195.00 16200.00 16195.00 16195.00  22.00
20150123  23:23:00 16190.00 16195.00 16190.00 16195.00  78.00
20150123  23:22:00 16190.00 16190.00 16185.00 16190.00 136.00
20150123  23:21:00 16190.00 16195.00 16185.00 16185.00 154.00
20150123  23:20:00 16190.00 16190.00 16185.00 16190.00 220.00
20150123  23:19:00 16200.00 16200.00 16190.00 16190.00 424.00
20150123  23:18:00 16190.00 16200.00 16190.00 16195.00 446.00
20150123  23:17:00 16185.00 16195.00 16185.00 16190.00 364.00
20150123  23:16:00 16180.00 16190.00 16180.00 16185.00 150.00
20150123  23:15:00 16170.00 16180.00 16170.00 16180.00 512.00
20150123  23:14:00 16175.00 16175.00 16165.00 16170.00 872.00
20150123  23:13:00 16190.00 16190.00 16175.00 16175.00 260.00
20150123  23:12:00 16195.00 16195.00 16185.00 16190.00 314.00
20150123  23:11:00 16185.00 16200.00 16180.00 16195.00 1314.00
20150123  23:10:00 16180.00 16185.00 16170.00 16185.00 1090.00
20150123  23:09:00 16195.00 16195.00 16185.00 16185.00 242.00
20150123  23:08:00 16190.00 16195.00 16180.00 16195.00 684.00
20150123  23:07:00 16195.00 16200.00 16185.00 16190.00 688.00
20150123  23:06:00 16200.00 16210.00 16190.00 16195.00 636.00
20150123  23:05:00 16205.00 16215.00 16200.00 16200.00 588.00
20150123  23:04:00 16215.00 16215.00 16205.00 16215.00 700.00
20150123  23:03:00 16215.00 16215.00 16215.00 16215.00  74.00
20150123  23:02:00 16220.00 16220.00 16215.00 16215.00 148.00
20150123  23:01:00 16220.00 16220.00 16220.00 16220.00  16.00
20150123  23:00:00 16215.00 16220.00 16210.00 16220.00 188.00
20150123  22:59:00 16215.00 16220.00 16210.00 16215.00 394.00
20150123  22:58:00 16210.00 16215.00 16210.00 16215.00 114.00
20150123  22:57:00 16220.00 16220.00 16210.00 16210.00 276.00
20150123  22:56:00 16225.00 16225.00 16220.00 16220.00  38.00
20150123  22:55:00 16225.00 16225.00 16220.00 16225.00 280.00
20150123  22:54:00 16220.00 16225.00 16220.00 16225.00  34.00
20150123  22:53:00 16230.00 16230.00 16220.00 16220.00  24.00
20150123  22:52:00 16230.00 16230.00 16225.00 16230.00  40.00
20150123  22:51:00 16220.00 16225.00 16220.00 16225.00  92.00
20150123  22:50:00 16230.00 16235.00 16220.00 16220.00 402.00
20150123  22:49:00 16235.00 16235.00 16230.00 16230.00 244.00
20150123  22:48:00 16230.00 16235.00 16230.00 16235.00 244.00
20150123  22:47:00 16230.00 16235.00 16230.00 16230.00 638.00
20150123  22:46:00 16220.00 16230.00 16220.00 16230.00 514.00
20150123  22:45:00 16215.00 16225.00 16215.00 16220.00 408.00
20150123  22:44:00 16215.00 16220.00 16215.00 16215.00  40.00
20150123  22:43:00 16215.00 16220.00 16210.00 16215.00 130.00
20150123  22:42:00 16210.00 16220.00 16210.00 16215.00 192.00
20150123  22:41:00 16210.00 16215.00 16210.00 16210.00  98.00
20150123  22:40:00 16215.00 16220.00 16210.00 16215.00 600.00
20150123  22:39:00 16220.00 16225.00 16215.00 16215.00  94.00
20150123  22:38:00 16220.00 16220.00 16215.00 16220.00 108.00
20150123  22:37:00 16215.00 16225.00 16215.00 16220.00 128.00
20150123  22:36:00 16220.00 16220.00 16215.00 16215.00  46.00
20150123  22:35:00 16220.00 16225.00 16220.00 16220.00 152.00
20150123  22:34:00 16220.00 16225.00 16220.00 16220.00 148.00
20150123  22:33:00 16225.00 16225.00 16220.00 16220.00 176.00
20150123  22:32:00 16215.00 16225.00 16215.00 16225.00 354.00
20150123  22:31:00 16210.00 16220.00 16210.00 16215.00 170.00
20150123  22:30:00 16210.00 16215.00 16210.00 16210.00 216.00
20150123  22:29:00 16215.00 16215.00 16210.00 16210.00 150.00
20150123  22:28:00 16215.00 16220.00 16210.00 16215.00 246.00
20150123  22:27:00 16215.00 16220.00 16210.00 16220.00 160.00
20150123  22:26:00 16210.00 16220.00 16210.00 16215.00 210.00
20150123  22:25:00 16200.00 16220.00 16200.00 16210.00 484.00
20150123  22:24:00 16200.00 16205.00 16195.00 16200.00 424.00
20150123  22:23:00 16200.00 16200.00 16195.00 16200.00 198.00
20150123  22:22:00 16205.00 16205.00 16200.00 16200.00  34.00
20150123  22:21:00 16200.00 16205.00 16200.00 16205.00  98.00
20150123  22:20:00 16200.00 16205.00 16200.00 16200.00 384.00
20150123  22:19:00 16205.00 16210.00 16200.00 16200.00 228.00
20150123  22:18:00 16210.00 16210.00 16205.00 16210.00  26.00
20150123  22:17:00 16210.00 16210.00 16205.00 16210.00  80.00
20150123  22:16:00 16205.00 16215.00 16205.00 16210.00 132.00
20150123  22:15:00 16215.00 16215.00 16205.00 16210.00 514.00
20150123  22:14:00 16210.00 16215.00 16205.00 16215.00 274.00
20150123  22:13:00 16200.00 16210.00 16200.00 16210.00  52.00
20150123  22:12:00 16200.00 16205.00 16200.00 16205.00 168.00
20150123  22:11:00 16190.00 16210.00 16190.00 16200.00 788.00
20150123  22:10:00 16190.00 16190.00 16190.00 16190.00 170.00
20150123  22:09:00 16195.00 16195.00 16190.00 16190.00 226.00
20150123  22:08:00 16195.00 16195.00 16190.00 16195.00 234.00
20150123  22:07:00 16190.00 16195.00 16190.00 16195.00 110.00
20150123  22:06:00 16190.00 16195.00 16185.00 16190.00 220.00
20150123  22:05:00 16185.00 16190.00 16185.00 16190.00 158.00
20150123  22:04:00 16185.00 16185.00 16180.00 16185.00 180.00
20150123  22:03:00 16185.00 16185.00 16180.00 16185.00  46.00
20150123  22:02:00 16190.00 16190.00 16185.00 16190.00 116.00
20150123  22:01:00 16180.00 16190.00 16180.00 16190.00  74.00
20150123  22:00:00 16190.00 16190.00 16180.00 16180.00 604.00
20150123  21:59:00 16190.00 16190.00 16185.00 16190.00  42.00
20150123  21:58:00 16190.00 16190.00 16185.00 16190.00 152.00
20150123  21:57:00 16195.00 16195.00 16190.00 16190.00  48.00
20150123  21:56:00 16190.00 16195.00 16185.00 16195.00  70.00
20150123  21:55:00 16185.00 16190.00 16185.00 16190.00 302.00
20150123  21:54:00 16190.00 16190.00 16185.00 16185.00 194.00
20150123  21:53:00 16185.00 16190.00 16185.00 16190.00 248.00
20150123  21:52:00 16195.00 16195.00 16185.00 16185.00 184.00
20150123  21:51:00 16190.00 16195.00 16185.00 16195.00 362.00
20150123  21:50:00 16190.00 16195.00 16185.00 16190.00 338.00
20150123  21:49:00 16185.00 16190.00 16185.00 16190.00 394.00
20150123  21:48:00 16185.00 16195.00 16185.00 16185.00 474.00
20150123  21:47:00 16190.00 16190.00 16180.00 16185.00 446.00
20150123  21:46:00 16195.00 16195.00 16185.00 16190.00 488.00
20150123  21:45:00 16200.00 16200.00 16190.00 16195.00 186.00
20150123  21:44:00 16205.00 16205.00 16195.00 16200.00 384.00
20150123  21:43:00 16205.00 16210.00 16205.00 16205.00 212.00
20150123  21:42:00 16200.00 16210.00 16195.00 16205.00 516.00
20150123  21:41:00 16190.00 16205.00 16190.00 16200.00 386.00
20150123  21:40:00 16190.00 16195.00 16185.00 16190.00 538.00
20150123  21:39:00 16190.00 16195.00 16185.00 16190.00 590.00
20150123  21:38:00 16215.00 16215.00 16185.00 16190.00 2008.00
20150123  21:37:00 16215.00 16220.00 16210.00 16215.00 416.00
20150123  21:36:00 16220.00 16225.00 16215.00 16215.00 360.00
20150123  21:35:00 16225.00 16225.00 16215.00 16220.00 526.00
20150123  21:34:00 16220.00 16230.00 16220.00 16225.00 330.00
20150123  21:33:00 16210.00 16220.00 16210.00 16220.00 344.00
20150123  21:32:00 16200.00 16225.00 16200.00 16215.00 594.00
20150123  21:31:00 16210.00 16215.00 16200.00 16200.00 732.00
20150123  21:30:00 16230.00 16230.00 16210.00 16215.00 1012.00
20150123  21:29:00 16235.00 16235.00 16230.00 16230.00 282.00
20150123  21:28:00 16235.00 16235.00 16230.00 16235.00 110.00
20150123  21:27:00 16230.00 16240.00 16230.00 16235.00 598.00
20150123  21:26:00 16230.00 16235.00 16230.00 16230.00 144.00
20150123  21:25:00 16235.00 16235.00 16225.00 16230.00 290.00
20150123  21:24:00 16230.00 16235.00 16225.00 16235.00 324.00
20150123  21:23:00 16235.00 16235.00 16230.00 16230.00 234.00
20150123  21:22:00 16240.00 16240.00 16230.00 16240.00 484.00
20150123  21:21:00 16245.00 16245.00 16235.00 16240.00 794.00
20150123  21:20:00 16230.00 16245.00 16230.00 16245.00 1012.00
20150123  21:19:00 16230.00 16230.00 16225.00 16230.00 388.00
20150123  21:18:00 16230.00 16230.00 16225.00 16225.00 732.00
20150123  21:17:00 16235.00 16235.00 16225.00 16230.00 676.00
20150123  21:16:00 16235.00 16240.00 16230.00 16230.00 300.00
20150123  21:15:00 16235.00 16240.00 16235.00 16235.00 406.00
20150123  21:14:00 16230.00 16235.00 16225.00 16230.00 430.00
20150123  21:13:00 16230.00 16235.00 16225.00 16230.00 130.00
20150123  21:12:00 16225.00 16230.00 16225.00 16230.00 292.00
20150123  21:11:00 16225.00 16235.00 16220.00 16225.00 666.00
20150123  21:10:00 16235.00 16235.00 16220.00 16225.00 1120.00
20150123  21:09:00 16240.00 16245.00 16235.00 16235.00 380.00
20150123  21:08:00 16235.00 16240.00 16230.00 16240.00 768.00
20150123  21:07:00 16235.00 16245.00 16230.00 16235.00 2122.00
20150123  21:06:00 16220.00 16240.00 16220.00 16235.00 1256.00
20150123  21:05:00 16210.00 16225.00 16205.00 16220.00 740.00
20150123  21:04:00 16210.00 16215.00 16200.00 16210.00 738.00
20150123  21:03:00 16200.00 16210.00 16190.00 16210.00 778.00
20150123  21:02:00 16210.00 16215.00 16190.00 16195.00 1014.00
20150123  21:01:00 16200.00 16215.00 16200.00 16210.00 836.00
20150123  21:00:00 16180.00 16200.00 16180.00 16195.00 998.00
