20150202  15:00:00 16200.00 16200.00 16200.00 16200.00   0.00
20150202  14:59:00 16195.00 16200.00 16185.00 16200.00 620.00
20150202  14:58:00 16205.00 16210.00 16185.00 16195.00 848.00
20150202  14:57:00 16205.00 16210.00 16205.00 16210.00 180.00
20150202  14:56:00 16205.00 16210.00 16200.00 16205.00 162.00
20150202  14:55:00 16200.00 16205.00 16200.00 16205.00 284.00
20150202  14:54:00 16210.00 16210.00 16200.00 16200.00 194.00
20150202  14:53:00 16200.00 16210.00 16195.00 16210.00 558.00
20150202  14:52:00 16190.00 16200.00 16185.00 16200.00 922.00
20150202  14:51:00 16195.00 16195.00 16185.00 16190.00 270.00
20150202  14:50:00 16195.00 16195.00 16190.00 16195.00 576.00
20150202  14:49:00 16190.00 16195.00 16185.00 16195.00 618.00
20150202  14:48:00 16200.00 16200.00 16190.00 16190.00 590.00
20150202  14:47:00 16205.00 16205.00 16195.00 16200.00 540.00
20150202  14:46:00 16210.00 16210.00 16200.00 16200.00 466.00
20150202  14:45:00 16210.00 16215.00 16210.00 16210.00 222.00
20150202  14:44:00 16210.00 16210.00 16205.00 16210.00 140.00
20150202  14:43:00 16210.00 16215.00 16210.00 16210.00 244.00
20150202  14:42:00 16220.00 16220.00 16210.00 16210.00 224.00
20150202  14:41:00 16220.00 16220.00 16215.00 16220.00  42.00
20150202  14:40:00 16215.00 16220.00 16215.00 16220.00  32.00
20150202  14:39:00 16215.00 16215.00 16215.00 16215.00  32.00
20150202  14:38:00 16220.00 16220.00 16215.00 16215.00 104.00
20150202  14:37:00 16215.00 16220.00 16215.00 16220.00  20.00
20150202  14:36:00 16215.00 16215.00 16210.00 16215.00 494.00
20150202  14:35:00 16210.00 16220.00 16210.00 16215.00 274.00
20150202  14:34:00 16210.00 16215.00 16210.00 16215.00  22.00
20150202  14:33:00 16215.00 16215.00 16210.00 16210.00 304.00
20150202  14:32:00 16210.00 16220.00 16210.00 16215.00 182.00
20150202  14:31:00 16230.00 16230.00 16205.00 16210.00 772.00
20150202  14:30:00 16225.00 16230.00 16225.00 16230.00 330.00
20150202  14:29:00 16220.00 16225.00 16215.00 16225.00 334.00
20150202  14:28:00 16220.00 16225.00 16215.00 16220.00 220.00
20150202  14:27:00 16220.00 16225.00 16220.00 16225.00 528.00
20150202  14:26:00 16220.00 16225.00 16220.00 16220.00 234.00
20150202  14:25:00 16230.00 16240.00 16220.00 16220.00 1168.00
20150202  14:24:00 16215.00 16230.00 16215.00 16230.00 842.00
20150202  14:23:00 16225.00 16225.00 16215.00 16215.00 406.00
20150202  14:22:00 16220.00 16225.00 16215.00 16225.00 206.00
20150202  14:21:00 16225.00 16230.00 16215.00 16220.00 794.00
20150202  14:20:00 16225.00 16230.00 16220.00 16225.00 514.00
20150202  14:19:00 16220.00 16230.00 16220.00 16225.00 570.00
20150202  14:18:00 16215.00 16225.00 16210.00 16220.00 534.00
20150202  14:17:00 16210.00 16215.00 16205.00 16215.00 368.00
20150202  14:16:00 16210.00 16215.00 16205.00 16215.00 446.00
20150202  14:15:00 16195.00 16210.00 16195.00 16210.00 224.00
20150202  14:14:00 16200.00 16200.00 16195.00 16195.00 126.00
20150202  14:13:00 16185.00 16200.00 16185.00 16200.00 572.00
20150202  14:12:00 16185.00 16185.00 16180.00 16185.00 200.00
20150202  14:11:00 16195.00 16195.00 16185.00 16185.00 318.00
20150202  14:10:00 16190.00 16195.00 16190.00 16195.00 160.00
20150202  14:09:00 16180.00 16190.00 16180.00 16190.00 138.00
20150202  14:08:00 16180.00 16180.00 16180.00 16180.00   4.00
20150202  14:07:00 16185.00 16185.00 16185.00 16185.00  72.00
20150202  14:06:00 16185.00 16185.00 16185.00 16185.00  98.00
20150202  14:05:00 16190.00 16190.00 16185.00 16185.00  52.00
20150202  14:04:00 16185.00 16190.00 16185.00 16190.00 196.00
20150202  14:03:00 16195.00 16195.00 16180.00 16185.00 402.00
20150202  14:02:00 16190.00 16195.00 16190.00 16195.00  44.00
20150202  14:01:00 16195.00 16195.00 16190.00 16190.00  20.00
20150202  14:00:00 16200.00 16205.00 16190.00 16195.00 450.00
20150202  13:59:00 16210.00 16210.00 16200.00 16200.00 214.00
20150202  13:58:00 16200.00 16210.00 16200.00 16210.00 700.00
20150202  13:57:00 16195.00 16200.00 16190.00 16200.00 600.00
20150202  13:56:00 16185.00 16195.00 16185.00 16195.00 428.00
20150202  13:55:00 16185.00 16190.00 16185.00 16185.00  32.00
20150202  13:54:00 16190.00 16190.00 16185.00 16185.00 100.00
20150202  13:53:00 16190.00 16190.00 16185.00 16190.00 340.00
20150202  13:52:00 16180.00 16190.00 16180.00 16190.00 230.00
20150202  13:51:00 16180.00 16180.00 16180.00 16180.00 196.00
20150202  13:50:00 16180.00 16180.00 16175.00 16180.00 106.00
20150202  13:49:00 16185.00 16185.00 16175.00 16180.00 276.00
20150202  13:48:00 16180.00 16185.00 16180.00 16185.00   8.00
20150202  13:47:00 16185.00 16185.00 16180.00 16180.00  14.00
20150202  13:46:00 16190.00 16190.00 16185.00 16185.00 242.00
20150202  13:45:00 16180.00 16195.00 16180.00 16190.00 982.00
20150202  13:44:00 16170.00 16180.00 16170.00 16180.00 476.00
20150202  13:43:00 16170.00 16170.00 16165.00 16170.00  42.00
20150202  13:42:00 16170.00 16175.00 16170.00 16170.00  50.00
20150202  13:41:00 16170.00 16170.00 16165.00 16170.00 132.00
20150202  13:40:00 16165.00 16175.00 16165.00 16170.00 354.00
20150202  13:39:00 16170.00 16170.00 16165.00 16165.00 340.00
20150202  13:38:00 16175.00 16175.00 16170.00 16170.00 142.00
20150202  13:37:00 16180.00 16180.00 16170.00 16175.00 376.00
20150202  13:36:00 16175.00 16180.00 16175.00 16180.00  22.00
20150202  13:35:00 16170.00 16180.00 16170.00 16175.00 184.00
20150202  13:34:00 16170.00 16170.00 16165.00 16170.00 482.00
20150202  13:33:00 16165.00 16170.00 16160.00 16170.00 498.00
20150202  13:32:00 16175.00 16175.00 16165.00 16165.00 422.00
20150202  13:31:00 16185.00 16190.00 16175.00 16175.00 860.00
20150202  13:30:00 16175.00 16185.00 16175.00 16185.00 258.00
20150202  11:29:00 16180.00 16180.00 16170.00 16175.00 270.00
20150202  11:28:00 16185.00 16185.00 16175.00 16180.00 372.00
20150202  11:27:00 16190.00 16190.00 16180.00 16185.00 244.00
20150202  11:26:00 16190.00 16195.00 16185.00 16190.00 1138.00
20150202  11:25:00 16180.00 16190.00 16175.00 16190.00 814.00
20150202  11:24:00 16170.00 16175.00 16170.00 16175.00 260.00
20150202  11:23:00 16175.00 16175.00 16170.00 16175.00 254.00
20150202  11:22:00 16165.00 16170.00 16165.00 16170.00 168.00
20150202  11:21:00 16155.00 16165.00 16155.00 16165.00 416.00
20150202  11:20:00 16155.00 16160.00 16155.00 16155.00  82.00
20150202  11:19:00 16155.00 16160.00 16155.00 16155.00 138.00
20150202  11:18:00 16160.00 16160.00 16155.00 16155.00 188.00
20150202  11:17:00 16160.00 16165.00 16160.00 16160.00  38.00
20150202  11:16:00 16165.00 16165.00 16160.00 16160.00  42.00
20150202  11:15:00 16165.00 16165.00 16165.00 16165.00 150.00
20150202  11:14:00 16165.00 16170.00 16165.00 16170.00  40.00
20150202  11:13:00 16160.00 16165.00 16160.00 16165.00  24.00
20150202  11:12:00 16170.00 16170.00 16160.00 16160.00 216.00
20150202  11:11:00 16165.00 16170.00 16165.00 16170.00  46.00
20150202  11:10:00 16165.00 16170.00 16165.00 16165.00  62.00
20150202  11:09:00 16165.00 16170.00 16160.00 16165.00  70.00
20150202  11:08:00 16160.00 16165.00 16160.00 16165.00  80.00
20150202  11:07:00 16165.00 16165.00 16160.00 16160.00 234.00
20150202  11:06:00 16165.00 16165.00 16165.00 16165.00  28.00
20150202  11:05:00 16165.00 16170.00 16165.00 16170.00 148.00
20150202  11:04:00 16170.00 16170.00 16165.00 16165.00 104.00
20150202  11:03:00 16175.00 16175.00 16170.00 16170.00  90.00
20150202  11:02:00 16175.00 16175.00 16175.00 16175.00 238.00
20150202  11:01:00 16175.00 16180.00 16170.00 16175.00 356.00
20150202  11:00:00 16165.00 16175.00 16165.00 16175.00 424.00
20150202  10:59:00 16160.00 16165.00 16160.00 16165.00  62.00
20150202  10:58:00 16165.00 16165.00 16160.00 16160.00 144.00
20150202  10:57:00 16165.00 16170.00 16165.00 16165.00  92.00
20150202  10:56:00 16165.00 16165.00 16160.00 16165.00  38.00
20150202  10:55:00 16175.00 16175.00 16160.00 16165.00 254.00
20150202  10:54:00 16170.00 16175.00 16170.00 16175.00  32.00
20150202  10:53:00 16175.00 16175.00 16175.00 16175.00   0.00
20150202  10:52:00 16175.00 16175.00 16175.00 16175.00 112.00
20150202  10:51:00 16170.00 16180.00 16170.00 16175.00 244.00
20150202  10:50:00 16165.00 16170.00 16165.00 16170.00  28.00
20150202  10:49:00 16170.00 16170.00 16165.00 16165.00  12.00
20150202  10:48:00 16165.00 16170.00 16165.00 16170.00  70.00
20150202  10:47:00 16170.00 16170.00 16165.00 16165.00  50.00
20150202  10:46:00 16170.00 16170.00 16165.00 16170.00  46.00
20150202  10:45:00 16175.00 16180.00 16170.00 16170.00 346.00
20150202  10:44:00 16170.00 16180.00 16170.00 16175.00 200.00
20150202  10:43:00 16180.00 16180.00 16170.00 16170.00 526.00
20150202  10:42:00 16180.00 16185.00 16175.00 16180.00 352.00
20150202  10:41:00 16175.00 16180.00 16170.00 16180.00 432.00
20150202  10:40:00 16175.00 16180.00 16170.00 16170.00 244.00
20150202  10:39:00 16175.00 16175.00 16175.00 16175.00  56.00
20150202  10:38:00 16165.00 16180.00 16165.00 16175.00 826.00
20150202  10:37:00 16155.00 16165.00 16150.00 16165.00 672.00
20150202  10:36:00 16150.00 16160.00 16150.00 16160.00 242.00
20150202  10:35:00 16170.00 16170.00 16150.00 16150.00 1248.00
20150202  10:34:00 16170.00 16170.00 16165.00 16170.00  60.00
20150202  10:33:00 16165.00 16175.00 16165.00 16170.00 404.00
20150202  10:32:00 16170.00 16175.00 16165.00 16165.00 396.00
20150202  10:31:00 16165.00 16170.00 16165.00 16170.00 108.00
20150202  10:30:00 16170.00 16175.00 16170.00 16170.00 400.00
20150202  10:14:00 16165.00 16170.00 16160.00 16170.00 338.00
20150202  10:13:00 16160.00 16165.00 16160.00 16165.00  12.00
20150202  10:12:00 16160.00 16165.00 16160.00 16160.00 246.00
20150202  10:11:00 16165.00 16170.00 16160.00 16160.00 234.00
20150202  10:10:00 16170.00 16170.00 16165.00 16170.00 222.00
20150202  10:09:00 16170.00 16170.00 16165.00 16170.00  42.00
20150202  10:08:00 16170.00 16170.00 16165.00 16170.00 494.00
20150202  10:07:00 16175.00 16175.00 16170.00 16170.00 166.00
20150202  10:06:00 16170.00 16175.00 16170.00 16175.00  44.00
20150202  10:05:00 16170.00 16170.00 16170.00 16170.00  60.00
20150202  10:04:00 16170.00 16175.00 16170.00 16175.00 168.00
20150202  10:03:00 16170.00 16175.00 16170.00 16170.00 168.00
20150202  10:02:00 16175.00 16175.00 16165.00 16170.00 412.00
20150202  10:01:00 16170.00 16175.00 16165.00 16175.00  70.00
20150202  10:00:00 16175.00 16180.00 16170.00 16170.00 276.00
20150202  09:59:00 16175.00 16175.00 16170.00 16175.00  98.00
20150202  09:58:00 16170.00 16175.00 16170.00 16175.00   4.00
20150202  09:57:00 16180.00 16180.00 16170.00 16170.00 178.00
20150202  09:56:00 16170.00 16180.00 16170.00 16180.00 244.00
20150202  09:55:00 16165.00 16170.00 16160.00 16170.00 348.00
20150202  09:54:00 16160.00 16165.00 16160.00 16165.00 258.00
20150202  09:53:00 16165.00 16170.00 16160.00 16160.00 446.00
20150202  09:52:00 16175.00 16175.00 16165.00 16165.00 294.00
20150202  09:51:00 16170.00 16175.00 16170.00 16175.00 150.00
20150202  09:50:00 16170.00 16170.00 16165.00 16170.00 570.00
20150202  09:49:00 16180.00 16185.00 16170.00 16170.00 660.00
20150202  09:48:00 16180.00 16185.00 16180.00 16180.00  58.00
20150202  09:47:00 16180.00 16180.00 16180.00 16180.00 122.00
20150202  09:46:00 16180.00 16185.00 16180.00 16180.00 444.00
20150202  09:45:00 16180.00 16180.00 16180.00 16180.00 140.00
20150202  09:44:00 16180.00 16180.00 16175.00 16180.00 100.00
20150202  09:43:00 16195.00 16195.00 16175.00 16175.00 890.00
20150202  09:42:00 16185.00 16195.00 16185.00 16195.00 578.00
20150202  09:41:00 16180.00 16185.00 16180.00 16185.00  30.00
20150202  09:40:00 16180.00 16185.00 16180.00 16180.00  96.00
20150202  09:39:00 16175.00 16185.00 16175.00 16180.00 138.00
20150202  09:38:00 16175.00 16175.00 16175.00 16175.00  78.00
20150202  09:37:00 16170.00 16175.00 16170.00 16175.00 148.00
20150202  09:36:00 16185.00 16185.00 16170.00 16170.00 556.00
20150202  09:35:00 16175.00 16185.00 16175.00 16185.00 144.00
20150202  09:34:00 16170.00 16180.00 16170.00 16175.00 570.00
20150202  09:33:00 16160.00 16175.00 16160.00 16170.00 520.00
20150202  09:32:00 16170.00 16170.00 16160.00 16160.00 440.00
20150202  09:31:00 16175.00 16175.00 16165.00 16170.00 382.00
20150202  09:30:00 16170.00 16180.00 16170.00 16175.00 118.00
20150202  09:29:00 16170.00 16175.00 16170.00 16170.00 490.00
20150202  09:28:00 16170.00 16175.00 16165.00 16170.00 626.00
20150202  09:27:00 16170.00 16175.00 16170.00 16170.00 396.00
20150202  09:26:00 16180.00 16185.00 16165.00 16170.00 860.00
20150202  09:25:00 16190.00 16195.00 16180.00 16180.00 624.00
20150202  09:24:00 16180.00 16195.00 16180.00 16190.00 414.00
20150202  09:23:00 16190.00 16195.00 16175.00 16180.00 1236.00
20150202  09:22:00 16205.00 16215.00 16190.00 16190.00 700.00
20150202  09:21:00 16210.00 16210.00 16205.00 16205.00 340.00
20150202  09:20:00 16225.00 16230.00 16205.00 16210.00 1106.00
20150202  09:19:00 16215.00 16225.00 16215.00 16225.00 562.00
20150202  09:18:00 16215.00 16220.00 16210.00 16220.00 510.00
20150202  09:17:00 16220.00 16220.00 16210.00 16215.00 330.00
20150202  09:16:00 16215.00 16220.00 16215.00 16220.00 104.00
20150202  09:15:00 16210.00 16225.00 16205.00 16215.00 604.00
20150202  09:14:00 16220.00 16225.00 16205.00 16210.00 1070.00
20150202  09:13:00 16220.00 16230.00 16215.00 16220.00 1510.00
20150202  09:12:00 16230.00 16240.00 16220.00 16225.00 992.00
20150202  09:11:00 16235.00 16240.00 16225.00 16235.00 876.00
20150202  09:10:00 16255.00 16260.00 16235.00 16235.00 2320.00
20150202  09:09:00 16220.00 16260.00 16220.00 16255.00 2992.00
20150202  09:08:00 16215.00 16220.00 16205.00 16220.00 912.00
20150202  09:07:00 16200.00 16225.00 16195.00 16220.00 2168.00
20150202  09:06:00 16180.00 16210.00 16180.00 16200.00 2022.00
20150202  09:05:00 16185.00 16190.00 16175.00 16175.00 376.00
20150202  09:04:00 16190.00 16190.00 16185.00 16185.00 318.00
20150202  09:03:00 16180.00 16190.00 16175.00 16190.00 794.00
20150202  09:02:00 16190.00 16195.00 16175.00 16175.00 998.00
20150202  09:01:00 16200.00 16200.00 16180.00 16190.00 1206.00
20150202  09:00:00 16185.00 16200.00 16165.00 16200.00 2882.00
20150131  00:59:00 16185.00 16195.00 16185.00 16190.00 356.00
20150131  00:58:00 16185.00 16195.00 16185.00 16190.00 496.00
20150131  00:57:00 16185.00 16190.00 16185.00 16185.00  14.00
20150131  00:56:00 16190.00 16195.00 16185.00 16185.00 148.00
20150131  00:55:00 16185.00 16195.00 16185.00 16190.00 774.00
20150131  00:54:00 16185.00 16190.00 16180.00 16185.00 458.00
20150131  00:53:00 16180.00 16185.00 16180.00 16180.00 170.00
20150131  00:52:00 16180.00 16190.00 16175.00 16180.00 320.00
20150131  00:51:00 16170.00 16180.00 16170.00 16180.00  56.00
20150131  00:50:00 16170.00 16175.00 16170.00 16175.00 198.00
20150131  00:49:00 16175.00 16175.00 16170.00 16170.00 284.00
20150131  00:48:00 16175.00 16175.00 16170.00 16175.00  62.00
20150131  00:47:00 16175.00 16180.00 16170.00 16175.00 362.00
20150131  00:46:00 16170.00 16175.00 16160.00 16175.00 164.00
20150131  00:45:00 16165.00 16170.00 16160.00 16170.00 264.00
20150131  00:44:00 16165.00 16165.00 16160.00 16165.00 138.00
20150131  00:43:00 16170.00 16170.00 16160.00 16165.00 342.00
20150131  00:42:00 16165.00 16175.00 16165.00 16170.00 348.00
20150131  00:41:00 16175.00 16175.00 16165.00 16170.00 150.00
20150131  00:40:00 16165.00 16175.00 16165.00 16175.00 134.00
20150131  00:39:00 16170.00 16170.00 16160.00 16165.00 188.00
20150131  00:38:00 16175.00 16175.00 16165.00 16170.00 344.00
20150131  00:37:00 16175.00 16180.00 16170.00 16175.00 314.00
20150131  00:36:00 16175.00 16180.00 16175.00 16175.00 144.00
20150131  00:35:00 16175.00 16180.00 16175.00 16175.00 110.00
20150131  00:34:00 16180.00 16180.00 16175.00 16175.00 336.00
20150131  00:33:00 16185.00 16185.00 16180.00 16180.00 158.00
20150131  00:32:00 16185.00 16185.00 16180.00 16185.00  84.00
20150131  00:31:00 16175.00 16185.00 16170.00 16185.00 1114.00
20150131  00:30:00 16170.00 16175.00 16170.00 16175.00 148.00
20150131  00:29:00 16175.00 16175.00 16170.00 16175.00 250.00
20150131  00:28:00 16170.00 16175.00 16165.00 16175.00 276.00
20150131  00:27:00 16160.00 16170.00 16160.00 16170.00 260.00
20150131  00:26:00 16155.00 16165.00 16155.00 16160.00 412.00
20150131  00:25:00 16155.00 16155.00 16155.00 16155.00 164.00
20150131  00:24:00 16150.00 16155.00 16150.00 16155.00  62.00
20150131  00:23:00 16150.00 16150.00 16150.00 16150.00   0.00
20150131  00:22:00 16150.00 16155.00 16150.00 16150.00  84.00
20150131  00:21:00 16145.00 16155.00 16145.00 16150.00 256.00
20150131  00:20:00 16140.00 16145.00 16140.00 16145.00  14.00
20150131  00:19:00 16145.00 16145.00 16140.00 16140.00  82.00
20150131  00:18:00 16145.00 16145.00 16140.00 16145.00 114.00
20150131  00:17:00 16140.00 16145.00 16135.00 16145.00 178.00
20150131  00:16:00 16145.00 16150.00 16140.00 16140.00 324.00
20150131  00:15:00 16145.00 16150.00 16145.00 16145.00 112.00
20150131  00:14:00 16145.00 16150.00 16145.00 16145.00  82.00
20150131  00:13:00 16145.00 16150.00 16140.00 16145.00 230.00
20150131  00:12:00 16160.00 16160.00 16140.00 16145.00 226.00
20150131  00:11:00 16155.00 16165.00 16155.00 16160.00 110.00
20150131  00:10:00 16170.00 16170.00 16155.00 16155.00 164.00
20150131  00:09:00 16165.00 16170.00 16160.00 16170.00 294.00
20150131  00:08:00 16160.00 16170.00 16160.00 16165.00 470.00
20150131  00:07:00 16155.00 16160.00 16155.00 16160.00 158.00
20150131  00:06:00 16150.00 16155.00 16150.00 16155.00 334.00
20150131  00:05:00 16150.00 16155.00 16145.00 16150.00 120.00
20150131  00:04:00 16140.00 16150.00 16140.00 16150.00 122.00
20150131  00:03:00 16150.00 16150.00 16140.00 16140.00 446.00
20150131  00:02:00 16150.00 16150.00 16150.00 16150.00 236.00
20150131  00:01:00 16155.00 16155.00 16150.00 16150.00 370.00
20150131  00:00:00 16145.00 16155.00 16145.00 16155.00 330.00
20150130  23:59:00 16150.00 16155.00 16145.00 16150.00 274.00
20150130  23:58:00 16155.00 16155.00 16150.00 16150.00  76.00
20150130  23:57:00 16155.00 16160.00 16150.00 16155.00 258.00
20150130  23:56:00 16155.00 16155.00 16155.00 16155.00  44.00
20150130  23:55:00 16155.00 16155.00 16155.00 16155.00  70.00
20150130  23:54:00 16155.00 16160.00 16155.00 16155.00 196.00
20150130  23:53:00 16155.00 16160.00 16155.00 16155.00 190.00
20150130  23:52:00 16150.00 16160.00 16150.00 16160.00 154.00
20150130  23:51:00 16160.00 16165.00 16150.00 16150.00 464.00
20150130  23:50:00 16165.00 16165.00 16160.00 16160.00 118.00
20150130  23:49:00 16165.00 16165.00 16160.00 16165.00 212.00
20150130  23:48:00 16165.00 16170.00 16155.00 16165.00 210.00
20150130  23:47:00 16155.00 16165.00 16155.00 16165.00 448.00
20150130  23:46:00 16145.00 16165.00 16145.00 16155.00 792.00
20150130  23:45:00 16145.00 16145.00 16145.00 16145.00   4.00
20150130  23:44:00 16145.00 16150.00 16145.00 16145.00  24.00
20150130  23:43:00 16140.00 16145.00 16140.00 16145.00 126.00
20150130  23:42:00 16135.00 16145.00 16135.00 16140.00  64.00
20150130  23:41:00 16140.00 16140.00 16135.00 16140.00 146.00
20150130  23:40:00 16135.00 16140.00 16135.00 16140.00  74.00
20150130  23:39:00 16140.00 16145.00 16135.00 16135.00 142.00
20150130  23:38:00 16150.00 16155.00 16135.00 16145.00 582.00
20150130  23:37:00 16150.00 16150.00 16145.00 16150.00 374.00
20150130  23:36:00 16145.00 16150.00 16145.00 16150.00  98.00
20150130  23:35:00 16140.00 16145.00 16140.00 16145.00 416.00
20150130  23:34:00 16135.00 16145.00 16135.00 16140.00 382.00
20150130  23:33:00 16125.00 16135.00 16125.00 16135.00 228.00
20150130  23:32:00 16140.00 16140.00 16125.00 16125.00 1124.00
20150130  23:31:00 16140.00 16140.00 16135.00 16140.00  72.00
20150130  23:30:00 16135.00 16140.00 16135.00 16140.00  16.00
20150130  23:29:00 16140.00 16140.00 16135.00 16135.00 140.00
20150130  23:28:00 16135.00 16140.00 16135.00 16140.00  22.00
20150130  23:27:00 16140.00 16140.00 16135.00 16135.00 228.00
20150130  23:26:00 16140.00 16145.00 16140.00 16140.00 402.00
20150130  23:25:00 16130.00 16135.00 16125.00 16135.00 256.00
20150130  23:24:00 16130.00 16130.00 16125.00 16125.00  70.00
20150130  23:23:00 16130.00 16135.00 16125.00 16130.00 142.00
20150130  23:22:00 16140.00 16140.00 16130.00 16130.00 176.00
20150130  23:21:00 16130.00 16140.00 16130.00 16140.00 134.00
20150130  23:20:00 16130.00 16140.00 16130.00 16130.00 406.00
20150130  23:19:00 16130.00 16135.00 16125.00 16130.00 282.00
20150130  23:18:00 16135.00 16135.00 16125.00 16130.00 114.00
20150130  23:17:00 16130.00 16135.00 16130.00 16135.00 208.00
20150130  23:16:00 16135.00 16135.00 16125.00 16130.00 290.00
20150130  23:15:00 16140.00 16140.00 16135.00 16135.00 270.00
20150130  23:14:00 16140.00 16145.00 16135.00 16140.00 168.00
20150130  23:13:00 16145.00 16145.00 16135.00 16135.00 182.00
20150130  23:12:00 16145.00 16145.00 16140.00 16145.00  78.00
20150130  23:11:00 16135.00 16145.00 16135.00 16145.00 382.00
20150130  23:10:00 16140.00 16145.00 16135.00 16135.00 192.00
20150130  23:09:00 16140.00 16145.00 16140.00 16140.00  86.00
20150130  23:08:00 16145.00 16150.00 16140.00 16140.00 242.00
20150130  23:07:00 16155.00 16155.00 16145.00 16145.00 160.00
20150130  23:06:00 16160.00 16165.00 16140.00 16155.00 546.00
20150130  23:05:00 16160.00 16165.00 16160.00 16160.00 148.00
20150130  23:04:00 16160.00 16170.00 16160.00 16160.00 184.00
20150130  23:03:00 16170.00 16170.00 16160.00 16160.00 118.00
20150130  23:02:00 16175.00 16175.00 16160.00 16170.00 532.00
20150130  23:01:00 16155.00 16175.00 16155.00 16175.00 552.00
20150130  23:00:00 16155.00 16160.00 16155.00 16155.00 140.00
20150130  22:59:00 16150.00 16160.00 16150.00 16155.00 236.00
20150130  22:58:00 16150.00 16150.00 16150.00 16150.00  22.00
20150130  22:57:00 16155.00 16155.00 16150.00 16150.00 126.00
20150130  22:56:00 16145.00 16155.00 16145.00 16155.00 254.00
20150130  22:55:00 16145.00 16145.00 16145.00 16145.00  10.00
20150130  22:54:00 16140.00 16140.00 16140.00 16140.00 236.00
20150130  22:53:00 16140.00 16145.00 16140.00 16140.00 118.00
20150130  22:52:00 16140.00 16145.00 16140.00 16140.00   8.00
20150130  22:51:00 16140.00 16140.00 16140.00 16140.00  36.00
20150130  22:50:00 16140.00 16145.00 16140.00 16140.00  90.00
20150130  22:49:00 16140.00 16145.00 16140.00 16140.00  22.00
20150130  22:48:00 16140.00 16145.00 16140.00 16140.00 362.00
20150130  22:47:00 16140.00 16145.00 16140.00 16140.00 192.00
20150130  22:46:00 16145.00 16150.00 16140.00 16140.00 346.00
20150130  22:45:00 16150.00 16150.00 16145.00 16145.00 236.00
20150130  22:44:00 16155.00 16155.00 16145.00 16150.00 270.00
20150130  22:43:00 16150.00 16155.00 16150.00 16155.00  60.00
20150130  22:42:00 16160.00 16160.00 16150.00 16150.00 238.00
20150130  22:41:00 16150.00 16160.00 16150.00 16160.00 574.00
20150130  22:40:00 16140.00 16150.00 16140.00 16145.00 234.00
20150130  22:39:00 16145.00 16145.00 16140.00 16140.00 148.00
20150130  22:38:00 16135.00 16145.00 16135.00 16145.00 128.00
20150130  22:37:00 16135.00 16135.00 16135.00 16135.00   2.00
20150130  22:36:00 16140.00 16145.00 16135.00 16135.00 266.00
20150130  22:35:00 16140.00 16145.00 16135.00 16140.00 228.00
20150130  22:34:00 16145.00 16145.00 16140.00 16140.00 170.00
20150130  22:33:00 16140.00 16145.00 16135.00 16140.00 176.00
20150130  22:32:00 16135.00 16145.00 16135.00 16140.00 256.00
20150130  22:31:00 16135.00 16140.00 16135.00 16135.00 344.00
20150130  22:30:00 16125.00 16140.00 16125.00 16135.00 410.00
20150130  22:29:00 16125.00 16130.00 16125.00 16125.00 194.00
20150130  22:28:00 16125.00 16130.00 16125.00 16125.00 162.00
20150130  22:27:00 16120.00 16125.00 16120.00 16125.00 164.00
20150130  22:26:00 16125.00 16125.00 16120.00 16120.00 218.00
20150130  22:25:00 16130.00 16130.00 16120.00 16125.00 208.00
20150130  22:24:00 16125.00 16130.00 16125.00 16130.00  64.00
20150130  22:23:00 16145.00 16145.00 16120.00 16125.00 1086.00
20150130  22:22:00 16130.00 16150.00 16130.00 16150.00 778.00
20150130  22:21:00 16125.00 16135.00 16125.00 16135.00 268.00
20150130  22:20:00 16120.00 16130.00 16115.00 16125.00 602.00
20150130  22:19:00 16120.00 16125.00 16115.00 16120.00 160.00
20150130  22:18:00 16125.00 16125.00 16120.00 16120.00 284.00
20150130  22:17:00 16115.00 16125.00 16110.00 16125.00 664.00
20150130  22:16:00 16110.00 16115.00 16110.00 16115.00  22.00
20150130  22:15:00 16110.00 16110.00 16110.00 16110.00  46.00
20150130  22:14:00 16110.00 16115.00 16105.00 16110.00 150.00
20150130  22:13:00 16100.00 16110.00 16100.00 16110.00  34.00
20150130  22:12:00 16105.00 16105.00 16100.00 16100.00 142.00
20150130  22:11:00 16110.00 16110.00 16100.00 16105.00 194.00
20150130  22:10:00 16110.00 16110.00 16110.00 16110.00  20.00
20150130  22:09:00 16110.00 16110.00 16105.00 16110.00 174.00
20150130  22:08:00 16105.00 16110.00 16105.00 16110.00  68.00
20150130  22:07:00 16105.00 16105.00 16100.00 16105.00 240.00
20150130  22:06:00 16095.00 16105.00 16095.00 16105.00 322.00
20150130  22:05:00 16100.00 16100.00 16095.00 16095.00 112.00
20150130  22:04:00 16105.00 16105.00 16100.00 16100.00 268.00
20150130  22:03:00 16110.00 16110.00 16105.00 16105.00 250.00
20150130  22:02:00 16115.00 16115.00 16110.00 16110.00 104.00
20150130  22:01:00 16110.00 16115.00 16110.00 16115.00  28.00
20150130  22:00:00 16110.00 16110.00 16110.00 16110.00  50.00
20150130  21:59:00 16110.00 16115.00 16110.00 16110.00 198.00
20150130  21:58:00 16110.00 16115.00 16110.00 16110.00  26.00
20150130  21:57:00 16105.00 16110.00 16105.00 16110.00 226.00
20150130  21:56:00 16110.00 16115.00 16105.00 16105.00 158.00
20150130  21:55:00 16115.00 16115.00 16105.00 16110.00 156.00
20150130  21:54:00 16115.00 16115.00 16110.00 16115.00  72.00
20150130  21:53:00 16105.00 16115.00 16105.00 16115.00 528.00
20150130  21:52:00 16105.00 16105.00 16100.00 16105.00 354.00
20150130  21:51:00 16125.00 16125.00 16105.00 16105.00 870.00
20150130  21:50:00 16125.00 16130.00 16125.00 16125.00  82.00
20150130  21:49:00 16125.00 16130.00 16125.00 16125.00  62.00
20150130  21:48:00 16125.00 16130.00 16120.00 16125.00 176.00
20150130  21:47:00 16120.00 16125.00 16120.00 16125.00  84.00
20150130  21:46:00 16125.00 16130.00 16120.00 16125.00 336.00
20150130  21:45:00 16130.00 16130.00 16120.00 16125.00 330.00
20150130  21:44:00 16130.00 16130.00 16125.00 16130.00 168.00
20150130  21:43:00 16135.00 16135.00 16130.00 16130.00 158.00
20150130  21:42:00 16130.00 16135.00 16130.00 16135.00 130.00
20150130  21:41:00 16135.00 16135.00 16130.00 16135.00 176.00
20150130  21:40:00 16135.00 16140.00 16135.00 16135.00  72.00
20150130  21:39:00 16140.00 16140.00 16135.00 16135.00 296.00
20150130  21:38:00 16140.00 16140.00 16135.00 16140.00 170.00
20150130  21:37:00 16140.00 16140.00 16140.00 16140.00 112.00
20150130  21:36:00 16145.00 16145.00 16140.00 16140.00  76.00
20150130  21:35:00 16140.00 16145.00 16135.00 16145.00 328.00
20150130  21:34:00 16140.00 16140.00 16135.00 16140.00 112.00
20150130  21:33:00 16140.00 16140.00 16130.00 16135.00 182.00
20150130  21:32:00 16135.00 16140.00 16135.00 16140.00 254.00
20150130  21:31:00 16145.00 16145.00 16135.00 16135.00 630.00
20150130  21:30:00 16130.00 16145.00 16130.00 16145.00 388.00
20150130  21:29:00 16125.00 16135.00 16125.00 16130.00 202.00
20150130  21:28:00 16130.00 16130.00 16120.00 16125.00 512.00
20150130  21:27:00 16130.00 16135.00 16130.00 16130.00  52.00
20150130  21:26:00 16145.00 16145.00 16130.00 16130.00 210.00
20150130  21:25:00 16145.00 16145.00 16140.00 16145.00 110.00
20150130  21:24:00 16140.00 16145.00 16140.00 16140.00  68.00
20150130  21:23:00 16145.00 16145.00 16140.00 16140.00 240.00
20150130  21:22:00 16150.00 16155.00 16145.00 16145.00 380.00
20150130  21:21:00 16140.00 16160.00 16135.00 16155.00 1318.00
20150130  21:20:00 16140.00 16145.00 16135.00 16140.00 484.00
20150130  21:19:00 16130.00 16140.00 16125.00 16140.00 422.00
20150130  21:18:00 16125.00 16130.00 16120.00 16130.00 178.00
20150130  21:17:00 16125.00 16130.00 16125.00 16125.00 244.00
20150130  21:16:00 16120.00 16125.00 16115.00 16120.00 356.00
20150130  21:15:00 16115.00 16125.00 16115.00 16120.00 228.00
20150130  21:14:00 16120.00 16120.00 16115.00 16115.00 346.00
20150130  21:13:00 16130.00 16130.00 16120.00 16120.00 198.00
20150130  21:12:00 16125.00 16130.00 16120.00 16130.00 446.00
20150130  21:11:00 16115.00 16130.00 16110.00 16125.00 644.00
20150130  21:10:00 16115.00 16120.00 16110.00 16110.00 504.00
20150130  21:09:00 16120.00 16125.00 16110.00 16115.00 382.00
20150130  21:08:00 16130.00 16130.00 16115.00 16120.00 974.00
20150130  21:07:00 16125.00 16130.00 16120.00 16130.00 494.00
20150130  21:06:00 16135.00 16135.00 16120.00 16125.00 442.00
20150130  21:05:00 16135.00 16140.00 16130.00 16140.00 548.00
20150130  21:04:00 16150.00 16150.00 16135.00 16135.00 822.00
20150130  21:03:00 16150.00 16155.00 16150.00 16150.00 566.00
20150130  21:02:00 16160.00 16165.00 16150.00 16150.00 1120.00
20150130  21:01:00 16155.00 16175.00 16155.00 16160.00 2004.00
20150130  21:00:00 16145.00 16160.00 16135.00 16155.00 2780.00
