20160928  21:00:00 18015.00 18025.00 17990.00 17995.00 2392.00
20160928  21:01:00 18000.00 18010.00 17995.00 18005.00 412.00
20160928  21:02:00 18010.00 18010.00 18000.00 18010.00 938.00
20160928  21:03:00 18010.00 18045.00 18010.00 18035.00 1066.00
20160928  21:04:00 18040.00 18065.00 18030.00 18065.00 1202.00
20160928  21:05:00 18065.00 18110.00 18065.00 18105.00 3442.00
20160928  21:06:00 18105.00 18170.00 18105.00 18155.00 4976.00
20160928  21:07:00 18160.00 18205.00 18155.00 18195.00 5008.00
20160928  21:08:00 18190.00 18195.00 18180.00 18180.00 2516.00
20160928  21:09:00 18180.00 18190.00 18170.00 18175.00 2386.00
20160928  21:10:00 18175.00 18185.00 18170.00 18180.00 1798.00
20160928  21:11:00 18180.00 18185.00 18170.00 18180.00 1236.00
20160928  21:12:00 18180.00 18190.00 18175.00 18175.00 1080.00
20160928  21:13:00 18175.00 18180.00 18165.00 18175.00 994.00
20160928  21:14:00 18175.00 18180.00 18175.00 18180.00 472.00
20160928  21:15:00 18180.00 18190.00 18180.00 18185.00 1768.00
20160928  21:16:00 18185.00 18185.00 18180.00 18180.00 494.00
20160928  21:17:00 18180.00 18180.00 18175.00 18175.00 710.00
20160928  21:18:00 18175.00 18180.00 18155.00 18165.00 1526.00
20160928  21:19:00 18160.00 18180.00 18160.00 18180.00 1738.00
20160928  21:20:00 18180.00 18180.00 18170.00 18175.00 706.00
20160928  21:21:00 18175.00 18180.00 18175.00 18175.00 402.00
20160928  21:22:00 18175.00 18180.00 18170.00 18175.00 740.00
20160928  21:23:00 18175.00 18180.00 18170.00 18170.00 908.00
20160928  21:24:00 18170.00 18175.00 18165.00 18170.00 546.00
20160928  21:25:00 18170.00 18175.00 18165.00 18165.00 570.00
20160928  21:26:00 18165.00 18175.00 18165.00 18170.00 442.00
20160928  21:27:00 18170.00 18175.00 18160.00 18160.00 1210.00
20160928  21:28:00 18160.00 18165.00 18160.00 18165.00 382.00
20160928  21:29:00 18165.00 18170.00 18165.00 18170.00 554.00
20160928  21:30:00 18170.00 18180.00 18170.00 18170.00 1616.00
20160928  21:31:00 18170.00 18175.00 18165.00 18170.00 670.00
20160928  21:32:00 18170.00 18180.00 18165.00 18175.00 538.00
20160928  21:33:00 18175.00 18180.00 18170.00 18175.00 1252.00
20160928  21:34:00 18175.00 18180.00 18170.00 18180.00 802.00
20160928  21:35:00 18185.00 18185.00 18170.00 18170.00 564.00
20160928  21:36:00 18175.00 18180.00 18165.00 18165.00 558.00
20160928  21:37:00 18165.00 18165.00 18160.00 18160.00 904.00
20160928  21:38:00 18160.00 18165.00 18145.00 18145.00 1524.00
20160928  21:39:00 18145.00 18165.00 18145.00 18160.00 896.00
20160928  21:40:00 18155.00 18160.00 18150.00 18160.00 710.00
20160928  21:41:00 18160.00 18160.00 18150.00 18155.00 368.00
20160928  21:42:00 18155.00 18165.00 18155.00 18155.00 634.00
20160928  21:43:00 18155.00 18160.00 18155.00 18155.00 188.00
20160928  21:44:00 18155.00 18160.00 18145.00 18155.00 600.00
20160928  21:45:00 18155.00 18160.00 18150.00 18155.00 630.00
20160928  21:46:00 18155.00 18160.00 18155.00 18160.00 490.00
20160928  21:47:00 18160.00 18165.00 18155.00 18160.00 458.00
20160928  21:48:00 18160.00 18165.00 18160.00 18160.00 230.00
20160928  21:49:00 18160.00 18175.00 18160.00 18170.00 790.00
20160928  21:50:00 18170.00 18175.00 18160.00 18160.00 304.00
20160928  21:51:00 18160.00 18170.00 18160.00 18165.00 148.00
20160928  21:52:00 18165.00 18170.00 18165.00 18165.00  66.00
20160928  21:53:00 18165.00 18175.00 18165.00 18170.00 536.00
20160928  21:54:00 18170.00 18175.00 18165.00 18165.00 230.00
20160928  21:55:00 18165.00 18170.00 18160.00 18170.00 140.00
20160928  21:56:00 18170.00 18170.00 18165.00 18165.00  38.00
20160928  21:57:00 18165.00 18170.00 18165.00 18170.00  12.00
20160928  21:58:00 18170.00 18170.00 18165.00 18170.00  68.00
20160928  21:59:00 18170.00 18170.00 18170.00 18170.00  34.00
20160928  22:00:00 18170.00 18180.00 18170.00 18170.00 2004.00
20160928  22:01:00 18170.00 18180.00 18170.00 18180.00 404.00
20160928  22:02:00 18175.00 18180.00 18170.00 18175.00 408.00
20160928  22:03:00 18175.00 18175.00 18165.00 18165.00 222.00
20160928  22:04:00 18165.00 18175.00 18165.00 18170.00 278.00
20160928  22:05:00 18170.00 18170.00 18165.00 18170.00 278.00
20160928  22:06:00 18165.00 18175.00 18165.00 18175.00 284.00
20160928  22:07:00 18175.00 18175.00 18160.00 18160.00 562.00
20160928  22:08:00 18160.00 18170.00 18160.00 18170.00 270.00
20160928  22:09:00 18170.00 18175.00 18170.00 18170.00 180.00
20160928  22:10:00 18170.00 18170.00 18160.00 18160.00 354.00
20160928  22:11:00 18160.00 18170.00 18150.00 18150.00 1106.00
20160928  22:12:00 18150.00 18155.00 18140.00 18145.00 1152.00
20160928  22:13:00 18145.00 18155.00 18140.00 18150.00 504.00
20160928  22:14:00 18150.00 18150.00 18145.00 18150.00 512.00
20160928  22:15:00 18150.00 18150.00 18145.00 18150.00 204.00
20160928  22:16:00 18150.00 18150.00 18145.00 18150.00  98.00
20160928  22:17:00 18155.00 18165.00 18155.00 18165.00 740.00
20160928  22:18:00 18165.00 18170.00 18160.00 18165.00 768.00
20160928  22:19:00 18165.00 18165.00 18160.00 18165.00 150.00
20160928  22:20:00 18165.00 18165.00 18155.00 18155.00 506.00
20160928  22:21:00 18155.00 18155.00 18155.00 18155.00 144.00
20160928  22:22:00 18155.00 18160.00 18155.00 18160.00 280.00
20160928  22:23:00 18160.00 18165.00 18160.00 18165.00 112.00
20160928  22:24:00 18165.00 18165.00 18165.00 18165.00  50.00
20160928  22:25:00 18165.00 18165.00 18160.00 18160.00 110.00
20160928  22:26:00 18160.00 18165.00 18160.00 18160.00  12.00
20160928  22:27:00 18160.00 18165.00 18150.00 18155.00 284.00
20160928  22:28:00 18155.00 18160.00 18150.00 18150.00 448.00
20160928  22:29:00 18150.00 18160.00 18140.00 18155.00 984.00
20160928  22:30:00 18155.00 18155.00 18140.00 18145.00 708.00
20160928  22:31:00 18150.00 18150.00 18135.00 18135.00 460.00
20160928  22:32:00 18135.00 18150.00 18105.00 18125.00 2316.00
20160928  22:33:00 18125.00 18145.00 18120.00 18130.00 1358.00
20160928  22:34:00 18130.00 18140.00 18130.00 18135.00 508.00
20160928  22:35:00 18135.00 18145.00 18125.00 18135.00 1048.00
20160928  22:36:00 18135.00 18145.00 18130.00 18135.00 506.00
20160928  22:37:00 18135.00 18140.00 18135.00 18140.00 150.00
20160928  22:38:00 18135.00 18135.00 18125.00 18130.00 302.00
20160928  22:39:00 18130.00 18130.00 18130.00 18130.00 106.00
20160928  22:40:00 18130.00 18140.00 18130.00 18140.00 298.00
20160928  22:41:00 18140.00 18140.00 18135.00 18135.00 114.00
20160928  22:42:00 18135.00 18150.00 18130.00 18140.00 690.00
20160928  22:43:00 18140.00 18145.00 18140.00 18145.00 198.00
20160928  22:44:00 18145.00 18145.00 18130.00 18130.00 246.00
20160928  22:45:00 18130.00 18140.00 18120.00 18125.00 798.00
20160928  22:46:00 18125.00 18130.00 18095.00 18100.00 1352.00
20160928  22:47:00 18100.00 18110.00 18095.00 18095.00 1126.00
20160928  22:48:00 18095.00 18100.00 18090.00 18095.00 866.00
20160928  22:49:00 18095.00 18100.00 18085.00 18085.00 652.00
20160928  22:50:00 18085.00 18085.00 18075.00 18075.00 1318.00
20160928  22:51:00 18075.00 18090.00 18075.00 18080.00 374.00
20160928  22:52:00 18085.00 18085.00 18070.00 18080.00 1216.00
20160928  22:53:00 18075.00 18075.00 18065.00 18070.00 516.00
20160928  22:54:00 18070.00 18095.00 18065.00 18090.00 886.00
20160928  22:55:00 18090.00 18090.00 18080.00 18085.00 568.00
20160928  22:56:00 18085.00 18085.00 18075.00 18085.00 274.00
20160928  22:57:00 18085.00 18095.00 18080.00 18085.00 774.00
20160928  22:58:00 18085.00 18090.00 18080.00 18080.00 476.00
20160928  22:59:00 18085.00 18085.00 18080.00 18080.00 132.00
20160928  23:00:00 18080.00 18090.00 18080.00 18080.00 450.00
20160928  23:01:00 18080.00 18090.00 18075.00 18075.00 1012.00
20160928  23:02:00 18075.00 18085.00 18075.00 18085.00 398.00
20160928  23:03:00 18085.00 18100.00 18085.00 18095.00 326.00
20160928  23:04:00 18100.00 18100.00 18085.00 18090.00 820.00
20160928  23:05:00 18090.00 18090.00 18080.00 18080.00 422.00
20160928  23:06:00 18075.00 18085.00 18070.00 18080.00 464.00
20160928  23:07:00 18080.00 18080.00 18060.00 18070.00 1404.00
20160928  23:08:00 18070.00 18075.00 18065.00 18075.00 746.00
20160928  23:09:00 18075.00 18080.00 18065.00 18065.00 304.00
20160928  23:10:00 18065.00 18075.00 18065.00 18070.00 150.00
20160928  23:11:00 18070.00 18080.00 18070.00 18080.00 250.00
20160928  23:12:00 18075.00 18085.00 18070.00 18085.00 436.00
20160928  23:13:00 18085.00 18095.00 18085.00 18090.00 524.00
20160928  23:14:00 18090.00 18095.00 18090.00 18090.00 260.00
20160928  23:15:00 18090.00 18090.00 18085.00 18085.00 204.00
20160928  23:16:00 18090.00 18095.00 18085.00 18095.00 342.00
20160928  23:17:00 18095.00 18105.00 18095.00 18105.00 354.00
20160928  23:18:00 18100.00 18105.00 18100.00 18105.00 124.00
20160928  23:19:00 18105.00 18105.00 18100.00 18100.00  98.00
20160928  23:20:00 18100.00 18100.00 18095.00 18095.00 166.00
20160928  23:21:00 18100.00 18105.00 18100.00 18105.00 168.00
20160928  23:22:00 18105.00 18110.00 18100.00 18100.00 186.00
20160928  23:23:00 18100.00 18105.00 18100.00 18105.00  78.00
20160928  23:24:00 18100.00 18105.00 18095.00 18095.00 136.00
20160928  23:25:00 18095.00 18100.00 18095.00 18095.00  50.00
20160928  23:26:00 18095.00 18100.00 18095.00 18095.00 132.00
20160928  23:27:00 18095.00 18095.00 18090.00 18090.00  64.00
20160928  23:28:00 18090.00 18105.00 18090.00 18100.00 216.00
20160928  23:29:00 18100.00 18105.00 18100.00 18105.00 216.00
20160928  23:30:00 18110.00 18125.00 18105.00 18120.00 930.00
20160928  23:31:00 18120.00 18125.00 18120.00 18125.00 500.00
20160928  23:32:00 18125.00 18125.00 18120.00 18120.00 440.00
20160928  23:33:00 18125.00 18125.00 18120.00 18120.00 276.00
20160928  23:34:00 18120.00 18120.00 18110.00 18110.00 178.00
20160928  23:35:00 18110.00 18115.00 18110.00 18110.00 122.00
20160928  23:36:00 18110.00 18120.00 18110.00 18115.00 166.00
20160928  23:37:00 18115.00 18125.00 18115.00 18125.00 254.00
20160928  23:38:00 18125.00 18125.00 18115.00 18115.00 348.00
20160928  23:39:00 18115.00 18120.00 18110.00 18115.00 112.00
20160928  23:40:00 18115.00 18120.00 18115.00 18115.00  32.00
20160928  23:41:00 18115.00 18120.00 18115.00 18120.00  36.00
20160928  23:42:00 18115.00 18120.00 18115.00 18120.00  94.00
20160928  23:43:00 18120.00 18120.00 18115.00 18115.00  68.00
20160928  23:44:00 18115.00 18120.00 18115.00 18120.00  32.00
20160928  23:45:00 18120.00 18120.00 18115.00 18115.00 120.00
20160928  23:46:00 18115.00 18115.00 18115.00 18115.00 172.00
20160928  23:47:00 18115.00 18125.00 18115.00 18125.00 270.00
20160928  23:48:00 18125.00 18125.00 18120.00 18120.00  18.00
20160928  23:49:00 18120.00 18140.00 18120.00 18130.00 660.00
20160928  23:50:00 18135.00 18140.00 18130.00 18135.00 460.00
20160928  23:51:00 18135.00 18140.00 18125.00 18130.00 414.00
20160928  23:52:00 18125.00 18130.00 18125.00 18125.00  94.00
20160928  23:53:00 18125.00 18135.00 18125.00 18130.00 126.00
20160928  23:54:00 18130.00 18130.00 18130.00 18130.00   4.00
20160928  23:55:00 18135.00 18135.00 18130.00 18135.00 510.00
20160928  23:56:00 18135.00 18145.00 18135.00 18140.00 920.00
20160928  23:57:00 18140.00 18150.00 18140.00 18150.00 218.00
20160928  23:58:00 18145.00 18150.00 18140.00 18140.00 338.00
20160928  23:59:00 18140.00 18145.00 18140.00 18140.00 168.00
20160929  00:00:00 18140.00 18150.00 18140.00 18150.00 348.00
20160929  00:01:00 18150.00 18150.00 18140.00 18140.00  70.00
20160929  00:02:00 18140.00 18145.00 18140.00 18140.00  76.00
20160929  00:03:00 18140.00 18145.00 18140.00 18140.00 348.00
20160929  00:04:00 18140.00 18150.00 18140.00 18150.00 264.00
20160929  00:05:00 18150.00 18160.00 18150.00 18155.00 382.00
20160929  00:06:00 18155.00 18155.00 18150.00 18150.00 172.00
20160929  00:07:00 18150.00 18155.00 18150.00 18150.00 144.00
20160929  00:08:00 18150.00 18150.00 18145.00 18145.00 122.00
20160929  00:09:00 18145.00 18145.00 18140.00 18140.00 218.00
20160929  00:10:00 18140.00 18140.00 18135.00 18135.00 212.00
20160929  00:11:00 18135.00 18140.00 18135.00 18140.00  30.00
20160929  00:12:00 18140.00 18145.00 18140.00 18145.00  96.00
20160929  00:13:00 18145.00 18150.00 18140.00 18145.00 522.00
20160929  00:14:00 18145.00 18150.00 18140.00 18150.00 166.00
20160929  00:15:00 18150.00 18155.00 18150.00 18155.00  74.00
20160929  00:16:00 18155.00 18155.00 18150.00 18150.00 294.00
20160929  00:17:00 18155.00 18155.00 18150.00 18155.00 136.00
20160929  00:18:00 18155.00 18155.00 18150.00 18150.00  16.00
20160929  00:19:00 18150.00 18150.00 18150.00 18150.00 208.00
20160929  00:20:00 18150.00 18155.00 18150.00 18155.00  52.00
20160929  00:21:00 18155.00 18155.00 18155.00 18155.00  92.00
20160929  00:22:00 18155.00 18170.00 18155.00 18165.00 742.00
20160929  00:23:00 18165.00 18165.00 18160.00 18165.00  34.00
20160929  00:24:00 18165.00 18165.00 18160.00 18160.00  36.00
20160929  00:25:00 18160.00 18170.00 18160.00 18165.00 240.00
20160929  00:26:00 18165.00 18170.00 18165.00 18165.00 360.00
20160929  00:27:00 18165.00 18170.00 18160.00 18170.00 340.00
20160929  00:28:00 18170.00 18170.00 18165.00 18170.00 212.00
20160929  00:29:00 18170.00 18170.00 18160.00 18160.00 260.00
20160929  00:30:00 18160.00 18170.00 18160.00 18165.00 240.00
20160929  00:31:00 18165.00 18170.00 18160.00 18160.00 140.00
20160929  00:32:00 18160.00 18160.00 18160.00 18160.00  94.00
20160929  00:33:00 18160.00 18160.00 18160.00 18160.00 110.00
20160929  00:34:00 18160.00 18160.00 18155.00 18155.00  16.00
20160929  00:35:00 18155.00 18160.00 18155.00 18160.00  30.00
20160929  00:36:00 18160.00 18160.00 18155.00 18160.00  82.00
20160929  00:37:00 18160.00 18160.00 18160.00 18160.00  96.00
20160929  00:38:00 18160.00 18165.00 18160.00 18160.00  16.00
20160929  00:39:00 18165.00 18170.00 18165.00 18170.00 212.00
20160929  00:40:00 18175.00 18175.00 18165.00 18165.00  38.00
20160929  00:41:00 18165.00 18170.00 18165.00 18170.00   6.00
20160929  00:42:00 18170.00 18175.00 18170.00 18170.00 158.00
20160929  00:43:00 18170.00 18170.00 18165.00 18165.00  40.00
20160929  00:44:00 18165.00 18165.00 18155.00 18165.00 274.00
20160929  00:45:00 18165.00 18165.00 18160.00 18165.00  74.00
20160929  00:46:00 18165.00 18165.00 18150.00 18160.00 444.00
20160929  00:47:00 18160.00 18160.00 18160.00 18160.00   4.00
20160929  00:48:00 18160.00 18160.00 18150.00 18155.00 404.00
20160929  00:49:00 18155.00 18155.00 18150.00 18155.00  70.00
20160929  00:50:00 18155.00 18160.00 18155.00 18160.00  58.00
20160929  00:51:00 18160.00 18165.00 18160.00 18165.00 132.00
20160929  00:52:00 18165.00 18165.00 18160.00 18160.00  42.00
20160929  00:53:00 18160.00 18160.00 18155.00 18155.00  10.00
20160929  00:54:00 18155.00 18155.00 18155.00 18155.00  20.00
20160929  00:55:00 18155.00 18160.00 18150.00 18150.00 388.00
20160929  00:56:00 18150.00 18150.00 18150.00 18150.00  52.00
20160929  00:57:00 18150.00 18150.00 18145.00 18145.00 270.00
20160929  00:58:00 18145.00 18150.00 18145.00 18150.00 228.00
20160929  00:59:00 18150.00 18150.00 18125.00 18130.00 1168.00
20160929  01:00:00 18135.00 18135.00 18135.00 18135.00   8.00
20160929  09:00:00 18180.00 18200.00 18170.00 18170.00 3618.00
20160929  09:01:00 18170.00 18175.00 18150.00 18150.00 1836.00
20160929  09:02:00 18150.00 18165.00 18150.00 18165.00 1038.00
20160929  09:03:00 18165.00 18170.00 18160.00 18165.00 1058.00
20160929  09:04:00 18165.00 18175.00 18165.00 18165.00 836.00
20160929  09:05:00 18170.00 18185.00 18170.00 18185.00 1252.00
20160929  09:06:00 18185.00 18205.00 18185.00 18200.00 2440.00
20160929  09:07:00 18200.00 18205.00 18170.00 18170.00 2500.00
20160929  09:08:00 18170.00 18175.00 18170.00 18170.00 750.00
20160929  09:09:00 18170.00 18185.00 18165.00 18180.00 1122.00
20160929  09:10:00 18180.00 18195.00 18180.00 18185.00 776.00
20160929  09:11:00 18185.00 18195.00 18185.00 18190.00 620.00
20160929  09:12:00 18190.00 18235.00 18190.00 18220.00 2628.00
20160929  09:13:00 18220.00 18250.00 18220.00 18235.00 2022.00
20160929  09:14:00 18235.00 18240.00 18215.00 18225.00 1160.00
20160929  09:15:00 18225.00 18240.00 18225.00 18225.00 1278.00
20160929  09:16:00 18230.00 18230.00 18190.00 18195.00 1848.00
20160929  09:17:00 18195.00 18205.00 18190.00 18200.00 1046.00
20160929  09:18:00 18195.00 18195.00 18190.00 18190.00 726.00
20160929  09:19:00 18190.00 18220.00 18190.00 18210.00 950.00
20160929  09:20:00 18210.00 18215.00 18205.00 18205.00 566.00
20160929  09:21:00 18205.00 18205.00 18170.00 18180.00 1640.00
20160929  09:22:00 18180.00 18190.00 18175.00 18190.00 1158.00
20160929  09:23:00 18195.00 18210.00 18190.00 18200.00 644.00
20160929  09:24:00 18205.00 18205.00 18185.00 18195.00 666.00
20160929  09:25:00 18195.00 18215.00 18195.00 18205.00 714.00
20160929  09:26:00 18205.00 18210.00 18195.00 18200.00 384.00
20160929  09:27:00 18200.00 18210.00 18200.00 18210.00 296.00
20160929  09:28:00 18210.00 18210.00 18185.00 18195.00 552.00
20160929  09:29:00 18195.00 18215.00 18195.00 18210.00 640.00
20160929  09:30:00 18210.00 18220.00 18205.00 18210.00 1508.00
20160929  09:31:00 18210.00 18230.00 18205.00 18220.00 944.00
20160929  09:32:00 18225.00 18225.00 18205.00 18205.00 1390.00
20160929  09:33:00 18210.00 18220.00 18205.00 18205.00 422.00
20160929  09:34:00 18205.00 18215.00 18205.00 18210.00 688.00
20160929  09:35:00 18210.00 18220.00 18210.00 18215.00 632.00
20160929  09:36:00 18215.00 18215.00 18210.00 18215.00 832.00
20160929  09:37:00 18215.00 18220.00 18215.00 18215.00 520.00
20160929  09:38:00 18215.00 18220.00 18210.00 18210.00 522.00
20160929  09:39:00 18210.00 18215.00 18205.00 18210.00 668.00
20160929  09:40:00 18210.00 18220.00 18210.00 18215.00 932.00
20160929  09:41:00 18215.00 18220.00 18205.00 18210.00 538.00
20160929  09:42:00 18210.00 18220.00 18210.00 18210.00 266.00
20160929  09:43:00 18210.00 18215.00 18210.00 18210.00 564.00
20160929  09:44:00 18210.00 18220.00 18210.00 18215.00 338.00
20160929  09:45:00 18215.00 18225.00 18215.00 18220.00 1042.00
20160929  09:46:00 18220.00 18220.00 18210.00 18210.00 220.00
20160929  09:47:00 18210.00 18215.00 18190.00 18195.00 1368.00
20160929  09:48:00 18195.00 18195.00 18180.00 18185.00 1220.00
20160929  09:49:00 18185.00 18200.00 18185.00 18200.00 1282.00
20160929  09:50:00 18200.00 18215.00 18200.00 18210.00 408.00
20160929  09:51:00 18210.00 18220.00 18205.00 18220.00 760.00
20160929  09:52:00 18220.00 18220.00 18215.00 18215.00 168.00
20160929  09:53:00 18215.00 18215.00 18210.00 18210.00 144.00
20160929  09:54:00 18210.00 18215.00 18205.00 18205.00 508.00
20160929  09:55:00 18205.00 18220.00 18205.00 18220.00 228.00
20160929  09:56:00 18220.00 18220.00 18215.00 18215.00 700.00
20160929  09:57:00 18215.00 18230.00 18210.00 18230.00 436.00
20160929  09:58:00 18230.00 18240.00 18225.00 18235.00 936.00
20160929  09:59:00 18235.00 18245.00 18230.00 18240.00 760.00
20160929  10:00:00 18245.00 18245.00 18230.00 18230.00 708.00
20160929  10:01:00 18230.00 18235.00 18225.00 18225.00 460.00
20160929  10:02:00 18225.00 18230.00 18215.00 18225.00 954.00
20160929  10:03:00 18225.00 18225.00 18215.00 18215.00 710.00
20160929  10:04:00 18215.00 18220.00 18215.00 18220.00 312.00
20160929  10:05:00 18215.00 18235.00 18215.00 18230.00 286.00
20160929  10:06:00 18230.00 18235.00 18225.00 18230.00  96.00
20160929  10:07:00 18230.00 18235.00 18220.00 18225.00 384.00
20160929  10:08:00 18225.00 18225.00 18215.00 18215.00 272.00
20160929  10:09:00 18215.00 18215.00 18200.00 18205.00 792.00
20160929  10:10:00 18205.00 18215.00 18205.00 18215.00 232.00
20160929  10:11:00 18215.00 18215.00 18195.00 18200.00 872.00
20160929  10:12:00 18200.00 18200.00 18190.00 18195.00 790.00
20160929  10:13:00 18195.00 18200.00 18190.00 18195.00 238.00
20160929  10:14:00 18195.00 18200.00 18185.00 18190.00 686.00
20160929  10:30:00 18190.00 18200.00 18175.00 18185.00 1196.00
20160929  10:31:00 18185.00 18200.00 18185.00 18195.00 678.00
20160929  10:32:00 18195.00 18205.00 18190.00 18190.00 554.00
20160929  10:33:00 18190.00 18195.00 18180.00 18190.00 442.00
20160929  10:34:00 18190.00 18190.00 18185.00 18190.00 264.00
20160929  10:35:00 18185.00 18190.00 18185.00 18185.00 344.00
20160929  10:36:00 18185.00 18195.00 18180.00 18190.00 1170.00
20160929  10:37:00 18190.00 18190.00 18175.00 18175.00 764.00
20160929  10:38:00 18175.00 18195.00 18175.00 18190.00 396.00
20160929  10:39:00 18190.00 18195.00 18190.00 18195.00 130.00
20160929  10:40:00 18190.00 18195.00 18185.00 18190.00 326.00
20160929  10:41:00 18185.00 18195.00 18185.00 18195.00 234.00
20160929  10:42:00 18195.00 18200.00 18195.00 18200.00 216.00
20160929  10:43:00 18200.00 18205.00 18190.00 18190.00 496.00
20160929  10:44:00 18190.00 18200.00 18190.00 18195.00 846.00
20160929  10:45:00 18195.00 18200.00 18190.00 18200.00 404.00
20160929  10:46:00 18200.00 18205.00 18195.00 18205.00 1350.00
20160929  10:47:00 18200.00 18205.00 18195.00 18200.00 114.00
20160929  10:48:00 18195.00 18200.00 18195.00 18195.00 270.00
20160929  10:49:00 18190.00 18195.00 18190.00 18195.00 378.00
20160929  10:50:00 18200.00 18205.00 18195.00 18205.00 156.00
20160929  10:51:00 18200.00 18205.00 18200.00 18205.00 306.00
20160929  10:52:00 18200.00 18200.00 18195.00 18200.00 348.00
20160929  10:53:00 18200.00 18200.00 18195.00 18200.00  20.00
20160929  10:54:00 18200.00 18200.00 18195.00 18200.00 924.00
20160929  10:55:00 18195.00 18215.00 18195.00 18205.00 596.00
20160929  10:56:00 18210.00 18220.00 18205.00 18205.00 512.00
20160929  10:57:00 18205.00 18210.00 18195.00 18200.00 304.00
20160929  10:58:00 18200.00 18205.00 18200.00 18205.00 348.00
20160929  10:59:00 18205.00 18210.00 18200.00 18200.00 166.00
20160929  11:00:00 18200.00 18210.00 18190.00 18210.00 652.00
20160929  11:01:00 18210.00 18210.00 18200.00 18210.00 618.00
20160929  11:02:00 18210.00 18215.00 18205.00 18210.00 448.00
20160929  11:03:00 18210.00 18230.00 18205.00 18225.00 1254.00
20160929  11:04:00 18230.00 18230.00 18220.00 18225.00 656.00
20160929  11:05:00 18225.00 18225.00 18220.00 18220.00 326.00
20160929  11:06:00 18225.00 18225.00 18215.00 18220.00 180.00
20160929  11:07:00 18215.00 18225.00 18215.00 18225.00 286.00
20160929  11:08:00 18225.00 18225.00 18220.00 18225.00 410.00
20160929  11:09:00 18225.00 18230.00 18225.00 18230.00 268.00
20160929  11:10:00 18230.00 18230.00 18225.00 18225.00 564.00
20160929  11:11:00 18225.00 18225.00 18210.00 18215.00 708.00
20160929  11:12:00 18215.00 18225.00 18215.00 18225.00 246.00
20160929  11:13:00 18225.00 18240.00 18225.00 18235.00 1260.00
20160929  11:14:00 18235.00 18235.00 18230.00 18230.00 422.00
20160929  11:15:00 18230.00 18230.00 18220.00 18225.00 478.00
20160929  11:16:00 18225.00 18225.00 18220.00 18220.00 466.00
20160929  11:17:00 18220.00 18220.00 18190.00 18200.00 1538.00
20160929  11:18:00 18200.00 18210.00 18200.00 18210.00 150.00
20160929  11:19:00 18210.00 18210.00 18205.00 18205.00 676.00
20160929  11:20:00 18205.00 18210.00 18205.00 18205.00 1000.00
20160929  11:21:00 18205.00 18215.00 18205.00 18215.00 502.00
20160929  11:22:00 18215.00 18215.00 18210.00 18210.00 128.00
20160929  11:23:00 18210.00 18215.00 18210.00 18215.00 140.00
20160929  11:24:00 18215.00 18225.00 18215.00 18220.00 454.00
20160929  11:25:00 18220.00 18220.00 18215.00 18215.00 358.00
20160929  11:26:00 18220.00 18220.00 18215.00 18215.00 202.00
20160929  11:27:00 18215.00 18215.00 18210.00 18210.00  94.00
20160929  11:28:00 18210.00 18220.00 18210.00 18220.00 550.00
20160929  11:29:00 18220.00 18235.00 18215.00 18220.00 596.00
20160929  13:30:00 18225.00 18230.00 18225.00 18230.00 340.00
20160929  13:31:00 18230.00 18250.00 18225.00 18240.00 1650.00
20160929  13:32:00 18245.00 18245.00 18235.00 18235.00 398.00
20160929  13:33:00 18235.00 18235.00 18225.00 18235.00 492.00
20160929  13:34:00 18230.00 18240.00 18230.00 18235.00 414.00
20160929  13:35:00 18235.00 18240.00 18230.00 18235.00 186.00
20160929  13:36:00 18240.00 18240.00 18235.00 18235.00 112.00
20160929  13:37:00 18240.00 18240.00 18225.00 18230.00 448.00
20160929  13:38:00 18230.00 18235.00 18230.00 18235.00 278.00
20160929  13:39:00 18235.00 18240.00 18230.00 18235.00 386.00
20160929  13:40:00 18240.00 18245.00 18235.00 18245.00 738.00
20160929  13:41:00 18245.00 18270.00 18240.00 18265.00 2598.00
20160929  13:42:00 18265.00 18280.00 18260.00 18275.00 2146.00
20160929  13:43:00 18275.00 18285.00 18275.00 18285.00 2060.00
20160929  13:44:00 18285.00 18285.00 18275.00 18280.00 828.00
20160929  13:45:00 18280.00 18290.00 18275.00 18280.00 1122.00
20160929  13:46:00 18280.00 18280.00 18275.00 18280.00 1114.00
20160929  13:47:00 18280.00 18280.00 18265.00 18265.00 960.00
20160929  13:48:00 18265.00 18270.00 18255.00 18255.00 1166.00
20160929  13:49:00 18255.00 18265.00 18245.00 18250.00 1872.00
20160929  13:50:00 18250.00 18260.00 18250.00 18255.00 460.00
20160929  13:51:00 18255.00 18260.00 18250.00 18260.00 338.00
20160929  13:52:00 18260.00 18260.00 18250.00 18250.00 456.00
20160929  13:53:00 18250.00 18255.00 18250.00 18250.00 664.00
20160929  13:54:00 18250.00 18260.00 18250.00 18250.00 606.00
20160929  13:55:00 18250.00 18255.00 18240.00 18245.00 1470.00
20160929  13:56:00 18250.00 18250.00 18240.00 18240.00 710.00
20160929  13:57:00 18240.00 18245.00 18240.00 18245.00 110.00
20160929  13:58:00 18240.00 18240.00 18220.00 18225.00 1736.00
20160929  13:59:00 18225.00 18235.00 18220.00 18225.00 1618.00
20160929  14:00:00 18220.00 18225.00 18215.00 18220.00 1274.00
20160929  14:01:00 18220.00 18230.00 18220.00 18230.00 1082.00
20160929  14:02:00 18230.00 18230.00 18220.00 18220.00 828.00
20160929  14:03:00 18215.00 18225.00 18215.00 18225.00 396.00
20160929  14:04:00 18225.00 18230.00 18225.00 18230.00 768.00
20160929  14:05:00 18230.00 18235.00 18225.00 18230.00 574.00
20160929  14:06:00 18230.00 18240.00 18230.00 18240.00 614.00
20160929  14:07:00 18240.00 18245.00 18235.00 18235.00 248.00
20160929  14:08:00 18240.00 18240.00 18230.00 18230.00 362.00
20160929  14:09:00 18235.00 18240.00 18230.00 18235.00 144.00
20160929  14:10:00 18240.00 18240.00 18235.00 18240.00 234.00
20160929  14:11:00 18240.00 18240.00 18235.00 18240.00 276.00
20160929  14:12:00 18240.00 18240.00 18235.00 18240.00 122.00
20160929  14:13:00 18240.00 18245.00 18235.00 18235.00 452.00
20160929  14:14:00 18235.00 18255.00 18230.00 18245.00 558.00
20160929  14:15:00 18245.00 18245.00 18235.00 18245.00 522.00
20160929  14:16:00 18245.00 18245.00 18240.00 18245.00 464.00
20160929  14:17:00 18245.00 18245.00 18240.00 18245.00  30.00
20160929  14:18:00 18245.00 18245.00 18240.00 18245.00 352.00
20160929  14:19:00 18245.00 18245.00 18235.00 18235.00 942.00
20160929  14:20:00 18240.00 18255.00 18240.00 18250.00 576.00
20160929  14:21:00 18250.00 18255.00 18250.00 18250.00 480.00
20160929  14:22:00 18250.00 18255.00 18250.00 18250.00 416.00
20160929  14:23:00 18250.00 18265.00 18250.00 18265.00 992.00
20160929  14:24:00 18265.00 18270.00 18255.00 18255.00 520.00
20160929  14:25:00 18255.00 18260.00 18250.00 18250.00 258.00
20160929  14:26:00 18255.00 18255.00 18250.00 18255.00 148.00
20160929  14:27:00 18255.00 18260.00 18250.00 18255.00 428.00
20160929  14:28:00 18255.00 18260.00 18250.00 18255.00 720.00
20160929  14:29:00 18260.00 18260.00 18250.00 18255.00 436.00
20160929  14:30:00 18260.00 18260.00 18255.00 18260.00 558.00
20160929  14:31:00 18255.00 18255.00 18240.00 18240.00 588.00
20160929  14:32:00 18245.00 18270.00 18240.00 18255.00 790.00
20160929  14:33:00 18260.00 18265.00 18255.00 18260.00 630.00
20160929  14:34:00 18265.00 18270.00 18260.00 18265.00 814.00
20160929  14:35:00 18265.00 18265.00 18255.00 18260.00 560.00
20160929  14:36:00 18260.00 18260.00 18250.00 18255.00 1060.00
20160929  14:37:00 18255.00 18255.00 18240.00 18240.00 630.00
20160929  14:38:00 18240.00 18240.00 18230.00 18235.00 794.00
20160929  14:39:00 18235.00 18235.00 18215.00 18220.00 1250.00
20160929  14:40:00 18220.00 18230.00 18215.00 18230.00 964.00
20160929  14:41:00 18230.00 18245.00 18225.00 18235.00 986.00
20160929  14:42:00 18235.00 18240.00 18230.00 18240.00 596.00
20160929  14:43:00 18240.00 18240.00 18235.00 18235.00 186.00
20160929  14:44:00 18240.00 18240.00 18235.00 18235.00 252.00
20160929  14:45:00 18235.00 18235.00 18230.00 18235.00 294.00
20160929  14:46:00 18235.00 18235.00 18215.00 18215.00 906.00
20160929  14:47:00 18215.00 18220.00 18205.00 18210.00 966.00
20160929  14:48:00 18210.00 18225.00 18205.00 18220.00 768.00
20160929  14:49:00 18220.00 18225.00 18215.00 18220.00 470.00
20160929  14:50:00 18220.00 18225.00 18205.00 18205.00 750.00
20160929  14:51:00 18210.00 18210.00 18200.00 18205.00 1486.00
20160929  14:52:00 18205.00 18215.00 18200.00 18205.00 792.00
20160929  14:53:00 18205.00 18205.00 18190.00 18195.00 1464.00
20160929  14:54:00 18200.00 18200.00 18175.00 18185.00 1776.00
20160929  14:55:00 18185.00 18190.00 18175.00 18180.00 714.00
20160929  14:56:00 18180.00 18190.00 18180.00 18185.00 660.00
20160929  14:57:00 18185.00 18185.00 18160.00 18170.00 2048.00
20160929  14:58:00 18165.00 18170.00 18160.00 18165.00 762.00
20160929  14:59:00 18165.00 18185.00 18165.00 18180.00 1404.00
20160929  15:00:00 18180.00 18180.00 18180.00 18180.00   4.00
