20160831  15:00:00 17990.00 17990.00 17990.00 17990.00  18.00
20160831  14:59:00 17980.00 17990.00 17975.00 17985.00 1764.00
20160831  14:58:00 17970.00 17985.00 17965.00 17980.00 1482.00
20160831  14:57:00 17965.00 17980.00 17965.00 17975.00 2682.00
20160831  14:56:00 17985.00 17990.00 17955.00 17960.00 3388.00
20160831  14:55:00 18030.00 18030.00 17975.00 17985.00 6840.00
20160831  14:54:00 18065.00 18065.00 18015.00 18030.00 6062.00
20160831  14:53:00 18065.00 18070.00 18060.00 18065.00 596.00
20160831  14:52:00 18070.00 18075.00 18065.00 18070.00 526.00
20160831  14:51:00 18075.00 18080.00 18070.00 18070.00 598.00
20160831  14:50:00 18080.00 18080.00 18070.00 18075.00 304.00
20160831  14:49:00 18070.00 18080.00 18065.00 18080.00 872.00
20160831  14:48:00 18070.00 18070.00 18065.00 18070.00 566.00
20160831  14:47:00 18070.00 18070.00 18065.00 18070.00 398.00
20160831  14:46:00 18065.00 18070.00 18065.00 18065.00 842.00
20160831  14:45:00 18075.00 18080.00 18065.00 18065.00 1222.00
20160831  14:44:00 18075.00 18080.00 18075.00 18075.00 306.00
20160831  14:43:00 18085.00 18090.00 18075.00 18075.00 720.00
20160831  14:42:00 18095.00 18095.00 18080.00 18085.00 618.00
20160831  14:41:00 18085.00 18090.00 18085.00 18090.00 484.00
20160831  14:40:00 18085.00 18090.00 18080.00 18085.00 380.00
20160831  14:39:00 18065.00 18085.00 18065.00 18085.00 812.00
20160831  14:38:00 18080.00 18085.00 18060.00 18065.00 1102.00
20160831  14:37:00 18080.00 18085.00 18075.00 18080.00 840.00
20160831  14:36:00 18090.00 18090.00 18080.00 18080.00 484.00
20160831  14:35:00 18095.00 18100.00 18085.00 18090.00 944.00
20160831  14:34:00 18090.00 18100.00 18090.00 18100.00 902.00
20160831  14:33:00 18085.00 18095.00 18085.00 18090.00 620.00
20160831  14:32:00 18080.00 18090.00 18080.00 18085.00 356.00
20160831  14:31:00 18080.00 18085.00 18070.00 18080.00 510.00
20160831  14:30:00 18075.00 18080.00 18075.00 18075.00 206.00
20160831  14:29:00 18085.00 18085.00 18075.00 18075.00 298.00
20160831  14:28:00 18085.00 18090.00 18080.00 18085.00 488.00
20160831  14:27:00 18085.00 18090.00 18080.00 18085.00 342.00
20160831  14:26:00 18080.00 18090.00 18075.00 18080.00 472.00
20160831  14:25:00 18090.00 18090.00 18075.00 18080.00 512.00
20160831  14:24:00 18085.00 18095.00 18085.00 18090.00 464.00
20160831  14:23:00 18095.00 18095.00 18085.00 18085.00 734.00
20160831  14:22:00 18100.00 18105.00 18095.00 18095.00 1156.00
20160831  14:21:00 18080.00 18100.00 18080.00 18100.00 1296.00
20160831  14:20:00 18080.00 18085.00 18075.00 18080.00 600.00
20160831  14:19:00 18065.00 18080.00 18065.00 18080.00 1130.00
20160831  14:18:00 18055.00 18065.00 18050.00 18065.00 990.00
20160831  14:17:00 18050.00 18065.00 18045.00 18060.00 1542.00
20160831  14:16:00 18060.00 18065.00 18050.00 18050.00 1746.00
20160831  14:15:00 18070.00 18075.00 18045.00 18060.00 2038.00
20160831  14:14:00 18065.00 18080.00 18065.00 18070.00 690.00
20160831  14:13:00 18065.00 18070.00 18060.00 18065.00 634.00
20160831  14:12:00 18070.00 18070.00 18060.00 18065.00 636.00
20160831  14:11:00 18075.00 18075.00 18065.00 18070.00 776.00
20160831  14:10:00 18070.00 18080.00 18070.00 18075.00 688.00
20160831  14:09:00 18065.00 18080.00 18065.00 18075.00 1052.00
20160831  14:08:00 18075.00 18075.00 18065.00 18065.00 562.00
20160831  14:07:00 18085.00 18085.00 18070.00 18075.00 928.00
20160831  14:06:00 18070.00 18090.00 18065.00 18085.00 1320.00
20160831  14:05:00 18055.00 18070.00 18055.00 18070.00 706.00
20160831  14:04:00 18060.00 18060.00 18055.00 18055.00 792.00
20160831  14:03:00 18045.00 18065.00 18045.00 18060.00 1824.00
20160831  14:02:00 18060.00 18065.00 18045.00 18045.00 2892.00
20160831  14:01:00 18065.00 18070.00 18060.00 18060.00 2410.00
20160831  14:00:00 18065.00 18070.00 18060.00 18065.00 1420.00
20160831  13:59:00 18080.00 18080.00 18065.00 18070.00 1274.00
20160831  13:58:00 18085.00 18085.00 18080.00 18080.00 788.00
20160831  13:57:00 18090.00 18090.00 18080.00 18085.00 644.00
20160831  13:56:00 18080.00 18090.00 18080.00 18090.00 1214.00
20160831  13:55:00 18080.00 18095.00 18075.00 18080.00 2620.00
20160831  13:54:00 18095.00 18100.00 18085.00 18085.00 1242.00
20160831  13:53:00 18100.00 18110.00 18090.00 18095.00 1070.00
20160831  13:52:00 18100.00 18105.00 18095.00 18100.00 702.00
20160831  13:51:00 18110.00 18110.00 18095.00 18100.00 1594.00
20160831  13:50:00 18120.00 18120.00 18110.00 18110.00 750.00
20160831  13:49:00 18115.00 18125.00 18115.00 18120.00 606.00
20160831  13:48:00 18110.00 18120.00 18110.00 18115.00 500.00
20160831  13:47:00 18110.00 18120.00 18110.00 18110.00 694.00
20160831  13:46:00 18115.00 18120.00 18110.00 18110.00 452.00
20160831  13:45:00 18115.00 18115.00 18110.00 18115.00 1532.00
20160831  13:44:00 18115.00 18120.00 18110.00 18115.00 1278.00
20160831  13:43:00 18100.00 18115.00 18095.00 18115.00 708.00
20160831  13:42:00 18105.00 18105.00 18095.00 18100.00 790.00
20160831  13:41:00 18085.00 18105.00 18085.00 18105.00 606.00
20160831  13:40:00 18095.00 18095.00 18085.00 18085.00 754.00
20160831  13:39:00 18095.00 18100.00 18090.00 18095.00 1046.00
20160831  13:38:00 18110.00 18110.00 18085.00 18095.00 1268.00
20160831  13:37:00 18120.00 18125.00 18105.00 18110.00 1074.00
20160831  13:36:00 18135.00 18135.00 18120.00 18120.00 744.00
20160831  13:35:00 18135.00 18135.00 18130.00 18135.00 1124.00
20160831  13:34:00 18125.00 18135.00 18120.00 18135.00 1238.00
20160831  13:33:00 18115.00 18120.00 18115.00 18120.00 498.00
20160831  13:32:00 18115.00 18115.00 18105.00 18115.00 688.00
20160831  13:31:00 18120.00 18120.00 18110.00 18115.00 702.00
20160831  13:30:00 18130.00 18135.00 18110.00 18115.00 1386.00
20160831  11:29:00 18115.00 18135.00 18115.00 18130.00 1802.00
20160831  11:28:00 18110.00 18120.00 18110.00 18115.00 462.00
20160831  11:27:00 18110.00 18115.00 18105.00 18110.00 346.00
20160831  11:26:00 18115.00 18115.00 18110.00 18110.00 456.00
20160831  11:25:00 18100.00 18115.00 18100.00 18115.00 558.00
20160831  11:24:00 18115.00 18115.00 18100.00 18100.00 306.00
20160831  11:23:00 18105.00 18115.00 18105.00 18110.00 496.00
20160831  11:22:00 18095.00 18105.00 18095.00 18100.00 350.00
20160831  11:21:00 18085.00 18105.00 18085.00 18095.00 1092.00
20160831  11:20:00 18095.00 18095.00 18085.00 18085.00 262.00
20160831  11:19:00 18090.00 18095.00 18090.00 18095.00 260.00
20160831  11:18:00 18090.00 18100.00 18090.00 18090.00 724.00
20160831  11:17:00 18110.00 18115.00 18090.00 18090.00 1196.00
20160831  11:16:00 18095.00 18110.00 18090.00 18110.00 1224.00
20160831  11:15:00 18095.00 18095.00 18075.00 18090.00 1624.00
20160831  11:14:00 18100.00 18100.00 18090.00 18095.00 592.00
20160831  11:13:00 18085.00 18100.00 18085.00 18100.00 1572.00
20160831  11:12:00 18090.00 18095.00 18085.00 18085.00 346.00
20160831  11:11:00 18110.00 18115.00 18090.00 18090.00 2024.00
20160831  11:10:00 18115.00 18115.00 18105.00 18110.00 1036.00
20160831  11:09:00 18105.00 18115.00 18100.00 18115.00 1694.00
20160831  11:08:00 18125.00 18125.00 18105.00 18105.00 2292.00
20160831  11:07:00 18135.00 18145.00 18125.00 18125.00 1774.00
20160831  11:06:00 18140.00 18140.00 18130.00 18135.00 1434.00
20160831  11:05:00 18120.00 18155.00 18120.00 18135.00 4012.00
20160831  11:04:00 18135.00 18140.00 18120.00 18120.00 1548.00
20160831  11:03:00 18115.00 18145.00 18110.00 18135.00 4380.00
20160831  11:02:00 18105.00 18115.00 18100.00 18110.00 1000.00
20160831  11:01:00 18105.00 18105.00 18095.00 18105.00 752.00
20160831  11:00:00 18095.00 18105.00 18095.00 18100.00 410.00
20160831  10:59:00 18100.00 18100.00 18095.00 18095.00 450.00
20160831  10:58:00 18100.00 18105.00 18095.00 18100.00 516.00
20160831  10:57:00 18095.00 18100.00 18095.00 18100.00 238.00
20160831  10:56:00 18100.00 18105.00 18090.00 18090.00 840.00
20160831  10:55:00 18090.00 18105.00 18085.00 18105.00 1232.00
20160831  10:54:00 18090.00 18095.00 18090.00 18090.00 584.00
20160831  10:53:00 18100.00 18105.00 18090.00 18090.00 624.00
20160831  10:52:00 18090.00 18115.00 18085.00 18100.00 2308.00
20160831  10:51:00 18085.00 18090.00 18080.00 18085.00 648.00
20160831  10:50:00 18075.00 18085.00 18075.00 18085.00 938.00
20160831  10:49:00 18075.00 18075.00 18070.00 18075.00 542.00
20160831  10:48:00 18065.00 18075.00 18065.00 18075.00 294.00
20160831  10:47:00 18070.00 18070.00 18065.00 18070.00 112.00
20160831  10:46:00 18060.00 18070.00 18060.00 18070.00 838.00
20160831  10:45:00 18070.00 18070.00 18065.00 18070.00 568.00
20160831  10:44:00 18070.00 18075.00 18065.00 18065.00 364.00
20160831  10:43:00 18065.00 18070.00 18065.00 18070.00 276.00
20160831  10:42:00 18065.00 18070.00 18065.00 18070.00 308.00
20160831  10:41:00 18065.00 18070.00 18060.00 18065.00 372.00
20160831  10:40:00 18060.00 18070.00 18060.00 18065.00 828.00
20160831  10:39:00 18060.00 18065.00 18055.00 18055.00 598.00
20160831  10:38:00 18065.00 18070.00 18055.00 18060.00 874.00
20160831  10:37:00 18055.00 18070.00 18055.00 18070.00 684.00
20160831  10:36:00 18055.00 18060.00 18050.00 18055.00 980.00
20160831  10:35:00 18050.00 18060.00 18045.00 18055.00 914.00
20160831  10:34:00 18050.00 18050.00 18045.00 18050.00 960.00
20160831  10:33:00 18045.00 18050.00 18035.00 18050.00 1706.00
20160831  10:32:00 18050.00 18060.00 18045.00 18045.00 1040.00
20160831  10:31:00 18045.00 18060.00 18045.00 18050.00 1178.00
20160831  10:30:00 18070.00 18070.00 18045.00 18045.00 2604.00
20160831  10:14:00 18070.00 18075.00 18070.00 18070.00 438.00
20160831  10:13:00 18075.00 18075.00 18065.00 18070.00 1250.00
20160831  10:12:00 18075.00 18080.00 18075.00 18075.00 500.00
20160831  10:11:00 18080.00 18080.00 18070.00 18075.00 1146.00
20160831  10:10:00 18085.00 18085.00 18080.00 18080.00 646.00
20160831  10:09:00 18080.00 18085.00 18080.00 18085.00 1036.00
20160831  10:08:00 18090.00 18095.00 18080.00 18080.00 1120.00
20160831  10:07:00 18090.00 18095.00 18085.00 18085.00 748.00
20160831  10:06:00 18100.00 18100.00 18090.00 18090.00 464.00
20160831  10:05:00 18095.00 18100.00 18090.00 18100.00 466.00
20160831  10:04:00 18095.00 18095.00 18090.00 18095.00 480.00
20160831  10:03:00 18090.00 18095.00 18085.00 18095.00 1188.00
20160831  10:02:00 18105.00 18110.00 18090.00 18090.00 1438.00
20160831  10:01:00 18120.00 18125.00 18105.00 18105.00 1208.00
20160831  10:00:00 18110.00 18120.00 18110.00 18120.00 570.00
20160831  09:59:00 18115.00 18120.00 18110.00 18110.00 890.00
20160831  09:58:00 18120.00 18120.00 18110.00 18115.00 950.00
20160831  09:57:00 18105.00 18120.00 18105.00 18120.00 1192.00
20160831  09:56:00 18100.00 18115.00 18100.00 18105.00 784.00
20160831  09:55:00 18105.00 18105.00 18100.00 18100.00 312.00
20160831  09:54:00 18105.00 18105.00 18095.00 18100.00 496.00
20160831  09:53:00 18100.00 18100.00 18095.00 18100.00 666.00
20160831  09:52:00 18100.00 18105.00 18095.00 18100.00 780.00
20160831  09:51:00 18090.00 18100.00 18085.00 18100.00 1016.00
20160831  09:50:00 18085.00 18090.00 18080.00 18090.00 640.00
20160831  09:49:00 18095.00 18105.00 18085.00 18085.00 886.00
20160831  09:48:00 18100.00 18105.00 18095.00 18100.00 316.00
20160831  09:47:00 18090.00 18105.00 18085.00 18100.00 746.00
20160831  09:46:00 18085.00 18090.00 18085.00 18090.00  74.00
20160831  09:45:00 18085.00 18095.00 18085.00 18085.00 418.00
20160831  09:44:00 18090.00 18090.00 18085.00 18085.00 310.00
20160831  09:43:00 18075.00 18095.00 18075.00 18090.00 1130.00
20160831  09:42:00 18075.00 18080.00 18070.00 18075.00 634.00
20160831  09:41:00 18070.00 18080.00 18065.00 18075.00 1430.00
20160831  09:40:00 18090.00 18090.00 18075.00 18075.00 726.00
20160831  09:39:00 18085.00 18090.00 18085.00 18090.00 276.00
20160831  09:38:00 18085.00 18090.00 18085.00 18085.00 670.00
20160831  09:37:00 18080.00 18090.00 18080.00 18085.00 568.00
20160831  09:36:00 18080.00 18085.00 18075.00 18080.00 980.00
20160831  09:35:00 18080.00 18085.00 18075.00 18080.00 730.00
20160831  09:34:00 18080.00 18085.00 18080.00 18085.00 300.00
20160831  09:33:00 18080.00 18085.00 18075.00 18085.00 744.00
20160831  09:32:00 18080.00 18090.00 18075.00 18080.00 862.00
20160831  09:31:00 18080.00 18080.00 18055.00 18080.00 3664.00
20160831  09:30:00 18120.00 18125.00 18075.00 18080.00 3920.00
20160831  09:29:00 18120.00 18120.00 18110.00 18120.00 840.00
20160831  09:28:00 18115.00 18120.00 18110.00 18115.00 468.00
20160831  09:27:00 18125.00 18125.00 18105.00 18110.00 1960.00
20160831  09:26:00 18125.00 18130.00 18120.00 18120.00 744.00
20160831  09:25:00 18120.00 18135.00 18120.00 18125.00 1838.00
20160831  09:24:00 18120.00 18130.00 18115.00 18120.00 2326.00
20160831  09:23:00 18100.00 18130.00 18100.00 18120.00 3700.00
20160831  09:22:00 18110.00 18115.00 18095.00 18100.00 3356.00
20160831  09:21:00 18090.00 18115.00 18090.00 18110.00 4858.00
20160831  09:20:00 18080.00 18090.00 18070.00 18085.00 2830.00
20160831  09:19:00 18065.00 18085.00 18060.00 18080.00 3910.00
20160831  09:18:00 18060.00 18065.00 18060.00 18065.00 734.00
20160831  09:17:00 18055.00 18070.00 18055.00 18060.00 1192.00
20160831  09:16:00 18055.00 18060.00 18050.00 18050.00 546.00
20160831  09:15:00 18065.00 18065.00 18040.00 18055.00 1164.00
20160831  09:14:00 18045.00 18065.00 18045.00 18065.00 952.00
20160831  09:13:00 18050.00 18065.00 18045.00 18045.00 1040.00
20160831  09:12:00 18075.00 18075.00 18050.00 18050.00 846.00
20160831  09:11:00 18065.00 18075.00 18060.00 18075.00 1374.00
20160831  09:10:00 18055.00 18070.00 18055.00 18060.00 2440.00
20160831  09:09:00 18040.00 18070.00 18040.00 18055.00 3968.00
20160831  09:08:00 17995.00 18040.00 17995.00 18040.00 2328.00
20160831  09:07:00 18000.00 18000.00 17990.00 17995.00 462.00
20160831  09:06:00 17985.00 18000.00 17980.00 18000.00 766.00
20160831  09:05:00 17985.00 17990.00 17980.00 17985.00 708.00
20160831  09:04:00 17985.00 17990.00 17980.00 17985.00 384.00
20160831  09:03:00 17995.00 17995.00 17975.00 17985.00 1696.00
20160831  09:02:00 18000.00 18015.00 17995.00 17995.00 1276.00
20160831  09:01:00 17990.00 18000.00 17990.00 18000.00 768.00
20160831  09:00:00 17995.00 18010.00 17990.00 17990.00 1296.00
20160831  01:00:00 18005.00 18005.00 18005.00 18005.00   8.00
20160831  00:59:00 18010.00 18015.00 18000.00 18005.00 484.00
20160831  00:58:00 18010.00 18015.00 18005.00 18010.00 544.00
20160831  00:57:00 18015.00 18015.00 18010.00 18010.00  66.00
20160831  00:56:00 18015.00 18015.00 18010.00 18015.00 176.00
20160831  00:55:00 18015.00 18020.00 18010.00 18015.00 304.00
20160831  00:54:00 18010.00 18015.00 18010.00 18010.00 160.00
20160831  00:53:00 18010.00 18010.00 18010.00 18010.00  58.00
20160831  00:52:00 18015.00 18015.00 18010.00 18010.00 168.00
20160831  00:51:00 18010.00 18015.00 18005.00 18015.00 122.00
20160831  00:50:00 17990.00 18015.00 17990.00 18010.00 800.00
20160831  00:49:00 17990.00 17995.00 17990.00 17995.00  62.00
20160831  00:48:00 17990.00 17995.00 17990.00 17995.00  12.00
20160831  00:47:00 17990.00 17990.00 17990.00 17990.00   6.00
20160831  00:46:00 18000.00 18000.00 17990.00 17990.00 180.00
20160831  00:45:00 17995.00 18000.00 17995.00 18000.00  34.00
20160831  00:44:00 17995.00 17995.00 17995.00 17995.00   4.00
20160831  00:43:00 17995.00 17995.00 17995.00 17995.00   8.00
20160831  00:42:00 18000.00 18000.00 17995.00 17995.00  34.00
20160831  00:41:00 18000.00 18000.00 17995.00 18000.00  90.00
20160831  00:40:00 17995.00 18000.00 17995.00 18000.00 180.00
20160831  00:39:00 17990.00 17995.00 17990.00 17995.00 238.00
20160831  00:38:00 17985.00 17990.00 17985.00 17990.00  74.00
20160831  00:37:00 17985.00 17985.00 17985.00 17985.00  16.00
20160831  00:36:00 17985.00 17985.00 17985.00 17985.00 164.00
20160831  00:35:00 17985.00 17985.00 17985.00 17985.00  26.00
20160831  00:34:00 17985.00 17985.00 17985.00 17985.00   2.00
20160831  00:33:00 17985.00 17990.00 17985.00 17985.00  32.00
20160831  00:32:00 17985.00 17985.00 17985.00 17985.00   4.00
20160831  00:31:00 17990.00 17990.00 17985.00 17985.00  40.00
20160831  00:30:00 17990.00 17990.00 17990.00 17990.00   6.00
20160831  00:29:00 17985.00 17990.00 17985.00 17990.00 154.00
20160831  00:28:00 17985.00 17985.00 17985.00 17985.00  20.00
20160831  00:27:00 17985.00 17985.00 17985.00 17985.00  20.00
20160831  00:26:00 17985.00 17990.00 17985.00 17985.00  28.00
20160831  00:25:00 17985.00 17985.00 17985.00 17985.00  14.00
20160831  00:24:00 17990.00 17990.00 17985.00 17985.00  38.00
20160831  00:23:00 17985.00 17985.00 17985.00 17985.00  18.00
20160831  00:22:00 17985.00 17985.00 17985.00 17985.00  92.00
20160831  00:21:00 17980.00 17985.00 17980.00 17985.00   4.00
20160831  00:20:00 17990.00 17990.00 17980.00 17980.00 164.00
20160831  00:19:00 17985.00 17990.00 17985.00 17990.00 106.00
20160831  00:18:00 17980.00 17985.00 17980.00 17985.00 280.00
20160831  00:17:00 17985.00 17985.00 17980.00 17980.00 158.00
20160831  00:16:00 17985.00 17985.00 17985.00 17985.00 224.00
20160831  00:15:00 17985.00 17990.00 17985.00 17985.00 148.00
20160831  00:14:00 17980.00 17985.00 17980.00 17985.00 224.00
20160831  00:13:00 17980.00 17980.00 17980.00 17980.00  24.00
20160831  00:12:00 17980.00 17985.00 17980.00 17980.00  14.00
20160831  00:11:00 17985.00 17985.00 17980.00 17980.00  30.00
20160831  00:10:00 17985.00 17985.00 17985.00 17985.00  98.00
20160831  00:09:00 17980.00 17985.00 17980.00 17985.00  96.00
20160831  00:08:00 17985.00 17985.00 17980.00 17980.00  24.00
20160831  00:07:00 17985.00 17985.00 17980.00 17985.00 104.00
20160831  00:06:00 17980.00 17985.00 17980.00 17985.00  44.00
20160831  00:05:00 17985.00 17985.00 17975.00 17980.00 298.00
20160831  00:04:00 17975.00 17985.00 17975.00 17985.00 166.00
20160831  00:03:00 17975.00 17980.00 17975.00 17975.00  50.00
20160831  00:02:00 17980.00 17980.00 17975.00 17980.00 174.00
20160831  00:01:00 17980.00 17985.00 17980.00 17980.00 142.00
20160831  00:00:00 17985.00 17985.00 17980.00 17980.00 156.00
20160830  23:59:00 17980.00 17985.00 17980.00 17980.00  66.00
20160830  23:58:00 17985.00 17985.00 17980.00 17980.00 146.00
20160830  23:57:00 17980.00 17985.00 17980.00 17985.00  56.00
20160830  23:56:00 17985.00 17985.00 17980.00 17980.00 282.00
20160830  23:55:00 17985.00 17990.00 17985.00 17985.00 212.00
20160830  23:54:00 17990.00 17990.00 17985.00 17985.00 312.00
20160830  23:53:00 17990.00 17990.00 17985.00 17990.00 308.00
20160830  23:52:00 17985.00 17990.00 17985.00 17990.00 154.00
20160830  23:51:00 17990.00 17990.00 17985.00 17990.00 118.00
20160830  23:50:00 18000.00 18005.00 17990.00 17990.00 950.00
20160830  23:49:00 17995.00 18000.00 17995.00 18000.00 768.00
20160830  23:48:00 17985.00 17995.00 17980.00 17995.00 1130.00
20160830  23:47:00 17975.00 17985.00 17975.00 17985.00 734.00
20160830  23:46:00 17975.00 17980.00 17975.00 17975.00 236.00
20160830  23:45:00 17980.00 17985.00 17975.00 17975.00 756.00
20160830  23:44:00 17970.00 17980.00 17970.00 17975.00 508.00
20160830  23:43:00 17970.00 17975.00 17970.00 17970.00 232.00
20160830  23:42:00 17965.00 17970.00 17960.00 17970.00 392.00
20160830  23:41:00 17960.00 17965.00 17955.00 17965.00 294.00
20160830  23:40:00 17955.00 17960.00 17955.00 17960.00 182.00
20160830  23:39:00 17950.00 17955.00 17950.00 17955.00 146.00
20160830  23:38:00 17945.00 17950.00 17945.00 17950.00  92.00
20160830  23:37:00 17940.00 17950.00 17940.00 17945.00 146.00
20160830  23:36:00 17945.00 17945.00 17940.00 17940.00  22.00
20160830  23:35:00 17945.00 17950.00 17945.00 17945.00 160.00
20160830  23:34:00 17945.00 17945.00 17945.00 17945.00 118.00
20160830  23:33:00 17945.00 17945.00 17945.00 17945.00 234.00
20160830  23:32:00 17940.00 17945.00 17940.00 17945.00 554.00
20160830  23:31:00 17945.00 17945.00 17940.00 17940.00 236.00
20160830  23:30:00 17950.00 17950.00 17945.00 17950.00 228.00
20160830  23:29:00 17950.00 17950.00 17945.00 17950.00 338.00
20160830  23:28:00 17955.00 17955.00 17950.00 17950.00 294.00
20160830  23:27:00 17945.00 17955.00 17945.00 17955.00 242.00
20160830  23:26:00 17945.00 17950.00 17945.00 17945.00  84.00
20160830  23:25:00 17945.00 17950.00 17945.00 17945.00  36.00
20160830  23:24:00 17950.00 17950.00 17945.00 17945.00 224.00
20160830  23:23:00 17950.00 17950.00 17945.00 17950.00 268.00
20160830  23:22:00 17950.00 17950.00 17945.00 17950.00  24.00
20160830  23:21:00 17950.00 17950.00 17945.00 17950.00  14.00
20160830  23:20:00 17950.00 17955.00 17950.00 17950.00 182.00
20160830  23:19:00 17945.00 17955.00 17945.00 17950.00 410.00
20160830  23:18:00 17945.00 17950.00 17940.00 17945.00 166.00
20160830  23:17:00 17940.00 17950.00 17940.00 17945.00 272.00
20160830  23:16:00 17945.00 17945.00 17935.00 17940.00 392.00
20160830  23:15:00 17945.00 17950.00 17945.00 17945.00  48.00
20160830  23:14:00 17950.00 17955.00 17945.00 17945.00 266.00
20160830  23:13:00 17955.00 17960.00 17950.00 17950.00 292.00
20160830  23:12:00 17960.00 17960.00 17955.00 17955.00 110.00
20160830  23:11:00 17960.00 17960.00 17955.00 17960.00 258.00
20160830  23:10:00 17955.00 17960.00 17950.00 17960.00 658.00
20160830  23:09:00 17950.00 17955.00 17950.00 17955.00 170.00
20160830  23:08:00 17945.00 17955.00 17945.00 17950.00 512.00
20160830  23:07:00 17950.00 17950.00 17945.00 17945.00 142.00
20160830  23:06:00 17945.00 17950.00 17945.00 17950.00  78.00
20160830  23:05:00 17945.00 17945.00 17945.00 17945.00  80.00
20160830  23:04:00 17950.00 17950.00 17945.00 17945.00  60.00
20160830  23:03:00 17950.00 17950.00 17945.00 17950.00  48.00
20160830  23:02:00 17945.00 17955.00 17945.00 17950.00 466.00
20160830  23:01:00 17945.00 17950.00 17940.00 17945.00 150.00
20160830  23:00:00 17950.00 17950.00 17945.00 17945.00 414.00
20160830  22:59:00 17945.00 17950.00 17940.00 17945.00 398.00
20160830  22:58:00 17935.00 17950.00 17935.00 17945.00 704.00
20160830  22:57:00 17930.00 17935.00 17930.00 17935.00 142.00
20160830  22:56:00 17935.00 17940.00 17930.00 17930.00 160.00
20160830  22:55:00 17935.00 17935.00 17925.00 17935.00 196.00
20160830  22:54:00 17925.00 17940.00 17925.00 17935.00 376.00
20160830  22:53:00 17920.00 17930.00 17920.00 17930.00 226.00
20160830  22:52:00 17920.00 17925.00 17915.00 17920.00 432.00
20160830  22:51:00 17930.00 17935.00 17920.00 17920.00 390.00
20160830  22:50:00 17930.00 17930.00 17925.00 17930.00 514.00
20160830  22:49:00 17945.00 17945.00 17925.00 17930.00 980.00
20160830  22:48:00 17945.00 17950.00 17945.00 17945.00 116.00
20160830  22:47:00 17950.00 17955.00 17945.00 17945.00 254.00
20160830  22:46:00 17950.00 17955.00 17945.00 17950.00 450.00
20160830  22:45:00 17955.00 17960.00 17950.00 17950.00 706.00
20160830  22:44:00 17945.00 17955.00 17945.00 17955.00 564.00
20160830  22:43:00 17955.00 17955.00 17950.00 17950.00 590.00
20160830  22:42:00 17960.00 17960.00 17950.00 17955.00 300.00
20160830  22:41:00 17935.00 17960.00 17935.00 17960.00 1074.00
20160830  22:40:00 17935.00 17940.00 17935.00 17935.00  70.00
20160830  22:39:00 17935.00 17940.00 17935.00 17940.00  80.00
20160830  22:38:00 17935.00 17940.00 17935.00 17935.00  48.00
20160830  22:37:00 17940.00 17940.00 17935.00 17935.00  24.00
20160830  22:36:00 17940.00 17940.00 17935.00 17940.00 310.00
20160830  22:35:00 17940.00 17945.00 17935.00 17940.00 478.00
20160830  22:34:00 17930.00 17940.00 17930.00 17940.00 214.00
20160830  22:33:00 17930.00 17930.00 17925.00 17930.00 120.00
20160830  22:32:00 17925.00 17935.00 17925.00 17930.00 286.00
20160830  22:31:00 17930.00 17935.00 17925.00 17925.00 226.00
20160830  22:30:00 17935.00 17935.00 17925.00 17930.00 452.00
20160830  22:29:00 17935.00 17940.00 17935.00 17935.00 568.00
20160830  22:28:00 17935.00 17945.00 17930.00 17935.00 836.00
20160830  22:27:00 17925.00 17930.00 17925.00 17930.00 220.00
20160830  22:26:00 17930.00 17930.00 17925.00 17925.00 118.00
20160830  22:25:00 17930.00 17935.00 17925.00 17925.00 244.00
20160830  22:24:00 17930.00 17935.00 17925.00 17930.00 252.00
20160830  22:23:00 17925.00 17930.00 17925.00 17930.00 260.00
20160830  22:22:00 17930.00 17935.00 17925.00 17925.00 644.00
20160830  22:21:00 17920.00 17930.00 17915.00 17930.00 908.00
20160830  22:20:00 17910.00 17925.00 17910.00 17920.00 550.00
20160830  22:19:00 17910.00 17920.00 17910.00 17915.00 530.00
20160830  22:18:00 17930.00 17935.00 17910.00 17910.00 1084.00
20160830  22:17:00 17925.00 17930.00 17920.00 17925.00 288.00
20160830  22:16:00 17915.00 17925.00 17915.00 17925.00 372.00
20160830  22:15:00 17915.00 17915.00 17905.00 17915.00 826.00
20160830  22:14:00 17920.00 17925.00 17915.00 17915.00 878.00
20160830  22:13:00 17915.00 17920.00 17910.00 17920.00 866.00
20160830  22:12:00 17910.00 17920.00 17905.00 17915.00 662.00
20160830  22:11:00 17935.00 17935.00 17895.00 17915.00 3752.00
20160830  22:10:00 17930.00 17945.00 17930.00 17935.00 770.00
20160830  22:09:00 17945.00 17950.00 17930.00 17930.00 956.00
20160830  22:08:00 17955.00 17955.00 17935.00 17950.00 1494.00
20160830  22:07:00 17960.00 17965.00 17955.00 17960.00 528.00
20160830  22:06:00 17965.00 17970.00 17955.00 17960.00 984.00
20160830  22:05:00 17955.00 17975.00 17955.00 17965.00 1806.00
20160830  22:04:00 17960.00 17970.00 17955.00 17955.00 996.00
20160830  22:03:00 17965.00 17970.00 17960.00 17960.00 612.00
20160830  22:02:00 17975.00 17980.00 17960.00 17965.00 650.00
20160830  22:01:00 17980.00 17980.00 17975.00 17975.00 156.00
20160830  22:00:00 17990.00 17990.00 17975.00 17980.00 712.00
20160830  21:59:00 17980.00 17990.00 17980.00 17990.00 250.00
20160830  21:58:00 17980.00 17985.00 17980.00 17980.00 232.00
20160830  21:57:00 17990.00 17990.00 17980.00 17980.00 256.00
20160830  21:56:00 17980.00 17990.00 17980.00 17990.00 480.00
20160830  21:55:00 17990.00 17995.00 17975.00 17980.00 1542.00
20160830  21:54:00 17995.00 18000.00 17990.00 17990.00 834.00
20160830  21:53:00 17995.00 18000.00 17995.00 17995.00 194.00
20160830  21:52:00 17985.00 17995.00 17985.00 17995.00 456.00
20160830  21:51:00 17985.00 17990.00 17980.00 17985.00 462.00
20160830  21:50:00 17980.00 17990.00 17980.00 17985.00 492.00
20160830  21:49:00 17985.00 17985.00 17980.00 17980.00 354.00
20160830  21:48:00 17985.00 17990.00 17980.00 17985.00 482.00
20160830  21:47:00 17980.00 17985.00 17980.00 17980.00 304.00
20160830  21:46:00 17985.00 17990.00 17980.00 17980.00 654.00
20160830  21:45:00 17980.00 17990.00 17980.00 17985.00 634.00
20160830  21:44:00 17990.00 17990.00 17980.00 17980.00 408.00
20160830  21:43:00 17990.00 17995.00 17985.00 17990.00 518.00
20160830  21:42:00 17985.00 17995.00 17985.00 17995.00 432.00
20160830  21:41:00 18005.00 18010.00 17985.00 17985.00 1434.00
20160830  21:40:00 18000.00 18015.00 18000.00 18005.00 848.00
20160830  21:39:00 18010.00 18015.00 18000.00 18005.00 1100.00
20160830  21:38:00 18005.00 18015.00 18005.00 18010.00 778.00
20160830  21:37:00 18015.00 18015.00 18005.00 18005.00 1224.00
20160830  21:36:00 18020.00 18025.00 18010.00 18015.00 906.00
20160830  21:35:00 18020.00 18030.00 18010.00 18020.00 1180.00
20160830  21:34:00 18025.00 18030.00 18015.00 18020.00 1836.00
20160830  21:33:00 18010.00 18035.00 18005.00 18025.00 3750.00
20160830  21:32:00 17975.00 18005.00 17975.00 18000.00 4256.00
20160830  21:31:00 17960.00 17980.00 17955.00 17980.00 3122.00
20160830  21:30:00 17950.00 17960.00 17950.00 17960.00 838.00
20160830  21:29:00 17945.00 17955.00 17940.00 17945.00 814.00
20160830  21:28:00 17950.00 17950.00 17940.00 17945.00 478.00
20160830  21:27:00 17960.00 17960.00 17945.00 17950.00 548.00
20160830  21:26:00 17940.00 17965.00 17940.00 17955.00 2666.00
20160830  21:25:00 17935.00 17945.00 17935.00 17940.00 416.00
20160830  21:24:00 17930.00 17940.00 17930.00 17935.00 896.00
20160830  21:23:00 17930.00 17935.00 17930.00 17930.00  90.00
20160830  21:22:00 17930.00 17935.00 17930.00 17930.00 218.00
20160830  21:21:00 17930.00 17935.00 17930.00 17935.00 216.00
20160830  21:20:00 17930.00 17935.00 17925.00 17930.00 404.00
20160830  21:19:00 17935.00 17935.00 17930.00 17930.00 254.00
20160830  21:18:00 17925.00 17935.00 17925.00 17935.00 178.00
20160830  21:17:00 17930.00 17935.00 17925.00 17930.00 352.00
20160830  21:16:00 17940.00 17940.00 17920.00 17930.00 906.00
20160830  21:15:00 17935.00 17940.00 17935.00 17940.00 346.00
20160830  21:14:00 17935.00 17940.00 17930.00 17935.00 296.00
20160830  21:13:00 17935.00 17935.00 17930.00 17935.00 368.00
20160830  21:12:00 17935.00 17935.00 17930.00 17930.00 206.00
20160830  21:11:00 17940.00 17940.00 17935.00 17935.00 210.00
20160830  21:10:00 17930.00 17935.00 17930.00 17935.00 208.00
20160830  21:09:00 17930.00 17930.00 17925.00 17930.00 732.00
20160830  21:08:00 17940.00 17945.00 17920.00 17925.00 930.00
20160830  21:07:00 17935.00 17945.00 17935.00 17945.00 394.00
20160830  21:06:00 17935.00 17945.00 17930.00 17935.00 1106.00
20160830  21:05:00 17920.00 17950.00 17915.00 17935.00 1586.00
20160830  21:04:00 17905.00 17920.00 17905.00 17920.00 1122.00
20160830  21:03:00 17895.00 17910.00 17895.00 17905.00 1264.00
20160830  21:02:00 17910.00 17910.00 17895.00 17900.00 1778.00
20160830  21:01:00 17910.00 17920.00 17905.00 17910.00 1380.00
20160830  21:00:00 17905.00 17920.00 17885.00 17910.00 5862.00
