20160923  15:00:00 17950.00 17950.00 17950.00 17950.00  28.00
20160923  14:59:00 17935.00 17950.00 17935.00 17950.00 1346.00
20160923  14:58:00 17930.00 17940.00 17930.00 17940.00 884.00
20160923  14:57:00 17940.00 17940.00 17930.00 17930.00 772.00
20160923  14:56:00 17935.00 17940.00 17930.00 17940.00 1320.00
20160923  14:55:00 17940.00 17940.00 17930.00 17935.00 1282.00
20160923  14:54:00 17935.00 17940.00 17930.00 17940.00 1020.00
20160923  14:53:00 17935.00 17935.00 17925.00 17935.00 1426.00
20160923  14:52:00 17910.00 17940.00 17910.00 17935.00 2666.00
20160923  14:51:00 17890.00 17910.00 17890.00 17910.00 1312.00
20160923  14:50:00 17890.00 17900.00 17890.00 17890.00 600.00
20160923  14:49:00 17885.00 17895.00 17885.00 17890.00 470.00
20160923  14:48:00 17880.00 17890.00 17880.00 17885.00 200.00
20160923  14:47:00 17895.00 17895.00 17880.00 17880.00 810.00
20160923  14:46:00 17890.00 17900.00 17890.00 17895.00 400.00
20160923  14:45:00 17895.00 17900.00 17890.00 17890.00 384.00
20160923  14:44:00 17900.00 17905.00 17895.00 17900.00 698.00
20160923  14:43:00 17900.00 17910.00 17900.00 17905.00 926.00
20160923  14:42:00 17890.00 17905.00 17890.00 17900.00 1216.00
20160923  14:41:00 17890.00 17890.00 17885.00 17890.00 494.00
20160923  14:40:00 17895.00 17900.00 17890.00 17890.00 1554.00
20160923  14:39:00 17910.00 17910.00 17890.00 17895.00 968.00
20160923  14:38:00 17910.00 17915.00 17905.00 17910.00 836.00
20160923  14:37:00 17905.00 17915.00 17905.00 17910.00 1448.00
20160923  14:36:00 17895.00 17905.00 17895.00 17900.00 754.00
20160923  14:35:00 17890.00 17905.00 17885.00 17895.00 1742.00
20160923  14:34:00 17875.00 17890.00 17870.00 17890.00 930.00
20160923  14:33:00 17870.00 17885.00 17870.00 17875.00 908.00
20160923  14:32:00 17870.00 17875.00 17865.00 17875.00 496.00
20160923  14:31:00 17865.00 17870.00 17865.00 17870.00 542.00
20160923  14:30:00 17865.00 17870.00 17865.00 17865.00 360.00
20160923  14:29:00 17865.00 17875.00 17865.00 17865.00 490.00
20160923  14:28:00 17865.00 17870.00 17865.00 17865.00 256.00
20160923  14:27:00 17870.00 17870.00 17865.00 17865.00  94.00
20160923  14:26:00 17880.00 17880.00 17870.00 17870.00 444.00
20160923  14:25:00 17875.00 17880.00 17875.00 17880.00 780.00
20160923  14:24:00 17860.00 17875.00 17860.00 17875.00 908.00
20160923  14:23:00 17865.00 17865.00 17860.00 17860.00 364.00
20160923  14:22:00 17865.00 17870.00 17855.00 17865.00 840.00
20160923  14:21:00 17865.00 17870.00 17860.00 17865.00 482.00
20160923  14:20:00 17865.00 17865.00 17860.00 17865.00 500.00
20160923  14:19:00 17870.00 17870.00 17860.00 17860.00 624.00
20160923  14:18:00 17865.00 17870.00 17865.00 17870.00 244.00
20160923  14:17:00 17870.00 17875.00 17865.00 17865.00 384.00
20160923  14:16:00 17870.00 17880.00 17870.00 17870.00 500.00
20160923  14:15:00 17875.00 17875.00 17870.00 17870.00 328.00
20160923  14:14:00 17870.00 17875.00 17870.00 17875.00 500.00
20160923  14:13:00 17870.00 17875.00 17870.00 17870.00 108.00
20160923  14:12:00 17880.00 17880.00 17870.00 17870.00 628.00
20160923  14:11:00 17880.00 17885.00 17875.00 17880.00 270.00
20160923  14:10:00 17880.00 17885.00 17880.00 17880.00 418.00
20160923  14:09:00 17870.00 17880.00 17870.00 17880.00 128.00
20160923  14:08:00 17870.00 17880.00 17865.00 17870.00 368.00
20160923  14:07:00 17870.00 17875.00 17865.00 17870.00 404.00
20160923  14:06:00 17865.00 17870.00 17860.00 17870.00 562.00
20160923  14:05:00 17870.00 17875.00 17855.00 17865.00 1462.00
20160923  14:04:00 17880.00 17880.00 17865.00 17865.00 1092.00
20160923  14:03:00 17885.00 17890.00 17880.00 17880.00 774.00
20160923  14:02:00 17870.00 17885.00 17870.00 17885.00 898.00
20160923  14:01:00 17870.00 17875.00 17870.00 17870.00 260.00
20160923  14:00:00 17870.00 17875.00 17865.00 17870.00 496.00
20160923  13:59:00 17875.00 17880.00 17870.00 17870.00 214.00
20160923  13:58:00 17880.00 17880.00 17870.00 17875.00 208.00
20160923  13:57:00 17880.00 17880.00 17875.00 17880.00 362.00
20160923  13:56:00 17875.00 17880.00 17870.00 17875.00 440.00
20160923  13:55:00 17870.00 17875.00 17865.00 17875.00 658.00
20160923  13:54:00 17865.00 17870.00 17865.00 17870.00 336.00
20160923  13:53:00 17875.00 17875.00 17865.00 17870.00 838.00
20160923  13:52:00 17880.00 17880.00 17875.00 17875.00 420.00
20160923  13:51:00 17885.00 17885.00 17865.00 17880.00 966.00
20160923  13:50:00 17890.00 17890.00 17880.00 17880.00 402.00
20160923  13:49:00 17875.00 17890.00 17875.00 17890.00 560.00
20160923  13:48:00 17875.00 17880.00 17875.00 17880.00 318.00
20160923  13:47:00 17880.00 17880.00 17870.00 17875.00 454.00
20160923  13:46:00 17865.00 17880.00 17865.00 17880.00 396.00
20160923  13:45:00 17875.00 17875.00 17865.00 17865.00 610.00
20160923  13:44:00 17870.00 17880.00 17865.00 17880.00 1050.00
20160923  13:43:00 17870.00 17870.00 17860.00 17870.00 530.00
20160923  13:42:00 17865.00 17870.00 17860.00 17870.00 862.00
20160923  13:41:00 17860.00 17865.00 17860.00 17865.00 766.00
20160923  13:40:00 17850.00 17865.00 17850.00 17860.00 1464.00
20160923  13:39:00 17870.00 17870.00 17850.00 17850.00 1068.00
20160923  13:38:00 17860.00 17880.00 17855.00 17870.00 1662.00
20160923  13:37:00 17860.00 17870.00 17855.00 17860.00 1940.00
20160923  13:36:00 17890.00 17890.00 17860.00 17860.00 3648.00
20160923  13:35:00 17900.00 17900.00 17890.00 17890.00 786.00
20160923  13:34:00 17890.00 17900.00 17890.00 17900.00 392.00
20160923  13:33:00 17895.00 17895.00 17890.00 17890.00 644.00
20160923  13:32:00 17885.00 17895.00 17885.00 17895.00 882.00
20160923  13:31:00 17895.00 17900.00 17885.00 17885.00 1266.00
20160923  13:30:00 17900.00 17905.00 17895.00 17895.00 1416.00
20160923  11:29:00 17910.00 17915.00 17905.00 17905.00 566.00
20160923  11:28:00 17910.00 17910.00 17905.00 17910.00 334.00
20160923  11:27:00 17905.00 17915.00 17905.00 17910.00 496.00
20160923  11:26:00 17905.00 17905.00 17905.00 17905.00 620.00
20160923  11:25:00 17915.00 17915.00 17905.00 17905.00 652.00
20160923  11:24:00 17915.00 17915.00 17910.00 17915.00  22.00
20160923  11:23:00 17910.00 17915.00 17905.00 17910.00 462.00
20160923  11:22:00 17905.00 17915.00 17905.00 17910.00 484.00
20160923  11:21:00 17915.00 17915.00 17905.00 17905.00 1120.00
20160923  11:20:00 17910.00 17915.00 17905.00 17915.00 462.00
20160923  11:19:00 17915.00 17915.00 17905.00 17910.00 850.00
20160923  11:18:00 17910.00 17915.00 17910.00 17915.00  54.00
20160923  11:17:00 17910.00 17915.00 17910.00 17910.00 152.00
20160923  11:16:00 17910.00 17915.00 17905.00 17910.00 336.00
20160923  11:15:00 17910.00 17915.00 17905.00 17905.00 142.00
20160923  11:14:00 17910.00 17915.00 17905.00 17910.00 118.00
20160923  11:13:00 17910.00 17910.00 17905.00 17910.00 284.00
20160923  11:12:00 17915.00 17920.00 17905.00 17905.00 432.00
20160923  11:11:00 17920.00 17920.00 17915.00 17920.00 194.00
20160923  11:10:00 17915.00 17920.00 17910.00 17915.00 486.00
20160923  11:09:00 17915.00 17920.00 17910.00 17915.00 562.00
20160923  11:08:00 17920.00 17920.00 17915.00 17920.00 280.00
20160923  11:07:00 17910.00 17915.00 17910.00 17915.00 128.00
20160923  11:06:00 17910.00 17915.00 17905.00 17910.00 466.00
20160923  11:05:00 17910.00 17915.00 17905.00 17905.00 478.00
20160923  11:04:00 17915.00 17915.00 17910.00 17910.00 678.00
20160923  11:03:00 17905.00 17915.00 17905.00 17915.00 846.00
20160923  11:02:00 17910.00 17915.00 17905.00 17905.00 262.00
20160923  11:01:00 17910.00 17910.00 17905.00 17910.00 334.00
20160923  11:00:00 17920.00 17920.00 17905.00 17910.00 612.00
20160923  10:59:00 17910.00 17915.00 17910.00 17915.00 282.00
20160923  10:58:00 17910.00 17915.00 17910.00 17910.00 306.00
20160923  10:57:00 17910.00 17915.00 17910.00 17915.00 444.00
20160923  10:56:00 17910.00 17910.00 17905.00 17910.00 464.00
20160923  10:55:00 17905.00 17910.00 17905.00 17910.00  34.00
20160923  10:54:00 17905.00 17910.00 17905.00 17905.00  62.00
20160923  10:53:00 17905.00 17910.00 17905.00 17905.00  44.00
20160923  10:52:00 17910.00 17910.00 17905.00 17905.00  72.00
20160923  10:51:00 17915.00 17915.00 17910.00 17910.00 470.00
20160923  10:50:00 17915.00 17920.00 17910.00 17915.00 302.00
20160923  10:49:00 17910.00 17920.00 17910.00 17915.00 360.00
20160923  10:48:00 17915.00 17915.00 17910.00 17910.00 302.00
20160923  10:47:00 17920.00 17920.00 17915.00 17915.00 146.00
20160923  10:46:00 17915.00 17920.00 17915.00 17920.00 200.00
20160923  10:45:00 17915.00 17920.00 17910.00 17915.00 594.00
20160923  10:44:00 17910.00 17920.00 17905.00 17915.00 1208.00
20160923  10:43:00 17905.00 17915.00 17905.00 17910.00 326.00
20160923  10:42:00 17910.00 17915.00 17905.00 17905.00 622.00
20160923  10:41:00 17905.00 17910.00 17905.00 17910.00  56.00
20160923  10:40:00 17910.00 17915.00 17905.00 17910.00 168.00
20160923  10:39:00 17905.00 17915.00 17900.00 17910.00 854.00
20160923  10:38:00 17905.00 17910.00 17905.00 17905.00  88.00
20160923  10:37:00 17905.00 17910.00 17900.00 17910.00 306.00
20160923  10:36:00 17900.00 17905.00 17900.00 17905.00 258.00
20160923  10:35:00 17900.00 17905.00 17900.00 17900.00 402.00
20160923  10:34:00 17895.00 17905.00 17895.00 17900.00 206.00
20160923  10:33:00 17900.00 17905.00 17895.00 17895.00 206.00
20160923  10:32:00 17900.00 17905.00 17895.00 17900.00 462.00
20160923  10:31:00 17895.00 17905.00 17895.00 17900.00 542.00
20160923  10:30:00 17915.00 17915.00 17890.00 17900.00 1316.00
20160923  10:14:00 17915.00 17925.00 17915.00 17920.00 772.00
20160923  10:13:00 17910.00 17920.00 17910.00 17915.00 256.00
20160923  10:12:00 17910.00 17915.00 17910.00 17910.00 994.00
20160923  10:11:00 17915.00 17915.00 17905.00 17910.00 230.00
20160923  10:10:00 17910.00 17915.00 17910.00 17915.00  94.00
20160923  10:09:00 17905.00 17915.00 17905.00 17910.00 680.00
20160923  10:08:00 17905.00 17905.00 17905.00 17905.00 616.00
20160923  10:07:00 17905.00 17910.00 17900.00 17905.00 548.00
20160923  10:06:00 17905.00 17910.00 17900.00 17900.00 792.00
20160923  10:05:00 17900.00 17905.00 17900.00 17900.00 386.00
20160923  10:04:00 17905.00 17905.00 17895.00 17900.00 688.00
20160923  10:03:00 17895.00 17905.00 17895.00 17905.00 312.00
20160923  10:02:00 17890.00 17900.00 17890.00 17895.00 844.00
20160923  10:01:00 17890.00 17895.00 17885.00 17890.00 702.00
20160923  10:00:00 17885.00 17890.00 17880.00 17885.00 1278.00
20160923  09:59:00 17885.00 17890.00 17885.00 17885.00 532.00
20160923  09:58:00 17890.00 17895.00 17880.00 17885.00 1418.00
20160923  09:57:00 17905.00 17905.00 17890.00 17895.00 1144.00
20160923  09:56:00 17900.00 17910.00 17900.00 17905.00 382.00
20160923  09:55:00 17925.00 17930.00 17900.00 17905.00 1352.00
20160923  09:54:00 17920.00 17935.00 17915.00 17930.00 832.00
20160923  09:53:00 17920.00 17925.00 17920.00 17920.00 428.00
20160923  09:52:00 17915.00 17920.00 17910.00 17920.00 738.00
20160923  09:51:00 17915.00 17920.00 17910.00 17915.00 944.00
20160923  09:50:00 17910.00 17915.00 17905.00 17915.00 1360.00
20160923  09:49:00 17905.00 17910.00 17905.00 17910.00 236.00
20160923  09:48:00 17910.00 17910.00 17900.00 17905.00 834.00
20160923  09:47:00 17910.00 17910.00 17905.00 17905.00 418.00
20160923  09:46:00 17905.00 17910.00 17900.00 17905.00 322.00
20160923  09:45:00 17905.00 17910.00 17900.00 17905.00 268.00
20160923  09:44:00 17905.00 17910.00 17900.00 17905.00 610.00
20160923  09:43:00 17905.00 17910.00 17900.00 17905.00 312.00
20160923  09:42:00 17900.00 17905.00 17890.00 17905.00 732.00
20160923  09:41:00 17900.00 17905.00 17895.00 17900.00 392.00
20160923  09:40:00 17905.00 17905.00 17895.00 17895.00 498.00
20160923  09:39:00 17905.00 17905.00 17900.00 17905.00 220.00
20160923  09:38:00 17905.00 17915.00 17900.00 17905.00 650.00
20160923  09:37:00 17900.00 17905.00 17895.00 17905.00 406.00
20160923  09:36:00 17905.00 17905.00 17895.00 17900.00 454.00
20160923  09:35:00 17910.00 17910.00 17895.00 17905.00 1094.00
20160923  09:34:00 17910.00 17915.00 17905.00 17910.00 738.00
20160923  09:33:00 17895.00 17915.00 17895.00 17905.00 948.00
20160923  09:32:00 17900.00 17905.00 17895.00 17895.00 568.00
20160923  09:31:00 17890.00 17900.00 17890.00 17895.00 596.00
20160923  09:30:00 17905.00 17905.00 17890.00 17895.00 1688.00
20160923  09:29:00 17905.00 17915.00 17900.00 17905.00 1150.00
20160923  09:28:00 17915.00 17915.00 17905.00 17905.00 642.00
20160923  09:27:00 17905.00 17915.00 17900.00 17915.00 1102.00
20160923  09:26:00 17915.00 17915.00 17900.00 17905.00 1542.00
20160923  09:25:00 17925.00 17925.00 17910.00 17915.00 1602.00
20160923  09:24:00 17920.00 17940.00 17920.00 17925.00 668.00
20160923  09:23:00 17935.00 17935.00 17920.00 17920.00 450.00
20160923  09:22:00 17930.00 17940.00 17930.00 17935.00 1030.00
20160923  09:21:00 17940.00 17945.00 17920.00 17930.00 1024.00
20160923  09:20:00 17915.00 17945.00 17915.00 17935.00 1760.00
20160923  09:19:00 17925.00 17930.00 17915.00 17915.00 1388.00
20160923  09:18:00 17920.00 17930.00 17920.00 17930.00 876.00
20160923  09:17:00 17920.00 17925.00 17915.00 17920.00 1358.00
20160923  09:16:00 17950.00 17950.00 17920.00 17920.00 1456.00
20160923  09:15:00 17945.00 17950.00 17945.00 17950.00 580.00
20160923  09:14:00 17955.00 17955.00 17940.00 17945.00 592.00
20160923  09:13:00 17945.00 17950.00 17940.00 17950.00 866.00
20160923  09:12:00 17955.00 17955.00 17945.00 17945.00 570.00
20160923  09:11:00 17970.00 17975.00 17945.00 17950.00 1442.00
20160923  09:10:00 17940.00 17970.00 17940.00 17970.00 1942.00
20160923  09:09:00 17940.00 17940.00 17935.00 17940.00 318.00
20160923  09:08:00 17940.00 17945.00 17935.00 17940.00 556.00
20160923  09:07:00 17945.00 17945.00 17935.00 17940.00 688.00
20160923  09:06:00 17950.00 17950.00 17935.00 17940.00 1340.00
20160923  09:05:00 17925.00 17950.00 17920.00 17950.00 1780.00
20160923  09:04:00 17935.00 17935.00 17920.00 17925.00 702.00
20160923  09:03:00 17930.00 17945.00 17925.00 17935.00 1096.00
20160923  09:02:00 17915.00 17930.00 17915.00 17930.00 698.00
20160923  09:01:00 17930.00 17930.00 17910.00 17915.00 1702.00
20160923  09:00:00 17915.00 17940.00 17905.00 17930.00 3238.00
20160923  00:59:00 17930.00 17935.00 17920.00 17925.00 806.00
20160923  00:58:00 17935.00 17935.00 17925.00 17930.00 550.00
20160923  00:57:00 17940.00 17945.00 17925.00 17935.00 944.00
20160923  00:56:00 17945.00 17945.00 17935.00 17940.00 262.00
20160923  00:55:00 17945.00 17945.00 17940.00 17945.00 126.00
20160923  00:54:00 17945.00 17950.00 17940.00 17945.00 532.00
20160923  00:53:00 17950.00 17950.00 17940.00 17945.00 446.00
20160923  00:52:00 17960.00 17960.00 17950.00 17950.00 280.00
20160923  00:51:00 17955.00 17960.00 17950.00 17960.00 102.00
20160923  00:50:00 17960.00 17965.00 17950.00 17955.00 468.00
20160923  00:49:00 17965.00 17965.00 17960.00 17960.00  88.00
20160923  00:48:00 17960.00 17965.00 17960.00 17965.00 252.00
20160923  00:47:00 17955.00 17965.00 17955.00 17960.00 330.00
20160923  00:46:00 17985.00 17990.00 17950.00 17955.00 2416.00
20160923  00:45:00 17995.00 17995.00 17985.00 17985.00 270.00
20160923  00:44:00 17995.00 17995.00 17995.00 17995.00   4.00
20160923  00:43:00 17995.00 17995.00 17995.00 17995.00 114.00
20160923  00:42:00 17995.00 17995.00 17990.00 17995.00 130.00
20160923  00:41:00 18000.00 18000.00 18000.00 18000.00  14.00
20160923  00:40:00 18000.00 18000.00 18000.00 18000.00 128.00
20160923  00:39:00 17995.00 18000.00 17995.00 18000.00 172.00
20160923  00:38:00 17990.00 17995.00 17990.00 17995.00  52.00
20160923  00:37:00 17990.00 17990.00 17990.00 17990.00  36.00
20160923  00:36:00 17995.00 17995.00 17990.00 17990.00 476.00
20160923  00:35:00 17990.00 17995.00 17990.00 17995.00 168.00
20160923  00:34:00 17995.00 17995.00 17990.00 17990.00 172.00
20160923  00:33:00 17995.00 18000.00 17995.00 17995.00 312.00
20160923  00:32:00 17995.00 18000.00 17995.00 17995.00 196.00
20160923  00:31:00 17995.00 17995.00 17995.00 17995.00   8.00
20160923  00:30:00 17990.00 17995.00 17990.00 17995.00 260.00
20160923  00:29:00 17995.00 18000.00 17990.00 17990.00 112.00
20160923  00:28:00 17995.00 17995.00 17995.00 17995.00  72.00
20160923  00:27:00 18000.00 18000.00 17995.00 17995.00 230.00
20160923  00:26:00 18005.00 18005.00 17995.00 18000.00 310.00
20160923  00:25:00 18000.00 18005.00 18000.00 18005.00  56.00
20160923  00:24:00 18005.00 18005.00 18000.00 18000.00 122.00
20160923  00:23:00 18000.00 18005.00 18000.00 18005.00 254.00
20160923  00:22:00 18000.00 18005.00 18000.00 18000.00 150.00
20160923  00:21:00 18005.00 18005.00 18000.00 18000.00 154.00
20160923  00:20:00 18000.00 18005.00 18000.00 18005.00   8.00
20160923  00:19:00 18000.00 18005.00 17995.00 18000.00 106.00
20160923  00:18:00 17995.00 18005.00 17995.00 18000.00 224.00
20160923  00:17:00 17995.00 18000.00 17990.00 17995.00 182.00
20160923  00:16:00 17995.00 17995.00 17990.00 17995.00  54.00
20160923  00:15:00 17995.00 17995.00 17990.00 17995.00  82.00
20160923  00:14:00 17995.00 17995.00 17995.00 17995.00 170.00
20160923  00:13:00 17995.00 17995.00 17995.00 17995.00   4.00
20160923  00:12:00 17995.00 17995.00 17995.00 17995.00   4.00
20160923  00:11:00 17995.00 17995.00 17995.00 17995.00  92.00
20160923  00:10:00 17995.00 17995.00 17995.00 17995.00 190.00
20160923  00:09:00 17995.00 18000.00 17995.00 17995.00 290.00
20160923  00:08:00 17990.00 18000.00 17990.00 17995.00 154.00
20160923  00:07:00 17990.00 17995.00 17990.00 17990.00 230.00
20160923  00:06:00 17995.00 17995.00 17990.00 17990.00 336.00
20160923  00:05:00 17995.00 17995.00 17995.00 17995.00   6.00
20160923  00:04:00 18000.00 18000.00 17995.00 17995.00  32.00
20160923  00:03:00 17995.00 18000.00 17995.00 18000.00 174.00
20160923  00:02:00 17995.00 17995.00 17990.00 17995.00 122.00
20160923  00:01:00 18000.00 18000.00 17990.00 17995.00 416.00
20160923  00:00:00 18010.00 18010.00 18000.00 18000.00 284.00
20160922  23:59:00 17995.00 18010.00 17995.00 18010.00 764.00
20160922  23:58:00 17995.00 17995.00 17990.00 17995.00 276.00
20160922  23:57:00 17995.00 17995.00 17990.00 17995.00 118.00
20160922  23:56:00 18000.00 18000.00 17990.00 17995.00 380.00
20160922  23:55:00 17995.00 18000.00 17995.00 18000.00 130.00
20160922  23:54:00 17995.00 17995.00 17990.00 17995.00 330.00
20160922  23:53:00 18000.00 18000.00 17990.00 17995.00 296.00
20160922  23:52:00 17995.00 18000.00 17995.00 18000.00 244.00
20160922  23:51:00 18000.00 18000.00 17995.00 17995.00  70.00
20160922  23:50:00 18000.00 18000.00 17995.00 18000.00 446.00
20160922  23:49:00 18005.00 18005.00 18000.00 18000.00 418.00
20160922  23:48:00 18005.00 18005.00 18005.00 18005.00  10.00
20160922  23:47:00 18010.00 18015.00 18005.00 18005.00 382.00
20160922  23:46:00 18010.00 18015.00 18005.00 18015.00 332.00
20160922  23:45:00 18005.00 18015.00 18000.00 18010.00 568.00
20160922  23:44:00 18000.00 18005.00 17995.00 18000.00 174.00
20160922  23:43:00 18000.00 18005.00 17995.00 18000.00 510.00
20160922  23:42:00 18010.00 18010.00 17995.00 17995.00 456.00
20160922  23:41:00 18000.00 18015.00 18000.00 18010.00 598.00
20160922  23:40:00 18000.00 18005.00 18000.00 18000.00 312.00
20160922  23:39:00 17995.00 18000.00 17995.00 18000.00 820.00
20160922  23:38:00 17995.00 18000.00 17990.00 17995.00 936.00
20160922  23:37:00 18015.00 18015.00 17995.00 17995.00 1372.00
20160922  23:36:00 18020.00 18020.00 18015.00 18015.00 560.00
20160922  23:35:00 18030.00 18035.00 18020.00 18020.00 484.00
20160922  23:34:00 18030.00 18040.00 18030.00 18030.00 234.00
20160922  23:33:00 18035.00 18035.00 18025.00 18030.00 796.00
20160922  23:32:00 18035.00 18040.00 18030.00 18035.00 476.00
20160922  23:31:00 18025.00 18035.00 18025.00 18035.00 806.00
20160922  23:30:00 18015.00 18030.00 18015.00 18025.00 332.00
20160922  23:29:00 18020.00 18025.00 18015.00 18015.00 308.00
20160922  23:28:00 18020.00 18025.00 18015.00 18020.00 252.00
20160922  23:27:00 18020.00 18020.00 18015.00 18020.00  78.00
20160922  23:26:00 18010.00 18015.00 18010.00 18015.00 270.00
20160922  23:25:00 18000.00 18015.00 18000.00 18010.00 202.00
20160922  23:24:00 18015.00 18015.00 18000.00 18005.00 662.00
20160922  23:23:00 18025.00 18030.00 18015.00 18015.00 470.00
20160922  23:22:00 18015.00 18030.00 18015.00 18025.00 822.00
20160922  23:21:00 18010.00 18015.00 18010.00 18015.00 160.00
20160922  23:20:00 18005.00 18015.00 18005.00 18015.00 172.00
20160922  23:19:00 18005.00 18010.00 18000.00 18010.00 146.00
20160922  23:18:00 18000.00 18005.00 18000.00 18005.00  46.00
20160922  23:17:00 18000.00 18000.00 18000.00 18000.00 234.00
20160922  23:16:00 18000.00 18005.00 18000.00 18000.00  84.00
20160922  23:15:00 18000.00 18005.00 17995.00 18000.00 178.00
20160922  23:14:00 18000.00 18005.00 18000.00 18000.00  92.00
20160922  23:13:00 18005.00 18005.00 18000.00 18000.00 248.00
20160922  23:12:00 18000.00 18005.00 17995.00 18005.00 338.00
20160922  23:11:00 18000.00 18000.00 17990.00 18000.00 586.00
20160922  23:10:00 18010.00 18010.00 18000.00 18000.00 306.00
20160922  23:09:00 18020.00 18020.00 18010.00 18010.00 326.00
20160922  23:08:00 18015.00 18020.00 18010.00 18020.00 110.00
20160922  23:07:00 18015.00 18015.00 18010.00 18015.00 430.00
20160922  23:06:00 18015.00 18015.00 18005.00 18015.00 220.00
20160922  23:05:00 18005.00 18015.00 18005.00 18015.00 266.00
20160922  23:04:00 18010.00 18010.00 18005.00 18005.00  62.00
20160922  23:03:00 18005.00 18010.00 18000.00 18010.00 402.00
20160922  23:02:00 18005.00 18010.00 18005.00 18005.00  34.00
20160922  23:01:00 18015.00 18015.00 18010.00 18010.00 304.00
20160922  23:00:00 18000.00 18015.00 18000.00 18015.00 506.00
20160922  22:59:00 18000.00 18000.00 17995.00 17995.00 420.00
20160922  22:58:00 18010.00 18010.00 18000.00 18000.00 400.00
20160922  22:57:00 17990.00 18010.00 17990.00 18010.00 496.00
20160922  22:56:00 18000.00 18000.00 17990.00 17990.00 434.00
20160922  22:55:00 18010.00 18010.00 17995.00 18000.00 408.00
20160922  22:54:00 18005.00 18010.00 18000.00 18010.00 408.00
20160922  22:53:00 18000.00 18020.00 17995.00 18005.00 1696.00
20160922  22:52:00 17995.00 18005.00 17990.00 18000.00 934.00
20160922  22:51:00 17985.00 17995.00 17985.00 17995.00 470.00
20160922  22:50:00 18005.00 18010.00 17990.00 17990.00 1500.00
20160922  22:49:00 18015.00 18015.00 18005.00 18005.00 834.00
20160922  22:48:00 18020.00 18020.00 18015.00 18015.00  68.00
20160922  22:47:00 18010.00 18025.00 18010.00 18020.00 294.00
20160922  22:46:00 18015.00 18020.00 18015.00 18015.00 130.00
20160922  22:45:00 18015.00 18025.00 18015.00 18020.00 262.00
20160922  22:44:00 18020.00 18025.00 18010.00 18015.00 486.00
20160922  22:43:00 18015.00 18030.00 18010.00 18025.00 1084.00
20160922  22:42:00 18000.00 18015.00 18000.00 18015.00 668.00
20160922  22:41:00 18025.00 18025.00 17995.00 18000.00 1944.00
20160922  22:40:00 18025.00 18025.00 18020.00 18025.00 212.00
20160922  22:39:00 18020.00 18025.00 18020.00 18025.00 482.00
20160922  22:38:00 18035.00 18035.00 18020.00 18020.00 802.00
20160922  22:37:00 18035.00 18040.00 18030.00 18035.00 322.00
20160922  22:36:00 18040.00 18045.00 18030.00 18035.00 548.00
20160922  22:35:00 18035.00 18045.00 18030.00 18040.00 602.00
20160922  22:34:00 18040.00 18040.00 18030.00 18035.00 446.00
20160922  22:33:00 18040.00 18040.00 18035.00 18040.00 420.00
20160922  22:32:00 18055.00 18055.00 18040.00 18040.00 710.00
20160922  22:31:00 18040.00 18055.00 18035.00 18055.00 2044.00
20160922  22:30:00 18040.00 18045.00 18035.00 18040.00 936.00
20160922  22:29:00 18040.00 18040.00 18035.00 18040.00 348.00
20160922  22:28:00 18025.00 18045.00 18025.00 18040.00 990.00
20160922  22:27:00 18020.00 18030.00 18020.00 18025.00 590.00
20160922  22:26:00 18030.00 18030.00 18020.00 18020.00 654.00
20160922  22:25:00 18030.00 18030.00 18025.00 18030.00 246.00
20160922  22:24:00 18025.00 18030.00 18020.00 18030.00 382.00
20160922  22:23:00 18025.00 18025.00 18020.00 18025.00 274.00
20160922  22:22:00 18025.00 18025.00 18020.00 18025.00 152.00
20160922  22:21:00 18025.00 18025.00 18020.00 18020.00  36.00
20160922  22:20:00 18025.00 18025.00 18020.00 18025.00  86.00
20160922  22:19:00 18030.00 18035.00 18025.00 18025.00 284.00
20160922  22:18:00 18030.00 18030.00 18020.00 18030.00 588.00
20160922  22:17:00 18030.00 18030.00 18025.00 18030.00  66.00
20160922  22:16:00 18020.00 18035.00 18020.00 18030.00 810.00
20160922  22:15:00 18015.00 18025.00 18015.00 18020.00 342.00
20160922  22:14:00 18020.00 18025.00 18015.00 18015.00 416.00
20160922  22:13:00 18015.00 18020.00 18015.00 18020.00 218.00
20160922  22:12:00 18015.00 18020.00 18010.00 18015.00 716.00
20160922  22:11:00 18025.00 18030.00 18015.00 18015.00 936.00
20160922  22:10:00 18020.00 18025.00 18020.00 18025.00 224.00
20160922  22:09:00 18030.00 18030.00 18015.00 18020.00 460.00
20160922  22:08:00 18015.00 18030.00 18015.00 18030.00 284.00
20160922  22:07:00 18025.00 18025.00 18010.00 18015.00 594.00
20160922  22:06:00 18015.00 18025.00 18015.00 18025.00 348.00
20160922  22:05:00 18035.00 18035.00 18015.00 18015.00 1472.00
20160922  22:04:00 18040.00 18045.00 18030.00 18035.00 2590.00
20160922  22:03:00 18055.00 18055.00 18035.00 18035.00 1190.00
20160922  22:02:00 18055.00 18060.00 18045.00 18050.00 2010.00
20160922  22:01:00 18030.00 18060.00 18030.00 18055.00 4124.00
20160922  22:00:00 18005.00 18040.00 18005.00 18035.00 2380.00
20160922  21:59:00 18010.00 18015.00 18005.00 18005.00 364.00
20160922  21:58:00 18015.00 18015.00 18005.00 18015.00 350.00
20160922  21:57:00 18000.00 18015.00 18000.00 18015.00 444.00
20160922  21:56:00 18015.00 18015.00 18000.00 18000.00 496.00
20160922  21:55:00 18005.00 18020.00 18005.00 18015.00 794.00
20160922  21:54:00 18000.00 18010.00 17995.00 18005.00 574.00
20160922  21:53:00 18000.00 18000.00 17995.00 17995.00 304.00
20160922  21:52:00 17990.00 18000.00 17990.00 18000.00 974.00
20160922  21:51:00 17985.00 17995.00 17985.00 17990.00 558.00
20160922  21:50:00 17975.00 17985.00 17975.00 17985.00 478.00
20160922  21:49:00 17970.00 17980.00 17970.00 17975.00 220.00
20160922  21:48:00 17975.00 17990.00 17970.00 17970.00 934.00
20160922  21:47:00 17980.00 17980.00 17975.00 17975.00 294.00
20160922  21:46:00 17970.00 17980.00 17970.00 17980.00 454.00
20160922  21:45:00 17980.00 17980.00 17965.00 17975.00 872.00
20160922  21:44:00 17985.00 17985.00 17965.00 17975.00 1472.00
20160922  21:43:00 17980.00 17990.00 17975.00 17985.00 1504.00
20160922  21:42:00 17975.00 17985.00 17975.00 17980.00 412.00
20160922  21:41:00 17985.00 17985.00 17970.00 17975.00 906.00
20160922  21:40:00 17995.00 17995.00 17985.00 17985.00 586.00
20160922  21:39:00 17985.00 18000.00 17980.00 17995.00 1152.00
20160922  21:38:00 17985.00 18005.00 17985.00 17985.00 2142.00
20160922  21:37:00 18000.00 18005.00 17970.00 17990.00 2620.00
20160922  21:36:00 18005.00 18010.00 18000.00 18000.00 468.00
20160922  21:35:00 18000.00 18010.00 18000.00 18005.00 322.00
20160922  21:34:00 18005.00 18005.00 17995.00 18000.00 1020.00
20160922  21:33:00 18020.00 18025.00 18005.00 18005.00 1984.00
20160922  21:32:00 18020.00 18035.00 18020.00 18020.00 4058.00
20160922  21:31:00 18015.00 18025.00 18015.00 18020.00 900.00
20160922  21:30:00 18010.00 18025.00 18010.00 18015.00 1118.00
20160922  21:29:00 18020.00 18020.00 18005.00 18010.00 918.00
20160922  21:28:00 17990.00 18020.00 17990.00 18020.00 1790.00
20160922  21:27:00 17995.00 17995.00 17990.00 17990.00  62.00
20160922  21:26:00 17995.00 17995.00 17985.00 17995.00 362.00
20160922  21:25:00 18000.00 18005.00 17995.00 17995.00 764.00
20160922  21:24:00 17980.00 18000.00 17975.00 18000.00 830.00
20160922  21:23:00 17985.00 17990.00 17980.00 17980.00 874.00
20160922  21:22:00 17975.00 17985.00 17975.00 17985.00 996.00
20160922  21:21:00 17990.00 17990.00 17975.00 17975.00 1386.00
20160922  21:20:00 17995.00 18005.00 17990.00 17990.00 1298.00
20160922  21:19:00 17995.00 18000.00 17995.00 17995.00  42.00
20160922  21:18:00 17985.00 17995.00 17980.00 17995.00 720.00
20160922  21:17:00 17995.00 18000.00 17980.00 17985.00 1034.00
20160922  21:16:00 17995.00 17995.00 17990.00 17990.00 480.00
20160922  21:15:00 17995.00 18000.00 17990.00 17995.00 730.00
20160922  21:14:00 18010.00 18010.00 17995.00 17995.00 1044.00
20160922  21:13:00 18010.00 18010.00 18005.00 18010.00 764.00
20160922  21:12:00 18020.00 18020.00 18010.00 18010.00 1000.00
20160922  21:11:00 18015.00 18030.00 18015.00 18015.00 2058.00
20160922  21:10:00 17995.00 18025.00 17995.00 18015.00 3768.00
20160922  21:09:00 17980.00 18000.00 17980.00 17995.00 1058.00
20160922  21:08:00 17995.00 17995.00 17980.00 17985.00 798.00
20160922  21:07:00 18000.00 18000.00 17985.00 17990.00 780.00
20160922  21:06:00 17995.00 18000.00 17990.00 18000.00 1040.00
20160922  21:05:00 17965.00 18000.00 17965.00 17995.00 1418.00
20160922  21:04:00 17995.00 17995.00 17965.00 17965.00 1868.00
20160922  21:03:00 18000.00 18005.00 17990.00 17995.00 1216.00
20160922  21:02:00 18005.00 18010.00 17990.00 18000.00 1734.00
20160922  21:01:00 18005.00 18010.00 17990.00 18005.00 1692.00
20160922  21:00:00 17980.00 18015.00 17980.00 18010.00 3764.00
