20161205  15:00:00 22710.00 22710.00 22710.00 22710.00  26.00
20161205  14:59:00 22720.00 22745.00 22700.00 22705.00 2874.00
20161205  14:58:00 22710.00 22730.00 22705.00 22725.00 1626.00
20161205  14:57:00 22730.00 22735.00 22705.00 22710.00 1446.00
20161205  14:56:00 22745.00 22750.00 22725.00 22730.00 714.00
20161205  14:55:00 22780.00 22785.00 22735.00 22745.00 1292.00
20161205  14:54:00 22790.00 22795.00 22765.00 22780.00 620.00
20161205  14:53:00 22760.00 22800.00 22760.00 22790.00 1034.00
20161205  14:52:00 22770.00 22780.00 22760.00 22760.00 604.00
20161205  14:51:00 22760.00 22780.00 22755.00 22770.00 826.00
20161205  14:50:00 22755.00 22765.00 22730.00 22760.00 1534.00
20161205  14:49:00 22790.00 22800.00 22760.00 22760.00 1184.00
20161205  14:48:00 22770.00 22790.00 22765.00 22790.00 730.00
20161205  14:47:00 22785.00 22790.00 22760.00 22770.00 1542.00
20161205  14:46:00 22835.00 22835.00 22760.00 22785.00 2458.00
20161205  14:45:00 22815.00 22845.00 22815.00 22835.00 974.00
20161205  14:44:00 22850.00 22850.00 22800.00 22815.00 2128.00
20161205  14:43:00 22855.00 22855.00 22835.00 22835.00 1090.00
20161205  14:42:00 22830.00 22855.00 22825.00 22855.00 1304.00
20161205  14:41:00 22865.00 22865.00 22825.00 22825.00 2580.00
20161205  14:40:00 22810.00 22870.00 22795.00 22865.00 4392.00
20161205  14:39:00 22780.00 22825.00 22760.00 22810.00 2006.00
20161205  14:38:00 22800.00 22805.00 22775.00 22780.00 1346.00
20161205  14:37:00 22785.00 22805.00 22780.00 22800.00 1032.00
20161205  14:36:00 22800.00 22805.00 22775.00 22785.00 1092.00
20161205  14:35:00 22800.00 22810.00 22770.00 22805.00 1628.00
20161205  14:34:00 22750.00 22810.00 22750.00 22800.00 2956.00
20161205  14:33:00 22740.00 22760.00 22740.00 22750.00 876.00
20161205  14:32:00 22735.00 22750.00 22730.00 22740.00 624.00
20161205  14:31:00 22740.00 22745.00 22720.00 22735.00 534.00
20161205  14:30:00 22750.00 22755.00 22730.00 22740.00 470.00
20161205  14:29:00 22720.00 22755.00 22720.00 22745.00 1134.00
20161205  14:28:00 22750.00 22750.00 22720.00 22720.00 706.00
20161205  14:27:00 22750.00 22755.00 22740.00 22750.00 554.00
20161205  14:26:00 22745.00 22755.00 22745.00 22750.00 352.00
20161205  14:25:00 22730.00 22760.00 22730.00 22745.00 700.00
20161205  14:24:00 22735.00 22745.00 22720.00 22730.00 598.00
20161205  14:23:00 22740.00 22760.00 22735.00 22735.00 662.00
20161205  14:22:00 22760.00 22765.00 22730.00 22740.00 1268.00
20161205  14:21:00 22720.00 22765.00 22715.00 22760.00 1688.00
20161205  14:20:00 22715.00 22720.00 22705.00 22715.00 462.00
20161205  14:19:00 22695.00 22720.00 22685.00 22715.00 792.00
20161205  14:18:00 22695.00 22705.00 22675.00 22690.00 694.00
20161205  14:17:00 22710.00 22715.00 22675.00 22695.00 1230.00
20161205  14:16:00 22660.00 22705.00 22660.00 22705.00 1662.00
20161205  14:15:00 22680.00 22680.00 22650.00 22665.00 1860.00
20161205  14:14:00 22675.00 22700.00 22675.00 22680.00 1658.00
20161205  14:13:00 22715.00 22720.00 22665.00 22670.00 2004.00
20161205  14:12:00 22700.00 22720.00 22700.00 22715.00 604.00
20161205  14:11:00 22725.00 22735.00 22690.00 22695.00 1088.00
20161205  14:10:00 22750.00 22755.00 22705.00 22725.00 1484.00
20161205  14:09:00 22755.00 22770.00 22745.00 22750.00 1044.00
20161205  14:08:00 22770.00 22775.00 22745.00 22760.00 1362.00
20161205  14:07:00 22710.00 22770.00 22705.00 22770.00 1714.00
20161205  14:06:00 22720.00 22725.00 22695.00 22710.00 886.00
20161205  14:05:00 22720.00 22725.00 22710.00 22715.00 398.00
20161205  14:04:00 22705.00 22725.00 22705.00 22715.00 472.00
20161205  14:03:00 22705.00 22715.00 22685.00 22705.00 900.00
20161205  14:02:00 22740.00 22740.00 22705.00 22705.00 814.00
20161205  14:01:00 22715.00 22740.00 22710.00 22740.00 918.00
20161205  14:00:00 22705.00 22725.00 22705.00 22715.00 820.00
20161205  13:59:00 22725.00 22735.00 22685.00 22705.00 1234.00
20161205  13:58:00 22740.00 22740.00 22710.00 22725.00 1040.00
20161205  13:57:00 22710.00 22745.00 22705.00 22740.00 1120.00
20161205  13:56:00 22690.00 22710.00 22675.00 22710.00 1248.00
20161205  13:55:00 22690.00 22715.00 22680.00 22695.00 1248.00
20161205  13:54:00 22715.00 22715.00 22675.00 22690.00 1666.00
20161205  13:53:00 22685.00 22715.00 22680.00 22715.00 2444.00
20161205  13:52:00 22710.00 22725.00 22660.00 22680.00 2794.00
20161205  13:51:00 22720.00 22745.00 22695.00 22710.00 2432.00
20161205  13:50:00 22775.00 22775.00 22720.00 22720.00 1792.00
20161205  13:49:00 22780.00 22795.00 22770.00 22775.00 922.00
20161205  13:48:00 22755.00 22790.00 22755.00 22780.00 1204.00
20161205  13:47:00 22750.00 22755.00 22725.00 22755.00 1360.00
20161205  13:46:00 22755.00 22760.00 22730.00 22750.00 806.00
20161205  13:45:00 22745.00 22765.00 22740.00 22755.00 1600.00
20161205  13:44:00 22755.00 22755.00 22720.00 22740.00 1364.00
20161205  13:43:00 22770.00 22775.00 22740.00 22755.00 1366.00
20161205  13:42:00 22790.00 22805.00 22770.00 22770.00 1416.00
20161205  13:41:00 22795.00 22815.00 22785.00 22790.00 1564.00
20161205  13:40:00 22805.00 22810.00 22790.00 22800.00 1138.00
20161205  13:39:00 22825.00 22835.00 22790.00 22805.00 2586.00
20161205  13:38:00 22790.00 22825.00 22785.00 22825.00 1796.00
20161205  13:37:00 22790.00 22815.00 22780.00 22790.00 2130.00
20161205  13:36:00 22745.00 22790.00 22740.00 22790.00 1406.00
20161205  13:35:00 22730.00 22750.00 22720.00 22740.00 1158.00
20161205  13:34:00 22735.00 22735.00 22700.00 22730.00 1706.00
20161205  13:33:00 22715.00 22745.00 22715.00 22730.00 1988.00
20161205  13:32:00 22790.00 22790.00 22710.00 22710.00 3486.00
20161205  13:31:00 22775.00 22815.00 22770.00 22790.00 1928.00
20161205  13:30:00 22795.00 22810.00 22765.00 22775.00 3734.00
20161205  11:29:00 22820.00 22830.00 22790.00 22795.00 2470.00
20161205  11:28:00 22780.00 22830.00 22770.00 22825.00 3554.00
20161205  11:27:00 22740.00 22785.00 22730.00 22775.00 2670.00
20161205  11:26:00 22715.00 22745.00 22705.00 22745.00 1818.00
20161205  11:25:00 22695.00 22730.00 22695.00 22715.00 3610.00
20161205  11:24:00 22650.00 22710.00 22650.00 22700.00 4732.00
20161205  11:23:00 22645.00 22655.00 22635.00 22650.00 1708.00
20161205  11:22:00 22640.00 22665.00 22635.00 22640.00 1476.00
20161205  11:21:00 22650.00 22670.00 22625.00 22635.00 3132.00
20161205  11:20:00 22625.00 22650.00 22615.00 22650.00 1552.00
20161205  11:19:00 22600.00 22645.00 22600.00 22625.00 2806.00
20161205  11:18:00 22575.00 22610.00 22570.00 22600.00 1054.00
20161205  11:17:00 22570.00 22590.00 22565.00 22570.00 820.00
20161205  11:16:00 22560.00 22595.00 22560.00 22565.00 960.00
20161205  11:15:00 22565.00 22585.00 22550.00 22560.00 812.00
20161205  11:14:00 22550.00 22570.00 22545.00 22565.00 1194.00
20161205  11:13:00 22550.00 22550.00 22540.00 22550.00 470.00
20161205  11:12:00 22525.00 22565.00 22520.00 22550.00 1002.00
20161205  11:11:00 22550.00 22555.00 22510.00 22520.00 1578.00
20161205  11:10:00 22545.00 22560.00 22545.00 22550.00 802.00
20161205  11:09:00 22570.00 22575.00 22545.00 22545.00 1062.00
20161205  11:08:00 22595.00 22605.00 22565.00 22570.00 1266.00
20161205  11:07:00 22555.00 22595.00 22550.00 22595.00 818.00
20161205  11:06:00 22555.00 22575.00 22545.00 22560.00 882.00
20161205  11:05:00 22595.00 22600.00 22550.00 22550.00 1188.00
20161205  11:04:00 22585.00 22600.00 22575.00 22590.00 1894.00
20161205  11:03:00 22600.00 22615.00 22580.00 22585.00 884.00
20161205  11:02:00 22625.00 22625.00 22580.00 22595.00 1384.00
20161205  11:01:00 22595.00 22625.00 22590.00 22625.00 2110.00
20161205  11:00:00 22580.00 22610.00 22575.00 22595.00 1938.00
20161205  10:59:00 22570.00 22585.00 22550.00 22570.00 688.00
20161205  10:58:00 22565.00 22575.00 22545.00 22575.00 664.00
20161205  10:57:00 22565.00 22580.00 22545.00 22565.00 1032.00
20161205  10:56:00 22585.00 22595.00 22565.00 22565.00 1574.00
20161205  10:55:00 22565.00 22590.00 22555.00 22585.00 1534.00
20161205  10:54:00 22540.00 22570.00 22540.00 22565.00 1606.00
20161205  10:53:00 22560.00 22565.00 22525.00 22545.00 874.00
20161205  10:52:00 22555.00 22565.00 22535.00 22560.00 1286.00
20161205  10:51:00 22520.00 22555.00 22520.00 22555.00 1064.00
20161205  10:50:00 22535.00 22545.00 22515.00 22520.00 1028.00
20161205  10:49:00 22530.00 22535.00 22525.00 22530.00 576.00
20161205  10:48:00 22525.00 22535.00 22520.00 22530.00 416.00
20161205  10:47:00 22520.00 22540.00 22520.00 22525.00 448.00
20161205  10:46:00 22525.00 22525.00 22505.00 22520.00 678.00
20161205  10:45:00 22515.00 22540.00 22500.00 22525.00 1214.00
20161205  10:44:00 22510.00 22520.00 22500.00 22515.00 468.00
20161205  10:43:00 22500.00 22525.00 22495.00 22510.00 982.00
20161205  10:42:00 22495.00 22525.00 22495.00 22500.00 954.00
20161205  10:41:00 22510.00 22515.00 22490.00 22495.00 896.00
20161205  10:40:00 22525.00 22545.00 22510.00 22510.00 744.00
20161205  10:39:00 22520.00 22540.00 22505.00 22515.00 702.00
20161205  10:38:00 22505.00 22550.00 22505.00 22525.00 1134.00
20161205  10:37:00 22535.00 22535.00 22505.00 22510.00 1086.00
20161205  10:36:00 22525.00 22550.00 22515.00 22535.00 1292.00
20161205  10:35:00 22485.00 22530.00 22485.00 22525.00 2474.00
20161205  10:34:00 22515.00 22535.00 22480.00 22485.00 2062.00
20161205  10:33:00 22540.00 22555.00 22510.00 22510.00 2114.00
20161205  10:32:00 22560.00 22560.00 22530.00 22545.00 1118.00
20161205  10:31:00 22570.00 22595.00 22545.00 22560.00 1912.00
20161205  10:30:00 22575.00 22590.00 22555.00 22570.00 4234.00
20161205  10:14:00 22545.00 22560.00 22540.00 22560.00 816.00
20161205  10:13:00 22540.00 22550.00 22535.00 22545.00 1100.00
20161205  10:12:00 22560.00 22565.00 22525.00 22545.00 1248.00
20161205  10:11:00 22565.00 22575.00 22540.00 22560.00 1044.00
20161205  10:10:00 22545.00 22575.00 22540.00 22560.00 700.00
20161205  10:09:00 22495.00 22560.00 22495.00 22545.00 1682.00
20161205  10:08:00 22545.00 22550.00 22485.00 22495.00 1714.00
20161205  10:07:00 22565.00 22570.00 22545.00 22545.00 1516.00
20161205  10:06:00 22570.00 22585.00 22555.00 22570.00 1714.00
20161205  10:05:00 22575.00 22590.00 22550.00 22565.00 1834.00
20161205  10:04:00 22615.00 22625.00 22560.00 22570.00 2202.00
20161205  10:03:00 22525.00 22620.00 22525.00 22610.00 2850.00
20161205  10:02:00 22550.00 22600.00 22540.00 22540.00 3320.00
20161205  10:01:00 22540.00 22560.00 22530.00 22555.00 3062.00
20161205  10:00:00 22525.00 22545.00 22515.00 22545.00 2194.00
20161205  09:59:00 22475.00 22525.00 22475.00 22520.00 1382.00
20161205  09:58:00 22450.00 22490.00 22440.00 22475.00 2028.00
20161205  09:57:00 22485.00 22495.00 22435.00 22445.00 2414.00
20161205  09:56:00 22540.00 22540.00 22490.00 22490.00 1542.00
20161205  09:55:00 22490.00 22555.00 22490.00 22540.00 2650.00
20161205  09:54:00 22485.00 22490.00 22465.00 22485.00 1444.00
20161205  09:53:00 22485.00 22510.00 22480.00 22485.00 1634.00
20161205  09:52:00 22500.00 22510.00 22480.00 22490.00 1924.00
20161205  09:51:00 22460.00 22495.00 22455.00 22495.00 1174.00
20161205  09:50:00 22440.00 22470.00 22435.00 22460.00 1590.00
20161205  09:49:00 22460.00 22460.00 22425.00 22430.00 1348.00
20161205  09:48:00 22420.00 22460.00 22415.00 22450.00 2214.00
20161205  09:47:00 22450.00 22455.00 22410.00 22425.00 2364.00
20161205  09:46:00 22425.00 22455.00 22425.00 22450.00 3396.00
20161205  09:45:00 22335.00 22425.00 22335.00 22425.00 2744.00
20161205  09:44:00 22310.00 22350.00 22305.00 22335.00 922.00
20161205  09:43:00 22340.00 22340.00 22285.00 22310.00 1408.00
20161205  09:42:00 22330.00 22350.00 22320.00 22340.00 712.00
20161205  09:41:00 22320.00 22340.00 22315.00 22330.00 994.00
20161205  09:40:00 22325.00 22350.00 22310.00 22320.00 1252.00
20161205  09:39:00 22360.00 22365.00 22320.00 22335.00 1538.00
20161205  09:38:00 22370.00 22370.00 22340.00 22360.00 1434.00
20161205  09:37:00 22365.00 22375.00 22340.00 22365.00 2120.00
20161205  09:36:00 22325.00 22375.00 22315.00 22370.00 2570.00
20161205  09:35:00 22295.00 22320.00 22265.00 22320.00 2390.00
20161205  09:34:00 22240.00 22295.00 22225.00 22295.00 1402.00
20161205  09:33:00 22230.00 22240.00 22215.00 22240.00 1168.00
20161205  09:32:00 22225.00 22235.00 22210.00 22230.00 902.00
20161205  09:31:00 22175.00 22225.00 22175.00 22225.00 872.00
20161205  09:30:00 22190.00 22190.00 22160.00 22175.00 1274.00
20161205  09:29:00 22195.00 22210.00 22180.00 22190.00 868.00
20161205  09:28:00 22220.00 22220.00 22180.00 22195.00 908.00
20161205  09:27:00 22235.00 22235.00 22215.00 22220.00 640.00
20161205  09:26:00 22220.00 22235.00 22210.00 22235.00 736.00
20161205  09:25:00 22245.00 22255.00 22215.00 22220.00 794.00
20161205  09:24:00 22250.00 22250.00 22230.00 22250.00 914.00
20161205  09:23:00 22200.00 22260.00 22195.00 22250.00 1948.00
20161205  09:22:00 22185.00 22210.00 22175.00 22200.00 956.00
20161205  09:21:00 22180.00 22195.00 22170.00 22185.00 558.00
20161205  09:20:00 22190.00 22195.00 22165.00 22185.00 1654.00
20161205  09:19:00 22180.00 22190.00 22180.00 22185.00 948.00
20161205  09:18:00 22205.00 22225.00 22180.00 22180.00 2358.00
20161205  09:17:00 22185.00 22205.00 22160.00 22205.00 1410.00
20161205  09:16:00 22165.00 22195.00 22160.00 22180.00 1174.00
20161205  09:15:00 22180.00 22185.00 22145.00 22165.00 1388.00
20161205  09:14:00 22190.00 22195.00 22130.00 22180.00 1808.00
20161205  09:13:00 22180.00 22195.00 22175.00 22190.00 922.00
20161205  09:12:00 22120.00 22200.00 22115.00 22180.00 2542.00
20161205  09:11:00 22150.00 22155.00 22105.00 22125.00 1988.00
20161205  09:10:00 22105.00 22145.00 22070.00 22140.00 2932.00
20161205  09:09:00 22130.00 22165.00 22095.00 22105.00 1988.00
20161205  09:08:00 22165.00 22170.00 22090.00 22130.00 4612.00
20161205  09:07:00 22165.00 22205.00 22160.00 22165.00 3256.00
20161205  09:06:00 22210.00 22215.00 22130.00 22165.00 6586.00
20161205  09:05:00 22305.00 22310.00 22210.00 22210.00 2814.00
20161205  09:04:00 22355.00 22360.00 22300.00 22305.00 1786.00
20161205  09:03:00 22355.00 22360.00 22330.00 22350.00 1694.00
20161205  09:02:00 22270.00 22355.00 22270.00 22350.00 2512.00
20161205  09:01:00 22275.00 22300.00 22245.00 22275.00 3276.00
20161205  09:00:00 22200.00 22320.00 22200.00 22280.00 7504.00
20161203  01:00:00 22365.00 22365.00 22365.00 22365.00   0.00
20161203  00:59:00 22355.00 22370.00 22345.00 22365.00 1098.00
20161203  00:58:00 22370.00 22380.00 22355.00 22360.00 1094.00
20161203  00:57:00 22360.00 22380.00 22355.00 22380.00 988.00
20161203  00:56:00 22320.00 22360.00 22315.00 22360.00 1432.00
20161203  00:55:00 22330.00 22330.00 22315.00 22320.00 628.00
20161203  00:54:00 22305.00 22330.00 22300.00 22330.00 1142.00
20161203  00:53:00 22295.00 22305.00 22290.00 22305.00 670.00
20161203  00:52:00 22295.00 22310.00 22280.00 22295.00 1030.00
20161203  00:51:00 22280.00 22295.00 22270.00 22295.00 870.00
20161203  00:50:00 22280.00 22285.00 22250.00 22280.00 1504.00
20161203  00:49:00 22300.00 22320.00 22280.00 22280.00 1830.00
20161203  00:48:00 22305.00 22305.00 22290.00 22300.00 512.00
20161203  00:47:00 22300.00 22310.00 22290.00 22305.00 1120.00
20161203  00:46:00 22325.00 22330.00 22285.00 22300.00 2004.00
20161203  00:45:00 22340.00 22345.00 22315.00 22320.00 1892.00
20161203  00:44:00 22330.00 22350.00 22330.00 22340.00 904.00
20161203  00:43:00 22345.00 22345.00 22325.00 22330.00 1384.00
20161203  00:42:00 22350.00 22360.00 22340.00 22340.00 604.00
20161203  00:41:00 22395.00 22400.00 22330.00 22360.00 2580.00
20161203  00:40:00 22410.00 22410.00 22390.00 22395.00 1126.00
20161203  00:39:00 22425.00 22430.00 22410.00 22410.00 508.00
20161203  00:38:00 22415.00 22435.00 22410.00 22425.00 662.00
20161203  00:37:00 22390.00 22420.00 22385.00 22415.00 1202.00
20161203  00:36:00 22400.00 22400.00 22375.00 22390.00 1270.00
20161203  00:35:00 22405.00 22405.00 22380.00 22400.00 1322.00
20161203  00:34:00 22400.00 22410.00 22390.00 22405.00 962.00
20161203  00:33:00 22400.00 22410.00 22395.00 22405.00 744.00
20161203  00:32:00 22420.00 22440.00 22385.00 22405.00 2602.00
20161203  00:31:00 22490.00 22500.00 22425.00 22425.00 1276.00
20161203  00:30:00 22505.00 22505.00 22490.00 22490.00 398.00
20161203  00:29:00 22510.00 22510.00 22500.00 22505.00 410.00
20161203  00:28:00 22505.00 22520.00 22495.00 22510.00 714.00
20161203  00:27:00 22505.00 22505.00 22490.00 22505.00 312.00
20161203  00:26:00 22500.00 22505.00 22485.00 22505.00 368.00
20161203  00:25:00 22485.00 22505.00 22480.00 22500.00 702.00
20161203  00:24:00 22510.00 22510.00 22475.00 22485.00 790.00
20161203  00:23:00 22520.00 22530.00 22500.00 22505.00 582.00
20161203  00:22:00 22505.00 22520.00 22505.00 22520.00 360.00
20161203  00:21:00 22530.00 22530.00 22490.00 22510.00 1134.00
20161203  00:20:00 22535.00 22535.00 22520.00 22530.00 194.00
20161203  00:19:00 22530.00 22540.00 22530.00 22535.00 320.00
20161203  00:18:00 22530.00 22535.00 22515.00 22530.00 266.00
20161203  00:17:00 22530.00 22535.00 22530.00 22530.00 156.00
20161203  00:16:00 22525.00 22535.00 22520.00 22530.00 316.00
20161203  00:15:00 22515.00 22535.00 22515.00 22520.00 650.00
20161203  00:14:00 22540.00 22540.00 22515.00 22515.00 524.00
20161203  00:13:00 22550.00 22555.00 22540.00 22540.00 308.00
20161203  00:12:00 22550.00 22555.00 22545.00 22550.00 480.00
20161203  00:11:00 22565.00 22570.00 22550.00 22550.00 984.00
20161203  00:10:00 22550.00 22570.00 22550.00 22565.00 828.00
20161203  00:09:00 22525.00 22555.00 22525.00 22550.00 528.00
20161203  00:08:00 22525.00 22530.00 22510.00 22530.00 208.00
20161203  00:07:00 22520.00 22525.00 22510.00 22525.00 372.00
20161203  00:06:00 22550.00 22550.00 22510.00 22525.00 836.00
20161203  00:05:00 22550.00 22565.00 22545.00 22550.00 368.00
20161203  00:04:00 22550.00 22555.00 22540.00 22550.00 632.00
20161203  00:03:00 22565.00 22565.00 22545.00 22550.00 646.00
20161203  00:02:00 22545.00 22575.00 22545.00 22565.00 1072.00
20161203  00:01:00 22545.00 22555.00 22535.00 22545.00 896.00
20161203  00:00:00 22510.00 22545.00 22510.00 22545.00 588.00
20161202  23:59:00 22510.00 22515.00 22510.00 22510.00 194.00
20161202  23:58:00 22515.00 22525.00 22505.00 22510.00 342.00
20161202  23:57:00 22505.00 22520.00 22495.00 22515.00 654.00
20161202  23:56:00 22530.00 22530.00 22505.00 22505.00 464.00
20161202  23:55:00 22525.00 22540.00 22520.00 22530.00 886.00
20161202  23:54:00 22495.00 22525.00 22495.00 22525.00 636.00
20161202  23:53:00 22490.00 22505.00 22480.00 22495.00 684.00
20161202  23:52:00 22515.00 22515.00 22475.00 22490.00 1396.00
20161202  23:51:00 22540.00 22540.00 22510.00 22510.00 588.00
20161202  23:50:00 22520.00 22545.00 22520.00 22540.00 756.00
20161202  23:49:00 22495.00 22530.00 22490.00 22520.00 1078.00
20161202  23:48:00 22530.00 22530.00 22490.00 22490.00 1446.00
20161202  23:47:00 22550.00 22555.00 22510.00 22530.00 2580.00
20161202  23:46:00 22565.00 22570.00 22550.00 22555.00 538.00
20161202  23:45:00 22570.00 22575.00 22560.00 22560.00 418.00
20161202  23:44:00 22580.00 22580.00 22560.00 22570.00 736.00
20161202  23:43:00 22570.00 22585.00 22570.00 22580.00 654.00
20161202  23:42:00 22560.00 22580.00 22560.00 22570.00 1184.00
20161202  23:41:00 22555.00 22570.00 22555.00 22565.00 1084.00
20161202  23:40:00 22590.00 22595.00 22555.00 22555.00 1384.00
20161202  23:39:00 22595.00 22595.00 22580.00 22590.00 480.00
20161202  23:38:00 22575.00 22605.00 22575.00 22595.00 1388.00
20161202  23:37:00 22620.00 22620.00 22580.00 22580.00 2026.00
20161202  23:36:00 22620.00 22625.00 22610.00 22620.00 1056.00
20161202  23:35:00 22640.00 22650.00 22610.00 22620.00 2478.00
20161202  23:34:00 22660.00 22680.00 22640.00 22640.00 3526.00
20161202  23:33:00 22625.00 22670.00 22620.00 22655.00 3068.00
20161202  23:32:00 22615.00 22630.00 22610.00 22625.00 1608.00
20161202  23:31:00 22635.00 22650.00 22615.00 22615.00 2770.00
20161202  23:30:00 22555.00 22650.00 22555.00 22635.00 4266.00
20161202  23:29:00 22555.00 22560.00 22540.00 22555.00 1206.00
20161202  23:28:00 22515.00 22570.00 22510.00 22555.00 2096.00
20161202  23:27:00 22520.00 22525.00 22510.00 22515.00 756.00
20161202  23:26:00 22510.00 22520.00 22495.00 22520.00 1056.00
20161202  23:25:00 22460.00 22515.00 22460.00 22510.00 1094.00
20161202  23:24:00 22445.00 22460.00 22440.00 22460.00 594.00
20161202  23:23:00 22460.00 22465.00 22450.00 22450.00 944.00
20161202  23:22:00 22465.00 22470.00 22460.00 22460.00 226.00
20161202  23:21:00 22475.00 22480.00 22460.00 22465.00 440.00
20161202  23:20:00 22460.00 22480.00 22460.00 22475.00 584.00
20161202  23:19:00 22470.00 22475.00 22460.00 22460.00 530.00
20161202  23:18:00 22455.00 22480.00 22455.00 22465.00 678.00
20161202  23:17:00 22485.00 22490.00 22455.00 22455.00 582.00
20161202  23:16:00 22475.00 22485.00 22470.00 22480.00 620.00
20161202  23:15:00 22470.00 22510.00 22470.00 22480.00 1724.00
20161202  23:14:00 22425.00 22470.00 22425.00 22470.00 1048.00
20161202  23:13:00 22445.00 22445.00 22420.00 22425.00 462.00
20161202  23:12:00 22425.00 22440.00 22420.00 22440.00 516.00
20161202  23:11:00 22405.00 22430.00 22405.00 22425.00 694.00
20161202  23:10:00 22405.00 22410.00 22400.00 22405.00 464.00
20161202  23:09:00 22390.00 22410.00 22390.00 22400.00 616.00
20161202  23:08:00 22390.00 22400.00 22385.00 22390.00 350.00
20161202  23:07:00 22415.00 22420.00 22390.00 22390.00 664.00
20161202  23:06:00 22430.00 22435.00 22415.00 22415.00 570.00
20161202  23:05:00 22410.00 22435.00 22405.00 22430.00 852.00
20161202  23:04:00 22385.00 22410.00 22380.00 22410.00 626.00
20161202  23:03:00 22405.00 22410.00 22375.00 22385.00 694.00
20161202  23:02:00 22380.00 22415.00 22370.00 22410.00 1434.00
20161202  23:01:00 22390.00 22400.00 22375.00 22380.00 1630.00
20161202  23:00:00 22405.00 22445.00 22400.00 22400.00 1216.00
20161202  22:59:00 22440.00 22445.00 22400.00 22405.00 2232.00
20161202  22:58:00 22455.00 22460.00 22440.00 22445.00 724.00
20161202  22:57:00 22445.00 22460.00 22445.00 22460.00 566.00
20161202  22:56:00 22465.00 22465.00 22445.00 22445.00 730.00
20161202  22:55:00 22460.00 22475.00 22445.00 22460.00 1552.00
20161202  22:54:00 22455.00 22470.00 22450.00 22460.00 1382.00
20161202  22:53:00 22500.00 22505.00 22455.00 22455.00 1472.00
20161202  22:52:00 22490.00 22505.00 22480.00 22505.00 1462.00
20161202  22:51:00 22520.00 22525.00 22485.00 22490.00 1944.00
20161202  22:50:00 22510.00 22555.00 22510.00 22520.00 2810.00
20161202  22:49:00 22525.00 22530.00 22485.00 22505.00 1982.00
20161202  22:48:00 22515.00 22535.00 22500.00 22525.00 2448.00
20161202  22:47:00 22470.00 22515.00 22450.00 22515.00 2640.00
20161202  22:46:00 22425.00 22470.00 22415.00 22460.00 1690.00
20161202  22:45:00 22420.00 22425.00 22405.00 22425.00 1244.00
20161202  22:44:00 22370.00 22425.00 22370.00 22420.00 1814.00
20161202  22:43:00 22395.00 22400.00 22355.00 22370.00 1114.00
20161202  22:42:00 22395.00 22440.00 22390.00 22390.00 1646.00
20161202  22:41:00 22350.00 22415.00 22340.00 22395.00 1948.00
20161202  22:40:00 22365.00 22370.00 22340.00 22355.00 994.00
20161202  22:39:00 22340.00 22365.00 22330.00 22360.00 464.00
20161202  22:38:00 22295.00 22335.00 22290.00 22335.00 618.00
20161202  22:37:00 22295.00 22305.00 22280.00 22295.00 846.00
20161202  22:36:00 22320.00 22325.00 22295.00 22300.00 678.00
20161202  22:35:00 22300.00 22325.00 22300.00 22320.00 472.00
20161202  22:34:00 22330.00 22330.00 22295.00 22300.00 926.00
20161202  22:33:00 22340.00 22350.00 22330.00 22330.00 210.00
20161202  22:32:00 22365.00 22365.00 22330.00 22340.00 714.00
20161202  22:31:00 22335.00 22370.00 22325.00 22365.00 842.00
20161202  22:30:00 22355.00 22360.00 22315.00 22335.00 1006.00
20161202  22:29:00 22330.00 22360.00 22330.00 22355.00 1718.00
20161202  22:28:00 22310.00 22335.00 22300.00 22330.00 754.00
20161202  22:27:00 22300.00 22320.00 22300.00 22310.00 1054.00
20161202  22:26:00 22310.00 22315.00 22300.00 22300.00 754.00
20161202  22:25:00 22285.00 22330.00 22285.00 22310.00 946.00
20161202  22:24:00 22275.00 22285.00 22275.00 22280.00 140.00
20161202  22:23:00 22270.00 22275.00 22260.00 22275.00 172.00
20161202  22:22:00 22280.00 22280.00 22265.00 22270.00 164.00
20161202  22:21:00 22300.00 22310.00 22270.00 22280.00 1006.00
20161202  22:20:00 22260.00 22300.00 22260.00 22300.00 688.00
20161202  22:19:00 22265.00 22265.00 22250.00 22260.00 206.00
20161202  22:18:00 22250.00 22265.00 22245.00 22265.00 150.00
20161202  22:17:00 22265.00 22265.00 22245.00 22250.00 302.00
20161202  22:16:00 22265.00 22280.00 22260.00 22265.00 516.00
20161202  22:15:00 22235.00 22275.00 22225.00 22265.00 564.00
20161202  22:14:00 22255.00 22260.00 22220.00 22235.00 722.00
20161202  22:13:00 22230.00 22265.00 22225.00 22255.00 546.00
20161202  22:12:00 22230.00 22240.00 22220.00 22230.00 294.00
20161202  22:11:00 22215.00 22235.00 22210.00 22230.00 582.00
20161202  22:10:00 22205.00 22235.00 22205.00 22210.00 560.00
20161202  22:09:00 22230.00 22235.00 22200.00 22210.00 1322.00
20161202  22:08:00 22270.00 22275.00 22210.00 22225.00 820.00
20161202  22:07:00 22280.00 22280.00 22265.00 22270.00 294.00
20161202  22:06:00 22280.00 22295.00 22270.00 22280.00 332.00
20161202  22:05:00 22260.00 22285.00 22260.00 22280.00 188.00
20161202  22:04:00 22275.00 22285.00 22265.00 22265.00 386.00
20161202  22:03:00 22295.00 22305.00 22260.00 22270.00 1070.00
20161202  22:02:00 22290.00 22295.00 22275.00 22295.00 568.00
20161202  22:01:00 22255.00 22290.00 22250.00 22290.00 912.00
20161202  22:00:00 22255.00 22260.00 22240.00 22255.00 332.00
20161202  21:59:00 22255.00 22260.00 22235.00 22255.00 828.00
20161202  21:58:00 22260.00 22265.00 22250.00 22255.00 326.00
20161202  21:57:00 22270.00 22270.00 22245.00 22260.00 808.00
20161202  21:56:00 22235.00 22275.00 22235.00 22270.00 1220.00
20161202  21:55:00 22205.00 22235.00 22205.00 22235.00 576.00
20161202  21:54:00 22215.00 22220.00 22190.00 22205.00 764.00
20161202  21:53:00 22225.00 22235.00 22200.00 22215.00 660.00
20161202  21:52:00 22215.00 22240.00 22210.00 22230.00 716.00
20161202  21:51:00 22210.00 22220.00 22200.00 22220.00 560.00
20161202  21:50:00 22205.00 22240.00 22200.00 22210.00 1252.00
20161202  21:49:00 22200.00 22220.00 22180.00 22205.00 1704.00
20161202  21:48:00 22230.00 22230.00 22195.00 22205.00 1972.00
20161202  21:47:00 22300.00 22305.00 22220.00 22225.00 1242.00
20161202  21:46:00 22275.00 22300.00 22275.00 22300.00 584.00
20161202  21:45:00 22300.00 22300.00 22270.00 22275.00 518.00
20161202  21:44:00 22280.00 22300.00 22280.00 22300.00 562.00
20161202  21:43:00 22270.00 22285.00 22260.00 22285.00 972.00
20161202  21:42:00 22260.00 22280.00 22255.00 22270.00 1268.00
20161202  21:41:00 22285.00 22285.00 22250.00 22255.00 1310.00
20161202  21:40:00 22290.00 22295.00 22260.00 22295.00 1260.00
20161202  21:39:00 22255.00 22315.00 22255.00 22285.00 1498.00
20161202  21:38:00 22290.00 22295.00 22245.00 22255.00 1358.00
20161202  21:37:00 22310.00 22315.00 22290.00 22290.00 1026.00
20161202  21:36:00 22325.00 22340.00 22305.00 22310.00 848.00
20161202  21:35:00 22350.00 22355.00 22310.00 22325.00 840.00
20161202  21:34:00 22365.00 22365.00 22330.00 22350.00 976.00
20161202  21:33:00 22315.00 22365.00 22315.00 22360.00 1436.00
20161202  21:32:00 22365.00 22370.00 22310.00 22315.00 1770.00
20161202  21:31:00 22295.00 22375.00 22295.00 22360.00 2062.00
20161202  21:30:00 22270.00 22320.00 22270.00 22300.00 2108.00
20161202  21:29:00 22265.00 22285.00 22260.00 22275.00 644.00
20161202  21:28:00 22265.00 22280.00 22255.00 22265.00 822.00
20161202  21:27:00 22260.00 22265.00 22240.00 22265.00 732.00
20161202  21:26:00 22300.00 22305.00 22260.00 22260.00 1016.00
20161202  21:25:00 22285.00 22305.00 22265.00 22295.00 1024.00
20161202  21:24:00 22270.00 22310.00 22255.00 22290.00 1476.00
20161202  21:23:00 22260.00 22275.00 22245.00 22270.00 554.00
20161202  21:22:00 22280.00 22290.00 22240.00 22265.00 1030.00
20161202  21:21:00 22275.00 22285.00 22250.00 22285.00 488.00
20161202  21:20:00 22275.00 22300.00 22250.00 22270.00 1188.00
20161202  21:19:00 22285.00 22295.00 22250.00 22275.00 1020.00
20161202  21:18:00 22245.00 22300.00 22245.00 22285.00 1466.00
20161202  21:17:00 22220.00 22260.00 22215.00 22245.00 1032.00
20161202  21:16:00 22200.00 22225.00 22190.00 22220.00 1500.00
20161202  21:15:00 22180.00 22220.00 22165.00 22200.00 1100.00
20161202  21:14:00 22165.00 22190.00 22165.00 22180.00 1010.00
20161202  21:13:00 22205.00 22210.00 22150.00 22165.00 1388.00
20161202  21:12:00 22175.00 22200.00 22165.00 22200.00 978.00
20161202  21:11:00 22185.00 22185.00 22140.00 22175.00 840.00
20161202  21:10:00 22140.00 22200.00 22125.00 22180.00 1858.00
20161202  21:09:00 22180.00 22215.00 22140.00 22145.00 1814.00
20161202  21:08:00 22225.00 22230.00 22180.00 22180.00 1992.00
20161202  21:07:00 22270.00 22270.00 22225.00 22225.00 1176.00
20161202  21:06:00 22270.00 22275.00 22260.00 22270.00 1962.00
20161202  21:05:00 22205.00 22275.00 22205.00 22270.00 1800.00
20161202  21:04:00 22225.00 22225.00 22185.00 22205.00 1396.00
20161202  21:03:00 22225.00 22250.00 22215.00 22230.00 1814.00
20161202  21:02:00 22180.00 22230.00 22150.00 22220.00 2736.00
20161202  21:01:00 22140.00 22185.00 22115.00 22180.00 2770.00
20161202  21:00:00 22150.00 22155.00 22125.00 22135.00 4122.00
