20160505  21:00:00 14945.00 14955.00 14930.00 14955.00 3458.00
20160505  21:01:00 14955.00 14955.00 14925.00 14940.00 1026.00
20160505  21:02:00 14940.00 14965.00 14940.00 14965.00 1708.00
20160505  21:03:00 14960.00 14965.00 14955.00 14960.00 1238.00
20160505  21:04:00 14960.00 14970.00 14950.00 14955.00 954.00
20160505  21:05:00 14950.00 14970.00 14950.00 14965.00 1258.00
20160505  21:06:00 14965.00 14965.00 14955.00 14960.00 962.00
20160505  21:07:00 14960.00 14960.00 14950.00 14950.00 316.00
20160505  21:08:00 14950.00 14995.00 14950.00 14990.00 2820.00
20160505  21:09:00 14990.00 15000.00 14985.00 14995.00 1914.00
20160505  21:10:00 14995.00 15005.00 14990.00 14990.00 1494.00
20160505  21:11:00 14990.00 14995.00 14965.00 14965.00 1488.00
20160505  21:12:00 14965.00 14975.00 14960.00 14965.00 1040.00
20160505  21:13:00 14965.00 14980.00 14955.00 14960.00 1558.00
20160505  21:14:00 14960.00 14970.00 14950.00 14955.00 1060.00
20160505  21:15:00 14960.00 14965.00 14935.00 14955.00 1242.00
20160505  21:16:00 14960.00 14965.00 14950.00 14960.00 840.00
20160505  21:17:00 14960.00 14965.00 14945.00 14945.00 1386.00
20160505  21:18:00 14950.00 14965.00 14945.00 14960.00 642.00
20160505  21:19:00 14960.00 14960.00 14950.00 14955.00 1020.00
20160505  21:20:00 14955.00 14955.00 14940.00 14945.00 1022.00
20160505  21:21:00 14945.00 14960.00 14940.00 14960.00 1330.00
20160505  21:22:00 14955.00 14955.00 14950.00 14955.00 176.00
20160505  21:23:00 14955.00 14965.00 14955.00 14965.00 604.00
20160505  21:24:00 14965.00 14965.00 14955.00 14955.00 490.00
20160505  21:25:00 14955.00 14970.00 14955.00 14965.00 584.00
20160505  21:26:00 14965.00 14970.00 14955.00 14955.00 538.00
20160505  21:27:00 14955.00 14955.00 14910.00 14920.00 2140.00
20160505  21:28:00 14920.00 14945.00 14915.00 14920.00 1822.00
20160505  21:29:00 14920.00 14930.00 14915.00 14925.00 1652.00
20160505  21:30:00 14925.00 14930.00 14915.00 14920.00 880.00
20160505  21:31:00 14920.00 14935.00 14920.00 14925.00 718.00
20160505  21:32:00 14925.00 14930.00 14920.00 14925.00 886.00
20160505  21:33:00 14925.00 14925.00 14880.00 14890.00 2572.00
20160505  21:34:00 14890.00 14905.00 14890.00 14900.00 2308.00
20160505  21:35:00 14900.00 14905.00 14890.00 14890.00 946.00
20160505  21:36:00 14890.00 14895.00 14880.00 14880.00 2650.00
20160505  21:37:00 14885.00 14910.00 14880.00 14905.00 1416.00
20160505  21:38:00 14905.00 14910.00 14895.00 14900.00 536.00
20160505  21:39:00 14900.00 14905.00 14895.00 14895.00 740.00
20160505  21:40:00 14895.00 14910.00 14895.00 14910.00 1432.00
20160505  21:41:00 14905.00 14910.00 14900.00 14900.00 292.00
20160505  21:42:00 14900.00 14910.00 14900.00 14905.00 316.00
20160505  21:43:00 14905.00 14910.00 14900.00 14905.00 330.00
20160505  21:44:00 14905.00 14905.00 14865.00 14870.00 2144.00
20160505  21:45:00 14865.00 14875.00 14855.00 14860.00 2572.00
20160505  21:46:00 14860.00 14880.00 14860.00 14870.00 1548.00
20160505  21:47:00 14870.00 14870.00 14810.00 14830.00 6910.00
20160505  21:48:00 14835.00 14870.00 14830.00 14855.00 1774.00
20160505  21:49:00 14855.00 14860.00 14850.00 14855.00 676.00
20160505  21:50:00 14855.00 14855.00 14840.00 14840.00 1856.00
20160505  21:51:00 14845.00 14850.00 14840.00 14845.00 474.00
20160505  21:52:00 14845.00 14860.00 14840.00 14855.00 1040.00
20160505  21:53:00 14855.00 14870.00 14855.00 14865.00 1148.00
20160505  21:54:00 14865.00 14870.00 14860.00 14865.00 412.00
20160505  21:55:00 14865.00 14865.00 14850.00 14860.00 986.00
20160505  21:56:00 14860.00 14865.00 14855.00 14855.00 292.00
20160505  21:57:00 14855.00 14880.00 14855.00 14865.00 1208.00
20160505  21:58:00 14870.00 14870.00 14845.00 14850.00 552.00
20160505  21:59:00 14850.00 14870.00 14845.00 14865.00 506.00
20160505  22:00:00 14865.00 14865.00 14850.00 14855.00 586.00
20160505  22:01:00 14855.00 14860.00 14850.00 14860.00 430.00
20160505  22:02:00 14860.00 14860.00 14855.00 14860.00 252.00
20160505  22:03:00 14860.00 14875.00 14855.00 14875.00 1162.00
20160505  22:04:00 14875.00 14885.00 14870.00 14885.00 700.00
20160505  22:05:00 14885.00 14905.00 14885.00 14900.00 2066.00
20160505  22:06:00 14895.00 14895.00 14885.00 14890.00 660.00
20160505  22:07:00 14890.00 14900.00 14890.00 14890.00 1088.00
20160505  22:08:00 14890.00 14895.00 14880.00 14880.00 632.00
20160505  22:09:00 14875.00 14885.00 14870.00 14885.00 446.00
20160505  22:10:00 14885.00 14885.00 14875.00 14880.00 306.00
20160505  22:11:00 14880.00 14895.00 14880.00 14895.00 714.00
20160505  22:12:00 14895.00 14895.00 14890.00 14895.00 414.00
20160505  22:13:00 14895.00 14895.00 14880.00 14885.00 272.00
20160505  22:14:00 14885.00 14890.00 14880.00 14890.00 634.00
20160505  22:15:00 14890.00 14890.00 14885.00 14890.00 154.00
20160505  22:16:00 14890.00 14890.00 14875.00 14880.00 416.00
20160505  22:17:00 14875.00 14880.00 14865.00 14875.00 672.00
20160505  22:18:00 14875.00 14875.00 14870.00 14870.00 352.00
20160505  22:19:00 14870.00 14880.00 14865.00 14880.00 250.00
20160505  22:20:00 14880.00 14890.00 14880.00 14890.00 560.00
20160505  22:21:00 14890.00 14890.00 14875.00 14880.00 488.00
20160505  22:22:00 14880.00 14885.00 14875.00 14880.00 156.00
20160505  22:23:00 14885.00 14885.00 14875.00 14875.00 300.00
20160505  22:24:00 14880.00 14900.00 14880.00 14890.00 1390.00
20160505  22:25:00 14890.00 14890.00 14885.00 14890.00 590.00
20160505  22:26:00 14890.00 14890.00 14885.00 14885.00  18.00
20160505  22:27:00 14885.00 14885.00 14875.00 14880.00 344.00
20160505  22:28:00 14880.00 14885.00 14880.00 14880.00 308.00
20160505  22:29:00 14880.00 14885.00 14860.00 14860.00 878.00
20160505  22:30:00 14865.00 14880.00 14855.00 14860.00 840.00
20160505  22:31:00 14860.00 14870.00 14835.00 14845.00 2134.00
20160505  22:32:00 14845.00 14855.00 14845.00 14850.00 844.00
20160505  22:33:00 14850.00 14860.00 14850.00 14850.00 446.00
20160505  22:34:00 14850.00 14850.00 14845.00 14850.00 860.00
20160505  22:35:00 14850.00 14850.00 14835.00 14840.00 1568.00
20160505  22:36:00 14840.00 14845.00 14830.00 14845.00 966.00
20160505  22:37:00 14845.00 14850.00 14835.00 14835.00 708.00
20160505  22:38:00 14835.00 14840.00 14825.00 14830.00 1574.00
20160505  22:39:00 14830.00 14845.00 14830.00 14835.00 1360.00
20160505  22:40:00 14830.00 14840.00 14830.00 14835.00 794.00
20160505  22:41:00 14835.00 14845.00 14835.00 14845.00 482.00
20160505  22:42:00 14840.00 14845.00 14835.00 14845.00 650.00
20160505  22:43:00 14840.00 14865.00 14840.00 14865.00 830.00
20160505  22:44:00 14865.00 14870.00 14860.00 14870.00 596.00
20160505  22:45:00 14870.00 14870.00 14855.00 14855.00 486.00
20160505  22:46:00 14855.00 14860.00 14850.00 14855.00 498.00
20160505  22:47:00 14855.00 14860.00 14850.00 14860.00 508.00
20160505  22:48:00 14860.00 14865.00 14855.00 14860.00 170.00
20160505  22:49:00 14860.00 14860.00 14855.00 14860.00 440.00
20160505  22:50:00 14855.00 14860.00 14850.00 14860.00 314.00
20160505  22:51:00 14860.00 14860.00 14850.00 14855.00 224.00
20160505  22:52:00 14855.00 14865.00 14855.00 14860.00 456.00
20160505  22:53:00 14855.00 14860.00 14855.00 14860.00  88.00
20160505  22:54:00 14855.00 14865.00 14855.00 14865.00 174.00
20160505  22:55:00 14865.00 14865.00 14840.00 14840.00 754.00
20160505  22:56:00 14840.00 14865.00 14840.00 14855.00 534.00
20160505  22:57:00 14860.00 14865.00 14850.00 14855.00 414.00
20160505  22:58:00 14855.00 14860.00 14850.00 14850.00 320.00
20160505  22:59:00 14850.00 14850.00 14840.00 14840.00 674.00
20160505  23:00:00 14840.00 14850.00 14840.00 14840.00 716.00
20160505  23:01:00 14840.00 14850.00 14835.00 14835.00 542.00
20160505  23:02:00 14835.00 14835.00 14815.00 14815.00 2008.00
20160505  23:03:00 14815.00 14815.00 14785.00 14790.00 5732.00
20160505  23:04:00 14795.00 14805.00 14790.00 14795.00 1350.00
20160505  23:05:00 14795.00 14810.00 14780.00 14805.00 1082.00
20160505  23:06:00 14805.00 14815.00 14805.00 14810.00 1042.00
20160505  23:07:00 14810.00 14815.00 14800.00 14800.00 744.00
20160505  23:08:00 14800.00 14805.00 14795.00 14800.00 588.00
20160505  23:09:00 14800.00 14815.00 14800.00 14810.00 1088.00
20160505  23:10:00 14805.00 14810.00 14795.00 14800.00 678.00
20160505  23:11:00 14800.00 14800.00 14760.00 14765.00 2628.00
20160505  23:12:00 14765.00 14770.00 14750.00 14770.00 3110.00
20160505  23:13:00 14765.00 14770.00 14745.00 14750.00 3056.00
20160505  23:14:00 14745.00 14760.00 14740.00 14745.00 1720.00
20160505  23:15:00 14750.00 14765.00 14745.00 14765.00 1538.00
20160505  23:16:00 14765.00 14765.00 14755.00 14765.00 878.00
20160505  23:17:00 14760.00 14770.00 14750.00 14750.00 644.00
20160505  23:18:00 14750.00 14760.00 14745.00 14755.00 810.00
20160505  23:19:00 14760.00 14775.00 14755.00 14775.00 1118.00
20160505  23:20:00 14775.00 14775.00 14755.00 14755.00 864.00
20160505  23:21:00 14755.00 14770.00 14755.00 14770.00 722.00
20160505  23:22:00 14770.00 14780.00 14765.00 14775.00 1080.00
20160505  23:23:00 14770.00 14770.00 14755.00 14760.00 1028.00
20160505  23:24:00 14760.00 14770.00 14760.00 14765.00 430.00
20160505  23:25:00 14765.00 14775.00 14760.00 14775.00 582.00
20160505  23:26:00 14775.00 14775.00 14755.00 14760.00 1302.00
20160505  23:27:00 14760.00 14780.00 14760.00 14780.00 962.00
20160505  23:28:00 14780.00 14780.00 14770.00 14770.00 846.00
20160505  23:29:00 14775.00 14785.00 14775.00 14785.00 1752.00
20160505  23:30:00 14785.00 14825.00 14780.00 14820.00 3318.00
20160505  23:31:00 14820.00 14825.00 14805.00 14820.00 2252.00
20160505  23:32:00 14820.00 14820.00 14805.00 14810.00 1154.00
20160505  23:33:00 14810.00 14820.00 14810.00 14810.00 1216.00
20160505  23:34:00 14810.00 14815.00 14805.00 14805.00 706.00
20160505  23:35:00 14805.00 14835.00 14805.00 14830.00 1618.00
20160505  23:36:00 14825.00 14830.00 14825.00 14825.00 1450.00
20160505  23:37:00 14825.00 14830.00 14820.00 14825.00 976.00
20160505  23:38:00 14825.00 14825.00 14810.00 14815.00 1296.00
20160505  23:39:00 14815.00 14835.00 14815.00 14825.00 1534.00
20160505  23:40:00 14825.00 14825.00 14815.00 14815.00 500.00
20160505  23:41:00 14815.00 14820.00 14815.00 14815.00 296.00
20160505  23:42:00 14815.00 14825.00 14815.00 14820.00 990.00
20160505  23:43:00 14820.00 14825.00 14815.00 14820.00 378.00
20160505  23:44:00 14820.00 14820.00 14805.00 14810.00 1036.00
20160505  23:45:00 14810.00 14810.00 14790.00 14795.00 1242.00
20160505  23:46:00 14795.00 14815.00 14795.00 14810.00 1004.00
20160505  23:47:00 14810.00 14815.00 14805.00 14815.00 1090.00
20160505  23:48:00 14815.00 14815.00 14800.00 14800.00 828.00
20160505  23:49:00 14800.00 14810.00 14800.00 14805.00 362.00
20160505  23:50:00 14800.00 14800.00 14790.00 14790.00 1052.00
20160505  23:51:00 14790.00 14795.00 14790.00 14795.00 644.00
20160505  23:52:00 14795.00 14795.00 14785.00 14790.00 372.00
20160505  23:53:00 14785.00 14800.00 14785.00 14800.00 618.00
20160505  23:54:00 14800.00 14800.00 14790.00 14795.00 150.00
20160505  23:55:00 14795.00 14795.00 14780.00 14785.00 630.00
20160505  23:56:00 14785.00 14795.00 14785.00 14790.00 666.00
20160505  23:57:00 14790.00 14790.00 14775.00 14780.00 848.00
20160505  23:58:00 14780.00 14785.00 14775.00 14785.00 176.00
20160505  23:59:00 14785.00 14785.00 14780.00 14780.00 360.00
20160506  00:00:00 14780.00 14780.00 14775.00 14780.00 926.00
20160506  00:01:00 14780.00 14780.00 14775.00 14780.00 818.00
20160506  00:02:00 14780.00 14785.00 14775.00 14785.00 694.00
20160506  00:03:00 14785.00 14790.00 14780.00 14785.00 294.00
20160506  00:04:00 14785.00 14795.00 14785.00 14795.00 744.00
20160506  00:05:00 14790.00 14810.00 14790.00 14800.00 928.00
20160506  00:06:00 14800.00 14805.00 14800.00 14800.00 316.00
20160506  00:07:00 14800.00 14800.00 14780.00 14780.00 1030.00
20160506  00:08:00 14780.00 14790.00 14780.00 14790.00 298.00
20160506  00:09:00 14790.00 14790.00 14785.00 14785.00 442.00
20160506  00:10:00 14785.00 14790.00 14785.00 14785.00 360.00
20160506  00:11:00 14785.00 14785.00 14780.00 14780.00 402.00
20160506  00:12:00 14780.00 14780.00 14775.00 14780.00 536.00
20160506  00:13:00 14780.00 14785.00 14775.00 14785.00 368.00
20160506  00:14:00 14785.00 14790.00 14780.00 14780.00 164.00
20160506  00:15:00 14780.00 14785.00 14780.00 14785.00 172.00
20160506  00:16:00 14785.00 14790.00 14785.00 14785.00 214.00
20160506  00:17:00 14785.00 14785.00 14780.00 14780.00  18.00
20160506  00:18:00 14780.00 14785.00 14780.00 14785.00 210.00
20160506  00:19:00 14785.00 14785.00 14775.00 14775.00 300.00
20160506  00:20:00 14775.00 14775.00 14760.00 14760.00 1634.00
20160506  00:21:00 14760.00 14770.00 14760.00 14770.00 276.00
20160506  00:22:00 14770.00 14770.00 14755.00 14760.00 660.00
20160506  00:23:00 14760.00 14765.00 14755.00 14755.00 204.00
20160506  00:24:00 14755.00 14760.00 14755.00 14760.00 810.00
20160506  00:25:00 14760.00 14760.00 14740.00 14740.00 1610.00
20160506  00:26:00 14740.00 14745.00 14735.00 14740.00 1684.00
20160506  00:27:00 14740.00 14750.00 14740.00 14740.00 1248.00
20160506  00:28:00 14740.00 14750.00 14740.00 14745.00 558.00
20160506  00:29:00 14745.00 14755.00 14745.00 14745.00 414.00
20160506  00:30:00 14745.00 14755.00 14740.00 14750.00 640.00
20160506  00:31:00 14745.00 14755.00 14745.00 14750.00 672.00
20160506  00:32:00 14750.00 14750.00 14745.00 14750.00 372.00
20160506  00:33:00 14750.00 14770.00 14745.00 14770.00 988.00
20160506  00:34:00 14770.00 14770.00 14760.00 14760.00 250.00
20160506  00:35:00 14760.00 14765.00 14750.00 14760.00 578.00
20160506  00:36:00 14760.00 14770.00 14755.00 14770.00 332.00
20160506  00:37:00 14770.00 14780.00 14765.00 14770.00 582.00
20160506  00:38:00 14770.00 14775.00 14770.00 14775.00  92.00
20160506  00:39:00 14775.00 14775.00 14765.00 14775.00 882.00
20160506  00:40:00 14775.00 14780.00 14770.00 14780.00 674.00
20160506  00:41:00 14780.00 14780.00 14770.00 14775.00 260.00
20160506  00:42:00 14775.00 14780.00 14775.00 14780.00 478.00
20160506  00:43:00 14775.00 14775.00 14765.00 14775.00 476.00
20160506  00:44:00 14775.00 14780.00 14775.00 14775.00  18.00
20160506  00:45:00 14780.00 14780.00 14775.00 14775.00 334.00
20160506  00:46:00 14775.00 14785.00 14775.00 14785.00 318.00
20160506  00:47:00 14785.00 14795.00 14785.00 14785.00 462.00
20160506  00:48:00 14785.00 14790.00 14785.00 14785.00 228.00
20160506  00:49:00 14785.00 14795.00 14785.00 14790.00 322.00
20160506  00:50:00 14795.00 14815.00 14790.00 14805.00 926.00
20160506  00:51:00 14805.00 14805.00 14790.00 14800.00 460.00
20160506  00:52:00 14800.00 14805.00 14795.00 14800.00 378.00
20160506  00:53:00 14800.00 14800.00 14795.00 14800.00 198.00
20160506  00:54:00 14800.00 14800.00 14790.00 14795.00 230.00
20160506  00:55:00 14795.00 14800.00 14790.00 14795.00 354.00
20160506  00:56:00 14795.00 14795.00 14795.00 14795.00  82.00
20160506  00:57:00 14800.00 14805.00 14800.00 14800.00 374.00
20160506  00:58:00 14805.00 14810.00 14800.00 14805.00 462.00
20160506  00:59:00 14805.00 14810.00 14800.00 14800.00 666.00
20160506  01:00:00 14805.00 14805.00 14805.00 14805.00   4.00
20160506  09:00:00 14800.00 14800.00 14775.00 14780.00 2166.00
20160506  09:01:00 14780.00 14800.00 14770.00 14770.00 2282.00
20160506  09:02:00 14775.00 14790.00 14770.00 14785.00 1924.00
20160506  09:03:00 14785.00 14795.00 14775.00 14780.00 1686.00
20160506  09:04:00 14780.00 14780.00 14745.00 14760.00 2390.00
20160506  09:05:00 14760.00 14765.00 14750.00 14765.00 2238.00
20160506  09:06:00 14765.00 14795.00 14765.00 14785.00 2092.00
20160506  09:07:00 14780.00 14780.00 14770.00 14770.00 644.00
20160506  09:08:00 14770.00 14780.00 14760.00 14775.00 918.00
20160506  09:09:00 14775.00 14775.00 14715.00 14715.00 2906.00
20160506  09:10:00 14715.00 14740.00 14715.00 14740.00 1812.00
20160506  09:11:00 14740.00 14760.00 14730.00 14760.00 1340.00
20160506  09:12:00 14765.00 14765.00 14750.00 14755.00 972.00
20160506  09:13:00 14755.00 14765.00 14750.00 14760.00 768.00
20160506  09:14:00 14760.00 14780.00 14755.00 14765.00 870.00
20160506  09:15:00 14765.00 14785.00 14765.00 14780.00 872.00
20160506  09:16:00 14790.00 14790.00 14775.00 14790.00 978.00
20160506  09:17:00 14790.00 14790.00 14765.00 14765.00 882.00
20160506  09:18:00 14765.00 14775.00 14765.00 14765.00 682.00
20160506  09:19:00 14765.00 14785.00 14760.00 14775.00 1094.00
20160506  09:20:00 14775.00 14785.00 14775.00 14775.00 478.00
20160506  09:21:00 14780.00 14790.00 14775.00 14775.00 966.00
20160506  09:22:00 14775.00 14785.00 14770.00 14770.00 484.00
20160506  09:23:00 14770.00 14775.00 14770.00 14770.00 286.00
20160506  09:24:00 14770.00 14775.00 14770.00 14775.00 164.00
20160506  09:25:00 14775.00 14785.00 14775.00 14785.00 388.00
20160506  09:26:00 14785.00 14785.00 14770.00 14775.00 1000.00
20160506  09:27:00 14775.00 14775.00 14755.00 14755.00 1176.00
20160506  09:28:00 14755.00 14765.00 14755.00 14765.00 528.00
20160506  09:29:00 14765.00 14785.00 14760.00 14780.00 826.00
20160506  09:30:00 14780.00 14785.00 14775.00 14780.00 784.00
20160506  09:31:00 14780.00 14780.00 14765.00 14770.00 978.00
20160506  09:32:00 14770.00 14785.00 14770.00 14780.00 588.00
20160506  09:33:00 14780.00 14795.00 14780.00 14790.00 1114.00
20160506  09:34:00 14790.00 14820.00 14790.00 14815.00 3608.00
20160506  09:35:00 14815.00 14820.00 14800.00 14805.00 900.00
20160506  09:36:00 14800.00 14810.00 14800.00 14800.00 910.00
20160506  09:37:00 14800.00 14805.00 14795.00 14795.00 734.00
20160506  09:38:00 14795.00 14805.00 14790.00 14790.00 450.00
20160506  09:39:00 14790.00 14805.00 14790.00 14800.00 932.00
20160506  09:40:00 14805.00 14810.00 14800.00 14805.00 596.00
20160506  09:41:00 14805.00 14805.00 14800.00 14800.00 314.00
20160506  09:42:00 14800.00 14805.00 14795.00 14800.00 366.00
20160506  09:43:00 14800.00 14805.00 14795.00 14800.00 644.00
20160506  09:44:00 14800.00 14805.00 14800.00 14805.00  66.00
20160506  09:45:00 14805.00 14805.00 14795.00 14800.00 230.00
20160506  09:46:00 14800.00 14800.00 14790.00 14795.00 512.00
20160506  09:47:00 14795.00 14795.00 14790.00 14790.00 178.00
20160506  09:48:00 14790.00 14795.00 14790.00 14790.00 618.00
20160506  09:49:00 14795.00 14810.00 14795.00 14810.00 594.00
20160506  09:50:00 14815.00 14820.00 14810.00 14815.00 886.00
20160506  09:51:00 14815.00 14815.00 14810.00 14815.00 190.00
20160506  09:52:00 14810.00 14810.00 14795.00 14805.00 880.00
20160506  09:53:00 14805.00 14810.00 14800.00 14805.00 448.00
20160506  09:54:00 14800.00 14805.00 14795.00 14795.00 186.00
20160506  09:55:00 14795.00 14795.00 14790.00 14790.00 340.00
20160506  09:56:00 14790.00 14795.00 14775.00 14775.00 608.00
20160506  09:57:00 14775.00 14780.00 14770.00 14775.00 724.00
20160506  09:58:00 14775.00 14790.00 14775.00 14780.00 478.00
20160506  09:59:00 14780.00 14785.00 14775.00 14785.00 426.00
20160506  10:00:00 14785.00 14785.00 14775.00 14780.00 634.00
20160506  10:01:00 14780.00 14780.00 14775.00 14780.00 184.00
20160506  10:02:00 14780.00 14780.00 14775.00 14775.00  44.00
20160506  10:03:00 14775.00 14780.00 14765.00 14770.00 838.00
20160506  10:04:00 14770.00 14775.00 14760.00 14760.00 828.00
20160506  10:05:00 14760.00 14765.00 14760.00 14765.00 392.00
20160506  10:06:00 14765.00 14770.00 14760.00 14770.00 564.00
20160506  10:07:00 14770.00 14775.00 14765.00 14765.00 730.00
20160506  10:08:00 14765.00 14775.00 14765.00 14775.00 532.00
20160506  10:09:00 14775.00 14780.00 14775.00 14775.00 282.00
20160506  10:10:00 14775.00 14775.00 14765.00 14765.00 600.00
20160506  10:11:00 14765.00 14775.00 14755.00 14770.00 1176.00
20160506  10:12:00 14770.00 14775.00 14765.00 14770.00 314.00
20160506  10:13:00 14770.00 14775.00 14770.00 14770.00 200.00
20160506  10:14:00 14770.00 14775.00 14770.00 14770.00 308.00
20160506  10:30:00 14770.00 14790.00 14760.00 14785.00 1078.00
20160506  10:31:00 14785.00 14785.00 14775.00 14780.00 398.00
20160506  10:32:00 14780.00 14785.00 14780.00 14780.00 216.00
20160506  10:33:00 14780.00 14790.00 14775.00 14790.00 448.00
20160506  10:34:00 14790.00 14790.00 14780.00 14785.00 360.00
20160506  10:35:00 14785.00 14785.00 14780.00 14785.00 390.00
20160506  10:36:00 14785.00 14790.00 14785.00 14785.00 658.00
20160506  10:37:00 14785.00 14790.00 14785.00 14790.00 574.00
20160506  10:38:00 14790.00 14795.00 14785.00 14795.00 834.00
20160506  10:39:00 14795.00 14795.00 14780.00 14785.00 326.00
20160506  10:40:00 14785.00 14790.00 14785.00 14785.00 288.00
20160506  10:41:00 14785.00 14795.00 14785.00 14790.00 294.00
20160506  10:42:00 14790.00 14795.00 14785.00 14785.00 260.00
20160506  10:43:00 14785.00 14795.00 14785.00 14795.00 282.00
20160506  10:44:00 14795.00 14800.00 14790.00 14800.00 372.00
20160506  10:45:00 14800.00 14800.00 14795.00 14795.00 516.00
20160506  10:46:00 14795.00 14805.00 14795.00 14805.00 1122.00
20160506  10:47:00 14805.00 14810.00 14800.00 14810.00 660.00
20160506  10:48:00 14810.00 14815.00 14795.00 14795.00 1024.00
20160506  10:49:00 14795.00 14800.00 14795.00 14795.00  84.00
20160506  10:50:00 14795.00 14800.00 14795.00 14795.00 392.00
20160506  10:51:00 14795.00 14800.00 14785.00 14785.00 556.00
20160506  10:52:00 14785.00 14790.00 14780.00 14780.00 822.00
20160506  10:53:00 14780.00 14785.00 14775.00 14775.00 1192.00
20160506  10:54:00 14770.00 14775.00 14770.00 14770.00 384.00
20160506  10:55:00 14770.00 14780.00 14770.00 14775.00 414.00
20160506  10:56:00 14775.00 14780.00 14770.00 14780.00 790.00
20160506  10:57:00 14780.00 14790.00 14780.00 14780.00 1288.00
20160506  10:58:00 14780.00 14785.00 14780.00 14780.00 262.00
20160506  10:59:00 14780.00 14785.00 14775.00 14775.00 934.00
20160506  11:00:00 14775.00 14780.00 14765.00 14775.00 1014.00
20160506  11:01:00 14775.00 14785.00 14775.00 14780.00 474.00
20160506  11:02:00 14780.00 14795.00 14780.00 14795.00 684.00
20160506  11:03:00 14795.00 14795.00 14785.00 14785.00 176.00
20160506  11:04:00 14785.00 14790.00 14785.00 14790.00 476.00
20160506  11:05:00 14790.00 14790.00 14785.00 14785.00  78.00
20160506  11:06:00 14785.00 14790.00 14785.00 14790.00 180.00
20160506  11:07:00 14795.00 14815.00 14790.00 14810.00 668.00
20160506  11:08:00 14815.00 14815.00 14805.00 14805.00 662.00
20160506  11:09:00 14805.00 14810.00 14800.00 14800.00 182.00
20160506  11:10:00 14800.00 14800.00 14795.00 14795.00 946.00
20160506  11:11:00 14795.00 14800.00 14795.00 14795.00 176.00
20160506  11:12:00 14795.00 14795.00 14765.00 14770.00 1396.00
20160506  11:13:00 14770.00 14785.00 14770.00 14780.00 772.00
20160506  11:14:00 14780.00 14785.00 14770.00 14780.00 886.00
20160506  11:15:00 14780.00 14795.00 14780.00 14790.00 288.00
20160506  11:16:00 14790.00 14795.00 14780.00 14780.00 340.00
20160506  11:17:00 14780.00 14780.00 14780.00 14780.00 324.00
20160506  11:18:00 14780.00 14805.00 14780.00 14805.00 1538.00
20160506  11:19:00 14800.00 14805.00 14790.00 14800.00 492.00
20160506  11:20:00 14800.00 14810.00 14800.00 14805.00 588.00
20160506  11:21:00 14805.00 14810.00 14790.00 14800.00 806.00
20160506  11:22:00 14800.00 14800.00 14785.00 14790.00 414.00
20160506  11:23:00 14790.00 14800.00 14790.00 14800.00 446.00
20160506  11:24:00 14800.00 14800.00 14790.00 14790.00 320.00
20160506  11:25:00 14790.00 14795.00 14780.00 14785.00 628.00
20160506  11:26:00 14785.00 14790.00 14785.00 14790.00 332.00
20160506  11:27:00 14790.00 14790.00 14790.00 14790.00 198.00
20160506  11:28:00 14790.00 14795.00 14785.00 14790.00 346.00
20160506  11:29:00 14795.00 14800.00 14795.00 14800.00 664.00
20160506  13:30:00 14805.00 14810.00 14800.00 14810.00 894.00
20160506  13:31:00 14810.00 14815.00 14800.00 14805.00 678.00
20160506  13:32:00 14800.00 14805.00 14795.00 14800.00 470.00
20160506  13:33:00 14800.00 14805.00 14795.00 14805.00 224.00
20160506  13:34:00 14805.00 14805.00 14795.00 14795.00 558.00
20160506  13:35:00 14795.00 14795.00 14790.00 14790.00 200.00
20160506  13:36:00 14790.00 14800.00 14785.00 14800.00 602.00
20160506  13:37:00 14800.00 14805.00 14795.00 14795.00 398.00
20160506  13:38:00 14795.00 14805.00 14795.00 14795.00 410.00
20160506  13:39:00 14795.00 14795.00 14790.00 14790.00 422.00
20160506  13:40:00 14790.00 14795.00 14790.00 14790.00 424.00
20160506  13:41:00 14790.00 14790.00 14775.00 14780.00 1176.00
20160506  13:42:00 14780.00 14785.00 14780.00 14785.00 312.00
20160506  13:43:00 14785.00 14795.00 14785.00 14790.00 328.00
20160506  13:44:00 14790.00 14795.00 14790.00 14795.00 394.00
20160506  13:45:00 14795.00 14800.00 14790.00 14795.00 300.00
20160506  13:46:00 14795.00 14800.00 14785.00 14790.00 390.00
20160506  13:47:00 14790.00 14790.00 14785.00 14790.00 490.00
20160506  13:48:00 14785.00 14790.00 14785.00 14785.00 322.00
20160506  13:49:00 14785.00 14785.00 14775.00 14775.00 974.00
20160506  13:50:00 14775.00 14780.00 14775.00 14775.00 526.00
20160506  13:51:00 14775.00 14780.00 14775.00 14780.00 392.00
20160506  13:52:00 14775.00 14785.00 14775.00 14780.00 430.00
20160506  13:53:00 14780.00 14785.00 14770.00 14775.00 504.00
20160506  13:54:00 14775.00 14780.00 14765.00 14775.00 2376.00
20160506  13:55:00 14775.00 14775.00 14765.00 14775.00 742.00
20160506  13:56:00 14765.00 14775.00 14765.00 14770.00 1432.00
20160506  13:57:00 14770.00 14785.00 14765.00 14780.00 896.00
20160506  13:58:00 14780.00 14790.00 14775.00 14785.00 952.00
20160506  13:59:00 14785.00 14790.00 14785.00 14785.00 142.00
20160506  14:00:00 14785.00 14795.00 14785.00 14790.00 414.00
20160506  14:01:00 14790.00 14810.00 14790.00 14810.00 2126.00
20160506  14:02:00 14810.00 14865.00 14805.00 14840.00 6088.00
20160506  14:03:00 14840.00 14850.00 14830.00 14835.00 2806.00
20160506  14:04:00 14835.00 14850.00 14830.00 14845.00 1210.00
20160506  14:05:00 14845.00 14850.00 14830.00 14830.00 1062.00
20160506  14:06:00 14830.00 14840.00 14820.00 14825.00 904.00
20160506  14:07:00 14825.00 14825.00 14815.00 14825.00 960.00
20160506  14:08:00 14825.00 14830.00 14820.00 14825.00 682.00
20160506  14:09:00 14825.00 14830.00 14825.00 14825.00 738.00
20160506  14:10:00 14830.00 14830.00 14810.00 14815.00 734.00
20160506  14:11:00 14815.00 14825.00 14810.00 14825.00 696.00
20160506  14:12:00 14825.00 14840.00 14820.00 14835.00 1212.00
20160506  14:13:00 14830.00 14835.00 14825.00 14825.00 1040.00
20160506  14:14:00 14830.00 14830.00 14820.00 14825.00 774.00
20160506  14:15:00 14825.00 14830.00 14815.00 14820.00 698.00
20160506  14:16:00 14820.00 14825.00 14820.00 14820.00 620.00
20160506  14:17:00 14820.00 14835.00 14820.00 14830.00 542.00
20160506  14:18:00 14830.00 14830.00 14820.00 14820.00 424.00
20160506  14:19:00 14820.00 14825.00 14815.00 14820.00 640.00
20160506  14:20:00 14820.00 14835.00 14815.00 14835.00 908.00
20160506  14:21:00 14835.00 14835.00 14825.00 14830.00 444.00
20160506  14:22:00 14830.00 14830.00 14825.00 14825.00 508.00
20160506  14:23:00 14825.00 14830.00 14820.00 14830.00 352.00
20160506  14:24:00 14830.00 14835.00 14830.00 14830.00 850.00
20160506  14:25:00 14830.00 14830.00 14820.00 14825.00 850.00
20160506  14:26:00 14825.00 14830.00 14820.00 14825.00 484.00
20160506  14:27:00 14825.00 14825.00 14810.00 14815.00 1202.00
20160506  14:28:00 14815.00 14820.00 14810.00 14820.00 514.00
20160506  14:29:00 14820.00 14840.00 14820.00 14835.00 910.00
20160506  14:30:00 14835.00 14855.00 14835.00 14850.00 1274.00
20160506  14:31:00 14850.00 14870.00 14845.00 14870.00 2132.00
20160506  14:32:00 14870.00 14870.00 14855.00 14860.00 1192.00
20160506  14:33:00 14860.00 14870.00 14855.00 14870.00 780.00
20160506  14:34:00 14870.00 14870.00 14860.00 14860.00 1440.00
20160506  14:35:00 14860.00 14860.00 14855.00 14855.00 890.00
20160506  14:36:00 14855.00 14860.00 14855.00 14855.00 168.00
20160506  14:37:00 14855.00 14865.00 14850.00 14865.00 948.00
20160506  14:38:00 14865.00 14870.00 14855.00 14860.00 776.00
20160506  14:39:00 14860.00 14865.00 14855.00 14865.00 952.00
20160506  14:40:00 14865.00 14875.00 14860.00 14875.00 882.00
20160506  14:41:00 14870.00 14875.00 14865.00 14870.00 686.00
20160506  14:42:00 14870.00 14870.00 14865.00 14865.00 332.00
20160506  14:43:00 14870.00 14870.00 14865.00 14865.00 276.00
20160506  14:44:00 14865.00 14885.00 14860.00 14885.00 3426.00
20160506  14:45:00 14885.00 14905.00 14875.00 14890.00 3142.00
20160506  14:46:00 14890.00 14895.00 14870.00 14870.00 1434.00
20160506  14:47:00 14870.00 14870.00 14855.00 14860.00 1436.00
20160506  14:48:00 14860.00 14860.00 14850.00 14850.00 600.00
20160506  14:49:00 14850.00 14855.00 14845.00 14845.00 1444.00
20160506  14:50:00 14845.00 14855.00 14840.00 14850.00 1080.00
20160506  14:51:00 14855.00 14855.00 14850.00 14850.00 222.00
20160506  14:52:00 14850.00 14855.00 14845.00 14855.00 612.00
20160506  14:53:00 14855.00 14860.00 14845.00 14850.00 440.00
20160506  14:54:00 14850.00 14850.00 14845.00 14850.00 612.00
20160506  14:55:00 14850.00 14855.00 14840.00 14845.00 910.00
20160506  14:56:00 14850.00 14850.00 14840.00 14840.00 526.00
20160506  14:57:00 14840.00 14850.00 14840.00 14845.00 902.00
20160506  14:58:00 14845.00 14855.00 14840.00 14855.00 1040.00
20160506  14:59:00 14855.00 14890.00 14850.00 14860.00 1412.00
20160506  15:00:00 14865.00 14865.00 14865.00 14865.00  32.00
