20160323  15:00:00 14385.00 14385.00 14385.00 14385.00  10.00
20160323  14:59:00 14380.00 14400.00 14375.00 14390.00 2094.00
20160323  14:58:00 14380.00 14385.00 14380.00 14380.00 606.00
20160323  14:57:00 14390.00 14390.00 14375.00 14380.00 870.00
20160323  14:56:00 14390.00 14390.00 14385.00 14385.00 368.00
20160323  14:55:00 14385.00 14390.00 14380.00 14385.00 574.00
20160323  14:54:00 14385.00 14390.00 14385.00 14385.00 666.00
20160323  14:53:00 14395.00 14395.00 14385.00 14385.00 524.00
20160323  14:52:00 14390.00 14395.00 14385.00 14395.00 778.00
20160323  14:51:00 14385.00 14385.00 14380.00 14385.00 366.00
20160323  14:50:00 14380.00 14380.00 14370.00 14380.00 636.00
20160323  14:49:00 14375.00 14380.00 14375.00 14375.00  56.00
20160323  14:48:00 14370.00 14380.00 14370.00 14375.00 954.00
20160323  14:47:00 14375.00 14375.00 14370.00 14370.00 580.00
20160323  14:46:00 14375.00 14375.00 14370.00 14375.00 408.00
20160323  14:45:00 14370.00 14380.00 14370.00 14375.00 680.00
20160323  14:44:00 14375.00 14380.00 14370.00 14370.00 1122.00
20160323  14:43:00 14375.00 14380.00 14375.00 14375.00  26.00
20160323  14:42:00 14375.00 14380.00 14370.00 14375.00 646.00
20160323  14:41:00 14375.00 14380.00 14375.00 14375.00 126.00
20160323  14:40:00 14375.00 14380.00 14375.00 14375.00 822.00
20160323  14:39:00 14380.00 14385.00 14375.00 14380.00 520.00
20160323  14:38:00 14385.00 14385.00 14375.00 14375.00 126.00
20160323  14:37:00 14380.00 14385.00 14380.00 14385.00 228.00
20160323  14:36:00 14380.00 14385.00 14375.00 14380.00 274.00
20160323  14:35:00 14385.00 14385.00 14380.00 14380.00 272.00
20160323  14:34:00 14385.00 14390.00 14380.00 14380.00 674.00
20160323  14:33:00 14385.00 14390.00 14380.00 14390.00 482.00
20160323  14:32:00 14375.00 14385.00 14375.00 14385.00 756.00
20160323  14:31:00 14380.00 14385.00 14375.00 14375.00 800.00
20160323  14:30:00 14380.00 14385.00 14375.00 14385.00 418.00
20160323  14:29:00 14380.00 14380.00 14375.00 14380.00 374.00
20160323  14:28:00 14380.00 14385.00 14380.00 14380.00 900.00
20160323  14:27:00 14385.00 14390.00 14380.00 14380.00 838.00
20160323  14:26:00 14390.00 14395.00 14385.00 14385.00 836.00
20160323  14:25:00 14390.00 14395.00 14385.00 14390.00 600.00
20160323  14:24:00 14395.00 14400.00 14390.00 14390.00 350.00
20160323  14:23:00 14400.00 14400.00 14395.00 14395.00 152.00
20160323  14:22:00 14395.00 14405.00 14395.00 14400.00 284.00
20160323  14:21:00 14405.00 14410.00 14395.00 14395.00 1358.00
20160323  14:20:00 14410.00 14410.00 14405.00 14405.00 276.00
20160323  14:19:00 14400.00 14410.00 14400.00 14405.00 868.00
20160323  14:18:00 14405.00 14405.00 14400.00 14400.00 1004.00
20160323  14:17:00 14400.00 14405.00 14395.00 14405.00 970.00
20160323  14:16:00 14395.00 14395.00 14390.00 14395.00 312.00
20160323  14:15:00 14385.00 14395.00 14385.00 14395.00 876.00
20160323  14:14:00 14390.00 14390.00 14385.00 14385.00 736.00
20160323  14:13:00 14380.00 14390.00 14380.00 14390.00 528.00
20160323  14:12:00 14380.00 14385.00 14380.00 14380.00  74.00
20160323  14:11:00 14380.00 14385.00 14380.00 14380.00 414.00
20160323  14:10:00 14380.00 14385.00 14380.00 14380.00 178.00
20160323  14:09:00 14375.00 14385.00 14375.00 14380.00 396.00
20160323  14:08:00 14380.00 14380.00 14375.00 14375.00 306.00
20160323  14:07:00 14380.00 14380.00 14375.00 14380.00 846.00
20160323  14:06:00 14375.00 14380.00 14375.00 14380.00 336.00
20160323  14:05:00 14375.00 14380.00 14370.00 14375.00 790.00
20160323  14:04:00 14380.00 14380.00 14375.00 14380.00 294.00
20160323  14:03:00 14380.00 14385.00 14375.00 14380.00 172.00
20160323  14:02:00 14375.00 14385.00 14370.00 14380.00 822.00
20160323  14:01:00 14375.00 14380.00 14375.00 14375.00 268.00
20160323  14:00:00 14380.00 14380.00 14370.00 14375.00 684.00
20160323  13:59:00 14380.00 14385.00 14380.00 14380.00 166.00
20160323  13:58:00 14375.00 14380.00 14370.00 14380.00 342.00
20160323  13:57:00 14385.00 14385.00 14370.00 14375.00 776.00
20160323  13:56:00 14380.00 14385.00 14375.00 14385.00 514.00
20160323  13:55:00 14375.00 14380.00 14375.00 14380.00 408.00
20160323  13:54:00 14370.00 14380.00 14370.00 14375.00 504.00
20160323  13:53:00 14380.00 14380.00 14370.00 14370.00 894.00
20160323  13:52:00 14365.00 14380.00 14365.00 14380.00 1006.00
20160323  13:51:00 14360.00 14370.00 14360.00 14365.00 734.00
20160323  13:50:00 14370.00 14370.00 14355.00 14360.00 1518.00
20160323  13:49:00 14365.00 14370.00 14360.00 14370.00 948.00
20160323  13:48:00 14370.00 14370.00 14360.00 14365.00 578.00
20160323  13:47:00 14365.00 14370.00 14360.00 14370.00 948.00
20160323  13:46:00 14375.00 14375.00 14365.00 14365.00 534.00
20160323  13:45:00 14385.00 14385.00 14370.00 14375.00 1002.00
20160323  13:44:00 14385.00 14385.00 14380.00 14385.00  68.00
20160323  13:43:00 14380.00 14385.00 14380.00 14385.00 296.00
20160323  13:42:00 14390.00 14390.00 14380.00 14380.00 424.00
20160323  13:41:00 14380.00 14390.00 14380.00 14390.00 818.00
20160323  13:40:00 14380.00 14390.00 14380.00 14380.00 610.00
20160323  13:39:00 14390.00 14390.00 14380.00 14380.00 516.00
20160323  13:38:00 14385.00 14390.00 14380.00 14390.00 1716.00
20160323  13:37:00 14375.00 14385.00 14370.00 14385.00 1630.00
20160323  13:36:00 14370.00 14380.00 14370.00 14375.00 754.00
20160323  13:35:00 14365.00 14380.00 14360.00 14370.00 2714.00
20160323  13:34:00 14375.00 14380.00 14365.00 14365.00 2224.00
20160323  13:33:00 14380.00 14385.00 14375.00 14375.00 1450.00
20160323  13:32:00 14375.00 14395.00 14370.00 14380.00 3044.00
20160323  13:31:00 14385.00 14390.00 14370.00 14375.00 4028.00
20160323  13:30:00 14410.00 14415.00 14385.00 14385.00 4044.00
20160323  11:29:00 14420.00 14420.00 14415.00 14420.00 568.00
20160323  11:28:00 14420.00 14420.00 14420.00 14420.00 136.00
20160323  11:27:00 14425.00 14425.00 14420.00 14420.00 128.00
20160323  11:26:00 14430.00 14430.00 14425.00 14425.00 328.00
20160323  11:25:00 14425.00 14430.00 14420.00 14430.00 212.00
20160323  11:24:00 14425.00 14425.00 14425.00 14425.00 278.00
20160323  11:23:00 14430.00 14430.00 14425.00 14425.00 1294.00
20160323  11:22:00 14420.00 14430.00 14420.00 14430.00 166.00
20160323  11:21:00 14420.00 14425.00 14420.00 14420.00 110.00
20160323  11:20:00 14420.00 14425.00 14420.00 14420.00 308.00
20160323  11:19:00 14425.00 14425.00 14420.00 14420.00 654.00
20160323  11:18:00 14425.00 14430.00 14420.00 14425.00 910.00
20160323  11:17:00 14430.00 14430.00 14425.00 14430.00 510.00
20160323  11:16:00 14430.00 14435.00 14425.00 14430.00 930.00
20160323  11:15:00 14425.00 14430.00 14425.00 14430.00 160.00
20160323  11:14:00 14430.00 14435.00 14420.00 14425.00 676.00
20160323  11:13:00 14430.00 14430.00 14425.00 14430.00 150.00
20160323  11:12:00 14430.00 14430.00 14425.00 14430.00 476.00
20160323  11:11:00 14430.00 14430.00 14425.00 14430.00 164.00
20160323  11:10:00 14425.00 14430.00 14425.00 14430.00 592.00
20160323  11:09:00 14430.00 14430.00 14425.00 14425.00 356.00
20160323  11:08:00 14425.00 14435.00 14425.00 14430.00 1124.00
20160323  11:07:00 14435.00 14440.00 14425.00 14425.00 552.00
20160323  11:06:00 14430.00 14435.00 14430.00 14435.00 512.00
20160323  11:05:00 14435.00 14435.00 14430.00 14430.00 140.00
20160323  11:04:00 14435.00 14435.00 14430.00 14435.00 1188.00
20160323  11:03:00 14430.00 14435.00 14425.00 14435.00 1794.00
20160323  11:02:00 14435.00 14435.00 14425.00 14430.00 938.00
20160323  11:01:00 14435.00 14440.00 14430.00 14435.00 550.00
20160323  11:00:00 14430.00 14440.00 14430.00 14435.00 572.00
20160323  10:59:00 14430.00 14430.00 14425.00 14430.00 256.00
20160323  10:58:00 14435.00 14440.00 14430.00 14430.00 586.00
20160323  10:57:00 14435.00 14440.00 14435.00 14435.00 310.00
20160323  10:56:00 14430.00 14440.00 14430.00 14435.00 642.00
20160323  10:55:00 14430.00 14435.00 14430.00 14430.00 278.00
20160323  10:54:00 14425.00 14430.00 14425.00 14430.00 434.00
20160323  10:53:00 14430.00 14430.00 14425.00 14425.00 396.00
20160323  10:52:00 14425.00 14430.00 14425.00 14430.00 346.00
20160323  10:51:00 14425.00 14430.00 14425.00 14425.00 302.00
20160323  10:50:00 14425.00 14425.00 14425.00 14425.00 244.00
20160323  10:49:00 14430.00 14430.00 14425.00 14425.00 146.00
20160323  10:48:00 14425.00 14430.00 14425.00 14430.00 1200.00
20160323  10:47:00 14420.00 14425.00 14420.00 14425.00 192.00
20160323  10:46:00 14410.00 14425.00 14410.00 14420.00 608.00
20160323  10:45:00 14410.00 14415.00 14410.00 14410.00 616.00
20160323  10:44:00 14415.00 14415.00 14410.00 14415.00 484.00
20160323  10:43:00 14420.00 14420.00 14415.00 14415.00 420.00
20160323  10:42:00 14415.00 14420.00 14415.00 14420.00 514.00
20160323  10:41:00 14410.00 14420.00 14410.00 14415.00 520.00
20160323  10:40:00 14415.00 14420.00 14410.00 14410.00 386.00
20160323  10:39:00 14420.00 14420.00 14415.00 14415.00  36.00
20160323  10:38:00 14415.00 14420.00 14410.00 14420.00 614.00
20160323  10:37:00 14415.00 14420.00 14410.00 14415.00 666.00
20160323  10:36:00 14415.00 14420.00 14410.00 14415.00 724.00
20160323  10:35:00 14415.00 14420.00 14415.00 14415.00  88.00
20160323  10:34:00 14415.00 14420.00 14415.00 14415.00 676.00
20160323  10:33:00 14415.00 14415.00 14410.00 14415.00 146.00
20160323  10:32:00 14415.00 14415.00 14410.00 14415.00 182.00
20160323  10:31:00 14410.00 14415.00 14410.00 14410.00 1092.00
20160323  10:30:00 14425.00 14425.00 14410.00 14410.00 1024.00
20160323  10:14:00 14415.00 14425.00 14415.00 14420.00 528.00
20160323  10:13:00 14415.00 14420.00 14415.00 14415.00 556.00
20160323  10:12:00 14420.00 14425.00 14415.00 14415.00 342.00
20160323  10:11:00 14425.00 14425.00 14415.00 14420.00 414.00
20160323  10:10:00 14425.00 14425.00 14420.00 14420.00 158.00
20160323  10:09:00 14420.00 14425.00 14420.00 14425.00  66.00
20160323  10:08:00 14420.00 14425.00 14420.00 14420.00  84.00
20160323  10:07:00 14420.00 14425.00 14420.00 14420.00 532.00
20160323  10:06:00 14420.00 14425.00 14420.00 14420.00 230.00
20160323  10:05:00 14425.00 14425.00 14420.00 14425.00 102.00
20160323  10:04:00 14425.00 14430.00 14420.00 14425.00 284.00
20160323  10:03:00 14425.00 14430.00 14420.00 14425.00 604.00
20160323  10:02:00 14420.00 14430.00 14420.00 14425.00 318.00
20160323  10:01:00 14425.00 14430.00 14420.00 14420.00 494.00
20160323  10:00:00 14420.00 14425.00 14415.00 14420.00 730.00
20160323  09:59:00 14420.00 14420.00 14415.00 14420.00 572.00
20160323  09:58:00 14415.00 14420.00 14415.00 14415.00 702.00
20160323  09:57:00 14410.00 14415.00 14410.00 14415.00 786.00
20160323  09:56:00 14410.00 14415.00 14405.00 14410.00 550.00
20160323  09:55:00 14415.00 14415.00 14405.00 14410.00 1716.00
20160323  09:54:00 14425.00 14425.00 14410.00 14415.00 1426.00
20160323  09:53:00 14420.00 14425.00 14415.00 14425.00 868.00
20160323  09:52:00 14430.00 14430.00 14415.00 14420.00 818.00
20160323  09:51:00 14430.00 14435.00 14425.00 14430.00 596.00
20160323  09:50:00 14425.00 14435.00 14420.00 14430.00 1434.00
20160323  09:49:00 14420.00 14430.00 14420.00 14425.00 1002.00
20160323  09:48:00 14435.00 14435.00 14410.00 14425.00 2796.00
20160323  09:47:00 14435.00 14435.00 14430.00 14435.00 752.00
20160323  09:46:00 14445.00 14445.00 14430.00 14430.00 912.00
20160323  09:45:00 14440.00 14445.00 14430.00 14440.00 668.00
20160323  09:44:00 14435.00 14440.00 14430.00 14440.00 908.00
20160323  09:43:00 14440.00 14445.00 14435.00 14440.00 760.00
20160323  09:42:00 14435.00 14445.00 14435.00 14440.00 1336.00
20160323  09:41:00 14450.00 14455.00 14430.00 14435.00 2150.00
20160323  09:40:00 14465.00 14465.00 14450.00 14450.00 630.00
20160323  09:39:00 14460.00 14470.00 14460.00 14465.00 518.00
20160323  09:38:00 14465.00 14465.00 14455.00 14460.00 1308.00
20160323  09:37:00 14470.00 14470.00 14460.00 14465.00 638.00
20160323  09:36:00 14470.00 14470.00 14465.00 14470.00 412.00
20160323  09:35:00 14470.00 14480.00 14465.00 14470.00 1254.00
20160323  09:34:00 14470.00 14475.00 14460.00 14470.00 892.00
20160323  09:33:00 14465.00 14470.00 14460.00 14465.00 744.00
20160323  09:32:00 14465.00 14470.00 14460.00 14465.00 864.00
20160323  09:31:00 14490.00 14490.00 14465.00 14470.00 902.00
20160323  09:30:00 14500.00 14500.00 14485.00 14490.00 732.00
20160323  09:29:00 14490.00 14500.00 14490.00 14500.00 1028.00
20160323  09:28:00 14500.00 14500.00 14490.00 14490.00 542.00
20160323  09:27:00 14495.00 14500.00 14495.00 14500.00 798.00
20160323  09:26:00 14495.00 14500.00 14490.00 14495.00 730.00
20160323  09:25:00 14495.00 14495.00 14490.00 14495.00 392.00
20160323  09:24:00 14495.00 14495.00 14485.00 14490.00 740.00
20160323  09:23:00 14495.00 14500.00 14495.00 14495.00 190.00
20160323  09:22:00 14490.00 14500.00 14490.00 14495.00 474.00
20160323  09:21:00 14495.00 14495.00 14490.00 14490.00 364.00
20160323  09:20:00 14490.00 14500.00 14490.00 14495.00 400.00
20160323  09:19:00 14495.00 14495.00 14490.00 14490.00 336.00
20160323  09:18:00 14495.00 14505.00 14490.00 14495.00 600.00
20160323  09:17:00 14500.00 14500.00 14495.00 14495.00 414.00
20160323  09:16:00 14500.00 14500.00 14495.00 14500.00 228.00
20160323  09:15:00 14490.00 14505.00 14490.00 14500.00 804.00
20160323  09:14:00 14500.00 14500.00 14490.00 14490.00 704.00
20160323  09:13:00 14495.00 14500.00 14495.00 14500.00 312.00
20160323  09:12:00 14500.00 14505.00 14495.00 14495.00 808.00
20160323  09:11:00 14495.00 14505.00 14495.00 14500.00 536.00
20160323  09:10:00 14505.00 14510.00 14495.00 14495.00 1082.00
20160323  09:09:00 14510.00 14510.00 14500.00 14500.00 1188.00
20160323  09:08:00 14515.00 14515.00 14505.00 14510.00 1614.00
20160323  09:07:00 14505.00 14520.00 14505.00 14515.00 2986.00
20160323  09:06:00 14465.00 14505.00 14460.00 14505.00 3834.00
20160323  09:05:00 14455.00 14465.00 14450.00 14465.00 836.00
20160323  09:04:00 14460.00 14460.00 14450.00 14460.00 578.00
20160323  09:03:00 14455.00 14465.00 14450.00 14460.00 594.00
20160323  09:02:00 14465.00 14465.00 14450.00 14455.00 1326.00
20160323  09:01:00 14445.00 14465.00 14445.00 14465.00 1180.00
20160323  09:00:00 14460.00 14480.00 14420.00 14450.00 2974.00
20160323  01:00:00 14460.00 14460.00 14460.00 14460.00   2.00
20160323  00:59:00 14455.00 14470.00 14455.00 14465.00 714.00
20160323  00:58:00 14460.00 14460.00 14455.00 14460.00 134.00
20160323  00:57:00 14460.00 14460.00 14450.00 14455.00 124.00
20160323  00:56:00 14455.00 14460.00 14455.00 14460.00 134.00
20160323  00:55:00 14460.00 14460.00 14450.00 14455.00 482.00
20160323  00:54:00 14450.00 14460.00 14450.00 14460.00 200.00
20160323  00:53:00 14455.00 14460.00 14450.00 14450.00 144.00
20160323  00:52:00 14460.00 14465.00 14455.00 14455.00 186.00
20160323  00:51:00 14460.00 14465.00 14460.00 14460.00 250.00
20160323  00:50:00 14465.00 14470.00 14460.00 14460.00 550.00
20160323  00:49:00 14460.00 14470.00 14460.00 14465.00 302.00
20160323  00:48:00 14460.00 14465.00 14460.00 14465.00 354.00
20160323  00:47:00 14465.00 14465.00 14455.00 14465.00 362.00
20160323  00:46:00 14455.00 14460.00 14455.00 14460.00 364.00
20160323  00:45:00 14450.00 14460.00 14450.00 14455.00 178.00
20160323  00:44:00 14460.00 14460.00 14450.00 14450.00 194.00
20160323  00:43:00 14455.00 14460.00 14455.00 14460.00 108.00
20160323  00:42:00 14460.00 14460.00 14455.00 14455.00  86.00
20160323  00:41:00 14465.00 14465.00 14460.00 14460.00 202.00
20160323  00:40:00 14465.00 14470.00 14460.00 14465.00 382.00
20160323  00:39:00 14470.00 14470.00 14460.00 14465.00 586.00
20160323  00:38:00 14455.00 14470.00 14455.00 14470.00 976.00
20160323  00:37:00 14460.00 14460.00 14455.00 14455.00 360.00
20160323  00:36:00 14445.00 14460.00 14445.00 14460.00 790.00
20160323  00:35:00 14445.00 14450.00 14445.00 14445.00 346.00
20160323  00:34:00 14440.00 14445.00 14440.00 14445.00 218.00
20160323  00:33:00 14445.00 14445.00 14440.00 14440.00 130.00
20160323  00:32:00 14440.00 14445.00 14440.00 14445.00 644.00
20160323  00:31:00 14445.00 14445.00 14440.00 14440.00  14.00
20160323  00:30:00 14445.00 14445.00 14440.00 14445.00  22.00
20160323  00:29:00 14440.00 14445.00 14440.00 14445.00 186.00
20160323  00:28:00 14435.00 14440.00 14435.00 14440.00  26.00
20160323  00:27:00 14435.00 14440.00 14435.00 14440.00 270.00
20160323  00:26:00 14435.00 14440.00 14435.00 14435.00 206.00
20160323  00:25:00 14435.00 14440.00 14435.00 14435.00 124.00
20160323  00:24:00 14445.00 14445.00 14435.00 14435.00 604.00
20160323  00:23:00 14440.00 14445.00 14440.00 14445.00 158.00
20160323  00:22:00 14445.00 14450.00 14440.00 14440.00 708.00
20160323  00:21:00 14450.00 14450.00 14445.00 14445.00 198.00
20160323  00:20:00 14450.00 14450.00 14445.00 14450.00 626.00
20160323  00:19:00 14450.00 14450.00 14445.00 14450.00 202.00
20160323  00:18:00 14450.00 14450.00 14445.00 14445.00  76.00
20160323  00:17:00 14450.00 14450.00 14445.00 14445.00 448.00
20160323  00:16:00 14450.00 14450.00 14450.00 14450.00 104.00
20160323  00:15:00 14445.00 14450.00 14440.00 14450.00 442.00
20160323  00:14:00 14450.00 14450.00 14445.00 14445.00 244.00
20160323  00:13:00 14450.00 14450.00 14445.00 14450.00 372.00
20160323  00:12:00 14450.00 14450.00 14450.00 14450.00 286.00
20160323  00:11:00 14450.00 14455.00 14445.00 14450.00 444.00
20160323  00:10:00 14450.00 14455.00 14445.00 14450.00 342.00
20160323  00:09:00 14445.00 14455.00 14445.00 14450.00 318.00
20160323  00:08:00 14445.00 14450.00 14445.00 14445.00  62.00
20160323  00:07:00 14445.00 14450.00 14445.00 14445.00 204.00
20160323  00:06:00 14450.00 14450.00 14445.00 14445.00  88.00
20160323  00:05:00 14450.00 14450.00 14440.00 14450.00 386.00
20160323  00:04:00 14450.00 14450.00 14450.00 14450.00 400.00
20160323  00:03:00 14450.00 14455.00 14450.00 14450.00 320.00
20160323  00:02:00 14450.00 14450.00 14450.00 14450.00 198.00
20160323  00:01:00 14450.00 14450.00 14445.00 14450.00 562.00
20160323  00:00:00 14455.00 14455.00 14450.00 14450.00 2574.00
20160322  23:59:00 14455.00 14455.00 14450.00 14455.00 130.00
20160322  23:58:00 14460.00 14465.00 14455.00 14455.00 480.00
20160322  23:57:00 14450.00 14465.00 14450.00 14460.00 560.00
20160322  23:56:00 14445.00 14450.00 14445.00 14450.00  10.00
20160322  23:55:00 14445.00 14445.00 14440.00 14445.00 132.00
20160322  23:54:00 14445.00 14445.00 14440.00 14440.00   8.00
20160322  23:53:00 14445.00 14445.00 14445.00 14445.00 186.00
20160322  23:52:00 14445.00 14450.00 14445.00 14445.00 122.00
20160322  23:51:00 14450.00 14450.00 14445.00 14445.00   6.00
20160322  23:50:00 14445.00 14450.00 14445.00 14450.00  56.00
20160322  23:49:00 14450.00 14450.00 14440.00 14445.00 220.00
20160322  23:48:00 14445.00 14450.00 14445.00 14450.00 100.00
20160322  23:47:00 14445.00 14450.00 14445.00 14445.00 252.00
20160322  23:46:00 14450.00 14450.00 14440.00 14445.00  58.00
20160322  23:45:00 14450.00 14450.00 14445.00 14450.00 222.00
20160322  23:44:00 14455.00 14455.00 14450.00 14450.00 214.00
20160322  23:43:00 14455.00 14455.00 14450.00 14455.00 330.00
20160322  23:42:00 14440.00 14455.00 14440.00 14455.00 636.00
20160322  23:41:00 14445.00 14445.00 14440.00 14440.00 120.00
20160322  23:40:00 14445.00 14450.00 14445.00 14445.00 286.00
20160322  23:39:00 14445.00 14445.00 14440.00 14445.00  28.00
20160322  23:38:00 14445.00 14450.00 14440.00 14445.00 342.00
20160322  23:37:00 14445.00 14445.00 14445.00 14445.00  20.00
20160322  23:36:00 14440.00 14445.00 14440.00 14445.00 218.00
20160322  23:35:00 14450.00 14450.00 14440.00 14440.00 324.00
20160322  23:34:00 14455.00 14455.00 14450.00 14450.00 298.00
20160322  23:33:00 14455.00 14455.00 14450.00 14455.00 236.00
20160322  23:32:00 14445.00 14450.00 14445.00 14450.00 370.00
20160322  23:31:00 14445.00 14450.00 14445.00 14445.00 200.00
20160322  23:30:00 14455.00 14455.00 14450.00 14450.00 240.00
20160322  23:29:00 14450.00 14455.00 14450.00 14455.00 240.00
20160322  23:28:00 14440.00 14455.00 14440.00 14450.00 624.00
20160322  23:27:00 14440.00 14445.00 14435.00 14440.00 396.00
20160322  23:26:00 14435.00 14440.00 14435.00 14440.00  68.00
20160322  23:25:00 14430.00 14440.00 14430.00 14435.00 268.00
20160322  23:24:00 14440.00 14440.00 14430.00 14430.00 400.00
20160322  23:23:00 14450.00 14450.00 14440.00 14440.00 188.00
20160322  23:22:00 14440.00 14450.00 14440.00 14450.00 186.00
20160322  23:21:00 14435.00 14445.00 14435.00 14445.00 494.00
20160322  23:20:00 14445.00 14445.00 14435.00 14435.00 180.00
20160322  23:19:00 14440.00 14445.00 14440.00 14445.00 332.00
20160322  23:18:00 14435.00 14440.00 14435.00 14440.00 896.00
20160322  23:17:00 14435.00 14440.00 14430.00 14435.00 412.00
20160322  23:16:00 14440.00 14440.00 14435.00 14435.00 348.00
20160322  23:15:00 14440.00 14445.00 14435.00 14440.00 706.00
20160322  23:14:00 14450.00 14450.00 14435.00 14440.00 300.00
20160322  23:13:00 14450.00 14455.00 14450.00 14450.00 402.00
20160322  23:12:00 14445.00 14450.00 14445.00 14445.00 208.00
20160322  23:11:00 14440.00 14445.00 14440.00 14445.00 232.00
20160322  23:10:00 14440.00 14445.00 14435.00 14440.00 162.00
20160322  23:09:00 14440.00 14445.00 14440.00 14440.00 198.00
20160322  23:08:00 14440.00 14440.00 14435.00 14440.00 190.00
20160322  23:07:00 14440.00 14445.00 14435.00 14440.00 234.00
20160322  23:06:00 14435.00 14445.00 14435.00 14440.00 456.00
20160322  23:05:00 14450.00 14450.00 14430.00 14435.00 1558.00
20160322  23:04:00 14450.00 14455.00 14445.00 14450.00 726.00
20160322  23:03:00 14470.00 14470.00 14450.00 14455.00 586.00
20160322  23:02:00 14455.00 14470.00 14455.00 14470.00 292.00
20160322  23:01:00 14460.00 14465.00 14455.00 14455.00 196.00
20160322  23:00:00 14460.00 14465.00 14460.00 14460.00 432.00
20160322  22:59:00 14460.00 14465.00 14460.00 14460.00 278.00
20160322  22:58:00 14455.00 14460.00 14455.00 14460.00  12.00
20160322  22:57:00 14465.00 14465.00 14455.00 14455.00 504.00
20160322  22:56:00 14460.00 14465.00 14460.00 14465.00 394.00
20160322  22:55:00 14455.00 14460.00 14455.00 14460.00 292.00
20160322  22:54:00 14445.00 14455.00 14445.00 14455.00 312.00
20160322  22:53:00 14450.00 14450.00 14445.00 14445.00 388.00
20160322  22:52:00 14445.00 14450.00 14445.00 14450.00 460.00
20160322  22:51:00 14460.00 14460.00 14445.00 14445.00 412.00
20160322  22:50:00 14465.00 14465.00 14460.00 14460.00 348.00
20160322  22:49:00 14465.00 14465.00 14460.00 14465.00  52.00
20160322  22:48:00 14460.00 14465.00 14455.00 14465.00 336.00
20160322  22:47:00 14465.00 14465.00 14455.00 14460.00 108.00
20160322  22:46:00 14470.00 14470.00 14460.00 14465.00 526.00
20160322  22:45:00 14465.00 14470.00 14460.00 14470.00 502.00
20160322  22:44:00 14460.00 14465.00 14455.00 14465.00 162.00
20160322  22:43:00 14465.00 14465.00 14450.00 14460.00 588.00
20160322  22:42:00 14460.00 14470.00 14460.00 14465.00 794.00
20160322  22:41:00 14450.00 14460.00 14445.00 14460.00 794.00
20160322  22:40:00 14460.00 14465.00 14450.00 14450.00 664.00
20160322  22:39:00 14455.00 14460.00 14450.00 14460.00 256.00
20160322  22:38:00 14460.00 14465.00 14450.00 14455.00 334.00
20160322  22:37:00 14445.00 14460.00 14445.00 14460.00 762.00
20160322  22:36:00 14460.00 14465.00 14445.00 14445.00 920.00
20160322  22:35:00 14460.00 14465.00 14460.00 14465.00 284.00
20160322  22:34:00 14470.00 14470.00 14460.00 14460.00 418.00
20160322  22:33:00 14475.00 14475.00 14460.00 14465.00 642.00
20160322  22:32:00 14470.00 14475.00 14470.00 14475.00 528.00
20160322  22:31:00 14475.00 14475.00 14465.00 14470.00 294.00
20160322  22:30:00 14465.00 14480.00 14465.00 14475.00 1494.00
20160322  22:29:00 14470.00 14470.00 14455.00 14465.00 1622.00
20160322  22:28:00 14445.00 14470.00 14445.00 14470.00 1128.00
20160322  22:27:00 14445.00 14450.00 14440.00 14445.00 460.00
20160322  22:26:00 14445.00 14450.00 14440.00 14445.00 786.00
20160322  22:25:00 14435.00 14450.00 14435.00 14445.00 974.00
20160322  22:24:00 14450.00 14450.00 14435.00 14435.00 1590.00
20160322  22:23:00 14445.00 14450.00 14440.00 14450.00 1018.00
20160322  22:22:00 14445.00 14445.00 14440.00 14445.00 466.00
20160322  22:21:00 14440.00 14455.00 14440.00 14440.00 1338.00
20160322  22:20:00 14435.00 14445.00 14435.00 14440.00 548.00
20160322  22:19:00 14445.00 14450.00 14435.00 14435.00 424.00
20160322  22:18:00 14445.00 14445.00 14445.00 14445.00 446.00
20160322  22:17:00 14450.00 14450.00 14445.00 14445.00 340.00
20160322  22:16:00 14445.00 14450.00 14445.00 14450.00 288.00
20160322  22:15:00 14455.00 14455.00 14445.00 14445.00 990.00
20160322  22:14:00 14440.00 14460.00 14440.00 14455.00 1592.00
20160322  22:13:00 14435.00 14445.00 14435.00 14440.00 504.00
20160322  22:12:00 14430.00 14440.00 14430.00 14435.00 278.00
20160322  22:11:00 14435.00 14435.00 14420.00 14430.00 484.00
20160322  22:10:00 14425.00 14435.00 14420.00 14435.00 516.00
20160322  22:09:00 14435.00 14435.00 14425.00 14425.00 290.00
20160322  22:08:00 14425.00 14435.00 14425.00 14435.00 132.00
20160322  22:07:00 14430.00 14440.00 14425.00 14425.00 690.00
20160322  22:06:00 14430.00 14430.00 14425.00 14430.00 204.00
20160322  22:05:00 14435.00 14435.00 14430.00 14430.00 206.00
20160322  22:04:00 14435.00 14445.00 14430.00 14435.00 532.00
20160322  22:03:00 14430.00 14440.00 14430.00 14435.00 418.00
20160322  22:02:00 14435.00 14435.00 14430.00 14430.00 296.00
20160322  22:01:00 14440.00 14440.00 14430.00 14435.00 468.00
20160322  22:00:00 14435.00 14445.00 14425.00 14440.00 1384.00
20160322  21:59:00 14430.00 14435.00 14430.00 14435.00 204.00
20160322  21:58:00 14435.00 14440.00 14430.00 14430.00 426.00
20160322  21:57:00 14425.00 14435.00 14425.00 14435.00 434.00
20160322  21:56:00 14435.00 14435.00 14425.00 14425.00 694.00
20160322  21:55:00 14430.00 14440.00 14430.00 14435.00 456.00
20160322  21:54:00 14440.00 14440.00 14430.00 14435.00 264.00
20160322  21:53:00 14435.00 14450.00 14430.00 14440.00 1074.00
20160322  21:52:00 14425.00 14435.00 14425.00 14435.00 828.00
20160322  21:51:00 14440.00 14440.00 14420.00 14425.00 1010.00
20160322  21:50:00 14430.00 14435.00 14425.00 14435.00 1116.00
20160322  21:49:00 14425.00 14435.00 14425.00 14430.00 578.00
20160322  21:48:00 14430.00 14435.00 14420.00 14425.00 562.00
20160322  21:47:00 14425.00 14430.00 14420.00 14430.00 536.00
20160322  21:46:00 14430.00 14430.00 14425.00 14425.00 386.00
20160322  21:45:00 14425.00 14435.00 14420.00 14430.00 1620.00
20160322  21:44:00 14420.00 14425.00 14415.00 14425.00 830.00
20160322  21:43:00 14420.00 14420.00 14415.00 14420.00 296.00
20160322  21:42:00 14405.00 14420.00 14405.00 14420.00 856.00
20160322  21:41:00 14415.00 14415.00 14400.00 14405.00 1632.00
20160322  21:40:00 14415.00 14415.00 14410.00 14415.00 926.00
20160322  21:39:00 14430.00 14430.00 14410.00 14415.00 1028.00
20160322  21:38:00 14425.00 14430.00 14425.00 14430.00 342.00
20160322  21:37:00 14430.00 14430.00 14425.00 14425.00 534.00
20160322  21:36:00 14430.00 14435.00 14430.00 14430.00 818.00
20160322  21:35:00 14435.00 14440.00 14430.00 14430.00 610.00
20160322  21:34:00 14435.00 14440.00 14435.00 14435.00 416.00
20160322  21:33:00 14440.00 14440.00 14430.00 14435.00 442.00
20160322  21:32:00 14430.00 14440.00 14430.00 14440.00 908.00
20160322  21:31:00 14425.00 14430.00 14425.00 14430.00 492.00
20160322  21:30:00 14430.00 14430.00 14420.00 14425.00 302.00
20160322  21:29:00 14425.00 14435.00 14420.00 14430.00 1938.00
20160322  21:28:00 14410.00 14430.00 14410.00 14430.00 582.00
20160322  21:27:00 14415.00 14420.00 14410.00 14410.00 302.00
20160322  21:26:00 14425.00 14425.00 14415.00 14415.00 452.00
20160322  21:25:00 14420.00 14430.00 14415.00 14425.00 1040.00
20160322  21:24:00 14415.00 14420.00 14415.00 14420.00 726.00
20160322  21:23:00 14420.00 14420.00 14410.00 14415.00 526.00
20160322  21:22:00 14415.00 14420.00 14410.00 14420.00 584.00
20160322  21:21:00 14400.00 14415.00 14395.00 14415.00 1246.00
20160322  21:20:00 14400.00 14405.00 14400.00 14400.00 480.00
20160322  21:19:00 14395.00 14405.00 14395.00 14400.00 698.00
20160322  21:18:00 14410.00 14415.00 14395.00 14395.00 1262.00
20160322  21:17:00 14395.00 14410.00 14395.00 14410.00 2088.00
20160322  21:16:00 14395.00 14400.00 14390.00 14395.00 666.00
20160322  21:15:00 14390.00 14400.00 14385.00 14395.00 1004.00
20160322  21:14:00 14390.00 14395.00 14385.00 14390.00 1024.00
20160322  21:13:00 14395.00 14400.00 14385.00 14385.00 1008.00
20160322  21:12:00 14390.00 14405.00 14390.00 14400.00 1036.00
20160322  21:11:00 14385.00 14405.00 14385.00 14390.00 1522.00
20160322  21:10:00 14400.00 14405.00 14385.00 14385.00 1588.00
20160322  21:09:00 14415.00 14415.00 14400.00 14400.00 922.00
20160322  21:08:00 14400.00 14415.00 14400.00 14410.00 898.00
20160322  21:07:00 14405.00 14415.00 14390.00 14400.00 1980.00
20160322  21:06:00 14430.00 14430.00 14400.00 14405.00 2656.00
20160322  21:05:00 14440.00 14440.00 14420.00 14425.00 1038.00
20160322  21:04:00 14445.00 14450.00 14430.00 14440.00 1396.00
20160322  21:03:00 14415.00 14450.00 14415.00 14450.00 1528.00
20160322  21:02:00 14435.00 14435.00 14415.00 14415.00 1788.00
20160322  21:01:00 14450.00 14450.00 14430.00 14435.00 1302.00
20160322  21:00:00 14445.00 14460.00 14440.00 14450.00 2034.00
