20160428  15:00:00 14900.00 14900.00 14900.00 14900.00   0.00
20160428  14:59:00 14910.00 14910.00 14900.00 14900.00 916.00
20160428  14:58:00 14905.00 14910.00 14900.00 14910.00 506.00
20160428  14:57:00 14910.00 14910.00 14900.00 14905.00 444.00
20160428  14:56:00 14900.00 14910.00 14900.00 14905.00 442.00
20160428  14:55:00 14895.00 14905.00 14890.00 14900.00 680.00
20160428  14:54:00 14885.00 14900.00 14885.00 14900.00 774.00
20160428  14:53:00 14875.00 14890.00 14875.00 14885.00 366.00
20160428  14:52:00 14885.00 14885.00 14875.00 14875.00 508.00
20160428  14:51:00 14885.00 14890.00 14885.00 14885.00 364.00
20160428  14:50:00 14885.00 14890.00 14885.00 14885.00 130.00
20160428  14:49:00 14885.00 14890.00 14885.00 14890.00 342.00
20160428  14:48:00 14895.00 14900.00 14880.00 14885.00 608.00
20160428  14:47:00 14895.00 14900.00 14895.00 14895.00 496.00
20160428  14:46:00 14905.00 14905.00 14890.00 14895.00 808.00
20160428  14:45:00 14880.00 14910.00 14880.00 14900.00 2588.00
20160428  14:44:00 14885.00 14885.00 14875.00 14880.00 484.00
20160428  14:43:00 14885.00 14885.00 14880.00 14885.00 396.00
20160428  14:42:00 14875.00 14890.00 14875.00 14885.00 892.00
20160428  14:41:00 14865.00 14880.00 14865.00 14875.00 482.00
20160428  14:40:00 14870.00 14875.00 14870.00 14870.00 342.00
20160428  14:39:00 14875.00 14875.00 14865.00 14870.00 500.00
20160428  14:38:00 14880.00 14880.00 14870.00 14875.00 654.00
20160428  14:37:00 14870.00 14880.00 14870.00 14880.00 262.00
20160428  14:36:00 14875.00 14875.00 14870.00 14870.00 306.00
20160428  14:35:00 14865.00 14875.00 14865.00 14875.00 240.00
20160428  14:34:00 14860.00 14865.00 14860.00 14865.00 214.00
20160428  14:33:00 14855.00 14860.00 14850.00 14860.00 454.00
20160428  14:32:00 14870.00 14870.00 14855.00 14855.00 320.00
20160428  14:31:00 14870.00 14875.00 14865.00 14870.00 180.00
20160428  14:30:00 14870.00 14875.00 14865.00 14870.00 406.00
20160428  14:29:00 14860.00 14870.00 14860.00 14870.00 484.00
20160428  14:28:00 14860.00 14865.00 14855.00 14860.00 208.00
20160428  14:27:00 14855.00 14860.00 14855.00 14860.00  78.00
20160428  14:26:00 14860.00 14860.00 14855.00 14855.00 338.00
20160428  14:25:00 14865.00 14870.00 14860.00 14860.00 476.00
20160428  14:24:00 14865.00 14870.00 14865.00 14870.00  90.00
20160428  14:23:00 14865.00 14865.00 14860.00 14865.00  40.00
20160428  14:22:00 14860.00 14865.00 14860.00 14865.00 192.00
20160428  14:21:00 14870.00 14875.00 14860.00 14860.00 378.00
20160428  14:20:00 14870.00 14885.00 14870.00 14870.00 626.00
20160428  14:19:00 14855.00 14870.00 14855.00 14870.00 486.00
20160428  14:18:00 14860.00 14860.00 14855.00 14855.00  48.00
20160428  14:17:00 14865.00 14865.00 14860.00 14860.00 270.00
20160428  14:16:00 14855.00 14865.00 14850.00 14865.00 166.00
20160428  14:15:00 14845.00 14860.00 14845.00 14855.00 504.00
20160428  14:14:00 14860.00 14860.00 14845.00 14845.00 582.00
20160428  14:13:00 14855.00 14865.00 14850.00 14860.00 846.00
20160428  14:12:00 14850.00 14855.00 14840.00 14855.00 436.00
20160428  14:11:00 14840.00 14860.00 14835.00 14850.00 872.00
20160428  14:10:00 14835.00 14845.00 14835.00 14840.00 1018.00
20160428  14:09:00 14845.00 14845.00 14830.00 14840.00 766.00
20160428  14:08:00 14835.00 14845.00 14830.00 14845.00 752.00
20160428  14:07:00 14850.00 14850.00 14830.00 14835.00 1754.00
20160428  14:06:00 14865.00 14870.00 14850.00 14850.00 1032.00
20160428  14:05:00 14875.00 14880.00 14865.00 14870.00 736.00
20160428  14:04:00 14865.00 14880.00 14865.00 14880.00 828.00
20160428  14:03:00 14870.00 14870.00 14860.00 14865.00 826.00
20160428  14:02:00 14855.00 14870.00 14855.00 14870.00 790.00
20160428  14:01:00 14850.00 14855.00 14845.00 14855.00 450.00
20160428  14:00:00 14855.00 14855.00 14840.00 14850.00 696.00
20160428  13:59:00 14845.00 14860.00 14845.00 14855.00 328.00
20160428  13:58:00 14850.00 14850.00 14835.00 14845.00 1480.00
20160428  13:57:00 14855.00 14860.00 14845.00 14850.00 608.00
20160428  13:56:00 14865.00 14865.00 14855.00 14855.00 990.00
20160428  13:55:00 14865.00 14865.00 14865.00 14865.00 162.00
20160428  13:54:00 14860.00 14865.00 14860.00 14865.00 450.00
20160428  13:53:00 14865.00 14865.00 14860.00 14860.00 624.00
20160428  13:52:00 14860.00 14865.00 14860.00 14865.00 542.00
20160428  13:51:00 14855.00 14860.00 14855.00 14860.00 428.00
20160428  13:50:00 14865.00 14865.00 14855.00 14855.00 808.00
20160428  13:49:00 14860.00 14870.00 14860.00 14865.00 524.00
20160428  13:48:00 14865.00 14865.00 14860.00 14860.00 290.00
20160428  13:47:00 14860.00 14865.00 14860.00 14865.00 370.00
20160428  13:46:00 14850.00 14860.00 14850.00 14860.00 312.00
20160428  13:45:00 14855.00 14855.00 14845.00 14850.00 968.00
20160428  13:44:00 14850.00 14860.00 14850.00 14855.00 1364.00
20160428  13:43:00 14865.00 14865.00 14850.00 14850.00 1266.00
20160428  13:42:00 14870.00 14875.00 14865.00 14865.00 424.00
20160428  13:41:00 14865.00 14875.00 14860.00 14865.00 572.00
20160428  13:40:00 14880.00 14880.00 14865.00 14865.00 810.00
20160428  13:39:00 14875.00 14880.00 14865.00 14880.00 488.00
20160428  13:38:00 14875.00 14875.00 14870.00 14875.00 318.00
20160428  13:37:00 14885.00 14885.00 14875.00 14875.00 732.00
20160428  13:36:00 14885.00 14885.00 14880.00 14885.00 280.00
20160428  13:35:00 14885.00 14890.00 14880.00 14885.00 794.00
20160428  13:34:00 14900.00 14900.00 14885.00 14885.00 1314.00
20160428  13:33:00 14885.00 14905.00 14885.00 14900.00 1614.00
20160428  13:32:00 14880.00 14890.00 14880.00 14885.00 1196.00
20160428  13:31:00 14880.00 14885.00 14875.00 14880.00 558.00
20160428  13:30:00 14870.00 14880.00 14865.00 14880.00 786.00
20160428  11:29:00 14865.00 14870.00 14865.00 14870.00 390.00
20160428  11:28:00 14880.00 14880.00 14865.00 14865.00 216.00
20160428  11:27:00 14880.00 14885.00 14880.00 14880.00 106.00
20160428  11:26:00 14875.00 14885.00 14875.00 14880.00 276.00
20160428  11:25:00 14875.00 14880.00 14870.00 14875.00  96.00
20160428  11:24:00 14875.00 14880.00 14870.00 14875.00  62.00
20160428  11:23:00 14880.00 14880.00 14870.00 14875.00 480.00
20160428  11:22:00 14880.00 14885.00 14880.00 14880.00 546.00
20160428  11:21:00 14870.00 14885.00 14870.00 14880.00 570.00
20160428  11:20:00 14870.00 14875.00 14865.00 14870.00 414.00
20160428  11:19:00 14860.00 14875.00 14860.00 14870.00 1202.00
20160428  11:18:00 14870.00 14870.00 14855.00 14860.00 1448.00
20160428  11:17:00 14865.00 14870.00 14865.00 14870.00  14.00
20160428  11:16:00 14865.00 14870.00 14865.00 14865.00 266.00
20160428  11:15:00 14860.00 14870.00 14860.00 14865.00 268.00
20160428  11:14:00 14865.00 14865.00 14855.00 14860.00 710.00
20160428  11:13:00 14875.00 14875.00 14860.00 14860.00 348.00
20160428  11:12:00 14875.00 14875.00 14870.00 14875.00 104.00
20160428  11:11:00 14880.00 14880.00 14870.00 14875.00 238.00
20160428  11:10:00 14880.00 14885.00 14880.00 14880.00 282.00
20160428  11:09:00 14875.00 14880.00 14875.00 14880.00 738.00
20160428  11:08:00 14870.00 14875.00 14870.00 14875.00 330.00
20160428  11:07:00 14865.00 14870.00 14865.00 14870.00 144.00
20160428  11:06:00 14885.00 14885.00 14865.00 14865.00 400.00
20160428  11:05:00 14875.00 14885.00 14875.00 14885.00 948.00
20160428  11:04:00 14870.00 14875.00 14870.00 14875.00 202.00
20160428  11:03:00 14865.00 14870.00 14865.00 14870.00 222.00
20160428  11:02:00 14870.00 14870.00 14865.00 14865.00 526.00
20160428  11:01:00 14855.00 14870.00 14855.00 14870.00 468.00
20160428  11:00:00 14860.00 14860.00 14855.00 14855.00 618.00
20160428  10:59:00 14855.00 14860.00 14850.00 14860.00 412.00
20160428  10:58:00 14855.00 14855.00 14845.00 14855.00 560.00
20160428  10:57:00 14860.00 14860.00 14850.00 14855.00 210.00
20160428  10:56:00 14855.00 14865.00 14855.00 14860.00 202.00
20160428  10:55:00 14865.00 14865.00 14850.00 14855.00 782.00
20160428  10:54:00 14865.00 14865.00 14860.00 14865.00  16.00
20160428  10:53:00 14860.00 14865.00 14860.00 14865.00 460.00
20160428  10:52:00 14865.00 14865.00 14855.00 14855.00 342.00
20160428  10:51:00 14870.00 14870.00 14860.00 14865.00 420.00
20160428  10:50:00 14870.00 14880.00 14870.00 14870.00 298.00
20160428  10:49:00 14870.00 14875.00 14865.00 14870.00 488.00
20160428  10:48:00 14865.00 14870.00 14865.00 14870.00  30.00
20160428  10:47:00 14865.00 14875.00 14865.00 14865.00 240.00
20160428  10:46:00 14860.00 14865.00 14860.00 14865.00 248.00
20160428  10:45:00 14860.00 14865.00 14855.00 14860.00 376.00
20160428  10:44:00 14855.00 14860.00 14855.00 14860.00 334.00
20160428  10:43:00 14860.00 14860.00 14855.00 14860.00 150.00
20160428  10:42:00 14870.00 14870.00 14860.00 14860.00 136.00
20160428  10:41:00 14855.00 14880.00 14850.00 14870.00 1370.00
20160428  10:40:00 14855.00 14860.00 14850.00 14855.00 330.00
20160428  10:39:00 14855.00 14855.00 14850.00 14855.00 660.00
20160428  10:38:00 14850.00 14855.00 14845.00 14855.00 514.00
20160428  10:37:00 14845.00 14850.00 14845.00 14850.00 512.00
20160428  10:36:00 14850.00 14855.00 14840.00 14845.00 742.00
20160428  10:35:00 14850.00 14860.00 14845.00 14850.00 1318.00
20160428  10:34:00 14855.00 14860.00 14840.00 14850.00 844.00
20160428  10:33:00 14865.00 14865.00 14855.00 14855.00 446.00
20160428  10:32:00 14855.00 14870.00 14855.00 14865.00 608.00
20160428  10:31:00 14855.00 14860.00 14850.00 14855.00 568.00
20160428  10:30:00 14875.00 14875.00 14850.00 14855.00 964.00
20160428  10:14:00 14880.00 14880.00 14870.00 14875.00 200.00
20160428  10:13:00 14875.00 14880.00 14870.00 14875.00 466.00
20160428  10:12:00 14890.00 14890.00 14875.00 14875.00 474.00
20160428  10:11:00 14885.00 14890.00 14885.00 14890.00 164.00
20160428  10:10:00 14890.00 14890.00 14885.00 14885.00 254.00
20160428  10:09:00 14885.00 14890.00 14880.00 14890.00 262.00
20160428  10:08:00 14875.00 14885.00 14870.00 14880.00 374.00
20160428  10:07:00 14875.00 14875.00 14870.00 14875.00 178.00
20160428  10:06:00 14860.00 14880.00 14855.00 14875.00 664.00
20160428  10:05:00 14875.00 14875.00 14860.00 14860.00 438.00
20160428  10:04:00 14870.00 14880.00 14865.00 14875.00 544.00
20160428  10:03:00 14880.00 14880.00 14870.00 14870.00 324.00
20160428  10:02:00 14885.00 14885.00 14875.00 14880.00 404.00
20160428  10:01:00 14885.00 14890.00 14880.00 14885.00 604.00
20160428  10:00:00 14875.00 14895.00 14875.00 14895.00 346.00
20160428  09:59:00 14880.00 14880.00 14875.00 14875.00  86.00
20160428  09:58:00 14875.00 14880.00 14875.00 14875.00  76.00
20160428  09:57:00 14890.00 14890.00 14870.00 14875.00 718.00
20160428  09:56:00 14880.00 14885.00 14880.00 14885.00 400.00
20160428  09:55:00 14875.00 14890.00 14875.00 14880.00 590.00
20160428  09:54:00 14885.00 14890.00 14870.00 14875.00 454.00
20160428  09:53:00 14885.00 14890.00 14875.00 14885.00 496.00
20160428  09:52:00 14895.00 14905.00 14880.00 14885.00 944.00
20160428  09:51:00 14880.00 14895.00 14880.00 14895.00 1324.00
20160428  09:50:00 14870.00 14885.00 14865.00 14885.00 394.00
20160428  09:49:00 14880.00 14880.00 14870.00 14870.00 422.00
20160428  09:48:00 14865.00 14880.00 14860.00 14880.00 970.00
20160428  09:47:00 14880.00 14880.00 14865.00 14865.00 408.00
20160428  09:46:00 14875.00 14885.00 14875.00 14880.00 608.00
20160428  09:45:00 14875.00 14885.00 14875.00 14875.00 858.00
20160428  09:44:00 14860.00 14880.00 14860.00 14875.00 986.00
20160428  09:43:00 14860.00 14860.00 14850.00 14860.00 278.00
20160428  09:42:00 14850.00 14860.00 14850.00 14860.00 578.00
20160428  09:41:00 14855.00 14855.00 14845.00 14855.00 554.00
20160428  09:40:00 14855.00 14855.00 14845.00 14855.00 568.00
20160428  09:39:00 14865.00 14865.00 14850.00 14855.00 416.00
20160428  09:38:00 14865.00 14870.00 14860.00 14865.00 446.00
20160428  09:37:00 14865.00 14865.00 14855.00 14865.00 534.00
20160428  09:36:00 14880.00 14880.00 14860.00 14865.00 726.00
20160428  09:35:00 14865.00 14885.00 14860.00 14880.00 1126.00
20160428  09:34:00 14870.00 14875.00 14865.00 14870.00 492.00
20160428  09:33:00 14850.00 14870.00 14850.00 14870.00 1026.00
20160428  09:32:00 14865.00 14865.00 14845.00 14850.00 872.00
20160428  09:31:00 14855.00 14865.00 14850.00 14865.00 738.00
20160428  09:30:00 14850.00 14850.00 14835.00 14850.00 1108.00
20160428  09:29:00 14845.00 14850.00 14835.00 14845.00 708.00
20160428  09:28:00 14845.00 14850.00 14840.00 14845.00 502.00
20160428  09:27:00 14840.00 14850.00 14835.00 14845.00 610.00
20160428  09:26:00 14860.00 14860.00 14835.00 14835.00 870.00
20160428  09:25:00 14870.00 14875.00 14850.00 14855.00 1152.00
20160428  09:24:00 14875.00 14875.00 14870.00 14870.00 314.00
20160428  09:23:00 14870.00 14875.00 14870.00 14875.00 142.00
20160428  09:22:00 14870.00 14875.00 14870.00 14870.00 610.00
20160428  09:21:00 14890.00 14890.00 14865.00 14870.00 476.00
20160428  09:20:00 14880.00 14890.00 14880.00 14890.00 278.00
20160428  09:19:00 14880.00 14885.00 14880.00 14880.00 348.00
20160428  09:18:00 14880.00 14885.00 14865.00 14880.00 1354.00
20160428  09:17:00 14880.00 14890.00 14880.00 14885.00 902.00
20160428  09:16:00 14910.00 14915.00 14870.00 14880.00 1724.00
20160428  09:15:00 14900.00 14930.00 14900.00 14910.00 2546.00
20160428  09:14:00 14900.00 14905.00 14890.00 14900.00 646.00
20160428  09:13:00 14890.00 14900.00 14885.00 14900.00 616.00
20160428  09:12:00 14900.00 14910.00 14885.00 14890.00 1236.00
20160428  09:11:00 14875.00 14915.00 14865.00 14900.00 1740.00
20160428  09:10:00 14860.00 14875.00 14855.00 14870.00 444.00
20160428  09:09:00 14865.00 14870.00 14855.00 14860.00 390.00
20160428  09:08:00 14855.00 14865.00 14855.00 14865.00 318.00
20160428  09:07:00 14860.00 14865.00 14855.00 14855.00 412.00
20160428  09:06:00 14830.00 14870.00 14825.00 14865.00 1580.00
20160428  09:05:00 14855.00 14855.00 14825.00 14830.00 974.00
20160428  09:04:00 14850.00 14855.00 14850.00 14855.00 308.00
20160428  09:03:00 14860.00 14860.00 14845.00 14850.00 392.00
20160428  09:02:00 14845.00 14865.00 14835.00 14860.00 1042.00
20160428  09:01:00 14865.00 14870.00 14840.00 14845.00 1352.00
20160428  09:00:00 14850.00 14880.00 14850.00 14870.00 2464.00
20160428  00:59:00 14850.00 14850.00 14840.00 14840.00 158.00
20160428  00:58:00 14850.00 14855.00 14845.00 14850.00 224.00
20160428  00:57:00 14845.00 14850.00 14845.00 14845.00  82.00
20160428  00:56:00 14845.00 14850.00 14845.00 14845.00  14.00
20160428  00:55:00 14860.00 14865.00 14845.00 14845.00 292.00
20160428  00:54:00 14850.00 14860.00 14850.00 14860.00 212.00
20160428  00:53:00 14845.00 14845.00 14845.00 14845.00   6.00
20160428  00:52:00 14840.00 14845.00 14840.00 14845.00  88.00
20160428  00:51:00 14840.00 14840.00 14840.00 14840.00  18.00
20160428  00:50:00 14850.00 14850.00 14840.00 14840.00  56.00
20160428  00:49:00 14840.00 14850.00 14840.00 14850.00 148.00
20160428  00:48:00 14840.00 14845.00 14835.00 14840.00  52.00
20160428  00:47:00 14835.00 14840.00 14835.00 14840.00  26.00
20160428  00:46:00 14840.00 14840.00 14830.00 14835.00 144.00
20160428  00:45:00 14845.00 14845.00 14835.00 14840.00 206.00
20160428  00:44:00 14850.00 14850.00 14845.00 14845.00 142.00
20160428  00:43:00 14850.00 14850.00 14850.00 14850.00   0.00
20160428  00:42:00 14845.00 14850.00 14845.00 14850.00  88.00
20160428  00:41:00 14850.00 14850.00 14845.00 14845.00  32.00
20160428  00:40:00 14845.00 14850.00 14845.00 14850.00  30.00
20160428  00:39:00 14840.00 14840.00 14835.00 14840.00  40.00
20160428  00:38:00 14840.00 14840.00 14835.00 14840.00 118.00
20160428  00:37:00 14840.00 14840.00 14835.00 14835.00 106.00
20160428  00:36:00 14850.00 14850.00 14840.00 14840.00  86.00
20160428  00:35:00 14850.00 14850.00 14850.00 14850.00   0.00
20160428  00:34:00 14850.00 14850.00 14845.00 14850.00 110.00
20160428  00:33:00 14850.00 14850.00 14845.00 14850.00 122.00
20160428  00:32:00 14860.00 14860.00 14850.00 14850.00 104.00
20160428  00:31:00 14860.00 14860.00 14860.00 14860.00   4.00
20160428  00:30:00 14860.00 14860.00 14860.00 14860.00  44.00
20160428  00:29:00 14860.00 14860.00 14855.00 14860.00  16.00
20160428  00:28:00 14860.00 14860.00 14855.00 14860.00 112.00
20160428  00:27:00 14855.00 14855.00 14855.00 14855.00  84.00
20160428  00:26:00 14850.00 14855.00 14850.00 14850.00 132.00
20160428  00:25:00 14845.00 14850.00 14845.00 14850.00 132.00
20160428  00:24:00 14845.00 14850.00 14845.00 14845.00  54.00
20160428  00:23:00 14850.00 14850.00 14845.00 14845.00  42.00
20160428  00:22:00 14850.00 14850.00 14850.00 14850.00 104.00
20160428  00:21:00 14840.00 14850.00 14840.00 14850.00  70.00
20160428  00:20:00 14840.00 14840.00 14840.00 14840.00   2.00
20160428  00:19:00 14845.00 14845.00 14840.00 14840.00   6.00
20160428  00:18:00 14840.00 14845.00 14840.00 14845.00  52.00
20160428  00:17:00 14840.00 14845.00 14835.00 14840.00 244.00
20160428  00:16:00 14835.00 14845.00 14835.00 14840.00 410.00
20160428  00:15:00 14840.00 14840.00 14835.00 14835.00 250.00
20160428  00:14:00 14835.00 14840.00 14835.00 14840.00 182.00
20160428  00:13:00 14835.00 14845.00 14835.00 14835.00 462.00
20160428  00:12:00 14840.00 14840.00 14830.00 14835.00 644.00
20160428  00:11:00 14845.00 14845.00 14840.00 14840.00 566.00
20160428  00:10:00 14850.00 14850.00 14845.00 14845.00 162.00
20160428  00:09:00 14855.00 14855.00 14850.00 14850.00  74.00
20160428  00:08:00 14855.00 14855.00 14855.00 14855.00  60.00
20160428  00:07:00 14855.00 14855.00 14855.00 14855.00   8.00
20160428  00:06:00 14855.00 14855.00 14855.00 14855.00   2.00
20160428  00:05:00 14855.00 14860.00 14855.00 14855.00 210.00
20160428  00:04:00 14860.00 14860.00 14855.00 14855.00  80.00
20160428  00:03:00 14855.00 14860.00 14850.00 14860.00 112.00
20160428  00:02:00 14855.00 14855.00 14855.00 14855.00  34.00
20160428  00:01:00 14860.00 14860.00 14855.00 14855.00 148.00
20160428  00:00:00 14860.00 14865.00 14860.00 14860.00 124.00
20160427  23:59:00 14865.00 14865.00 14860.00 14860.00 384.00
20160427  23:58:00 14855.00 14865.00 14855.00 14865.00  62.00
20160427  23:57:00 14860.00 14860.00 14855.00 14855.00  68.00
20160427  23:56:00 14860.00 14865.00 14855.00 14860.00 314.00
20160427  23:55:00 14865.00 14865.00 14855.00 14860.00  92.00
20160427  23:54:00 14860.00 14865.00 14860.00 14865.00  22.00
20160427  23:53:00 14860.00 14865.00 14860.00 14860.00  42.00
20160427  23:52:00 14865.00 14865.00 14860.00 14860.00  32.00
20160427  23:51:00 14865.00 14870.00 14860.00 14865.00 108.00
20160427  23:50:00 14870.00 14870.00 14860.00 14865.00 280.00
20160427  23:49:00 14860.00 14875.00 14860.00 14870.00 160.00
20160427  23:48:00 14865.00 14865.00 14860.00 14860.00 322.00
20160427  23:47:00 14850.00 14870.00 14850.00 14870.00 404.00
20160427  23:46:00 14840.00 14850.00 14840.00 14850.00 440.00
20160427  23:45:00 14850.00 14850.00 14840.00 14840.00 386.00
20160427  23:44:00 14855.00 14855.00 14845.00 14850.00 764.00
20160427  23:43:00 14850.00 14855.00 14850.00 14855.00 142.00
20160427  23:42:00 14865.00 14865.00 14845.00 14850.00 470.00
20160427  23:41:00 14870.00 14875.00 14865.00 14865.00 762.00
20160427  23:40:00 14870.00 14875.00 14865.00 14870.00 308.00
20160427  23:39:00 14865.00 14880.00 14860.00 14875.00 728.00
20160427  23:38:00 14860.00 14865.00 14860.00 14865.00 494.00
20160427  23:37:00 14865.00 14870.00 14855.00 14860.00 478.00
20160427  23:36:00 14865.00 14870.00 14860.00 14865.00 950.00
20160427  23:35:00 14875.00 14875.00 14860.00 14865.00 292.00
20160427  23:34:00 14880.00 14885.00 14875.00 14875.00 456.00
20160427  23:33:00 14885.00 14895.00 14880.00 14880.00 864.00
20160427  23:32:00 14880.00 14890.00 14880.00 14885.00 862.00
20160427  23:31:00 14860.00 14885.00 14860.00 14880.00 952.00
20160427  23:30:00 14870.00 14870.00 14860.00 14860.00 364.00
20160427  23:29:00 14860.00 14870.00 14855.00 14870.00 298.00
20160427  23:28:00 14860.00 14860.00 14855.00 14855.00 530.00
20160427  23:27:00 14860.00 14865.00 14855.00 14860.00 270.00
20160427  23:26:00 14865.00 14865.00 14855.00 14860.00 408.00
20160427  23:25:00 14850.00 14870.00 14850.00 14865.00 584.00
20160427  23:24:00 14835.00 14855.00 14835.00 14855.00 388.00
20160427  23:23:00 14830.00 14840.00 14830.00 14835.00 136.00
20160427  23:22:00 14840.00 14840.00 14830.00 14830.00 264.00
20160427  23:21:00 14840.00 14845.00 14835.00 14840.00 460.00
20160427  23:20:00 14835.00 14845.00 14830.00 14845.00 234.00
20160427  23:19:00 14835.00 14840.00 14830.00 14835.00 218.00
20160427  23:18:00 14840.00 14840.00 14835.00 14835.00 336.00
20160427  23:17:00 14845.00 14845.00 14840.00 14840.00 420.00
20160427  23:16:00 14840.00 14845.00 14840.00 14845.00 226.00
20160427  23:15:00 14840.00 14845.00 14835.00 14840.00 658.00
20160427  23:14:00 14840.00 14840.00 14835.00 14840.00 418.00
20160427  23:13:00 14845.00 14850.00 14835.00 14835.00 488.00
20160427  23:12:00 14845.00 14850.00 14845.00 14845.00 568.00
20160427  23:11:00 14840.00 14845.00 14835.00 14840.00 338.00
20160427  23:10:00 14830.00 14840.00 14830.00 14840.00 366.00
20160427  23:09:00 14835.00 14840.00 14830.00 14830.00 710.00
20160427  23:08:00 14825.00 14835.00 14820.00 14835.00 560.00
20160427  23:07:00 14825.00 14830.00 14820.00 14825.00 374.00
20160427  23:06:00 14825.00 14830.00 14825.00 14825.00 390.00
20160427  23:05:00 14810.00 14825.00 14805.00 14825.00 754.00
20160427  23:04:00 14810.00 14815.00 14805.00 14810.00 984.00
20160427  23:03:00 14810.00 14815.00 14795.00 14810.00 1030.00
20160427  23:02:00 14800.00 14815.00 14800.00 14810.00 618.00
20160427  23:01:00 14805.00 14810.00 14795.00 14805.00 780.00
20160427  23:00:00 14810.00 14810.00 14790.00 14800.00 1750.00
20160427  22:59:00 14815.00 14815.00 14805.00 14810.00 430.00
20160427  22:58:00 14820.00 14825.00 14810.00 14815.00 584.00
20160427  22:57:00 14815.00 14830.00 14815.00 14815.00 940.00
20160427  22:56:00 14820.00 14820.00 14810.00 14815.00 754.00
20160427  22:55:00 14835.00 14835.00 14815.00 14820.00 452.00
20160427  22:54:00 14825.00 14835.00 14825.00 14835.00 304.00
20160427  22:53:00 14825.00 14830.00 14820.00 14825.00 352.00
20160427  22:52:00 14815.00 14825.00 14805.00 14825.00 652.00
20160427  22:51:00 14825.00 14825.00 14795.00 14815.00 3718.00
20160427  22:50:00 14825.00 14830.00 14820.00 14825.00 1048.00
20160427  22:49:00 14840.00 14840.00 14825.00 14825.00 776.00
20160427  22:48:00 14830.00 14840.00 14830.00 14840.00 270.00
20160427  22:47:00 14835.00 14835.00 14830.00 14830.00 466.00
20160427  22:46:00 14825.00 14835.00 14825.00 14835.00 468.00
20160427  22:45:00 14845.00 14845.00 14820.00 14830.00 692.00
20160427  22:44:00 14840.00 14845.00 14840.00 14845.00 206.00
20160427  22:43:00 14840.00 14845.00 14840.00 14840.00 396.00
20160427  22:42:00 14845.00 14850.00 14830.00 14835.00 864.00
20160427  22:41:00 14820.00 14845.00 14820.00 14845.00 558.00
20160427  22:40:00 14825.00 14830.00 14820.00 14820.00 774.00
20160427  22:39:00 14830.00 14835.00 14825.00 14825.00 300.00
20160427  22:38:00 14835.00 14840.00 14830.00 14830.00 668.00
20160427  22:37:00 14825.00 14840.00 14825.00 14840.00 334.00
20160427  22:36:00 14815.00 14840.00 14815.00 14825.00 1034.00
20160427  22:35:00 14825.00 14835.00 14815.00 14815.00 1040.00
20160427  22:34:00 14835.00 14840.00 14820.00 14825.00 848.00
20160427  22:33:00 14835.00 14840.00 14830.00 14835.00 270.00
20160427  22:32:00 14825.00 14840.00 14820.00 14835.00 956.00
20160427  22:31:00 14820.00 14840.00 14820.00 14825.00 1006.00
20160427  22:30:00 14850.00 14850.00 14810.00 14820.00 2454.00
20160427  22:29:00 14845.00 14850.00 14845.00 14850.00 242.00
20160427  22:28:00 14855.00 14860.00 14840.00 14845.00 474.00
20160427  22:27:00 14845.00 14855.00 14845.00 14855.00 424.00
20160427  22:26:00 14845.00 14850.00 14835.00 14845.00 1018.00
20160427  22:25:00 14850.00 14850.00 14840.00 14845.00 1030.00
20160427  22:24:00 14855.00 14860.00 14845.00 14850.00 658.00
20160427  22:23:00 14855.00 14860.00 14850.00 14855.00 522.00
20160427  22:22:00 14870.00 14870.00 14855.00 14855.00 284.00
20160427  22:21:00 14850.00 14875.00 14850.00 14870.00 710.00
20160427  22:20:00 14850.00 14860.00 14845.00 14850.00 640.00
20160427  22:19:00 14860.00 14860.00 14850.00 14850.00 608.00
20160427  22:18:00 14855.00 14860.00 14855.00 14860.00 660.00
20160427  22:17:00 14865.00 14870.00 14855.00 14855.00 506.00
20160427  22:16:00 14870.00 14875.00 14860.00 14865.00 248.00
20160427  22:15:00 14880.00 14885.00 14865.00 14870.00 706.00
20160427  22:14:00 14885.00 14890.00 14880.00 14885.00 236.00
20160427  22:13:00 14875.00 14885.00 14875.00 14885.00 518.00
20160427  22:12:00 14865.00 14880.00 14865.00 14875.00 548.00
20160427  22:11:00 14865.00 14870.00 14865.00 14865.00 242.00
20160427  22:10:00 14880.00 14880.00 14860.00 14865.00 370.00
20160427  22:09:00 14875.00 14885.00 14870.00 14880.00 610.00
20160427  22:08:00 14880.00 14880.00 14875.00 14875.00 438.00
20160427  22:07:00 14885.00 14885.00 14870.00 14880.00 584.00
20160427  22:06:00 14860.00 14885.00 14860.00 14885.00 1208.00
20160427  22:05:00 14865.00 14865.00 14855.00 14860.00 626.00
20160427  22:04:00 14855.00 14865.00 14850.00 14865.00 464.00
20160427  22:03:00 14855.00 14860.00 14850.00 14855.00 1040.00
20160427  22:02:00 14850.00 14855.00 14850.00 14855.00 318.00
20160427  22:01:00 14845.00 14855.00 14845.00 14850.00 530.00
20160427  22:00:00 14845.00 14850.00 14835.00 14845.00 822.00
20160427  21:59:00 14850.00 14850.00 14845.00 14850.00 184.00
20160427  21:58:00 14845.00 14850.00 14845.00 14850.00 508.00
20160427  21:57:00 14860.00 14860.00 14845.00 14850.00 904.00
20160427  21:56:00 14840.00 14860.00 14840.00 14860.00 1194.00
20160427  21:55:00 14830.00 14845.00 14830.00 14845.00 844.00
20160427  21:54:00 14840.00 14840.00 14830.00 14830.00 878.00
20160427  21:53:00 14855.00 14860.00 14830.00 14840.00 1378.00
20160427  21:52:00 14855.00 14860.00 14850.00 14855.00 246.00
20160427  21:51:00 14855.00 14860.00 14850.00 14855.00 744.00
20160427  21:50:00 14840.00 14865.00 14835.00 14855.00 1716.00
20160427  21:49:00 14840.00 14845.00 14825.00 14845.00 2530.00
20160427  21:48:00 14855.00 14860.00 14820.00 14835.00 3786.00
20160427  21:47:00 14890.00 14890.00 14850.00 14855.00 3626.00
20160427  21:46:00 14900.00 14905.00 14890.00 14890.00 592.00
20160427  21:45:00 14895.00 14905.00 14885.00 14900.00 742.00
20160427  21:44:00 14880.00 14895.00 14880.00 14895.00 1314.00
20160427  21:43:00 14890.00 14895.00 14875.00 14875.00 908.00
20160427  21:42:00 14890.00 14890.00 14875.00 14890.00 1524.00
20160427  21:41:00 14905.00 14915.00 14885.00 14890.00 1702.00
20160427  21:40:00 14925.00 14930.00 14905.00 14905.00 752.00
20160427  21:39:00 14925.00 14930.00 14920.00 14925.00 482.00
20160427  21:38:00 14925.00 14930.00 14925.00 14925.00 486.00
20160427  21:37:00 14935.00 14935.00 14920.00 14925.00 426.00
20160427  21:36:00 14910.00 14935.00 14910.00 14935.00 1150.00
20160427  21:35:00 14920.00 14925.00 14905.00 14910.00 666.00
20160427  21:34:00 14900.00 14920.00 14900.00 14920.00 1406.00
20160427  21:33:00 14920.00 14920.00 14900.00 14900.00 998.00
20160427  21:32:00 14920.00 14930.00 14920.00 14920.00 1186.00
20160427  21:31:00 14920.00 14925.00 14915.00 14925.00 844.00
20160427  21:30:00 14905.00 14920.00 14900.00 14920.00 1930.00
20160427  21:29:00 14945.00 14950.00 14890.00 14905.00 3070.00
20160427  21:28:00 14960.00 14960.00 14940.00 14950.00 1482.00
20160427  21:27:00 14960.00 14975.00 14955.00 14960.00 1406.00
20160427  21:26:00 14985.00 14990.00 14960.00 14960.00 2206.00
20160427  21:25:00 15005.00 15005.00 14985.00 14985.00 1224.00
20160427  21:24:00 15000.00 15010.00 15000.00 15000.00 840.00
20160427  21:23:00 15000.00 15010.00 14995.00 15000.00 964.00
20160427  21:22:00 15020.00 15020.00 15000.00 15000.00 1110.00
20160427  21:21:00 15010.00 15025.00 15010.00 15020.00 718.00
20160427  21:20:00 15000.00 15025.00 14995.00 15010.00 1886.00
20160427  21:19:00 15015.00 15015.00 14995.00 14995.00 780.00
20160427  21:18:00 14985.00 15015.00 14985.00 15015.00 1398.00
20160427  21:17:00 14995.00 15000.00 14985.00 14985.00 610.00
20160427  21:16:00 14985.00 14995.00 14985.00 14995.00 408.00
20160427  21:15:00 14980.00 14990.00 14980.00 14985.00 450.00
20160427  21:14:00 14985.00 14995.00 14975.00 14980.00 524.00
20160427  21:13:00 14965.00 14985.00 14965.00 14985.00 494.00
20160427  21:12:00 14990.00 14995.00 14965.00 14965.00 1130.00
20160427  21:11:00 14985.00 14990.00 14980.00 14990.00 488.00
20160427  21:10:00 14985.00 14990.00 14980.00 14985.00 372.00
20160427  21:09:00 14965.00 14985.00 14965.00 14980.00 602.00
20160427  21:08:00 14975.00 14975.00 14960.00 14965.00 438.00
20160427  21:07:00 14965.00 14980.00 14965.00 14975.00 1438.00
20160427  21:06:00 14955.00 14965.00 14935.00 14965.00 1564.00
20160427  21:05:00 14960.00 14965.00 14950.00 14955.00 806.00
20160427  21:04:00 14965.00 14975.00 14960.00 14965.00 426.00
20160427  21:03:00 14985.00 14985.00 14960.00 14965.00 938.00
20160427  21:02:00 14980.00 14990.00 14975.00 14980.00 544.00
20160427  21:01:00 14990.00 15000.00 14980.00 14985.00 1460.00
20160427  21:00:00 14990.00 14995.00 14965.00 14995.00 1752.00
