20161019  15:00:00 18160.00 18160.00 18160.00 18160.00   0.00
20161019  14:59:00 18140.00 18160.00 18140.00 18160.00 1322.00
20161019  14:58:00 18160.00 18160.00 18145.00 18145.00 528.00
20161019  14:57:00 18145.00 18160.00 18145.00 18160.00 862.00
20161019  14:56:00 18150.00 18150.00 18135.00 18145.00 682.00
20161019  14:55:00 18145.00 18155.00 18145.00 18150.00 812.00
20161019  14:54:00 18155.00 18155.00 18140.00 18145.00 538.00
20161019  14:53:00 18135.00 18155.00 18135.00 18155.00 852.00
20161019  14:52:00 18140.00 18140.00 18135.00 18135.00 182.00
20161019  14:51:00 18135.00 18145.00 18125.00 18140.00 978.00
20161019  14:50:00 18145.00 18145.00 18135.00 18135.00 1086.00
20161019  14:49:00 18145.00 18150.00 18140.00 18140.00 968.00
20161019  14:48:00 18150.00 18155.00 18145.00 18145.00 456.00
20161019  14:47:00 18170.00 18170.00 18145.00 18150.00 1178.00
20161019  14:46:00 18160.00 18175.00 18160.00 18170.00 522.00
20161019  14:45:00 18160.00 18165.00 18160.00 18160.00 590.00
20161019  14:44:00 18160.00 18165.00 18160.00 18160.00 218.00
20161019  14:43:00 18160.00 18165.00 18155.00 18160.00 704.00
20161019  14:42:00 18175.00 18175.00 18160.00 18160.00 642.00
20161019  14:41:00 18165.00 18185.00 18160.00 18175.00 1868.00
20161019  14:40:00 18160.00 18165.00 18140.00 18160.00 1580.00
20161019  14:39:00 18130.00 18160.00 18130.00 18160.00 700.00
20161019  14:38:00 18120.00 18135.00 18120.00 18130.00 606.00
20161019  14:37:00 18135.00 18135.00 18120.00 18120.00 1316.00
20161019  14:36:00 18135.00 18140.00 18130.00 18135.00 512.00
20161019  14:35:00 18145.00 18150.00 18135.00 18135.00 356.00
20161019  14:34:00 18150.00 18155.00 18140.00 18145.00 400.00
20161019  14:33:00 18140.00 18150.00 18135.00 18150.00 846.00
20161019  14:32:00 18140.00 18140.00 18135.00 18135.00 446.00
20161019  14:31:00 18145.00 18145.00 18140.00 18140.00 212.00
20161019  14:30:00 18135.00 18145.00 18135.00 18145.00 430.00
20161019  14:29:00 18145.00 18145.00 18130.00 18135.00 506.00
20161019  14:28:00 18140.00 18145.00 18135.00 18145.00 258.00
20161019  14:27:00 18150.00 18150.00 18140.00 18140.00 446.00
20161019  14:26:00 18145.00 18150.00 18145.00 18150.00 200.00
20161019  14:25:00 18140.00 18145.00 18140.00 18145.00 482.00
20161019  14:24:00 18140.00 18145.00 18140.00 18140.00 202.00
20161019  14:23:00 18145.00 18145.00 18140.00 18140.00  28.00
20161019  14:22:00 18145.00 18145.00 18140.00 18145.00 436.00
20161019  14:21:00 18150.00 18155.00 18140.00 18145.00 652.00
20161019  14:20:00 18140.00 18155.00 18135.00 18150.00 1020.00
20161019  14:19:00 18135.00 18145.00 18135.00 18140.00 612.00
20161019  14:18:00 18140.00 18145.00 18135.00 18135.00 1242.00
20161019  14:17:00 18130.00 18140.00 18130.00 18140.00 468.00
20161019  14:16:00 18125.00 18135.00 18125.00 18130.00 988.00
20161019  14:15:00 18105.00 18125.00 18100.00 18120.00 640.00
20161019  14:14:00 18115.00 18115.00 18095.00 18105.00 1536.00
20161019  14:13:00 18115.00 18120.00 18110.00 18115.00 478.00
20161019  14:12:00 18125.00 18130.00 18110.00 18110.00 1070.00
20161019  14:11:00 18125.00 18130.00 18120.00 18125.00 534.00
20161019  14:10:00 18125.00 18130.00 18120.00 18120.00 734.00
20161019  14:09:00 18120.00 18125.00 18120.00 18125.00 466.00
20161019  14:08:00 18125.00 18130.00 18110.00 18120.00 1488.00
20161019  14:07:00 18135.00 18140.00 18125.00 18125.00 666.00
20161019  14:06:00 18125.00 18140.00 18125.00 18135.00 1116.00
20161019  14:05:00 18110.00 18130.00 18105.00 18125.00 1452.00
20161019  14:04:00 18130.00 18130.00 18110.00 18110.00 640.00
20161019  14:03:00 18125.00 18130.00 18120.00 18130.00 1328.00
20161019  14:02:00 18120.00 18125.00 18120.00 18125.00 562.00
20161019  14:01:00 18125.00 18130.00 18110.00 18120.00 1028.00
20161019  14:00:00 18125.00 18130.00 18120.00 18125.00 980.00
20161019  13:59:00 18130.00 18135.00 18120.00 18125.00 484.00
20161019  13:58:00 18135.00 18140.00 18130.00 18130.00 324.00
20161019  13:57:00 18135.00 18145.00 18130.00 18135.00 366.00
20161019  13:56:00 18130.00 18135.00 18130.00 18135.00 182.00
20161019  13:55:00 18140.00 18140.00 18125.00 18130.00 648.00
20161019  13:54:00 18140.00 18145.00 18135.00 18135.00 296.00
20161019  13:53:00 18135.00 18145.00 18135.00 18140.00 356.00
20161019  13:52:00 18140.00 18145.00 18130.00 18140.00 586.00
20161019  13:51:00 18140.00 18145.00 18130.00 18140.00 474.00
20161019  13:50:00 18145.00 18145.00 18135.00 18140.00 514.00
20161019  13:49:00 18140.00 18145.00 18135.00 18140.00 700.00
20161019  13:48:00 18145.00 18150.00 18130.00 18140.00 780.00
20161019  13:47:00 18145.00 18155.00 18140.00 18145.00 980.00
20161019  13:46:00 18140.00 18145.00 18135.00 18145.00 600.00
20161019  13:45:00 18130.00 18140.00 18125.00 18140.00 830.00
20161019  13:44:00 18125.00 18130.00 18125.00 18125.00 178.00
20161019  13:43:00 18120.00 18130.00 18120.00 18125.00 722.00
20161019  13:42:00 18125.00 18125.00 18115.00 18120.00 812.00
20161019  13:41:00 18100.00 18135.00 18100.00 18125.00 1714.00
20161019  13:40:00 18100.00 18115.00 18095.00 18095.00 2766.00
20161019  13:39:00 18130.00 18130.00 18105.00 18105.00 1872.00
20161019  13:38:00 18125.00 18130.00 18115.00 18130.00 1342.00
20161019  13:37:00 18135.00 18160.00 18115.00 18125.00 2274.00
20161019  13:36:00 18130.00 18140.00 18130.00 18135.00 558.00
20161019  13:35:00 18135.00 18140.00 18125.00 18130.00 1406.00
20161019  13:34:00 18115.00 18150.00 18105.00 18135.00 2548.00
20161019  13:33:00 18105.00 18120.00 18100.00 18115.00 1194.00
20161019  13:32:00 18115.00 18120.00 18105.00 18105.00 1060.00
20161019  13:31:00 18100.00 18130.00 18100.00 18120.00 1948.00
20161019  13:30:00 18150.00 18150.00 18100.00 18100.00 4812.00
20161019  11:29:00 18180.00 18180.00 18150.00 18155.00 1970.00
20161019  11:28:00 18185.00 18185.00 18180.00 18180.00 404.00
20161019  11:27:00 18190.00 18190.00 18180.00 18185.00 340.00
20161019  11:26:00 18175.00 18195.00 18175.00 18185.00 1116.00
20161019  11:25:00 18180.00 18185.00 18170.00 18175.00 930.00
20161019  11:24:00 18180.00 18180.00 18170.00 18180.00 792.00
20161019  11:23:00 18175.00 18180.00 18165.00 18180.00 1330.00
20161019  11:22:00 18185.00 18185.00 18175.00 18175.00 414.00
20161019  11:21:00 18185.00 18195.00 18175.00 18185.00 1182.00
20161019  11:20:00 18190.00 18190.00 18175.00 18190.00 1262.00
20161019  11:19:00 18205.00 18210.00 18175.00 18185.00 2152.00
20161019  11:18:00 18210.00 18210.00 18205.00 18205.00 316.00
20161019  11:17:00 18215.00 18220.00 18210.00 18210.00 758.00
20161019  11:16:00 18225.00 18230.00 18215.00 18215.00 506.00
20161019  11:15:00 18230.00 18235.00 18225.00 18225.00 436.00
20161019  11:14:00 18235.00 18235.00 18225.00 18230.00 712.00
20161019  11:13:00 18220.00 18240.00 18220.00 18235.00 1242.00
20161019  11:12:00 18215.00 18225.00 18215.00 18220.00 452.00
20161019  11:11:00 18215.00 18220.00 18210.00 18215.00 354.00
20161019  11:10:00 18220.00 18220.00 18215.00 18215.00  54.00
20161019  11:09:00 18215.00 18225.00 18210.00 18220.00 1226.00
20161019  11:08:00 18220.00 18220.00 18210.00 18215.00 366.00
20161019  11:07:00 18220.00 18225.00 18215.00 18220.00 226.00
20161019  11:06:00 18225.00 18225.00 18215.00 18220.00 550.00
20161019  11:05:00 18215.00 18225.00 18215.00 18225.00 414.00
20161019  11:04:00 18225.00 18225.00 18215.00 18215.00 684.00
20161019  11:03:00 18215.00 18225.00 18215.00 18225.00 706.00
20161019  11:02:00 18215.00 18220.00 18215.00 18215.00 166.00
20161019  11:01:00 18210.00 18220.00 18210.00 18215.00 288.00
20161019  11:00:00 18210.00 18215.00 18210.00 18215.00 652.00
20161019  10:59:00 18215.00 18215.00 18210.00 18210.00 178.00
20161019  10:58:00 18210.00 18215.00 18205.00 18215.00 680.00
20161019  10:57:00 18215.00 18220.00 18205.00 18210.00 456.00
20161019  10:56:00 18220.00 18225.00 18215.00 18215.00 1020.00
20161019  10:55:00 18215.00 18225.00 18210.00 18220.00 702.00
20161019  10:54:00 18210.00 18220.00 18210.00 18215.00 324.00
20161019  10:53:00 18210.00 18215.00 18205.00 18210.00 602.00
20161019  10:52:00 18220.00 18220.00 18210.00 18210.00 302.00
20161019  10:51:00 18225.00 18230.00 18210.00 18215.00 1000.00
20161019  10:50:00 18215.00 18225.00 18215.00 18225.00 556.00
20161019  10:49:00 18215.00 18220.00 18210.00 18220.00 274.00
20161019  10:48:00 18210.00 18215.00 18210.00 18210.00 172.00
20161019  10:47:00 18210.00 18215.00 18205.00 18205.00 288.00
20161019  10:46:00 18205.00 18210.00 18200.00 18210.00 350.00
20161019  10:45:00 18210.00 18210.00 18200.00 18205.00 908.00
20161019  10:44:00 18210.00 18215.00 18205.00 18205.00 572.00
20161019  10:43:00 18210.00 18215.00 18205.00 18210.00 540.00
20161019  10:42:00 18220.00 18220.00 18205.00 18210.00 578.00
20161019  10:41:00 18205.00 18220.00 18200.00 18215.00 620.00
20161019  10:40:00 18225.00 18225.00 18205.00 18205.00 978.00
20161019  10:39:00 18220.00 18225.00 18220.00 18220.00 626.00
20161019  10:38:00 18225.00 18225.00 18220.00 18220.00 624.00
20161019  10:37:00 18220.00 18225.00 18215.00 18225.00 346.00
20161019  10:36:00 18225.00 18225.00 18215.00 18220.00 546.00
20161019  10:35:00 18215.00 18220.00 18210.00 18220.00 446.00
20161019  10:34:00 18210.00 18220.00 18210.00 18215.00 220.00
20161019  10:33:00 18220.00 18220.00 18210.00 18210.00 376.00
20161019  10:32:00 18220.00 18220.00 18215.00 18220.00 354.00
20161019  10:31:00 18210.00 18225.00 18210.00 18220.00 416.00
20161019  10:30:00 18200.00 18225.00 18200.00 18215.00 2040.00
20161019  10:14:00 18210.00 18210.00 18195.00 18200.00 714.00
20161019  10:13:00 18205.00 18210.00 18205.00 18210.00 318.00
20161019  10:12:00 18210.00 18215.00 18200.00 18205.00 452.00
20161019  10:11:00 18205.00 18215.00 18205.00 18210.00 1032.00
20161019  10:10:00 18195.00 18210.00 18195.00 18205.00 1520.00
20161019  10:09:00 18185.00 18195.00 18180.00 18195.00 1292.00
20161019  10:08:00 18175.00 18185.00 18175.00 18185.00 516.00
20161019  10:07:00 18175.00 18180.00 18170.00 18175.00 242.00
20161019  10:06:00 18180.00 18180.00 18175.00 18175.00 320.00
20161019  10:05:00 18185.00 18185.00 18180.00 18180.00 198.00
20161019  10:04:00 18185.00 18185.00 18175.00 18185.00 246.00
20161019  10:03:00 18180.00 18185.00 18180.00 18185.00 286.00
20161019  10:02:00 18180.00 18185.00 18180.00 18180.00 468.00
20161019  10:01:00 18185.00 18185.00 18175.00 18180.00 822.00
20161019  10:00:00 18170.00 18185.00 18170.00 18185.00 1270.00
20161019  09:59:00 18175.00 18175.00 18165.00 18170.00 364.00
20161019  09:58:00 18170.00 18175.00 18170.00 18175.00  38.00
20161019  09:57:00 18170.00 18175.00 18165.00 18170.00 210.00
20161019  09:56:00 18165.00 18170.00 18165.00 18170.00 190.00
20161019  09:55:00 18170.00 18175.00 18165.00 18165.00 396.00
20161019  09:54:00 18175.00 18175.00 18170.00 18175.00  66.00
20161019  09:53:00 18170.00 18175.00 18170.00 18175.00  68.00
20161019  09:52:00 18165.00 18180.00 18165.00 18170.00 558.00
20161019  09:51:00 18160.00 18165.00 18160.00 18165.00 292.00
20161019  09:50:00 18165.00 18165.00 18160.00 18160.00 322.00
20161019  09:49:00 18170.00 18170.00 18165.00 18165.00 394.00
20161019  09:48:00 18165.00 18170.00 18165.00 18165.00  50.00
20161019  09:47:00 18165.00 18170.00 18165.00 18165.00 398.00
20161019  09:46:00 18165.00 18170.00 18165.00 18165.00 234.00
20161019  09:45:00 18170.00 18175.00 18160.00 18165.00 554.00
20161019  09:44:00 18170.00 18175.00 18165.00 18170.00 272.00
20161019  09:43:00 18160.00 18175.00 18160.00 18170.00 406.00
20161019  09:42:00 18160.00 18165.00 18155.00 18165.00 406.00
20161019  09:41:00 18165.00 18165.00 18155.00 18160.00 434.00
20161019  09:40:00 18165.00 18170.00 18160.00 18160.00 326.00
20161019  09:39:00 18165.00 18165.00 18155.00 18165.00 294.00
20161019  09:38:00 18175.00 18180.00 18165.00 18165.00 594.00
20161019  09:37:00 18170.00 18175.00 18160.00 18175.00 636.00
20161019  09:36:00 18160.00 18180.00 18160.00 18170.00 1182.00
20161019  09:35:00 18165.00 18165.00 18160.00 18160.00 548.00
20161019  09:34:00 18140.00 18170.00 18140.00 18165.00 846.00
20161019  09:33:00 18155.00 18155.00 18140.00 18140.00 642.00
20161019  09:32:00 18145.00 18155.00 18145.00 18150.00 392.00
20161019  09:31:00 18155.00 18155.00 18145.00 18145.00 468.00
20161019  09:30:00 18145.00 18160.00 18140.00 18155.00 1022.00
20161019  09:29:00 18145.00 18150.00 18140.00 18145.00 576.00
20161019  09:28:00 18125.00 18145.00 18125.00 18145.00 678.00
20161019  09:27:00 18145.00 18150.00 18125.00 18125.00 894.00
20161019  09:26:00 18140.00 18145.00 18135.00 18145.00 280.00
20161019  09:25:00 18135.00 18145.00 18135.00 18140.00 596.00
20161019  09:24:00 18135.00 18135.00 18125.00 18135.00 512.00
20161019  09:23:00 18145.00 18145.00 18120.00 18135.00 920.00
20161019  09:22:00 18145.00 18145.00 18135.00 18145.00 1006.00
20161019  09:21:00 18115.00 18155.00 18115.00 18150.00 1638.00
20161019  09:20:00 18115.00 18120.00 18105.00 18115.00 1012.00
20161019  09:19:00 18115.00 18120.00 18110.00 18115.00 1248.00
20161019  09:18:00 18110.00 18120.00 18105.00 18110.00 1186.00
20161019  09:17:00 18120.00 18120.00 18100.00 18105.00 3694.00
20161019  09:16:00 18155.00 18155.00 18110.00 18115.00 3154.00
20161019  09:15:00 18155.00 18175.00 18145.00 18155.00 1764.00
20161019  09:14:00 18165.00 18170.00 18145.00 18155.00 1914.00
20161019  09:13:00 18175.00 18180.00 18160.00 18165.00 1392.00
20161019  09:12:00 18175.00 18180.00 18155.00 18175.00 1394.00
20161019  09:11:00 18170.00 18180.00 18165.00 18175.00 666.00
20161019  09:10:00 18195.00 18195.00 18170.00 18170.00 1332.00
20161019  09:09:00 18180.00 18200.00 18175.00 18195.00 1452.00
20161019  09:08:00 18180.00 18185.00 18170.00 18180.00 1294.00
20161019  09:07:00 18190.00 18190.00 18175.00 18175.00 684.00
20161019  09:06:00 18190.00 18195.00 18185.00 18185.00 1198.00
20161019  09:05:00 18185.00 18205.00 18185.00 18190.00 2126.00
20161019  09:04:00 18170.00 18190.00 18165.00 18190.00 1402.00
20161019  09:03:00 18155.00 18170.00 18155.00 18170.00 922.00
20161019  09:02:00 18165.00 18175.00 18155.00 18155.00 1636.00
20161019  09:01:00 18170.00 18170.00 18135.00 18165.00 2112.00
20161019  09:00:00 18165.00 18175.00 18160.00 18170.00 1602.00
20161019  01:00:00 18160.00 18160.00 18160.00 18160.00   8.00
20161019  00:59:00 18150.00 18165.00 18150.00 18160.00 626.00
20161019  00:58:00 18155.00 18160.00 18155.00 18160.00 268.00
20161019  00:57:00 18150.00 18160.00 18150.00 18155.00 204.00
20161019  00:56:00 18150.00 18160.00 18150.00 18155.00 236.00
20161019  00:55:00 18145.00 18155.00 18140.00 18150.00 226.00
20161019  00:54:00 18145.00 18145.00 18140.00 18145.00 264.00
20161019  00:53:00 18150.00 18150.00 18145.00 18145.00 150.00
20161019  00:52:00 18155.00 18155.00 18150.00 18150.00  28.00
20161019  00:51:00 18155.00 18155.00 18155.00 18155.00   2.00
20161019  00:50:00 18150.00 18155.00 18150.00 18150.00  12.00
20161019  00:49:00 18150.00 18155.00 18150.00 18150.00 114.00
20161019  00:48:00 18155.00 18160.00 18150.00 18150.00 260.00
20161019  00:47:00 18155.00 18155.00 18155.00 18155.00  62.00
20161019  00:46:00 18165.00 18165.00 18155.00 18155.00 312.00
20161019  00:45:00 18165.00 18165.00 18160.00 18165.00 132.00
20161019  00:44:00 18160.00 18170.00 18160.00 18165.00 128.00
20161019  00:43:00 18160.00 18165.00 18160.00 18160.00 646.00
20161019  00:42:00 18155.00 18160.00 18155.00 18160.00  84.00
20161019  00:41:00 18160.00 18160.00 18155.00 18155.00  16.00
20161019  00:40:00 18160.00 18160.00 18160.00 18160.00  20.00
20161019  00:39:00 18160.00 18160.00 18160.00 18160.00  14.00
20161019  00:38:00 18160.00 18160.00 18155.00 18160.00  20.00
20161019  00:37:00 18155.00 18160.00 18150.00 18160.00 214.00
20161019  00:36:00 18155.00 18155.00 18150.00 18155.00  18.00
20161019  00:35:00 18150.00 18150.00 18145.00 18150.00 200.00
20161019  00:34:00 18150.00 18150.00 18145.00 18150.00 224.00
20161019  00:33:00 18155.00 18155.00 18155.00 18155.00  96.00
20161019  00:32:00 18150.00 18155.00 18150.00 18155.00  30.00
20161019  00:31:00 18150.00 18155.00 18150.00 18150.00  10.00
20161019  00:30:00 18155.00 18155.00 18150.00 18150.00  46.00
20161019  00:29:00 18155.00 18160.00 18150.00 18155.00 194.00
20161019  00:28:00 18145.00 18155.00 18145.00 18155.00 766.00
20161019  00:27:00 18135.00 18145.00 18135.00 18140.00 272.00
20161019  00:26:00 18145.00 18145.00 18135.00 18135.00 896.00
20161019  00:25:00 18145.00 18145.00 18140.00 18140.00 116.00
20161019  00:24:00 18145.00 18145.00 18145.00 18145.00   4.00
20161019  00:23:00 18155.00 18155.00 18140.00 18145.00 536.00
20161019  00:22:00 18155.00 18155.00 18155.00 18155.00 112.00
20161019  00:21:00 18160.00 18160.00 18155.00 18155.00   6.00
20161019  00:20:00 18155.00 18160.00 18155.00 18160.00  28.00
20161019  00:19:00 18155.00 18160.00 18155.00 18155.00  96.00
20161019  00:18:00 18155.00 18155.00 18150.00 18155.00  78.00
20161019  00:17:00 18150.00 18155.00 18150.00 18155.00 368.00
20161019  00:16:00 18150.00 18150.00 18145.00 18150.00  62.00
20161019  00:15:00 18150.00 18150.00 18145.00 18150.00  48.00
20161019  00:14:00 18160.00 18160.00 18145.00 18145.00 616.00
20161019  00:13:00 18160.00 18160.00 18160.00 18160.00 124.00
20161019  00:12:00 18160.00 18160.00 18160.00 18160.00  36.00
20161019  00:11:00 18170.00 18170.00 18160.00 18160.00 322.00
20161019  00:10:00 18160.00 18170.00 18160.00 18165.00 154.00
20161019  00:09:00 18165.00 18165.00 18160.00 18160.00   4.00
20161019  00:08:00 18160.00 18170.00 18160.00 18165.00 348.00
20161019  00:07:00 18165.00 18165.00 18160.00 18160.00   6.00
20161019  00:06:00 18165.00 18165.00 18160.00 18160.00 232.00
20161019  00:05:00 18160.00 18170.00 18160.00 18165.00 266.00
20161019  00:04:00 18155.00 18160.00 18150.00 18160.00 500.00
20161019  00:03:00 18150.00 18155.00 18150.00 18155.00  42.00
20161019  00:02:00 18160.00 18160.00 18150.00 18150.00 290.00
20161019  00:01:00 18165.00 18165.00 18155.00 18160.00 238.00
20161019  00:00:00 18160.00 18165.00 18160.00 18165.00 182.00
20161018  23:59:00 18165.00 18165.00 18160.00 18160.00 228.00
20161018  23:58:00 18160.00 18165.00 18160.00 18165.00 234.00
20161018  23:57:00 18170.00 18170.00 18155.00 18155.00 698.00
20161018  23:56:00 18170.00 18175.00 18165.00 18165.00 304.00
20161018  23:55:00 18160.00 18170.00 18160.00 18170.00 676.00
20161018  23:54:00 18155.00 18165.00 18150.00 18160.00 762.00
20161018  23:53:00 18155.00 18155.00 18150.00 18155.00 266.00
20161018  23:52:00 18160.00 18160.00 18155.00 18155.00 238.00
20161018  23:51:00 18155.00 18160.00 18150.00 18155.00 318.00
20161018  23:50:00 18150.00 18155.00 18145.00 18155.00 458.00
20161018  23:49:00 18145.00 18150.00 18140.00 18150.00 208.00
20161018  23:48:00 18145.00 18150.00 18145.00 18145.00 402.00
20161018  23:47:00 18150.00 18150.00 18145.00 18145.00  70.00
20161018  23:46:00 18140.00 18150.00 18140.00 18150.00 722.00
20161018  23:45:00 18145.00 18145.00 18135.00 18140.00 890.00
20161018  23:44:00 18145.00 18150.00 18145.00 18145.00 174.00
20161018  23:43:00 18150.00 18150.00 18145.00 18145.00 330.00
20161018  23:42:00 18155.00 18160.00 18150.00 18150.00 884.00
20161018  23:41:00 18145.00 18155.00 18145.00 18155.00 272.00
20161018  23:40:00 18155.00 18155.00 18145.00 18150.00 918.00
20161018  23:39:00 18155.00 18160.00 18155.00 18155.00 186.00
20161018  23:38:00 18160.00 18165.00 18155.00 18155.00 938.00
20161018  23:37:00 18160.00 18165.00 18160.00 18160.00 304.00
20161018  23:36:00 18155.00 18165.00 18155.00 18160.00 1090.00
20161018  23:35:00 18155.00 18155.00 18145.00 18155.00 1760.00
20161018  23:34:00 18160.00 18165.00 18150.00 18155.00 652.00
20161018  23:33:00 18175.00 18175.00 18160.00 18160.00 708.00
20161018  23:32:00 18180.00 18185.00 18175.00 18175.00 418.00
20161018  23:31:00 18185.00 18185.00 18175.00 18180.00 974.00
20161018  23:30:00 18170.00 18185.00 18165.00 18180.00 1078.00
20161018  23:29:00 18160.00 18170.00 18155.00 18170.00 862.00
20161018  23:28:00 18165.00 18170.00 18160.00 18160.00 1668.00
20161018  23:27:00 18165.00 18165.00 18160.00 18165.00 398.00
20161018  23:26:00 18165.00 18170.00 18160.00 18165.00  80.00
20161018  23:25:00 18175.00 18175.00 18160.00 18160.00 764.00
20161018  23:24:00 18175.00 18175.00 18170.00 18170.00 252.00
20161018  23:23:00 18175.00 18175.00 18170.00 18170.00 382.00
20161018  23:22:00 18165.00 18175.00 18165.00 18170.00 364.00
20161018  23:21:00 18170.00 18175.00 18165.00 18170.00 406.00
20161018  23:20:00 18165.00 18170.00 18160.00 18165.00 248.00
20161018  23:19:00 18165.00 18165.00 18160.00 18165.00 264.00
20161018  23:18:00 18165.00 18170.00 18165.00 18165.00 306.00
20161018  23:17:00 18170.00 18170.00 18165.00 18165.00 310.00
20161018  23:16:00 18175.00 18175.00 18170.00 18170.00 110.00
20161018  23:15:00 18170.00 18175.00 18170.00 18175.00 212.00
20161018  23:14:00 18180.00 18185.00 18165.00 18170.00 1262.00
20161018  23:13:00 18175.00 18185.00 18175.00 18180.00 330.00
20161018  23:12:00 18180.00 18180.00 18175.00 18175.00 326.00
20161018  23:11:00 18185.00 18185.00 18175.00 18180.00 392.00
20161018  23:10:00 18190.00 18190.00 18180.00 18185.00  88.00
20161018  23:09:00 18190.00 18190.00 18185.00 18190.00  20.00
20161018  23:08:00 18190.00 18190.00 18190.00 18190.00 146.00
20161018  23:07:00 18185.00 18190.00 18180.00 18190.00 376.00
20161018  23:06:00 18185.00 18185.00 18180.00 18185.00 132.00
20161018  23:05:00 18185.00 18190.00 18180.00 18190.00 950.00
20161018  23:04:00 18180.00 18185.00 18180.00 18180.00 550.00
20161018  23:03:00 18175.00 18180.00 18170.00 18180.00 572.00
20161018  23:02:00 18170.00 18180.00 18170.00 18175.00 286.00
20161018  23:01:00 18160.00 18175.00 18160.00 18175.00 608.00
20161018  23:00:00 18165.00 18170.00 18160.00 18160.00 332.00
20161018  22:59:00 18165.00 18170.00 18160.00 18165.00 880.00
20161018  22:58:00 18165.00 18165.00 18160.00 18165.00 500.00
20161018  22:57:00 18165.00 18170.00 18160.00 18165.00 558.00
20161018  22:56:00 18170.00 18175.00 18160.00 18165.00 816.00
20161018  22:55:00 18175.00 18180.00 18170.00 18175.00 462.00
20161018  22:54:00 18170.00 18180.00 18170.00 18175.00 468.00
20161018  22:53:00 18190.00 18190.00 18170.00 18170.00 494.00
20161018  22:52:00 18185.00 18185.00 18180.00 18185.00  90.00
20161018  22:51:00 18180.00 18190.00 18180.00 18185.00 216.00
20161018  22:50:00 18185.00 18190.00 18180.00 18180.00 852.00
20161018  22:49:00 18200.00 18200.00 18185.00 18185.00 306.00
20161018  22:48:00 18185.00 18200.00 18180.00 18200.00 890.00
20161018  22:47:00 18180.00 18185.00 18170.00 18185.00 1318.00
20161018  22:46:00 18195.00 18195.00 18180.00 18180.00 1002.00
20161018  22:45:00 18195.00 18195.00 18190.00 18190.00 324.00
20161018  22:44:00 18195.00 18200.00 18190.00 18195.00 426.00
20161018  22:43:00 18190.00 18200.00 18190.00 18195.00 536.00
20161018  22:42:00 18205.00 18205.00 18190.00 18190.00 1182.00
20161018  22:41:00 18220.00 18220.00 18200.00 18205.00 674.00
20161018  22:40:00 18205.00 18220.00 18205.00 18220.00 608.00
20161018  22:39:00 18220.00 18220.00 18205.00 18210.00 842.00
20161018  22:38:00 18220.00 18220.00 18215.00 18220.00 212.00
20161018  22:37:00 18220.00 18225.00 18215.00 18220.00 500.00
20161018  22:36:00 18220.00 18230.00 18215.00 18220.00 944.00
20161018  22:35:00 18215.00 18230.00 18215.00 18220.00 1542.00
20161018  22:34:00 18205.00 18220.00 18205.00 18215.00 442.00
20161018  22:33:00 18210.00 18215.00 18205.00 18205.00 204.00
20161018  22:32:00 18210.00 18220.00 18210.00 18210.00 330.00
20161018  22:31:00 18210.00 18220.00 18205.00 18205.00 1002.00
20161018  22:30:00 18200.00 18215.00 18195.00 18210.00 618.00
20161018  22:29:00 18195.00 18205.00 18190.00 18200.00 762.00
20161018  22:28:00 18205.00 18205.00 18200.00 18200.00 176.00
20161018  22:27:00 18205.00 18205.00 18200.00 18205.00 206.00
20161018  22:26:00 18215.00 18215.00 18195.00 18205.00 694.00
20161018  22:25:00 18210.00 18220.00 18210.00 18215.00 786.00
20161018  22:24:00 18195.00 18210.00 18195.00 18210.00 334.00
20161018  22:23:00 18195.00 18200.00 18195.00 18195.00  40.00
20161018  22:22:00 18195.00 18200.00 18185.00 18195.00 408.00
20161018  22:21:00 18210.00 18210.00 18195.00 18195.00 502.00
20161018  22:20:00 18210.00 18215.00 18210.00 18210.00 314.00
20161018  22:19:00 18195.00 18215.00 18195.00 18210.00 1010.00
20161018  22:18:00 18195.00 18195.00 18195.00 18195.00 214.00
20161018  22:17:00 18190.00 18195.00 18190.00 18195.00 168.00
20161018  22:16:00 18185.00 18195.00 18185.00 18190.00 328.00
20161018  22:15:00 18200.00 18205.00 18180.00 18185.00 1094.00
20161018  22:14:00 18200.00 18200.00 18195.00 18200.00 536.00
20161018  22:13:00 18190.00 18200.00 18190.00 18200.00 288.00
20161018  22:12:00 18190.00 18195.00 18185.00 18190.00 1048.00
20161018  22:11:00 18205.00 18205.00 18190.00 18190.00 388.00
20161018  22:10:00 18210.00 18210.00 18190.00 18200.00 1220.00
20161018  22:09:00 18210.00 18210.00 18205.00 18210.00  66.00
20161018  22:08:00 18205.00 18210.00 18205.00 18210.00 350.00
20161018  22:07:00 18205.00 18210.00 18205.00 18205.00 196.00
20161018  22:06:00 18205.00 18210.00 18200.00 18205.00 424.00
20161018  22:05:00 18205.00 18210.00 18205.00 18205.00 456.00
20161018  22:04:00 18205.00 18210.00 18205.00 18205.00 498.00
20161018  22:03:00 18205.00 18210.00 18200.00 18205.00 366.00
20161018  22:02:00 18185.00 18210.00 18185.00 18205.00 814.00
20161018  22:01:00 18190.00 18190.00 18180.00 18185.00 814.00
20161018  22:00:00 18205.00 18205.00 18180.00 18185.00 1080.00
20161018  21:59:00 18190.00 18210.00 18190.00 18205.00 1478.00
20161018  21:58:00 18195.00 18205.00 18190.00 18190.00 1524.00
20161018  21:57:00 18210.00 18215.00 18190.00 18195.00 2156.00
20161018  21:56:00 18215.00 18215.00 18210.00 18210.00 248.00
20161018  21:55:00 18200.00 18215.00 18195.00 18215.00 1692.00
20161018  21:54:00 18210.00 18215.00 18200.00 18200.00 838.00
20161018  21:53:00 18200.00 18220.00 18200.00 18210.00 1616.00
20161018  21:52:00 18225.00 18230.00 18195.00 18195.00 3048.00
20161018  21:51:00 18225.00 18230.00 18220.00 18225.00 450.00
20161018  21:50:00 18225.00 18230.00 18225.00 18225.00 642.00
20161018  21:49:00 18225.00 18230.00 18215.00 18225.00 604.00
20161018  21:48:00 18240.00 18245.00 18220.00 18225.00 1364.00
20161018  21:47:00 18260.00 18260.00 18235.00 18240.00 638.00
20161018  21:46:00 18240.00 18265.00 18240.00 18260.00 1040.00
20161018  21:45:00 18250.00 18250.00 18240.00 18240.00 966.00
20161018  21:44:00 18245.00 18255.00 18240.00 18250.00 1056.00
20161018  21:43:00 18240.00 18245.00 18235.00 18245.00 568.00
20161018  21:42:00 18250.00 18250.00 18240.00 18240.00 1014.00
20161018  21:41:00 18250.00 18255.00 18250.00 18250.00 334.00
20161018  21:40:00 18255.00 18255.00 18250.00 18250.00 378.00
20161018  21:39:00 18260.00 18260.00 18250.00 18255.00 578.00
20161018  21:38:00 18255.00 18265.00 18250.00 18260.00 776.00
20161018  21:37:00 18245.00 18255.00 18245.00 18250.00 672.00
20161018  21:36:00 18245.00 18265.00 18245.00 18245.00 1766.00
20161018  21:35:00 18225.00 18245.00 18225.00 18245.00 1244.00
20161018  21:34:00 18235.00 18240.00 18210.00 18225.00 1886.00
20161018  21:33:00 18235.00 18245.00 18230.00 18235.00 882.00
20161018  21:32:00 18225.00 18240.00 18220.00 18230.00 1252.00
20161018  21:31:00 18230.00 18235.00 18215.00 18225.00 1964.00
20161018  21:30:00 18245.00 18260.00 18225.00 18230.00 3292.00
20161018  21:29:00 18265.00 18270.00 18245.00 18245.00 1852.00
20161018  21:28:00 18255.00 18265.00 18255.00 18265.00 544.00
20161018  21:27:00 18270.00 18270.00 18260.00 18260.00 1116.00
20161018  21:26:00 18260.00 18270.00 18255.00 18270.00 1844.00
20161018  21:25:00 18270.00 18275.00 18260.00 18260.00 1308.00
20161018  21:24:00 18290.00 18290.00 18265.00 18270.00 2138.00
20161018  21:23:00 18290.00 18295.00 18285.00 18290.00 1988.00
20161018  21:22:00 18285.00 18295.00 18270.00 18290.00 4386.00
20161018  21:21:00 18245.00 18285.00 18245.00 18285.00 4914.00
20161018  21:20:00 18245.00 18265.00 18245.00 18245.00 2434.00
20161018  21:19:00 18235.00 18245.00 18230.00 18245.00 1438.00
20161018  21:18:00 18240.00 18240.00 18220.00 18235.00 1276.00
20161018  21:17:00 18240.00 18245.00 18235.00 18245.00 1180.00
20161018  21:16:00 18230.00 18245.00 18225.00 18240.00 1806.00
20161018  21:15:00 18230.00 18235.00 18225.00 18230.00 712.00
20161018  21:14:00 18230.00 18235.00 18225.00 18230.00 882.00
20161018  21:13:00 18215.00 18240.00 18210.00 18230.00 1436.00
20161018  21:12:00 18230.00 18230.00 18210.00 18215.00 1670.00
20161018  21:11:00 18230.00 18230.00 18220.00 18230.00 972.00
20161018  21:10:00 18225.00 18230.00 18210.00 18230.00 1346.00
20161018  21:09:00 18220.00 18235.00 18215.00 18225.00 1310.00
20161018  21:08:00 18255.00 18255.00 18220.00 18220.00 2066.00
20161018  21:07:00 18260.00 18265.00 18255.00 18260.00 1500.00
20161018  21:06:00 18250.00 18265.00 18245.00 18260.00 1298.00
20161018  21:05:00 18245.00 18255.00 18240.00 18255.00 546.00
20161018  21:04:00 18245.00 18250.00 18245.00 18245.00 484.00
20161018  21:03:00 18250.00 18255.00 18240.00 18250.00 1238.00
20161018  21:02:00 18220.00 18270.00 18220.00 18255.00 1996.00
20161018  21:01:00 18230.00 18230.00 18205.00 18220.00 1348.00
20161018  21:00:00 18200.00 18230.00 18195.00 18230.00 2382.00
