20161129  21:00:00 23940.00 23960.00 23850.00 23860.00 3976.00
20161129  21:01:00 23850.00 23860.00 23810.00 23845.00 2678.00
20161129  21:02:00 23840.00 23880.00 23810.00 23860.00 2262.00
20161129  21:03:00 23865.00 23910.00 23865.00 23885.00 1952.00
20161129  21:04:00 23880.00 23915.00 23845.00 23885.00 1518.00
20161129  21:05:00 23880.00 23905.00 23820.00 23825.00 1706.00
20161129  21:06:00 23825.00 23835.00 23545.00 23565.00 5214.00
20161129  21:07:00 23565.00 23580.00 23470.00 23540.00 7522.00
20161129  21:08:00 23540.00 23585.00 23530.00 23535.00 3344.00
20161129  21:09:00 23530.00 23530.00 23400.00 23440.00 7588.00
20161129  21:10:00 23435.00 23440.00 23195.00 23235.00 11398.00
20161129  21:11:00 23245.00 23250.00 23130.00 23235.00 9534.00
20161129  21:12:00 23235.00 23330.00 23220.00 23265.00 6530.00
20161129  21:13:00 23265.00 23320.00 23260.00 23305.00 4038.00
20161129  21:14:00 23300.00 23335.00 23285.00 23335.00 4040.00
20161129  21:15:00 23340.00 23340.00 23275.00 23320.00 4080.00
20161129  21:16:00 23320.00 23335.00 23300.00 23310.00 2254.00
20161129  21:17:00 23310.00 23380.00 23275.00 23380.00 4218.00
20161129  21:18:00 23380.00 23420.00 23360.00 23410.00 4638.00
20161129  21:19:00 23415.00 23465.00 23415.00 23425.00 4392.00
20161129  21:20:00 23420.00 23485.00 23415.00 23465.00 3896.00
20161129  21:21:00 23470.00 23475.00 23400.00 23400.00 3220.00
20161129  21:22:00 23400.00 23405.00 23325.00 23340.00 4582.00
20161129  21:23:00 23340.00 23420.00 23340.00 23420.00 2560.00
20161129  21:24:00 23425.00 23425.00 23375.00 23400.00 2162.00
20161129  21:25:00 23400.00 23425.00 23390.00 23405.00 1610.00
20161129  21:26:00 23405.00 23405.00 23335.00 23360.00 2672.00
20161129  21:27:00 23360.00 23405.00 23340.00 23390.00 2552.00
20161129  21:28:00 23390.00 23425.00 23380.00 23405.00 2918.00
20161129  21:29:00 23410.00 23445.00 23400.00 23415.00 1954.00
20161129  21:30:00 23410.00 23420.00 23390.00 23410.00 2588.00
20161129  21:31:00 23410.00 23410.00 23370.00 23380.00 2088.00
20161129  21:32:00 23380.00 23410.00 23370.00 23390.00 1262.00
20161129  21:33:00 23385.00 23385.00 23305.00 23370.00 3272.00
20161129  21:34:00 23365.00 23405.00 23355.00 23375.00 2688.00
20161129  21:35:00 23380.00 23410.00 23375.00 23405.00 1316.00
20161129  21:36:00 23400.00 23415.00 23390.00 23415.00 1238.00
20161129  21:37:00 23420.00 23425.00 23390.00 23390.00 1810.00
20161129  21:38:00 23390.00 23445.00 23370.00 23435.00 1814.00
20161129  21:39:00 23435.00 23485.00 23425.00 23470.00 3288.00
20161129  21:40:00 23470.00 23515.00 23450.00 23465.00 3332.00
20161129  21:41:00 23465.00 23520.00 23460.00 23520.00 1898.00
20161129  21:42:00 23520.00 23580.00 23495.00 23580.00 4210.00
20161129  21:43:00 23580.00 23580.00 23535.00 23565.00 2660.00
20161129  21:44:00 23565.00 23620.00 23560.00 23580.00 2610.00
20161129  21:45:00 23585.00 23585.00 23550.00 23550.00 1424.00
20161129  21:46:00 23550.00 23570.00 23515.00 23525.00 1568.00
20161129  21:47:00 23520.00 23560.00 23515.00 23550.00 1346.00
20161129  21:48:00 23550.00 23575.00 23545.00 23570.00 1294.00
20161129  21:49:00 23570.00 23570.00 23535.00 23555.00 2142.00
20161129  21:50:00 23555.00 23565.00 23535.00 23535.00 1370.00
20161129  21:51:00 23535.00 23555.00 23530.00 23550.00 1254.00
20161129  21:52:00 23550.00 23570.00 23545.00 23570.00 700.00
20161129  21:53:00 23565.00 23565.00 23550.00 23555.00 368.00
20161129  21:54:00 23555.00 23575.00 23545.00 23555.00 592.00
20161129  21:55:00 23560.00 23575.00 23545.00 23565.00 976.00
20161129  21:56:00 23565.00 23640.00 23560.00 23635.00 2724.00
20161129  21:57:00 23640.00 23640.00 23595.00 23605.00 1836.00
20161129  21:58:00 23600.00 23610.00 23585.00 23595.00 750.00
20161129  21:59:00 23600.00 23600.00 23515.00 23515.00 2558.00
20161129  22:00:00 23515.00 23515.00 23460.00 23490.00 3582.00
20161129  22:01:00 23490.00 23515.00 23455.00 23515.00 1722.00
20161129  22:02:00 23515.00 23535.00 23475.00 23500.00 1890.00
20161129  22:03:00 23495.00 23515.00 23475.00 23515.00 1406.00
20161129  22:04:00 23515.00 23520.00 23475.00 23485.00 1600.00
20161129  22:05:00 23485.00 23510.00 23465.00 23485.00 1034.00
20161129  22:06:00 23485.00 23505.00 23485.00 23505.00 956.00
20161129  22:07:00 23505.00 23505.00 23490.00 23500.00 478.00
20161129  22:08:00 23500.00 23510.00 23490.00 23495.00 952.00
20161129  22:09:00 23495.00 23500.00 23380.00 23410.00 3738.00
20161129  22:10:00 23405.00 23420.00 23335.00 23360.00 3254.00
20161129  22:11:00 23345.00 23365.00 23305.00 23315.00 4514.00
20161129  22:12:00 23310.00 23360.00 23255.00 23350.00 3398.00
20161129  22:13:00 23350.00 23390.00 23345.00 23360.00 2274.00
20161129  22:14:00 23360.00 23410.00 23355.00 23390.00 2118.00
20161129  22:15:00 23390.00 23420.00 23390.00 23415.00 2076.00
20161129  22:16:00 23405.00 23430.00 23365.00 23390.00 2892.00
20161129  22:17:00 23395.00 23410.00 23380.00 23405.00 1180.00
20161129  22:18:00 23400.00 23405.00 23335.00 23365.00 2168.00
20161129  22:19:00 23355.00 23365.00 23100.00 23185.00 7326.00
20161129  22:20:00 23175.00 23230.00 23140.00 23190.00 4356.00
20161129  22:21:00 23200.00 23205.00 23055.00 23110.00 8562.00
20161129  22:22:00 23120.00 23155.00 23090.00 23100.00 4748.00
20161129  22:23:00 23095.00 23215.00 23080.00 23180.00 4092.00
20161129  22:24:00 23190.00 23235.00 23185.00 23205.00 3042.00
20161129  22:25:00 23205.00 23205.00 23170.00 23195.00 2056.00
20161129  22:26:00 23190.00 23200.00 23120.00 23150.00 2100.00
20161129  22:27:00 23155.00 23165.00 23090.00 23110.00 2948.00
20161129  22:28:00 23105.00 23110.00 23040.00 23055.00 5834.00
20161129  22:29:00 23040.00 23090.00 23010.00 23040.00 4846.00
20161129  22:30:00 23045.00 23090.00 23005.00 23090.00 4480.00
20161129  22:31:00 23090.00 23130.00 23075.00 23075.00 2852.00
20161129  22:32:00 23075.00 23120.00 23055.00 23110.00 3002.00
20161129  22:33:00 23110.00 23160.00 23095.00 23160.00 2624.00
20161129  22:34:00 23150.00 23215.00 23150.00 23210.00 3452.00
20161129  22:35:00 23205.00 23220.00 23175.00 23215.00 2790.00
20161129  22:36:00 23215.00 23215.00 23185.00 23200.00 1144.00
20161129  22:37:00 23195.00 23200.00 23160.00 23170.00 1226.00
20161129  22:38:00 23170.00 23195.00 23145.00 23150.00 1210.00
20161129  22:39:00 23145.00 23190.00 23145.00 23170.00 1156.00
20161129  22:40:00 23165.00 23170.00 23145.00 23150.00 992.00
20161129  22:41:00 23150.00 23170.00 23145.00 23155.00 596.00
20161129  22:42:00 23155.00 23170.00 23145.00 23150.00 1102.00
20161129  22:43:00 23150.00 23155.00 23070.00 23100.00 2218.00
20161129  22:44:00 23100.00 23150.00 23090.00 23140.00 1216.00
20161129  22:45:00 23140.00 23145.00 23070.00 23070.00 1272.00
20161129  22:46:00 23075.00 23130.00 22950.00 22950.00 5542.00
20161129  22:47:00 22950.00 22975.00 22870.00 22895.00 6424.00
20161129  22:48:00 22880.00 22900.00 22800.00 22870.00 6996.00
20161129  22:49:00 22855.00 22855.00 22750.00 22795.00 6638.00
20161129  22:50:00 22795.00 22845.00 22780.00 22800.00 3464.00
20161129  22:51:00 22805.00 22920.00 22800.00 22900.00 4930.00
20161129  22:52:00 22905.00 22950.00 22905.00 22925.00 3730.00
20161129  22:53:00 22925.00 22950.00 22865.00 22890.00 3102.00
20161129  22:54:00 22890.00 22905.00 22845.00 22900.00 2928.00
20161129  22:55:00 22890.00 22950.00 22845.00 22935.00 3332.00
20161129  22:56:00 22940.00 22990.00 22930.00 22985.00 2962.00
20161129  22:57:00 22985.00 22990.00 22940.00 22950.00 2566.00
20161129  22:58:00 22960.00 22960.00 22890.00 22905.00 2180.00
20161129  22:59:00 22905.00 22915.00 22850.00 22850.00 2398.00
20161129  23:00:00 22855.00 22890.00 22815.00 22840.00 3560.00
20161129  23:01:00 22845.00 22845.00 22775.00 22820.00 4160.00
20161129  23:02:00 22820.00 22825.00 22720.00 22750.00 5008.00
20161129  23:03:00 22745.00 22780.00 22670.00 22680.00 4922.00
20161129  23:04:00 22675.00 22760.00 22660.00 22760.00 5696.00
20161129  23:05:00 22765.00 22800.00 22750.00 22780.00 2534.00
20161129  23:06:00 22775.00 22810.00 22755.00 22760.00 2564.00
20161129  23:07:00 22760.00 22765.00 22700.00 22735.00 2168.00
20161129  23:08:00 22740.00 22795.00 22730.00 22795.00 2264.00
20161129  23:09:00 22785.00 22805.00 22760.00 22795.00 2572.00
20161129  23:10:00 22800.00 22855.00 22795.00 22850.00 2750.00
20161129  23:11:00 22850.00 22855.00 22815.00 22835.00 2074.00
20161129  23:12:00 22825.00 22830.00 22745.00 22750.00 3118.00
20161129  23:13:00 22750.00 22825.00 22750.00 22810.00 1788.00
20161129  23:14:00 22810.00 22825.00 22800.00 22805.00 990.00
20161129  23:15:00 22810.00 22835.00 22770.00 22820.00 1758.00
20161129  23:16:00 22825.00 22830.00 22780.00 22805.00 1156.00
20161129  23:17:00 22805.00 22825.00 22785.00 22810.00 856.00
20161129  23:18:00 22810.00 22815.00 22795.00 22810.00 480.00
20161129  23:19:00 22800.00 22850.00 22800.00 22825.00 1164.00
20161129  23:20:00 22825.00 22840.00 22800.00 22830.00 1252.00
20161129  23:21:00 22835.00 22860.00 22815.00 22835.00 1388.00
20161129  23:22:00 22830.00 22925.00 22830.00 22920.00 2984.00
20161129  23:23:00 22925.00 22950.00 22900.00 22925.00 2864.00
20161129  23:24:00 22925.00 22940.00 22895.00 22935.00 3262.00
20161129  23:25:00 22930.00 22930.00 22890.00 22905.00 1966.00
20161129  23:26:00 22905.00 22905.00 22870.00 22895.00 1426.00
20161129  23:27:00 22895.00 22915.00 22890.00 22905.00 738.00
20161129  23:28:00 22905.00 22945.00 22905.00 22925.00 1230.00
20161129  23:29:00 22920.00 22935.00 22895.00 22925.00 1376.00
20161129  23:30:00 22925.00 22935.00 22905.00 22930.00 1102.00
20161129  23:31:00 22925.00 22970.00 22925.00 22965.00 2518.00
20161129  23:32:00 22965.00 22965.00 22925.00 22935.00 2206.00
20161129  23:33:00 22940.00 22955.00 22910.00 22910.00 2108.00
20161129  23:34:00 22915.00 22930.00 22905.00 22905.00 1360.00
20161129  23:35:00 22910.00 22945.00 22905.00 22925.00 1026.00
20161129  23:36:00 22930.00 22930.00 22895.00 22905.00 908.00
20161129  23:37:00 22905.00 22925.00 22885.00 22885.00 1182.00
20161129  23:38:00 22890.00 22925.00 22885.00 22915.00 1246.00
20161129  23:39:00 22910.00 22945.00 22910.00 22935.00 1090.00
20161129  23:40:00 22935.00 22945.00 22925.00 22930.00 1082.00
20161129  23:41:00 22930.00 22935.00 22910.00 22915.00 580.00
20161129  23:42:00 22915.00 22915.00 22890.00 22900.00 960.00
20161129  23:43:00 22900.00 22905.00 22840.00 22845.00 2124.00
20161129  23:44:00 22845.00 22870.00 22820.00 22820.00 1338.00
20161129  23:45:00 22830.00 22870.00 22820.00 22865.00 1216.00
20161129  23:46:00 22865.00 22910.00 22850.00 22895.00 926.00
20161129  23:47:00 22895.00 22905.00 22880.00 22885.00 622.00
20161129  23:48:00 22885.00 22940.00 22885.00 22920.00 1724.00
20161129  23:49:00 22920.00 22935.00 22915.00 22920.00 906.00
20161129  23:50:00 22920.00 22930.00 22900.00 22910.00 912.00
20161129  23:51:00 22910.00 22910.00 22860.00 22880.00 1216.00
20161129  23:52:00 22885.00 22890.00 22855.00 22890.00 904.00
20161129  23:53:00 22890.00 22890.00 22880.00 22885.00 404.00
20161129  23:54:00 22890.00 22905.00 22885.00 22900.00 518.00
20161129  23:55:00 22900.00 22900.00 22860.00 22880.00 784.00
20161129  23:56:00 22880.00 22890.00 22870.00 22880.00 342.00
20161129  23:57:00 22880.00 22900.00 22880.00 22890.00 450.00
20161129  23:58:00 22890.00 22895.00 22885.00 22885.00 228.00
20161129  23:59:00 22880.00 22890.00 22870.00 22880.00 670.00
20161130  00:00:00 22875.00 22890.00 22875.00 22890.00 380.00
20161130  00:01:00 22890.00 22890.00 22880.00 22890.00 316.00
20161130  00:02:00 22890.00 22900.00 22885.00 22895.00 450.00
20161130  00:03:00 22900.00 22935.00 22900.00 22920.00 1344.00
20161130  00:04:00 22915.00 22925.00 22910.00 22920.00 624.00
20161130  00:05:00 22915.00 22920.00 22870.00 22870.00 1148.00
20161130  00:06:00 22880.00 22885.00 22875.00 22885.00 658.00
20161130  00:07:00 22885.00 22915.00 22885.00 22900.00 650.00
20161130  00:08:00 22900.00 22910.00 22895.00 22900.00 200.00
20161130  00:09:00 22900.00 22905.00 22880.00 22885.00 620.00
20161130  00:10:00 22885.00 22890.00 22870.00 22885.00 364.00
20161130  00:11:00 22885.00 22890.00 22875.00 22880.00 516.00
20161130  00:12:00 22880.00 22890.00 22880.00 22880.00 314.00
20161130  00:13:00 22880.00 22900.00 22870.00 22895.00 586.00
20161130  00:14:00 22895.00 22925.00 22895.00 22920.00 1134.00
20161130  00:15:00 22920.00 22935.00 22910.00 22925.00 712.00
20161130  00:16:00 22925.00 22930.00 22915.00 22915.00 448.00
20161130  00:17:00 22915.00 22920.00 22890.00 22890.00 280.00
20161130  00:18:00 22900.00 22910.00 22895.00 22905.00 214.00
20161130  00:19:00 22905.00 22915.00 22890.00 22895.00 368.00
20161130  00:20:00 22895.00 22910.00 22880.00 22900.00 428.00
20161130  00:21:00 22900.00 22900.00 22880.00 22890.00 332.00
20161130  00:22:00 22890.00 22900.00 22890.00 22890.00 194.00
20161130  00:23:00 22890.00 22890.00 22875.00 22880.00 436.00
20161130  00:24:00 22880.00 22890.00 22875.00 22880.00 328.00
20161130  00:25:00 22880.00 22905.00 22870.00 22905.00 538.00
20161130  00:26:00 22905.00 22905.00 22890.00 22890.00 168.00
20161130  00:27:00 22890.00 22905.00 22890.00 22900.00 292.00
20161130  00:28:00 22900.00 22905.00 22895.00 22900.00 230.00
20161130  00:29:00 22900.00 22905.00 22890.00 22895.00 134.00
20161130  00:30:00 22895.00 22895.00 22875.00 22880.00 478.00
20161130  00:31:00 22880.00 22880.00 22805.00 22835.00 1936.00
20161130  00:32:00 22830.00 22845.00 22795.00 22810.00 1100.00
20161130  00:33:00 22810.00 22840.00 22805.00 22830.00 740.00
20161130  00:34:00 22825.00 22835.00 22790.00 22805.00 1256.00
20161130  00:35:00 22800.00 22825.00 22800.00 22825.00 656.00
20161130  00:36:00 22825.00 22830.00 22815.00 22830.00 368.00
20161130  00:37:00 22825.00 22880.00 22825.00 22855.00 1032.00
20161130  00:38:00 22860.00 22860.00 22845.00 22845.00 188.00
20161130  00:39:00 22845.00 22845.00 22820.00 22820.00 528.00
20161130  00:40:00 22810.00 22830.00 22795.00 22820.00 740.00
20161130  00:41:00 22815.00 22835.00 22810.00 22820.00 610.00
20161130  00:42:00 22820.00 22820.00 22775.00 22785.00 1272.00
20161130  00:43:00 22785.00 22795.00 22750.00 22750.00 2104.00
20161130  00:44:00 22745.00 22765.00 22700.00 22700.00 1584.00
20161130  00:45:00 22700.00 22720.00 22660.00 22680.00 2880.00
20161130  00:46:00 22680.00 22750.00 22625.00 22735.00 2684.00
20161130  00:47:00 22735.00 22770.00 22730.00 22735.00 1142.00
20161130  00:48:00 22735.00 22735.00 22640.00 22670.00 1910.00
20161130  00:49:00 22670.00 22690.00 22625.00 22635.00 1576.00
20161130  00:50:00 22625.00 22650.00 22580.00 22590.00 3102.00
20161130  00:51:00 22590.00 22610.00 22560.00 22590.00 2324.00
20161130  00:52:00 22580.00 22610.00 22575.00 22590.00 1476.00
20161130  00:53:00 22590.00 22595.00 22555.00 22565.00 1086.00
20161130  00:54:00 22560.00 22635.00 22560.00 22615.00 1156.00
20161130  00:55:00 22615.00 22620.00 22560.00 22565.00 838.00
20161130  00:56:00 22560.00 22610.00 22560.00 22605.00 632.00
20161130  00:57:00 22605.00 22690.00 22600.00 22660.00 1526.00
20161130  00:58:00 22660.00 22660.00 22615.00 22620.00 658.00
20161130  00:59:00 22620.00 22645.00 22605.00 22610.00 1340.00
20161130  01:00:00 22605.00 22605.00 22605.00 22605.00  12.00
20161130  09:00:00 22700.00 22795.00 22690.00 22740.00 6144.00
20161130  09:01:00 22730.00 22860.00 22730.00 22840.00 3444.00
20161130  09:02:00 22840.00 22860.00 22750.00 22765.00 2152.00
20161130  09:03:00 22765.00 22780.00 22735.00 22745.00 1822.00
20161130  09:04:00 22745.00 22820.00 22745.00 22775.00 2142.00
20161130  09:05:00 22775.00 22875.00 22770.00 22865.00 3002.00
20161130  09:06:00 22865.00 22865.00 22840.00 22855.00 1082.00
20161130  09:07:00 22855.00 22880.00 22850.00 22875.00 1418.00
20161130  09:08:00 22880.00 22910.00 22855.00 22900.00 1902.00
20161130  09:09:00 22905.00 22950.00 22905.00 22915.00 3234.00
20161130  09:10:00 22920.00 22930.00 22900.00 22915.00 1864.00
20161130  09:11:00 22915.00 22940.00 22900.00 22925.00 1234.00
20161130  09:12:00 22925.00 22925.00 22880.00 22890.00 1910.00
20161130  09:13:00 22890.00 22905.00 22870.00 22880.00 1484.00
20161130  09:14:00 22880.00 22885.00 22860.00 22870.00 1198.00
20161130  09:15:00 22870.00 22910.00 22830.00 22850.00 2160.00
20161130  09:16:00 22850.00 22870.00 22840.00 22850.00 1408.00
20161130  09:17:00 22850.00 22885.00 22835.00 22865.00 1812.00
20161130  09:18:00 22855.00 22885.00 22850.00 22870.00 726.00
20161130  09:19:00 22870.00 22885.00 22865.00 22875.00 568.00
20161130  09:20:00 22875.00 22885.00 22865.00 22875.00 532.00
20161130  09:21:00 22875.00 22875.00 22865.00 22870.00 354.00
20161130  09:22:00 22870.00 22875.00 22805.00 22830.00 1302.00
20161130  09:23:00 22830.00 22835.00 22765.00 22770.00 1090.00
20161130  09:24:00 22765.00 22795.00 22760.00 22785.00 1042.00
20161130  09:25:00 22780.00 22820.00 22770.00 22800.00 1096.00
20161130  09:26:00 22815.00 22840.00 22800.00 22835.00 894.00
20161130  09:27:00 22835.00 22835.00 22750.00 22780.00 1292.00
20161130  09:28:00 22780.00 22810.00 22770.00 22805.00 1068.00
20161130  09:29:00 22805.00 22840.00 22800.00 22840.00 808.00
20161130  09:30:00 22840.00 22880.00 22815.00 22880.00 1656.00
20161130  09:31:00 22880.00 22900.00 22860.00 22895.00 1294.00
20161130  09:32:00 22895.00 22930.00 22885.00 22900.00 2132.00
20161130  09:33:00 22895.00 22925.00 22890.00 22915.00 1206.00
20161130  09:34:00 22910.00 22925.00 22895.00 22925.00 1334.00
20161130  09:35:00 22920.00 22970.00 22920.00 22920.00 3202.00
20161130  09:36:00 22905.00 22920.00 22855.00 22885.00 2212.00
20161130  09:37:00 22895.00 22910.00 22875.00 22905.00 1010.00
20161130  09:38:00 22910.00 22940.00 22900.00 22920.00 790.00
20161130  09:39:00 22920.00 22940.00 22880.00 22940.00 1590.00
20161130  09:40:00 22940.00 22990.00 22935.00 22980.00 2716.00
20161130  09:41:00 22975.00 22995.00 22955.00 22980.00 1678.00
20161130  09:42:00 22980.00 23075.00 22975.00 23070.00 3552.00
20161130  09:43:00 23070.00 23130.00 23055.00 23125.00 4820.00
20161130  09:44:00 23120.00 23125.00 23080.00 23100.00 3240.00
20161130  09:45:00 23095.00 23110.00 23045.00 23070.00 3918.00
20161130  09:46:00 23070.00 23080.00 23030.00 23030.00 1608.00
20161130  09:47:00 23035.00 23045.00 23015.00 23030.00 1984.00
20161130  09:48:00 23020.00 23030.00 22985.00 23015.00 1632.00
20161130  09:49:00 23015.00 23025.00 22995.00 23000.00 860.00
20161130  09:50:00 22995.00 23000.00 22950.00 22975.00 1556.00
20161130  09:51:00 22980.00 22980.00 22955.00 22960.00 1242.00
20161130  09:52:00 22960.00 22985.00 22955.00 22975.00 884.00
20161130  09:53:00 22975.00 22975.00 22905.00 22930.00 2302.00
20161130  09:54:00 22930.00 22930.00 22905.00 22930.00 1390.00
20161130  09:55:00 22925.00 22950.00 22925.00 22935.00 1080.00
20161130  09:56:00 22935.00 22940.00 22910.00 22910.00 1316.00
20161130  09:57:00 22915.00 22915.00 22885.00 22890.00 1446.00
20161130  09:58:00 22895.00 22895.00 22865.00 22880.00 1220.00
20161130  09:59:00 22880.00 22925.00 22875.00 22925.00 1552.00
20161130  10:00:00 22925.00 22925.00 22900.00 22910.00 566.00
20161130  10:01:00 22905.00 22915.00 22880.00 22905.00 836.00
20161130  10:02:00 22905.00 22920.00 22900.00 22910.00 1194.00
20161130  10:03:00 22910.00 22935.00 22910.00 22935.00 888.00
20161130  10:04:00 22935.00 22945.00 22925.00 22930.00 1314.00
20161130  10:05:00 22930.00 22940.00 22915.00 22920.00 532.00
20161130  10:06:00 22920.00 22930.00 22870.00 22875.00 1026.00
20161130  10:07:00 22875.00 22915.00 22875.00 22900.00 1162.00
20161130  10:08:00 22900.00 22935.00 22895.00 22935.00 830.00
20161130  10:09:00 22935.00 22945.00 22915.00 22935.00 854.00
20161130  10:10:00 22935.00 22935.00 22920.00 22925.00 470.00
20161130  10:11:00 22925.00 22925.00 22900.00 22905.00 784.00
20161130  10:12:00 22905.00 22920.00 22885.00 22890.00 690.00
20161130  10:13:00 22900.00 22905.00 22840.00 22845.00 1524.00
20161130  10:14:00 22840.00 22850.00 22820.00 22845.00 1588.00
20161130  10:30:00 22850.00 22920.00 22845.00 22880.00 2472.00
20161130  10:31:00 22880.00 22915.00 22880.00 22900.00 628.00
20161130  10:32:00 22900.00 22910.00 22900.00 22905.00 462.00
20161130  10:33:00 22905.00 22910.00 22880.00 22905.00 624.00
20161130  10:34:00 22905.00 22965.00 22905.00 22960.00 1130.00
20161130  10:35:00 22965.00 22965.00 22945.00 22955.00 924.00
20161130  10:36:00 22955.00 22955.00 22925.00 22945.00 718.00
20161130  10:37:00 22945.00 22960.00 22940.00 22940.00 890.00
20161130  10:38:00 22940.00 22950.00 22930.00 22940.00 678.00
20161130  10:39:00 22940.00 22945.00 22930.00 22935.00 434.00
20161130  10:40:00 22935.00 22960.00 22885.00 22900.00 1946.00
20161130  10:41:00 22900.00 22905.00 22870.00 22890.00 788.00
20161130  10:42:00 22890.00 22905.00 22870.00 22885.00 478.00
20161130  10:43:00 22885.00 22910.00 22885.00 22900.00 396.00
20161130  10:44:00 22900.00 22905.00 22840.00 22855.00 1586.00
20161130  10:45:00 22845.00 22880.00 22830.00 22850.00 2090.00
20161130  10:46:00 22855.00 22890.00 22855.00 22860.00 670.00
20161130  10:47:00 22860.00 22935.00 22860.00 22920.00 974.00
20161130  10:48:00 22915.00 22915.00 22875.00 22895.00 592.00
20161130  10:49:00 22895.00 22905.00 22870.00 22895.00 722.00
20161130  10:50:00 22895.00 22920.00 22855.00 22915.00 1014.00
20161130  10:51:00 22915.00 22920.00 22845.00 22870.00 2394.00
20161130  10:52:00 22875.00 22900.00 22865.00 22880.00 748.00
20161130  10:53:00 22880.00 22915.00 22865.00 22890.00 2396.00
20161130  10:54:00 22890.00 22900.00 22850.00 22850.00 986.00
20161130  10:55:00 22855.00 22865.00 22790.00 22800.00 2486.00
20161130  10:56:00 22800.00 22825.00 22775.00 22785.00 1804.00
20161130  10:57:00 22790.00 22830.00 22760.00 22765.00 2512.00
20161130  10:58:00 22765.00 22780.00 22740.00 22755.00 2868.00
20161130  10:59:00 22755.00 22775.00 22725.00 22725.00 1550.00
20161130  11:00:00 22730.00 22840.00 22700.00 22765.00 3120.00
20161130  11:01:00 22765.00 22780.00 22735.00 22755.00 1400.00
20161130  11:02:00 22755.00 22755.00 22660.00 22670.00 2360.00
20161130  11:03:00 22665.00 22670.00 22630.00 22640.00 2866.00
20161130  11:04:00 22645.00 22700.00 22630.00 22685.00 1446.00
20161130  11:05:00 22685.00 22685.00 22650.00 22655.00 1218.00
20161130  11:06:00 22650.00 22700.00 22635.00 22700.00 1330.00
20161130  11:07:00 22705.00 22750.00 22690.00 22750.00 2148.00
20161130  11:08:00 22745.00 22745.00 22715.00 22725.00 726.00
20161130  11:09:00 22725.00 22740.00 22715.00 22730.00 680.00
20161130  11:10:00 22730.00 22730.00 22650.00 22700.00 1534.00
20161130  11:11:00 22690.00 22690.00 22660.00 22670.00 840.00
20161130  11:12:00 22670.00 22675.00 22630.00 22635.00 1464.00
20161130  11:13:00 22630.00 22630.00 22570.00 22575.00 3248.00
20161130  11:14:00 22570.00 22590.00 22565.00 22565.00 1456.00
20161130  11:15:00 22565.00 22600.00 22545.00 22545.00 4726.00
20161130  11:16:00 22545.00 22555.00 22545.00 22545.00 4868.00
20161130  11:17:00 22545.00 22555.00 22545.00 22545.00 2700.00
20161130  11:18:00 22545.00 22545.00 22545.00 22545.00 372.00
20161130  11:19:00 22545.00 22545.00 22545.00 22545.00 178.00
20161130  11:20:00 22545.00 22545.00 22545.00 22545.00 100.00
20161130  11:21:00 22545.00 22545.00 22545.00 22545.00  66.00
20161130  11:22:00 22545.00 22545.00 22545.00 22545.00  24.00
20161130  11:23:00 22545.00 22545.00 22545.00 22545.00  38.00
20161130  11:24:00 22545.00 22545.00 22545.00 22545.00  32.00
20161130  11:25:00 22545.00 22545.00 22545.00 22545.00  54.00
20161130  11:26:00 22545.00 22545.00 22545.00 22545.00  58.00
20161130  11:27:00 22545.00 22545.00 22545.00 22545.00  48.00
20161130  11:28:00 22545.00 22545.00 22545.00 22545.00  48.00
20161130  11:29:00 22545.00 22545.00 22545.00 22545.00 140.00
20161130  13:30:00 22545.00 22545.00 22545.00 22545.00 446.00
20161130  13:31:00 22545.00 22545.00 22545.00 22545.00 190.00
20161130  13:32:00 22545.00 22545.00 22545.00 22545.00  54.00
20161130  13:33:00 22545.00 22545.00 22545.00 22545.00   8.00
20161130  13:34:00 22545.00 22545.00 22545.00 22545.00  10.00
20161130  13:35:00 22545.00 22545.00 22545.00 22545.00  24.00
20161130  13:36:00 22545.00 22545.00 22545.00 22545.00  32.00
20161130  13:37:00 22545.00 22545.00 22545.00 22545.00  28.00
20161130  13:38:00 22545.00 22545.00 22545.00 22545.00  22.00
20161130  13:39:00 22545.00 22545.00 22545.00 22545.00  88.00
20161130  13:40:00 22545.00 22555.00 22545.00 22555.00 5974.00
20161130  13:41:00 22550.00 22610.00 22550.00 22610.00 3106.00
20161130  13:42:00 22610.00 22650.00 22555.00 22595.00 2266.00
20161130  13:43:00 22595.00 22595.00 22545.00 22555.00 2536.00
20161130  13:44:00 22555.00 22625.00 22555.00 22620.00 1746.00
20161130  13:45:00 22615.00 22670.00 22585.00 22625.00 1986.00
20161130  13:46:00 22615.00 22700.00 22615.00 22690.00 1794.00
20161130  13:47:00 22685.00 22745.00 22670.00 22725.00 2064.00
20161130  13:48:00 22720.00 22735.00 22675.00 22680.00 2064.00
20161130  13:49:00 22680.00 22690.00 22600.00 22600.00 1648.00
20161130  13:50:00 22605.00 22620.00 22550.00 22560.00 2140.00
20161130  13:51:00 22555.00 22575.00 22550.00 22570.00 1214.00
20161130  13:52:00 22565.00 22575.00 22550.00 22555.00 744.00
20161130  13:53:00 22560.00 22625.00 22550.00 22615.00 1008.00
20161130  13:54:00 22620.00 22630.00 22605.00 22620.00 1272.00
20161130  13:55:00 22625.00 22625.00 22560.00 22590.00 968.00
20161130  13:56:00 22585.00 22590.00 22565.00 22570.00 780.00
20161130  13:57:00 22565.00 22585.00 22560.00 22565.00 536.00
20161130  13:58:00 22565.00 22580.00 22565.00 22575.00 438.00
20161130  13:59:00 22570.00 22600.00 22570.00 22575.00 524.00
20161130  14:00:00 22570.00 22600.00 22570.00 22585.00 516.00
20161130  14:01:00 22585.00 22625.00 22580.00 22620.00 726.00
20161130  14:02:00 22620.00 22630.00 22605.00 22610.00 776.00
20161130  14:03:00 22610.00 22610.00 22565.00 22565.00 784.00
20161130  14:04:00 22570.00 22590.00 22560.00 22575.00 670.00
20161130  14:05:00 22575.00 22600.00 22560.00 22600.00 726.00
20161130  14:06:00 22595.00 22610.00 22585.00 22590.00 536.00
20161130  14:07:00 22585.00 22595.00 22580.00 22585.00 360.00
20161130  14:08:00 22585.00 22610.00 22585.00 22610.00 376.00
20161130  14:09:00 22605.00 22615.00 22605.00 22615.00 508.00
20161130  14:10:00 22610.00 22650.00 22610.00 22635.00 1586.00
20161130  14:11:00 22635.00 22670.00 22630.00 22640.00 1020.00
20161130  14:12:00 22640.00 22650.00 22590.00 22590.00 1252.00
20161130  14:13:00 22590.00 22600.00 22570.00 22590.00 764.00
20161130  14:14:00 22585.00 22620.00 22585.00 22615.00 400.00
20161130  14:15:00 22615.00 22620.00 22600.00 22600.00 366.00
20161130  14:16:00 22600.00 22610.00 22600.00 22600.00 402.00
20161130  14:17:00 22600.00 22610.00 22595.00 22600.00 416.00
20161130  14:18:00 22600.00 22600.00 22585.00 22590.00 410.00
20161130  14:19:00 22595.00 22595.00 22580.00 22580.00 1118.00
20161130  14:20:00 22580.00 22605.00 22575.00 22600.00 546.00
20161130  14:21:00 22605.00 22605.00 22595.00 22595.00 282.00
20161130  14:22:00 22595.00 22600.00 22595.00 22595.00 158.00
20161130  14:23:00 22595.00 22600.00 22595.00 22600.00 274.00
20161130  14:24:00 22595.00 22600.00 22575.00 22575.00 412.00
20161130  14:25:00 22575.00 22580.00 22545.00 22545.00 1392.00
20161130  14:26:00 22545.00 22570.00 22545.00 22560.00 810.00
20161130  14:27:00 22560.00 22565.00 22550.00 22555.00 514.00
20161130  14:28:00 22555.00 22555.00 22545.00 22550.00 866.00
20161130  14:29:00 22545.00 22545.00 22545.00 22545.00 190.00
20161130  14:30:00 22545.00 22545.00 22545.00 22545.00 212.00
20161130  14:31:00 22545.00 22545.00 22545.00 22545.00  12.00
20161130  14:32:00 22545.00 22545.00 22545.00 22545.00  30.00
20161130  14:33:00 22545.00 22545.00 22545.00 22545.00  32.00
20161130  14:34:00 22545.00 22545.00 22545.00 22545.00  10.00
20161130  14:35:00 22545.00 22545.00 22545.00 22545.00  34.00
20161130  14:36:00 22545.00 22545.00 22545.00 22545.00   2.00
20161130  14:37:00 22545.00 22545.00 22545.00 22545.00  24.00
20161130  14:38:00 22545.00 22545.00 22545.00 22545.00  60.00
20161130  14:39:00 22545.00 22545.00 22545.00 22545.00   0.00
20161130  14:40:00 22545.00 22545.00 22545.00 22545.00 218.00
20161130  14:41:00 22545.00 22545.00 22545.00 22545.00 178.00
20161130  14:42:00 22545.00 22575.00 22545.00 22570.00 1668.00
20161130  14:43:00 22570.00 22575.00 22545.00 22565.00 944.00
20161130  14:44:00 22565.00 22565.00 22550.00 22555.00 432.00
20161130  14:45:00 22555.00 22570.00 22545.00 22545.00 796.00
20161130  14:46:00 22545.00 22545.00 22545.00 22545.00 260.00
20161130  14:47:00 22545.00 22545.00 22545.00 22545.00  18.00
20161130  14:48:00 22545.00 22545.00 22545.00 22545.00 1216.00
20161130  14:49:00 22545.00 22545.00 22545.00 22545.00  44.00
20161130  14:50:00 22545.00 22545.00 22545.00 22545.00  24.00
20161130  14:51:00 22545.00 22565.00 22545.00 22545.00 1200.00
20161130  14:52:00 22545.00 22550.00 22545.00 22545.00 202.00
20161130  14:53:00 22545.00 22555.00 22545.00 22545.00 806.00
20161130  14:54:00 22545.00 22560.00 22545.00 22560.00 628.00
20161130  14:55:00 22560.00 22560.00 22545.00 22545.00 908.00
20161130  14:56:00 22545.00 22555.00 22545.00 22545.00 504.00
20161130  14:57:00 22545.00 22550.00 22545.00 22550.00 504.00
20161130  14:58:00 22545.00 22550.00 22545.00 22545.00 886.00
20161130  14:59:00 22545.00 22545.00 22545.00 22545.00 174.00
20161130  15:00:00 22545.00 22545.00 22545.00 22545.00 270.00
