20160811  15:00:00 17655.00 17655.00 17655.00 17655.00   4.00
20160811  14:59:00 17655.00 17660.00 17650.00 17655.00 1748.00
20160811  14:58:00 17645.00 17660.00 17640.00 17655.00 1720.00
20160811  14:57:00 17635.00 17645.00 17630.00 17640.00 1438.00
20160811  14:56:00 17645.00 17645.00 17635.00 17635.00 284.00
20160811  14:55:00 17645.00 17645.00 17630.00 17645.00 970.00
20160811  14:54:00 17645.00 17650.00 17640.00 17645.00 426.00
20160811  14:53:00 17635.00 17645.00 17635.00 17645.00 392.00
20160811  14:52:00 17650.00 17650.00 17635.00 17635.00 376.00
20160811  14:51:00 17645.00 17650.00 17640.00 17650.00 704.00
20160811  14:50:00 17640.00 17645.00 17635.00 17640.00 348.00
20160811  14:49:00 17640.00 17645.00 17635.00 17635.00 314.00
20160811  14:48:00 17645.00 17645.00 17640.00 17640.00 116.00
20160811  14:47:00 17640.00 17645.00 17635.00 17645.00 566.00
20160811  14:46:00 17645.00 17650.00 17640.00 17640.00 326.00
20160811  14:45:00 17645.00 17650.00 17640.00 17650.00 938.00
20160811  14:44:00 17660.00 17660.00 17645.00 17650.00 330.00
20160811  14:43:00 17655.00 17655.00 17655.00 17655.00 180.00
20160811  14:42:00 17650.00 17660.00 17645.00 17655.00 748.00
20160811  14:41:00 17650.00 17660.00 17650.00 17655.00 582.00
20160811  14:40:00 17650.00 17660.00 17650.00 17650.00 700.00
20160811  14:39:00 17650.00 17655.00 17645.00 17650.00 992.00
20160811  14:38:00 17650.00 17655.00 17645.00 17650.00 462.00
20160811  14:37:00 17645.00 17650.00 17640.00 17650.00 362.00
20160811  14:36:00 17645.00 17650.00 17645.00 17645.00 470.00
20160811  14:35:00 17645.00 17645.00 17640.00 17645.00 292.00
20160811  14:34:00 17650.00 17650.00 17645.00 17645.00 158.00
20160811  14:33:00 17640.00 17650.00 17635.00 17650.00 774.00
20160811  14:32:00 17650.00 17655.00 17640.00 17640.00 872.00
20160811  14:31:00 17630.00 17650.00 17630.00 17650.00 1046.00
20160811  14:30:00 17630.00 17630.00 17620.00 17630.00 796.00
20160811  14:29:00 17630.00 17635.00 17625.00 17630.00 448.00
20160811  14:28:00 17630.00 17630.00 17625.00 17630.00 374.00
20160811  14:27:00 17630.00 17630.00 17625.00 17630.00 428.00
20160811  14:26:00 17620.00 17640.00 17620.00 17625.00 878.00
20160811  14:25:00 17620.00 17630.00 17620.00 17620.00 1542.00
20160811  14:24:00 17660.00 17660.00 17610.00 17620.00 4982.00
20160811  14:23:00 17665.00 17665.00 17660.00 17665.00 132.00
20160811  14:22:00 17670.00 17670.00 17660.00 17665.00 356.00
20160811  14:21:00 17670.00 17670.00 17665.00 17670.00 144.00
20160811  14:20:00 17665.00 17675.00 17665.00 17675.00 386.00
20160811  14:19:00 17665.00 17665.00 17660.00 17665.00 190.00
20160811  14:18:00 17670.00 17670.00 17660.00 17660.00 416.00
20160811  14:17:00 17665.00 17670.00 17660.00 17670.00 302.00
20160811  14:16:00 17655.00 17665.00 17655.00 17660.00 164.00
20160811  14:15:00 17660.00 17665.00 17655.00 17655.00 332.00
20160811  14:14:00 17665.00 17665.00 17655.00 17660.00 456.00
20160811  14:13:00 17670.00 17670.00 17665.00 17665.00 340.00
20160811  14:12:00 17670.00 17675.00 17670.00 17670.00 348.00
20160811  14:11:00 17665.00 17675.00 17665.00 17675.00 300.00
20160811  14:10:00 17675.00 17675.00 17665.00 17665.00 262.00
20160811  14:09:00 17660.00 17675.00 17655.00 17675.00 342.00
20160811  14:08:00 17660.00 17660.00 17655.00 17660.00 152.00
20160811  14:07:00 17660.00 17665.00 17660.00 17660.00 254.00
20160811  14:06:00 17660.00 17660.00 17655.00 17655.00 414.00
20160811  14:05:00 17670.00 17670.00 17660.00 17660.00 326.00
20160811  14:04:00 17670.00 17675.00 17665.00 17670.00 442.00
20160811  14:03:00 17680.00 17680.00 17665.00 17675.00 648.00
20160811  14:02:00 17675.00 17675.00 17675.00 17675.00  12.00
20160811  14:01:00 17665.00 17675.00 17665.00 17675.00 266.00
20160811  14:00:00 17665.00 17680.00 17665.00 17665.00 708.00
20160811  13:59:00 17670.00 17675.00 17665.00 17665.00 474.00
20160811  13:58:00 17685.00 17685.00 17670.00 17670.00 532.00
20160811  13:57:00 17685.00 17685.00 17680.00 17685.00  60.00
20160811  13:56:00 17685.00 17685.00 17675.00 17680.00 338.00
20160811  13:55:00 17680.00 17685.00 17675.00 17685.00 338.00
20160811  13:54:00 17680.00 17685.00 17670.00 17675.00 616.00
20160811  13:53:00 17685.00 17690.00 17680.00 17680.00 212.00
20160811  13:52:00 17685.00 17690.00 17680.00 17690.00 290.00
20160811  13:51:00 17685.00 17690.00 17680.00 17680.00 554.00
20160811  13:50:00 17695.00 17700.00 17685.00 17685.00 1190.00
20160811  13:49:00 17690.00 17695.00 17690.00 17690.00 256.00
20160811  13:48:00 17685.00 17690.00 17680.00 17690.00 362.00
20160811  13:47:00 17695.00 17700.00 17685.00 17685.00 710.00
20160811  13:46:00 17700.00 17705.00 17695.00 17695.00 2102.00
20160811  13:45:00 17685.00 17700.00 17685.00 17700.00 1788.00
20160811  13:44:00 17675.00 17685.00 17675.00 17685.00 346.00
20160811  13:43:00 17680.00 17685.00 17675.00 17675.00 268.00
20160811  13:42:00 17675.00 17685.00 17675.00 17680.00 942.00
20160811  13:41:00 17670.00 17675.00 17665.00 17675.00 400.00
20160811  13:40:00 17665.00 17670.00 17665.00 17670.00 406.00
20160811  13:39:00 17670.00 17675.00 17660.00 17665.00 622.00
20160811  13:38:00 17665.00 17675.00 17665.00 17670.00 416.00
20160811  13:37:00 17670.00 17675.00 17665.00 17670.00 386.00
20160811  13:36:00 17665.00 17675.00 17665.00 17670.00 850.00
20160811  13:35:00 17650.00 17670.00 17650.00 17665.00 1106.00
20160811  13:34:00 17645.00 17650.00 17645.00 17650.00 692.00
20160811  13:33:00 17645.00 17655.00 17645.00 17645.00 950.00
20160811  13:32:00 17660.00 17660.00 17645.00 17645.00 1408.00
20160811  13:31:00 17660.00 17670.00 17655.00 17655.00 674.00
20160811  13:30:00 17665.00 17670.00 17660.00 17665.00 1342.00
20160811  11:29:00 17675.00 17680.00 17670.00 17680.00 592.00
20160811  11:28:00 17675.00 17680.00 17675.00 17675.00 240.00
20160811  11:27:00 17685.00 17685.00 17675.00 17675.00 342.00
20160811  11:26:00 17690.00 17695.00 17685.00 17685.00 226.00
20160811  11:25:00 17685.00 17695.00 17685.00 17690.00 150.00
20160811  11:24:00 17690.00 17690.00 17685.00 17685.00 164.00
20160811  11:23:00 17685.00 17690.00 17685.00 17685.00  82.00
20160811  11:22:00 17685.00 17685.00 17680.00 17685.00 228.00
20160811  11:21:00 17680.00 17685.00 17675.00 17685.00 354.00
20160811  11:20:00 17675.00 17680.00 17675.00 17675.00 164.00
20160811  11:19:00 17680.00 17680.00 17670.00 17675.00 682.00
20160811  11:18:00 17685.00 17685.00 17680.00 17680.00 146.00
20160811  11:17:00 17680.00 17690.00 17680.00 17685.00 738.00
20160811  11:16:00 17680.00 17685.00 17680.00 17680.00 120.00
20160811  11:15:00 17685.00 17685.00 17675.00 17680.00 890.00
20160811  11:14:00 17695.00 17695.00 17685.00 17685.00 400.00
20160811  11:13:00 17690.00 17700.00 17690.00 17695.00 1080.00
20160811  11:12:00 17690.00 17695.00 17690.00 17695.00 988.00
20160811  11:11:00 17685.00 17690.00 17685.00 17690.00 554.00
20160811  11:10:00 17685.00 17690.00 17685.00 17685.00  86.00
20160811  11:09:00 17680.00 17690.00 17680.00 17685.00 264.00
20160811  11:08:00 17680.00 17685.00 17680.00 17685.00 252.00
20160811  11:07:00 17690.00 17690.00 17680.00 17680.00 326.00
20160811  11:06:00 17685.00 17695.00 17685.00 17690.00 958.00
20160811  11:05:00 17685.00 17685.00 17680.00 17685.00 580.00
20160811  11:04:00 17680.00 17685.00 17680.00 17685.00 130.00
20160811  11:03:00 17670.00 17685.00 17670.00 17680.00 1386.00
20160811  11:02:00 17685.00 17685.00 17670.00 17670.00 508.00
20160811  11:01:00 17690.00 17690.00 17680.00 17685.00 560.00
20160811  11:00:00 17695.00 17695.00 17685.00 17685.00 1060.00
20160811  10:59:00 17675.00 17695.00 17675.00 17695.00 2002.00
20160811  10:58:00 17675.00 17680.00 17670.00 17675.00 566.00
20160811  10:57:00 17675.00 17680.00 17670.00 17675.00 868.00
20160811  10:56:00 17665.00 17675.00 17660.00 17675.00 806.00
20160811  10:55:00 17670.00 17675.00 17665.00 17670.00 658.00
20160811  10:54:00 17670.00 17675.00 17670.00 17670.00 1400.00
20160811  10:53:00 17655.00 17670.00 17650.00 17670.00 1382.00
20160811  10:52:00 17650.00 17655.00 17650.00 17655.00 316.00
20160811  10:51:00 17650.00 17660.00 17650.00 17650.00 456.00
20160811  10:50:00 17640.00 17655.00 17640.00 17650.00 720.00
20160811  10:49:00 17640.00 17645.00 17640.00 17640.00 156.00
20160811  10:48:00 17650.00 17650.00 17640.00 17640.00 162.00
20160811  10:47:00 17640.00 17645.00 17640.00 17645.00 224.00
20160811  10:46:00 17640.00 17645.00 17640.00 17640.00 160.00
20160811  10:45:00 17640.00 17645.00 17640.00 17645.00 450.00
20160811  10:44:00 17630.00 17640.00 17630.00 17640.00 756.00
20160811  10:43:00 17635.00 17640.00 17625.00 17630.00 518.00
20160811  10:42:00 17640.00 17640.00 17640.00 17640.00  24.00
20160811  10:41:00 17630.00 17640.00 17630.00 17640.00 172.00
20160811  10:40:00 17635.00 17640.00 17630.00 17635.00 290.00
20160811  10:39:00 17640.00 17640.00 17635.00 17635.00 202.00
20160811  10:38:00 17635.00 17640.00 17630.00 17640.00 288.00
20160811  10:37:00 17635.00 17635.00 17630.00 17635.00 314.00
20160811  10:36:00 17640.00 17640.00 17630.00 17635.00 210.00
20160811  10:35:00 17630.00 17640.00 17630.00 17640.00 358.00
20160811  10:34:00 17630.00 17630.00 17625.00 17630.00 282.00
20160811  10:33:00 17620.00 17630.00 17620.00 17630.00 304.00
20160811  10:32:00 17630.00 17630.00 17610.00 17620.00 2066.00
20160811  10:31:00 17645.00 17650.00 17630.00 17630.00 560.00
20160811  10:30:00 17650.00 17655.00 17645.00 17645.00 742.00
20160811  10:14:00 17660.00 17660.00 17650.00 17655.00 356.00
20160811  10:13:00 17660.00 17665.00 17660.00 17660.00 446.00
20160811  10:12:00 17660.00 17665.00 17655.00 17660.00 136.00
20160811  10:11:00 17660.00 17660.00 17655.00 17660.00  98.00
20160811  10:10:00 17650.00 17660.00 17645.00 17660.00 476.00
20160811  10:09:00 17640.00 17650.00 17640.00 17650.00 378.00
20160811  10:08:00 17645.00 17645.00 17635.00 17640.00 156.00
20160811  10:07:00 17640.00 17650.00 17640.00 17645.00 372.00
20160811  10:06:00 17645.00 17645.00 17635.00 17640.00 200.00
20160811  10:05:00 17645.00 17650.00 17645.00 17645.00  48.00
20160811  10:04:00 17655.00 17655.00 17645.00 17645.00 426.00
20160811  10:03:00 17650.00 17655.00 17640.00 17655.00 620.00
20160811  10:02:00 17660.00 17660.00 17650.00 17650.00 274.00
20160811  10:01:00 17660.00 17660.00 17655.00 17660.00 164.00
20160811  10:00:00 17650.00 17665.00 17650.00 17660.00 1110.00
20160811  09:59:00 17645.00 17655.00 17645.00 17650.00 282.00
20160811  09:58:00 17655.00 17655.00 17640.00 17645.00 850.00
20160811  09:57:00 17650.00 17655.00 17650.00 17655.00 438.00
20160811  09:56:00 17655.00 17665.00 17650.00 17650.00 854.00
20160811  09:55:00 17635.00 17660.00 17630.00 17660.00 1266.00
20160811  09:54:00 17625.00 17635.00 17625.00 17635.00 246.00
20160811  09:53:00 17635.00 17635.00 17625.00 17625.00 180.00
20160811  09:52:00 17630.00 17635.00 17620.00 17635.00 414.00
20160811  09:51:00 17625.00 17630.00 17620.00 17630.00 306.00
20160811  09:50:00 17620.00 17635.00 17615.00 17620.00 866.00
20160811  09:49:00 17605.00 17625.00 17600.00 17620.00 1084.00
20160811  09:48:00 17615.00 17615.00 17605.00 17610.00 708.00
20160811  09:47:00 17615.00 17620.00 17610.00 17615.00 218.00
20160811  09:46:00 17625.00 17625.00 17605.00 17610.00 1134.00
20160811  09:45:00 17630.00 17630.00 17620.00 17625.00 438.00
20160811  09:44:00 17625.00 17635.00 17625.00 17630.00 342.00
20160811  09:43:00 17620.00 17625.00 17615.00 17625.00 582.00
20160811  09:42:00 17640.00 17640.00 17615.00 17620.00 666.00
20160811  09:41:00 17640.00 17640.00 17635.00 17640.00 236.00
20160811  09:40:00 17630.00 17640.00 17620.00 17640.00 538.00
20160811  09:39:00 17635.00 17635.00 17630.00 17630.00 262.00
20160811  09:38:00 17630.00 17635.00 17630.00 17635.00 390.00
20160811  09:37:00 17655.00 17655.00 17635.00 17635.00 822.00
20160811  09:36:00 17650.00 17655.00 17650.00 17655.00 172.00
20160811  09:35:00 17645.00 17655.00 17645.00 17650.00 160.00
20160811  09:34:00 17650.00 17650.00 17645.00 17645.00 494.00
20160811  09:33:00 17650.00 17655.00 17645.00 17650.00 346.00
20160811  09:32:00 17640.00 17650.00 17640.00 17650.00 704.00
20160811  09:31:00 17640.00 17645.00 17635.00 17640.00 434.00
20160811  09:30:00 17625.00 17645.00 17625.00 17640.00 914.00
20160811  09:29:00 17645.00 17650.00 17625.00 17625.00 808.00
20160811  09:28:00 17650.00 17650.00 17640.00 17645.00 354.00
20160811  09:27:00 17650.00 17650.00 17645.00 17650.00 320.00
20160811  09:26:00 17645.00 17650.00 17640.00 17650.00 624.00
20160811  09:25:00 17650.00 17655.00 17645.00 17645.00 650.00
20160811  09:24:00 17645.00 17655.00 17645.00 17650.00 690.00
20160811  09:23:00 17645.00 17645.00 17635.00 17645.00 1002.00
20160811  09:22:00 17605.00 17650.00 17605.00 17645.00 1570.00
20160811  09:21:00 17620.00 17625.00 17595.00 17605.00 4200.00
20160811  09:20:00 17640.00 17640.00 17620.00 17620.00 2854.00
20160811  09:19:00 17665.00 17665.00 17635.00 17640.00 1588.00
20160811  09:18:00 17660.00 17665.00 17655.00 17660.00 388.00
20160811  09:17:00 17660.00 17660.00 17655.00 17660.00 548.00
20160811  09:16:00 17665.00 17670.00 17660.00 17660.00 728.00
20160811  09:15:00 17670.00 17675.00 17660.00 17665.00 950.00
20160811  09:14:00 17680.00 17680.00 17670.00 17670.00 326.00
20160811  09:13:00 17680.00 17685.00 17680.00 17680.00 890.00
20160811  09:12:00 17670.00 17685.00 17670.00 17685.00 646.00
20160811  09:11:00 17670.00 17675.00 17670.00 17670.00 254.00
20160811  09:10:00 17680.00 17680.00 17670.00 17670.00 622.00
20160811  09:09:00 17675.00 17685.00 17670.00 17680.00 1328.00
20160811  09:08:00 17665.00 17675.00 17665.00 17675.00 1714.00
20160811  09:07:00 17635.00 17665.00 17630.00 17665.00 1146.00
20160811  09:06:00 17645.00 17645.00 17630.00 17635.00 994.00
20160811  09:05:00 17655.00 17655.00 17640.00 17645.00 1534.00
20160811  09:04:00 17655.00 17665.00 17650.00 17655.00 782.00
20160811  09:03:00 17655.00 17655.00 17640.00 17655.00 968.00
20160811  09:02:00 17660.00 17665.00 17650.00 17650.00 1132.00
20160811  09:01:00 17645.00 17665.00 17640.00 17660.00 2806.00
20160811  09:00:00 17635.00 17650.00 17625.00 17640.00 3328.00
20160811  01:00:00 17635.00 17635.00 17635.00 17635.00   0.00
20160811  00:59:00 17635.00 17640.00 17630.00 17635.00 548.00
20160811  00:58:00 17635.00 17640.00 17635.00 17640.00 202.00
20160811  00:57:00 17635.00 17640.00 17635.00 17635.00 194.00
20160811  00:56:00 17640.00 17640.00 17630.00 17630.00 282.00
20160811  00:55:00 17645.00 17650.00 17640.00 17640.00 142.00
20160811  00:54:00 17645.00 17645.00 17645.00 17645.00  92.00
20160811  00:53:00 17640.00 17645.00 17635.00 17645.00 152.00
20160811  00:52:00 17635.00 17640.00 17635.00 17635.00 332.00
20160811  00:51:00 17645.00 17645.00 17635.00 17635.00 158.00
20160811  00:50:00 17640.00 17645.00 17640.00 17645.00  36.00
20160811  00:49:00 17640.00 17645.00 17640.00 17640.00  62.00
20160811  00:48:00 17645.00 17645.00 17640.00 17640.00 126.00
20160811  00:47:00 17640.00 17645.00 17635.00 17645.00 192.00
20160811  00:46:00 17635.00 17640.00 17630.00 17640.00 372.00
20160811  00:45:00 17635.00 17640.00 17630.00 17635.00 358.00
20160811  00:44:00 17650.00 17650.00 17635.00 17635.00 628.00
20160811  00:43:00 17650.00 17655.00 17650.00 17650.00  54.00
20160811  00:42:00 17650.00 17655.00 17650.00 17650.00 302.00
20160811  00:41:00 17650.00 17655.00 17650.00 17650.00 120.00
20160811  00:40:00 17650.00 17655.00 17650.00 17650.00  20.00
20160811  00:39:00 17655.00 17655.00 17650.00 17650.00  52.00
20160811  00:38:00 17655.00 17655.00 17655.00 17655.00 116.00
20160811  00:37:00 17655.00 17655.00 17655.00 17655.00   0.00
20160811  00:36:00 17650.00 17655.00 17650.00 17655.00  20.00
20160811  00:35:00 17655.00 17655.00 17650.00 17650.00 112.00
20160811  00:34:00 17655.00 17655.00 17650.00 17655.00  36.00
20160811  00:33:00 17655.00 17655.00 17655.00 17655.00   4.00
20160811  00:32:00 17655.00 17655.00 17655.00 17655.00  66.00
20160811  00:31:00 17655.00 17655.00 17655.00 17655.00 374.00
20160811  00:30:00 17655.00 17660.00 17655.00 17655.00  16.00
20160811  00:29:00 17660.00 17660.00 17655.00 17655.00 124.00
20160811  00:28:00 17655.00 17660.00 17655.00 17660.00 312.00
20160811  00:27:00 17655.00 17660.00 17655.00 17655.00 250.00
20160811  00:26:00 17660.00 17660.00 17655.00 17660.00 194.00
20160811  00:25:00 17655.00 17660.00 17655.00 17660.00 192.00
20160811  00:24:00 17655.00 17660.00 17655.00 17655.00 300.00
20160811  00:23:00 17655.00 17660.00 17655.00 17655.00 440.00
20160811  00:22:00 17650.00 17650.00 17650.00 17650.00   6.00
20160811  00:21:00 17650.00 17655.00 17650.00 17650.00 378.00
20160811  00:20:00 17660.00 17660.00 17650.00 17655.00 574.00
20160811  00:19:00 17660.00 17660.00 17655.00 17655.00   6.00
20160811  00:18:00 17660.00 17660.00 17655.00 17660.00  32.00
20160811  00:17:00 17655.00 17660.00 17655.00 17660.00  30.00
20160811  00:16:00 17650.00 17655.00 17650.00 17655.00 326.00
20160811  00:15:00 17655.00 17655.00 17650.00 17655.00 466.00
20160811  00:14:00 17655.00 17660.00 17655.00 17655.00 314.00
20160811  00:13:00 17660.00 17660.00 17655.00 17655.00 186.00
20160811  00:12:00 17660.00 17660.00 17655.00 17660.00 260.00
20160811  00:11:00 17660.00 17660.00 17660.00 17660.00 312.00
20160811  00:10:00 17655.00 17660.00 17655.00 17660.00  78.00
20160811  00:09:00 17655.00 17665.00 17655.00 17655.00 310.00
20160811  00:08:00 17655.00 17655.00 17655.00 17655.00  64.00
20160811  00:07:00 17650.00 17660.00 17650.00 17655.00 166.00
20160811  00:06:00 17650.00 17655.00 17645.00 17650.00 400.00
20160811  00:05:00 17645.00 17650.00 17645.00 17650.00  28.00
20160811  00:04:00 17650.00 17655.00 17645.00 17645.00 362.00
20160811  00:03:00 17650.00 17650.00 17650.00 17650.00  50.00
20160811  00:02:00 17650.00 17655.00 17650.00 17650.00 128.00
20160811  00:01:00 17650.00 17655.00 17650.00 17650.00 118.00
20160811  00:00:00 17650.00 17655.00 17645.00 17650.00 558.00
20160810  23:59:00 17660.00 17660.00 17650.00 17655.00 456.00
20160810  23:58:00 17655.00 17665.00 17655.00 17660.00 364.00
20160810  23:57:00 17655.00 17660.00 17655.00 17655.00 162.00
20160810  23:56:00 17655.00 17655.00 17655.00 17655.00 166.00
20160810  23:55:00 17660.00 17665.00 17655.00 17655.00 574.00
20160810  23:54:00 17665.00 17665.00 17660.00 17665.00 332.00
20160810  23:53:00 17660.00 17665.00 17660.00 17665.00 146.00
20160810  23:52:00 17660.00 17660.00 17655.00 17660.00 206.00
20160810  23:51:00 17655.00 17665.00 17655.00 17660.00 592.00
20160810  23:50:00 17645.00 17655.00 17645.00 17655.00 406.00
20160810  23:49:00 17650.00 17655.00 17645.00 17645.00 858.00
20160810  23:48:00 17655.00 17660.00 17650.00 17650.00 808.00
20160810  23:47:00 17660.00 17660.00 17655.00 17655.00 410.00
20160810  23:46:00 17670.00 17670.00 17655.00 17660.00 550.00
20160810  23:45:00 17660.00 17675.00 17660.00 17670.00 820.00
20160810  23:44:00 17660.00 17665.00 17655.00 17660.00 348.00
20160810  23:43:00 17655.00 17660.00 17655.00 17660.00 242.00
20160810  23:42:00 17660.00 17660.00 17655.00 17655.00 204.00
20160810  23:41:00 17660.00 17660.00 17655.00 17660.00 388.00
20160810  23:40:00 17655.00 17660.00 17655.00 17660.00 634.00
20160810  23:39:00 17660.00 17660.00 17650.00 17655.00 284.00
20160810  23:38:00 17650.00 17660.00 17650.00 17660.00 414.00
20160810  23:37:00 17665.00 17670.00 17650.00 17650.00 690.00
20160810  23:36:00 17665.00 17670.00 17660.00 17665.00 316.00
20160810  23:35:00 17670.00 17670.00 17660.00 17665.00 614.00
20160810  23:34:00 17675.00 17675.00 17665.00 17670.00 440.00
20160810  23:33:00 17665.00 17680.00 17660.00 17675.00 780.00
20160810  23:32:00 17665.00 17670.00 17660.00 17665.00 520.00
20160810  23:31:00 17660.00 17665.00 17655.00 17665.00 504.00
20160810  23:30:00 17665.00 17665.00 17660.00 17660.00 520.00
20160810  23:29:00 17665.00 17670.00 17660.00 17665.00 880.00
20160810  23:28:00 17660.00 17665.00 17655.00 17665.00 1006.00
20160810  23:27:00 17650.00 17665.00 17645.00 17660.00 1766.00
20160810  23:26:00 17645.00 17650.00 17635.00 17645.00 1574.00
20160810  23:25:00 17655.00 17655.00 17625.00 17645.00 4408.00
20160810  23:24:00 17695.00 17695.00 17650.00 17655.00 6582.00
20160810  23:23:00 17710.00 17710.00 17685.00 17695.00 994.00
20160810  23:22:00 17700.00 17710.00 17695.00 17710.00 970.00
20160810  23:21:00 17695.00 17700.00 17685.00 17700.00 810.00
20160810  23:20:00 17695.00 17700.00 17690.00 17690.00 876.00
20160810  23:19:00 17685.00 17705.00 17685.00 17695.00 1254.00
20160810  23:18:00 17685.00 17695.00 17685.00 17685.00 1046.00
20160810  23:17:00 17705.00 17705.00 17685.00 17685.00 1222.00
20160810  23:16:00 17695.00 17710.00 17695.00 17705.00 770.00
20160810  23:15:00 17700.00 17700.00 17685.00 17695.00 2968.00
20160810  23:14:00 17715.00 17715.00 17695.00 17695.00 1368.00
20160810  23:13:00 17710.00 17720.00 17705.00 17715.00 1036.00
20160810  23:12:00 17720.00 17725.00 17685.00 17710.00 3678.00
20160810  23:11:00 17730.00 17735.00 17720.00 17725.00 1708.00
20160810  23:10:00 17740.00 17745.00 17725.00 17730.00 1726.00
20160810  23:09:00 17760.00 17760.00 17740.00 17745.00 600.00
20160810  23:08:00 17750.00 17760.00 17750.00 17760.00 248.00
20160810  23:07:00 17750.00 17755.00 17745.00 17750.00 708.00
20160810  23:06:00 17755.00 17760.00 17745.00 17745.00 1158.00
20160810  23:05:00 17765.00 17765.00 17755.00 17755.00 344.00
20160810  23:04:00 17770.00 17770.00 17765.00 17765.00 268.00
20160810  23:03:00 17770.00 17770.00 17765.00 17770.00 108.00
20160810  23:02:00 17775.00 17775.00 17765.00 17770.00 308.00
20160810  23:01:00 17770.00 17775.00 17765.00 17775.00 174.00
20160810  23:00:00 17770.00 17775.00 17765.00 17765.00 494.00
20160810  22:59:00 17775.00 17775.00 17770.00 17770.00  14.00
20160810  22:58:00 17770.00 17780.00 17770.00 17775.00 192.00
20160810  22:57:00 17780.00 17780.00 17770.00 17770.00 436.00
20160810  22:56:00 17770.00 17780.00 17765.00 17780.00 444.00
20160810  22:55:00 17770.00 17775.00 17770.00 17770.00 128.00
20160810  22:54:00 17780.00 17780.00 17770.00 17770.00 658.00
20160810  22:53:00 17770.00 17780.00 17770.00 17780.00 478.00
20160810  22:52:00 17765.00 17770.00 17765.00 17770.00  86.00
20160810  22:51:00 17770.00 17770.00 17765.00 17765.00 446.00
20160810  22:50:00 17780.00 17780.00 17770.00 17770.00 304.00
20160810  22:49:00 17780.00 17795.00 17775.00 17780.00 902.00
20160810  22:48:00 17770.00 17780.00 17770.00 17780.00 556.00
20160810  22:47:00 17770.00 17775.00 17765.00 17770.00 620.00
20160810  22:46:00 17765.00 17775.00 17760.00 17770.00 562.00
20160810  22:45:00 17770.00 17770.00 17760.00 17770.00 876.00
20160810  22:44:00 17770.00 17775.00 17760.00 17770.00 642.00
20160810  22:43:00 17770.00 17775.00 17770.00 17770.00 368.00
20160810  22:42:00 17765.00 17780.00 17765.00 17775.00 820.00
20160810  22:41:00 17765.00 17770.00 17760.00 17770.00 730.00
20160810  22:40:00 17770.00 17775.00 17755.00 17765.00 1328.00
20160810  22:39:00 17780.00 17785.00 17770.00 17775.00 438.00
20160810  22:38:00 17780.00 17785.00 17775.00 17780.00 684.00
20160810  22:37:00 17795.00 17795.00 17785.00 17785.00 316.00
20160810  22:36:00 17790.00 17795.00 17790.00 17795.00 600.00
20160810  22:35:00 17785.00 17790.00 17785.00 17790.00 150.00
20160810  22:34:00 17780.00 17795.00 17780.00 17785.00 602.00
20160810  22:33:00 17785.00 17790.00 17780.00 17785.00 830.00
20160810  22:32:00 17800.00 17800.00 17770.00 17785.00 1992.00
20160810  22:31:00 17810.00 17810.00 17795.00 17800.00 2244.00
20160810  22:30:00 17800.00 17830.00 17795.00 17810.00 3610.00
20160810  22:29:00 17815.00 17820.00 17795.00 17800.00 1768.00
20160810  22:28:00 17800.00 17815.00 17795.00 17815.00 1440.00
20160810  22:27:00 17810.00 17810.00 17800.00 17800.00 1078.00
20160810  22:26:00 17795.00 17815.00 17790.00 17810.00 2136.00
20160810  22:25:00 17805.00 17810.00 17790.00 17800.00 1456.00
20160810  22:24:00 17780.00 17810.00 17780.00 17810.00 2502.00
20160810  22:23:00 17785.00 17785.00 17770.00 17780.00 808.00
20160810  22:22:00 17775.00 17785.00 17775.00 17785.00 670.00
20160810  22:21:00 17770.00 17775.00 17765.00 17775.00 508.00
20160810  22:20:00 17770.00 17775.00 17770.00 17770.00 166.00
20160810  22:19:00 17770.00 17775.00 17770.00 17770.00 112.00
20160810  22:18:00 17760.00 17775.00 17760.00 17770.00 416.00
20160810  22:17:00 17770.00 17770.00 17760.00 17760.00 324.00
20160810  22:16:00 17770.00 17775.00 17765.00 17770.00 320.00
20160810  22:15:00 17770.00 17780.00 17770.00 17770.00 1086.00
20160810  22:14:00 17765.00 17770.00 17765.00 17770.00  74.00
20160810  22:13:00 17770.00 17770.00 17765.00 17765.00 296.00
20160810  22:12:00 17765.00 17770.00 17765.00 17770.00 490.00
20160810  22:11:00 17765.00 17765.00 17765.00 17765.00 394.00
20160810  22:10:00 17765.00 17775.00 17760.00 17765.00 392.00
20160810  22:09:00 17765.00 17770.00 17755.00 17765.00 588.00
20160810  22:08:00 17765.00 17770.00 17760.00 17765.00 124.00
20160810  22:07:00 17775.00 17775.00 17765.00 17765.00 338.00
20160810  22:06:00 17780.00 17780.00 17770.00 17775.00 478.00
20160810  22:05:00 17765.00 17775.00 17765.00 17775.00 506.00
20160810  22:04:00 17770.00 17775.00 17760.00 17765.00 758.00
20160810  22:03:00 17765.00 17775.00 17765.00 17775.00 646.00
20160810  22:02:00 17760.00 17765.00 17750.00 17765.00 518.00
20160810  22:01:00 17760.00 17760.00 17750.00 17760.00 498.00
20160810  22:00:00 17745.00 17770.00 17745.00 17760.00 1078.00
20160810  21:59:00 17750.00 17750.00 17740.00 17745.00 988.00
20160810  21:58:00 17760.00 17760.00 17740.00 17750.00 968.00
20160810  21:57:00 17760.00 17760.00 17755.00 17755.00 388.00
20160810  21:56:00 17760.00 17765.00 17760.00 17760.00  94.00
20160810  21:55:00 17755.00 17770.00 17755.00 17765.00 566.00
20160810  21:54:00 17760.00 17770.00 17755.00 17760.00 576.00
20160810  21:53:00 17770.00 17770.00 17755.00 17760.00 906.00
20160810  21:52:00 17775.00 17775.00 17765.00 17770.00 1216.00
20160810  21:51:00 17775.00 17780.00 17775.00 17775.00 212.00
20160810  21:50:00 17775.00 17780.00 17775.00 17775.00 472.00
20160810  21:49:00 17780.00 17785.00 17770.00 17775.00 594.00
20160810  21:48:00 17780.00 17785.00 17775.00 17780.00 296.00
20160810  21:47:00 17775.00 17780.00 17770.00 17780.00 536.00
20160810  21:46:00 17795.00 17795.00 17770.00 17775.00 1214.00
20160810  21:45:00 17770.00 17795.00 17770.00 17795.00 1862.00
20160810  21:44:00 17770.00 17775.00 17765.00 17770.00 1008.00
20160810  21:43:00 17760.00 17770.00 17760.00 17770.00 610.00
20160810  21:42:00 17755.00 17760.00 17750.00 17760.00 1636.00
20160810  21:41:00 17740.00 17755.00 17715.00 17755.00 3946.00
20160810  21:40:00 17775.00 17775.00 17740.00 17740.00 2508.00
20160810  21:39:00 17765.00 17775.00 17760.00 17775.00 1028.00
20160810  21:38:00 17770.00 17775.00 17760.00 17765.00 1582.00
20160810  21:37:00 17775.00 17780.00 17770.00 17775.00 366.00
20160810  21:36:00 17765.00 17780.00 17765.00 17775.00 588.00
20160810  21:35:00 17780.00 17780.00 17765.00 17765.00 1402.00
20160810  21:34:00 17780.00 17790.00 17780.00 17780.00 574.00
20160810  21:33:00 17790.00 17790.00 17775.00 17780.00 722.00
20160810  21:32:00 17785.00 17790.00 17775.00 17790.00 810.00
20160810  21:31:00 17790.00 17790.00 17780.00 17785.00 730.00
20160810  21:30:00 17780.00 17790.00 17780.00 17790.00 344.00
20160810  21:29:00 17775.00 17790.00 17775.00 17780.00 690.00
20160810  21:28:00 17780.00 17780.00 17765.00 17780.00 1922.00
20160810  21:27:00 17785.00 17790.00 17775.00 17780.00 1704.00
20160810  21:26:00 17790.00 17795.00 17785.00 17785.00 404.00
20160810  21:25:00 17785.00 17795.00 17785.00 17790.00 1302.00
20160810  21:24:00 17805.00 17805.00 17785.00 17785.00 1050.00
20160810  21:23:00 17810.00 17810.00 17800.00 17800.00 710.00
20160810  21:22:00 17800.00 17810.00 17795.00 17810.00 730.00
20160810  21:21:00 17810.00 17815.00 17800.00 17805.00 844.00
20160810  21:20:00 17795.00 17810.00 17795.00 17810.00 2068.00
20160810  21:19:00 17790.00 17800.00 17785.00 17800.00 728.00
20160810  21:18:00 17790.00 17795.00 17785.00 17795.00 902.00
20160810  21:17:00 17790.00 17790.00 17785.00 17790.00 398.00
20160810  21:16:00 17785.00 17795.00 17775.00 17790.00 1344.00
20160810  21:15:00 17785.00 17785.00 17780.00 17785.00 816.00
20160810  21:14:00 17770.00 17785.00 17770.00 17780.00 1390.00
20160810  21:13:00 17790.00 17790.00 17765.00 17770.00 2760.00
20160810  21:12:00 17810.00 17810.00 17790.00 17790.00 2330.00
20160810  21:11:00 17820.00 17820.00 17805.00 17810.00 2206.00
20160810  21:10:00 17830.00 17830.00 17810.00 17820.00 3154.00
20160810  21:09:00 17800.00 17835.00 17800.00 17830.00 4796.00
20160810  21:08:00 17790.00 17810.00 17785.00 17805.00 2608.00
20160810  21:07:00 17790.00 17795.00 17775.00 17790.00 1752.00
20160810  21:06:00 17780.00 17790.00 17770.00 17785.00 1970.00
20160810  21:05:00 17780.00 17785.00 17760.00 17780.00 2188.00
20160810  21:04:00 17795.00 17795.00 17775.00 17780.00 2742.00
20160810  21:03:00 17785.00 17805.00 17775.00 17795.00 3296.00
20160810  21:02:00 17770.00 17805.00 17765.00 17785.00 5328.00
20160810  21:01:00 17745.00 17775.00 17740.00 17775.00 4306.00
20160810  21:00:00 17765.00 17790.00 17745.00 17745.00 7626.00
