20160203  21:00:00 13480.00 13480.00 13460.00 13465.00 2128.00
20160203  21:01:00 13465.00 13465.00 13455.00 13465.00 1452.00
20160203  21:02:00 13460.00 13485.00 13460.00 13480.00 1452.00
20160203  21:03:00 13480.00 13500.00 13480.00 13490.00 1704.00
20160203  21:04:00 13490.00 13495.00 13485.00 13490.00 984.00
20160203  21:05:00 13490.00 13495.00 13485.00 13485.00 722.00
20160203  21:06:00 13480.00 13490.00 13480.00 13485.00 358.00
20160203  21:07:00 13480.00 13485.00 13465.00 13470.00 928.00
20160203  21:08:00 13470.00 13470.00 13465.00 13470.00 640.00
20160203  21:09:00 13465.00 13470.00 13460.00 13465.00 480.00
20160203  21:10:00 13465.00 13480.00 13460.00 13475.00 700.00
20160203  21:11:00 13475.00 13485.00 13475.00 13485.00 640.00
20160203  21:12:00 13485.00 13505.00 13485.00 13505.00 1690.00
20160203  21:13:00 13510.00 13535.00 13510.00 13530.00 4498.00
20160203  21:14:00 13530.00 13545.00 13530.00 13535.00 2520.00
20160203  21:15:00 13535.00 13545.00 13535.00 13540.00 1604.00
20160203  21:16:00 13545.00 13545.00 13535.00 13545.00 1960.00
20160203  21:17:00 13540.00 13550.00 13540.00 13540.00 918.00
20160203  21:18:00 13540.00 13565.00 13540.00 13565.00 3398.00
20160203  21:19:00 13565.00 13565.00 13550.00 13560.00 1028.00
20160203  21:20:00 13555.00 13570.00 13555.00 13565.00 2060.00
20160203  21:21:00 13560.00 13565.00 13555.00 13560.00 1296.00
20160203  21:22:00 13565.00 13565.00 13550.00 13555.00 1360.00
20160203  21:23:00 13555.00 13560.00 13550.00 13550.00 1282.00
20160203  21:24:00 13555.00 13575.00 13550.00 13555.00 1612.00
20160203  21:25:00 13560.00 13565.00 13555.00 13555.00 330.00
20160203  21:26:00 13555.00 13565.00 13550.00 13560.00 1104.00
20160203  21:27:00 13560.00 13575.00 13560.00 13570.00 1120.00
20160203  21:28:00 13570.00 13575.00 13570.00 13575.00 864.00
20160203  21:29:00 13570.00 13590.00 13570.00 13585.00 1734.00
20160203  21:30:00 13585.00 13600.00 13580.00 13595.00 1992.00
20160203  21:31:00 13595.00 13600.00 13580.00 13585.00 1790.00
20160203  21:32:00 13585.00 13585.00 13575.00 13575.00 940.00
20160203  21:33:00 13575.00 13575.00 13560.00 13560.00 912.00
20160203  21:34:00 13565.00 13575.00 13565.00 13570.00 770.00
20160203  21:35:00 13575.00 13580.00 13570.00 13580.00 610.00
20160203  21:36:00 13580.00 13580.00 13565.00 13565.00 620.00
20160203  21:37:00 13565.00 13570.00 13560.00 13560.00 748.00
20160203  21:38:00 13560.00 13570.00 13560.00 13570.00 318.00
20160203  21:39:00 13570.00 13570.00 13565.00 13565.00 344.00
20160203  21:40:00 13565.00 13570.00 13560.00 13570.00 572.00
20160203  21:41:00 13570.00 13575.00 13565.00 13565.00 570.00
20160203  21:42:00 13565.00 13570.00 13565.00 13565.00  14.00
20160203  21:43:00 13570.00 13570.00 13560.00 13560.00 266.00
20160203  21:44:00 13560.00 13565.00 13560.00 13565.00 452.00
20160203  21:45:00 13565.00 13570.00 13560.00 13560.00 392.00
20160203  21:46:00 13560.00 13570.00 13560.00 13565.00 204.00
20160203  21:47:00 13565.00 13570.00 13565.00 13570.00 102.00
20160203  21:48:00 13570.00 13570.00 13560.00 13560.00 468.00
20160203  21:49:00 13560.00 13560.00 13555.00 13555.00 366.00
20160203  21:50:00 13560.00 13560.00 13555.00 13560.00 278.00
20160203  21:51:00 13555.00 13560.00 13555.00 13560.00  76.00
20160203  21:52:00 13560.00 13560.00 13555.00 13555.00  16.00
20160203  21:53:00 13555.00 13555.00 13550.00 13550.00 496.00
20160203  21:54:00 13550.00 13550.00 13545.00 13550.00 506.00
20160203  21:55:00 13550.00 13555.00 13545.00 13555.00 196.00
20160203  21:56:00 13550.00 13560.00 13545.00 13545.00 734.00
20160203  21:57:00 13545.00 13555.00 13545.00 13555.00 252.00
20160203  21:58:00 13555.00 13555.00 13550.00 13555.00 620.00
20160203  21:59:00 13555.00 13565.00 13555.00 13565.00 1094.00
20160203  22:00:00 13565.00 13570.00 13565.00 13570.00 474.00
20160203  22:01:00 13570.00 13575.00 13565.00 13570.00 624.00
20160203  22:02:00 13570.00 13570.00 13565.00 13565.00  54.00
20160203  22:03:00 13565.00 13570.00 13565.00 13565.00  38.00
20160203  22:04:00 13570.00 13570.00 13555.00 13555.00 512.00
20160203  22:05:00 13555.00 13560.00 13545.00 13545.00 614.00
20160203  22:06:00 13545.00 13550.00 13545.00 13550.00 800.00
20160203  22:07:00 13550.00 13565.00 13550.00 13565.00 546.00
20160203  22:08:00 13565.00 13575.00 13565.00 13570.00 910.00
20160203  22:09:00 13570.00 13580.00 13570.00 13580.00 770.00
20160203  22:10:00 13580.00 13585.00 13575.00 13580.00 1336.00
20160203  22:11:00 13580.00 13595.00 13580.00 13595.00 1082.00
20160203  22:12:00 13595.00 13595.00 13580.00 13580.00 1434.00
20160203  22:13:00 13580.00 13595.00 13580.00 13595.00 764.00
20160203  22:14:00 13595.00 13610.00 13595.00 13600.00 2066.00
20160203  22:15:00 13600.00 13610.00 13600.00 13605.00 612.00
20160203  22:16:00 13605.00 13610.00 13595.00 13595.00 1230.00
20160203  22:17:00 13595.00 13595.00 13585.00 13585.00 342.00
20160203  22:18:00 13585.00 13590.00 13580.00 13585.00 250.00
20160203  22:19:00 13580.00 13590.00 13580.00 13590.00 334.00
20160203  22:20:00 13590.00 13600.00 13590.00 13600.00 630.00
20160203  22:21:00 13600.00 13600.00 13590.00 13595.00 556.00
20160203  22:22:00 13595.00 13600.00 13585.00 13590.00 642.00
20160203  22:23:00 13585.00 13590.00 13580.00 13580.00 372.00
20160203  22:24:00 13585.00 13585.00 13575.00 13575.00 544.00
20160203  22:25:00 13575.00 13580.00 13575.00 13575.00 1518.00
20160203  22:26:00 13575.00 13585.00 13575.00 13585.00 412.00
20160203  22:27:00 13585.00 13590.00 13580.00 13580.00 240.00
20160203  22:28:00 13580.00 13590.00 13580.00 13590.00 184.00
20160203  22:29:00 13590.00 13590.00 13575.00 13580.00 368.00
20160203  22:30:00 13580.00 13585.00 13580.00 13585.00 262.00
20160203  22:31:00 13585.00 13585.00 13580.00 13585.00  14.00
20160203  22:32:00 13585.00 13585.00 13575.00 13575.00 378.00
20160203  22:33:00 13575.00 13575.00 13570.00 13570.00 200.00
20160203  22:34:00 13570.00 13580.00 13570.00 13580.00 208.00
20160203  22:35:00 13575.00 13580.00 13575.00 13580.00 144.00
20160203  22:36:00 13575.00 13580.00 13575.00 13575.00 276.00
20160203  22:37:00 13575.00 13580.00 13575.00 13575.00 322.00
20160203  22:38:00 13575.00 13575.00 13575.00 13575.00 272.00
20160203  22:39:00 13575.00 13580.00 13570.00 13570.00 186.00
20160203  22:40:00 13570.00 13590.00 13570.00 13580.00 892.00
20160203  22:41:00 13580.00 13580.00 13580.00 13580.00 204.00
20160203  22:42:00 13580.00 13580.00 13570.00 13570.00 166.00
20160203  22:43:00 13570.00 13580.00 13570.00 13580.00 126.00
20160203  22:44:00 13580.00 13585.00 13580.00 13585.00 334.00
20160203  22:45:00 13585.00 13590.00 13580.00 13585.00 348.00
20160203  22:46:00 13585.00 13585.00 13575.00 13585.00 390.00
20160203  22:47:00 13585.00 13600.00 13585.00 13595.00 606.00
20160203  22:48:00 13600.00 13600.00 13590.00 13595.00 328.00
20160203  22:49:00 13595.00 13600.00 13595.00 13600.00 244.00
20160203  22:50:00 13600.00 13600.00 13590.00 13590.00 916.00
20160203  22:51:00 13590.00 13600.00 13590.00 13595.00 434.00
20160203  22:52:00 13595.00 13600.00 13585.00 13585.00 528.00
20160203  22:53:00 13585.00 13590.00 13585.00 13585.00 278.00
20160203  22:54:00 13585.00 13595.00 13585.00 13595.00 340.00
20160203  22:55:00 13595.00 13595.00 13590.00 13590.00  42.00
20160203  22:56:00 13590.00 13595.00 13590.00 13595.00  96.00
20160203  22:57:00 13595.00 13595.00 13590.00 13595.00 144.00
20160203  22:58:00 13595.00 13600.00 13595.00 13600.00 124.00
20160203  22:59:00 13600.00 13600.00 13590.00 13590.00 220.00
20160203  23:00:00 13590.00 13595.00 13585.00 13590.00 274.00
20160203  23:01:00 13590.00 13590.00 13585.00 13585.00 118.00
20160203  23:02:00 13585.00 13590.00 13580.00 13580.00 534.00
20160203  23:03:00 13585.00 13585.00 13580.00 13580.00  76.00
20160203  23:04:00 13580.00 13595.00 13580.00 13590.00 558.00
20160203  23:05:00 13590.00 13590.00 13585.00 13585.00 240.00
20160203  23:06:00 13585.00 13585.00 13585.00 13585.00  54.00
20160203  23:07:00 13585.00 13585.00 13575.00 13575.00 154.00
20160203  23:08:00 13575.00 13585.00 13575.00 13580.00 138.00
20160203  23:09:00 13580.00 13580.00 13575.00 13575.00  96.00
20160203  23:10:00 13575.00 13580.00 13575.00 13580.00 126.00
20160203  23:11:00 13580.00 13585.00 13575.00 13580.00 348.00
20160203  23:12:00 13580.00 13580.00 13570.00 13570.00 342.00
20160203  23:13:00 13570.00 13570.00 13560.00 13565.00 924.00
20160203  23:14:00 13560.00 13570.00 13560.00 13570.00 374.00
20160203  23:15:00 13565.00 13570.00 13565.00 13565.00 604.00
20160203  23:16:00 13565.00 13570.00 13565.00 13565.00 882.00
20160203  23:17:00 13565.00 13565.00 13560.00 13565.00 646.00
20160203  23:18:00 13565.00 13565.00 13560.00 13565.00 194.00
20160203  23:19:00 13565.00 13565.00 13560.00 13565.00 186.00
20160203  23:20:00 13565.00 13570.00 13560.00 13570.00 248.00
20160203  23:21:00 13565.00 13570.00 13565.00 13570.00  60.00
20160203  23:22:00 13570.00 13570.00 13560.00 13560.00 296.00
20160203  23:23:00 13565.00 13570.00 13565.00 13565.00 162.00
20160203  23:24:00 13565.00 13570.00 13560.00 13565.00 618.00
20160203  23:25:00 13565.00 13565.00 13555.00 13555.00 570.00
20160203  23:26:00 13555.00 13565.00 13555.00 13565.00 762.00
20160203  23:27:00 13565.00 13565.00 13560.00 13560.00 304.00
20160203  23:28:00 13560.00 13570.00 13560.00 13570.00 180.00
20160203  23:29:00 13565.00 13570.00 13565.00 13565.00 214.00
20160203  23:30:00 13565.00 13565.00 13550.00 13555.00 1104.00
20160203  23:31:00 13555.00 13560.00 13550.00 13550.00 762.00
20160203  23:32:00 13545.00 13550.00 13545.00 13545.00 990.00
20160203  23:33:00 13545.00 13550.00 13545.00 13545.00  94.00
20160203  23:34:00 13545.00 13550.00 13530.00 13530.00 1026.00
20160203  23:35:00 13530.00 13535.00 13520.00 13535.00 1802.00
20160203  23:36:00 13535.00 13540.00 13525.00 13525.00 514.00
20160203  23:37:00 13525.00 13530.00 13520.00 13525.00 586.00
20160203  23:38:00 13525.00 13535.00 13525.00 13535.00 686.00
20160203  23:39:00 13535.00 13540.00 13530.00 13535.00 128.00
20160203  23:40:00 13540.00 13540.00 13530.00 13530.00 454.00
20160203  23:41:00 13530.00 13540.00 13530.00 13540.00  74.00
20160203  23:42:00 13540.00 13540.00 13535.00 13540.00 266.00
20160203  23:43:00 13540.00 13545.00 13540.00 13545.00 152.00
20160203  23:44:00 13545.00 13545.00 13540.00 13545.00  42.00
20160203  23:45:00 13540.00 13540.00 13535.00 13540.00 432.00
20160203  23:46:00 13540.00 13545.00 13540.00 13545.00 186.00
20160203  23:47:00 13545.00 13555.00 13540.00 13555.00 764.00
20160203  23:48:00 13555.00 13555.00 13550.00 13555.00 268.00
20160203  23:49:00 13555.00 13555.00 13545.00 13545.00 380.00
20160203  23:50:00 13545.00 13545.00 13540.00 13545.00 342.00
20160203  23:51:00 13545.00 13555.00 13545.00 13550.00 292.00
20160203  23:52:00 13550.00 13555.00 13550.00 13555.00 182.00
20160203  23:53:00 13555.00 13560.00 13555.00 13555.00 110.00
20160203  23:54:00 13555.00 13560.00 13550.00 13555.00 296.00
20160203  23:55:00 13555.00 13555.00 13545.00 13550.00 148.00
20160203  23:56:00 13550.00 13560.00 13550.00 13555.00 186.00
20160203  23:57:00 13560.00 13565.00 13560.00 13565.00 456.00
20160203  23:58:00 13565.00 13585.00 13560.00 13580.00 1034.00
20160203  23:59:00 13580.00 13595.00 13580.00 13590.00 848.00
20160204  00:00:00 13590.00 13595.00 13585.00 13590.00 734.00
20160204  00:01:00 13590.00 13595.00 13590.00 13590.00 190.00
20160204  00:02:00 13590.00 13595.00 13590.00 13590.00 376.00
20160204  00:03:00 13590.00 13600.00 13585.00 13590.00 838.00
20160204  00:04:00 13590.00 13590.00 13585.00 13585.00 286.00
20160204  00:05:00 13590.00 13600.00 13590.00 13595.00 998.00
20160204  00:06:00 13595.00 13595.00 13590.00 13595.00 196.00
20160204  00:07:00 13595.00 13595.00 13585.00 13585.00 276.00
20160204  00:08:00 13585.00 13585.00 13580.00 13580.00 1102.00
20160204  00:09:00 13580.00 13585.00 13580.00 13580.00 432.00
20160204  00:10:00 13580.00 13580.00 13575.00 13580.00 206.00
20160204  00:11:00 13580.00 13585.00 13575.00 13585.00 490.00
20160204  00:12:00 13585.00 13585.00 13585.00 13585.00  86.00
20160204  00:13:00 13580.00 13585.00 13580.00 13585.00 236.00
20160204  00:14:00 13590.00 13590.00 13590.00 13590.00 178.00
20160204  00:15:00 13590.00 13595.00 13590.00 13590.00 248.00
20160204  00:16:00 13590.00 13615.00 13590.00 13615.00 1404.00
20160204  00:17:00 13615.00 13620.00 13605.00 13610.00 1354.00
20160204  00:18:00 13610.00 13610.00 13600.00 13610.00 634.00
20160204  00:19:00 13610.00 13615.00 13605.00 13615.00 520.00
20160204  00:20:00 13615.00 13615.00 13610.00 13610.00 314.00
20160204  00:21:00 13610.00 13620.00 13610.00 13615.00 248.00
20160204  00:22:00 13615.00 13620.00 13615.00 13620.00 450.00
20160204  00:23:00 13620.00 13635.00 13620.00 13625.00 1232.00
20160204  00:24:00 13620.00 13625.00 13620.00 13620.00 142.00
20160204  00:25:00 13620.00 13620.00 13615.00 13615.00 512.00
20160204  00:26:00 13615.00 13615.00 13605.00 13605.00 478.00
20160204  00:27:00 13610.00 13610.00 13605.00 13605.00 316.00
20160204  00:28:00 13605.00 13610.00 13605.00 13605.00 188.00
20160204  00:29:00 13605.00 13610.00 13595.00 13595.00 452.00
20160204  00:30:00 13595.00 13600.00 13595.00 13600.00 430.00
20160204  00:31:00 13600.00 13610.00 13600.00 13610.00 374.00
20160204  00:32:00 13610.00 13610.00 13605.00 13610.00 102.00
20160204  00:33:00 13605.00 13610.00 13605.00 13605.00 168.00
20160204  00:34:00 13605.00 13605.00 13600.00 13600.00  70.00
20160204  00:35:00 13600.00 13605.00 13600.00 13605.00  26.00
20160204  00:36:00 13605.00 13605.00 13600.00 13600.00 106.00
20160204  00:37:00 13600.00 13605.00 13600.00 13605.00  44.00
20160204  00:38:00 13605.00 13610.00 13605.00 13605.00 170.00
20160204  00:39:00 13610.00 13610.00 13610.00 13610.00 296.00
20160204  00:40:00 13610.00 13615.00 13610.00 13615.00 104.00
20160204  00:41:00 13615.00 13615.00 13610.00 13610.00 194.00
20160204  00:42:00 13610.00 13610.00 13600.00 13605.00 520.00
20160204  00:43:00 13605.00 13610.00 13605.00 13605.00 270.00
20160204  00:44:00 13605.00 13610.00 13605.00 13610.00  86.00
20160204  00:45:00 13610.00 13610.00 13605.00 13605.00  30.00
20160204  00:46:00 13605.00 13605.00 13605.00 13605.00 162.00
20160204  00:47:00 13605.00 13605.00 13600.00 13600.00  96.00
20160204  00:48:00 13600.00 13605.00 13600.00 13605.00 260.00
20160204  00:49:00 13605.00 13615.00 13605.00 13615.00 362.00
20160204  00:50:00 13610.00 13615.00 13610.00 13615.00 480.00
20160204  00:51:00 13615.00 13615.00 13610.00 13615.00 262.00
20160204  00:52:00 13615.00 13615.00 13605.00 13605.00 184.00
20160204  00:53:00 13605.00 13605.00 13605.00 13605.00 282.00
20160204  00:54:00 13605.00 13605.00 13600.00 13600.00  50.00
20160204  00:55:00 13600.00 13605.00 13600.00 13605.00 138.00
20160204  00:56:00 13605.00 13605.00 13605.00 13605.00  14.00
20160204  00:57:00 13605.00 13610.00 13600.00 13605.00 574.00
20160204  00:58:00 13605.00 13610.00 13600.00 13605.00 330.00
20160204  00:59:00 13600.00 13610.00 13595.00 13600.00 498.00
20160204  01:00:00 13600.00 13600.00 13600.00 13600.00   8.00
20160204  09:00:00 13615.00 13630.00 13605.00 13605.00 2436.00
20160204  09:01:00 13605.00 13640.00 13605.00 13620.00 1580.00
20160204  09:02:00 13620.00 13625.00 13615.00 13620.00 726.00
20160204  09:03:00 13620.00 13620.00 13605.00 13610.00 976.00
20160204  09:04:00 13605.00 13610.00 13580.00 13585.00 934.00
20160204  09:05:00 13590.00 13605.00 13590.00 13595.00 620.00
20160204  09:06:00 13595.00 13600.00 13585.00 13585.00 520.00
20160204  09:07:00 13585.00 13590.00 13580.00 13580.00 736.00
20160204  09:08:00 13580.00 13610.00 13580.00 13605.00 1220.00
20160204  09:09:00 13605.00 13615.00 13605.00 13615.00 784.00
20160204  09:10:00 13610.00 13620.00 13610.00 13610.00 914.00
20160204  09:11:00 13610.00 13615.00 13605.00 13610.00 518.00
20160204  09:12:00 13610.00 13615.00 13605.00 13615.00 1032.00
20160204  09:13:00 13615.00 13620.00 13610.00 13615.00 1474.00
20160204  09:14:00 13620.00 13645.00 13620.00 13645.00 1396.00
20160204  09:15:00 13645.00 13650.00 13635.00 13645.00 2174.00
20160204  09:16:00 13640.00 13640.00 13625.00 13630.00 908.00
20160204  09:17:00 13630.00 13630.00 13625.00 13630.00 318.00
20160204  09:18:00 13630.00 13635.00 13625.00 13630.00 470.00
20160204  09:19:00 13625.00 13640.00 13625.00 13640.00 846.00
20160204  09:20:00 13640.00 13645.00 13635.00 13640.00 944.00
20160204  09:21:00 13645.00 13655.00 13645.00 13650.00 1288.00
20160204  09:22:00 13650.00 13650.00 13640.00 13645.00 924.00
20160204  09:23:00 13645.00 13645.00 13640.00 13645.00 246.00
20160204  09:24:00 13645.00 13645.00 13635.00 13635.00 844.00
20160204  09:25:00 13635.00 13640.00 13635.00 13640.00 364.00
20160204  09:26:00 13640.00 13650.00 13640.00 13650.00 446.00
20160204  09:27:00 13650.00 13675.00 13645.00 13675.00 1534.00
20160204  09:28:00 13680.00 13700.00 13675.00 13695.00 2404.00
20160204  09:29:00 13695.00 13700.00 13690.00 13700.00 1324.00
20160204  09:30:00 13695.00 13710.00 13695.00 13705.00 2240.00
20160204  09:31:00 13705.00 13725.00 13705.00 13715.00 2970.00
20160204  09:32:00 13715.00 13725.00 13705.00 13705.00 2212.00
20160204  09:33:00 13705.00 13705.00 13690.00 13690.00 888.00
20160204  09:34:00 13690.00 13700.00 13690.00 13700.00 558.00
20160204  09:35:00 13700.00 13710.00 13695.00 13705.00 938.00
20160204  09:36:00 13705.00 13705.00 13685.00 13690.00 1158.00
20160204  09:37:00 13690.00 13695.00 13685.00 13685.00 290.00
20160204  09:38:00 13685.00 13690.00 13685.00 13690.00 290.00
20160204  09:39:00 13690.00 13700.00 13690.00 13695.00 638.00
20160204  09:40:00 13700.00 13700.00 13690.00 13695.00 346.00
20160204  09:41:00 13695.00 13695.00 13685.00 13690.00 842.00
20160204  09:42:00 13695.00 13710.00 13695.00 13710.00 754.00
20160204  09:43:00 13705.00 13710.00 13695.00 13695.00 576.00
20160204  09:44:00 13695.00 13705.00 13690.00 13705.00 826.00
20160204  09:45:00 13705.00 13710.00 13695.00 13700.00 594.00
20160204  09:46:00 13700.00 13705.00 13695.00 13700.00 304.00
20160204  09:47:00 13700.00 13705.00 13700.00 13700.00 124.00
20160204  09:48:00 13700.00 13710.00 13700.00 13710.00 854.00
20160204  09:49:00 13710.00 13725.00 13710.00 13725.00 1442.00
20160204  09:50:00 13725.00 13745.00 13720.00 13740.00 1458.00
20160204  09:51:00 13745.00 13745.00 13740.00 13745.00 804.00
20160204  09:52:00 13740.00 13750.00 13735.00 13735.00 1162.00
20160204  09:53:00 13735.00 13755.00 13730.00 13755.00 1692.00
20160204  09:54:00 13750.00 13755.00 13740.00 13745.00 1090.00
20160204  09:55:00 13745.00 13760.00 13740.00 13760.00 1476.00
20160204  09:56:00 13760.00 13760.00 13750.00 13760.00 840.00
20160204  09:57:00 13760.00 13780.00 13755.00 13775.00 2196.00
20160204  09:58:00 13775.00 13790.00 13775.00 13790.00 2570.00
20160204  09:59:00 13790.00 13790.00 13770.00 13770.00 1896.00
20160204  10:00:00 13770.00 13785.00 13770.00 13780.00 1852.00
20160204  10:01:00 13780.00 13790.00 13780.00 13785.00 1236.00
20160204  10:02:00 13785.00 13805.00 13785.00 13805.00 2538.00
20160204  10:03:00 13805.00 13815.00 13800.00 13810.00 2076.00
20160204  10:04:00 13815.00 13825.00 13805.00 13825.00 2326.00
20160204  10:05:00 13825.00 13840.00 13825.00 13830.00 2152.00
20160204  10:06:00 13835.00 13835.00 13820.00 13825.00 2062.00
20160204  10:07:00 13830.00 13865.00 13825.00 13860.00 3132.00
20160204  10:08:00 13865.00 13905.00 13855.00 13900.00 6390.00
20160204  10:09:00 13900.00 13935.00 13895.00 13925.00 5910.00
20160204  10:10:00 13930.00 13960.00 13915.00 13920.00 6142.00
20160204  10:11:00 13920.00 13945.00 13920.00 13935.00 4682.00
20160204  10:12:00 13935.00 13935.00 13905.00 13910.00 2744.00
20160204  10:13:00 13910.00 13910.00 13885.00 13890.00 2628.00
20160204  10:14:00 13890.00 13890.00 13880.00 13885.00 2594.00
20160204  10:30:00 13885.00 13890.00 13880.00 13880.00 1454.00
20160204  10:31:00 13880.00 13885.00 13875.00 13875.00 1304.00
20160204  10:32:00 13880.00 13885.00 13875.00 13880.00 654.00
20160204  10:33:00 13885.00 13915.00 13885.00 13910.00 2310.00
20160204  10:34:00 13910.00 13910.00 13890.00 13900.00 1372.00
20160204  10:35:00 13900.00 13905.00 13890.00 13895.00 1384.00
20160204  10:36:00 13895.00 13905.00 13895.00 13905.00 1112.00
20160204  10:37:00 13905.00 13905.00 13895.00 13900.00 570.00
20160204  10:38:00 13900.00 13920.00 13895.00 13920.00 1550.00
20160204  10:39:00 13915.00 13930.00 13910.00 13920.00 2110.00
20160204  10:40:00 13925.00 13925.00 13905.00 13910.00 972.00
20160204  10:41:00 13910.00 13910.00 13895.00 13900.00 1024.00
20160204  10:42:00 13900.00 13900.00 13885.00 13890.00 920.00
20160204  10:43:00 13890.00 13895.00 13885.00 13890.00 288.00
20160204  10:44:00 13890.00 13895.00 13885.00 13890.00 578.00
20160204  10:45:00 13890.00 13895.00 13885.00 13890.00 548.00
20160204  10:46:00 13890.00 13900.00 13890.00 13900.00 494.00
20160204  10:47:00 13900.00 13905.00 13895.00 13895.00 632.00
20160204  10:48:00 13900.00 13905.00 13895.00 13905.00 192.00
20160204  10:49:00 13905.00 13905.00 13895.00 13900.00 802.00
20160204  10:50:00 13900.00 13905.00 13895.00 13900.00 612.00
20160204  10:51:00 13900.00 13910.00 13900.00 13910.00 676.00
20160204  10:52:00 13910.00 13920.00 13905.00 13915.00 1986.00
20160204  10:53:00 13915.00 13920.00 13905.00 13910.00 938.00
20160204  10:54:00 13910.00 13910.00 13905.00 13905.00 170.00
20160204  10:55:00 13905.00 13905.00 13895.00 13895.00 782.00
20160204  10:56:00 13895.00 13900.00 13885.00 13890.00 1320.00
20160204  10:57:00 13885.00 13900.00 13885.00 13890.00 516.00
20160204  10:58:00 13890.00 13900.00 13890.00 13900.00 680.00
20160204  10:59:00 13900.00 13905.00 13895.00 13900.00 226.00
20160204  11:00:00 13900.00 13915.00 13900.00 13910.00 764.00
20160204  11:01:00 13910.00 13915.00 13900.00 13900.00 704.00
20160204  11:02:00 13900.00 13905.00 13890.00 13895.00 526.00
20160204  11:03:00 13890.00 13895.00 13890.00 13890.00 366.00
20160204  11:04:00 13890.00 13895.00 13885.00 13890.00 234.00
20160204  11:05:00 13890.00 13905.00 13890.00 13900.00 918.00
20160204  11:06:00 13900.00 13905.00 13900.00 13900.00 108.00
20160204  11:07:00 13900.00 13910.00 13900.00 13905.00 238.00
20160204  11:08:00 13905.00 13905.00 13895.00 13900.00 656.00
20160204  11:09:00 13900.00 13905.00 13900.00 13905.00 564.00
20160204  11:10:00 13905.00 13915.00 13905.00 13915.00 734.00
20160204  11:11:00 13915.00 13915.00 13905.00 13910.00 1248.00
20160204  11:12:00 13910.00 13910.00 13905.00 13905.00 232.00
20160204  11:13:00 13905.00 13920.00 13905.00 13920.00 942.00
20160204  11:14:00 13915.00 13925.00 13915.00 13920.00 954.00
20160204  11:15:00 13920.00 13930.00 13915.00 13920.00 1070.00
20160204  11:16:00 13920.00 13920.00 13910.00 13910.00 646.00
20160204  11:17:00 13910.00 13940.00 13910.00 13930.00 1632.00
20160204  11:18:00 13925.00 13930.00 13910.00 13910.00 1364.00
20160204  11:19:00 13915.00 13915.00 13910.00 13910.00 532.00
20160204  11:20:00 13910.00 13910.00 13905.00 13905.00 146.00
20160204  11:21:00 13905.00 13905.00 13895.00 13900.00 986.00
20160204  11:22:00 13900.00 13900.00 13895.00 13900.00 488.00
20160204  11:23:00 13900.00 13900.00 13895.00 13895.00 522.00
20160204  11:24:00 13895.00 13910.00 13895.00 13910.00 716.00
20160204  11:25:00 13910.00 13920.00 13910.00 13910.00 874.00
20160204  11:26:00 13910.00 13910.00 13905.00 13910.00  32.00
20160204  11:27:00 13910.00 13915.00 13910.00 13910.00 536.00
20160204  11:28:00 13910.00 13915.00 13910.00 13910.00 236.00
20160204  11:29:00 13910.00 13920.00 13905.00 13915.00 796.00
20160204  13:30:00 13920.00 13920.00 13900.00 13915.00 1936.00
20160204  13:31:00 13910.00 13920.00 13905.00 13920.00 944.00
20160204  13:32:00 13920.00 13930.00 13920.00 13930.00 1164.00
20160204  13:33:00 13930.00 13935.00 13925.00 13925.00 800.00
20160204  13:34:00 13925.00 13930.00 13915.00 13915.00 632.00
20160204  13:35:00 13915.00 13920.00 13910.00 13910.00 352.00
20160204  13:36:00 13910.00 13920.00 13910.00 13910.00 234.00
20160204  13:37:00 13915.00 13915.00 13910.00 13910.00 398.00
20160204  13:38:00 13910.00 13910.00 13905.00 13905.00 182.00
20160204  13:39:00 13905.00 13920.00 13905.00 13920.00 466.00
20160204  13:40:00 13920.00 13925.00 13910.00 13915.00 498.00
20160204  13:41:00 13915.00 13915.00 13910.00 13910.00 200.00
20160204  13:42:00 13910.00 13920.00 13910.00 13910.00 682.00
20160204  13:43:00 13910.00 13915.00 13910.00 13910.00 398.00
20160204  13:44:00 13910.00 13910.00 13910.00 13910.00  82.00
20160204  13:45:00 13910.00 13910.00 13905.00 13905.00 278.00
20160204  13:46:00 13905.00 13910.00 13905.00 13905.00 648.00
20160204  13:47:00 13905.00 13920.00 13905.00 13915.00 504.00
20160204  13:48:00 13920.00 13920.00 13910.00 13910.00 164.00
20160204  13:49:00 13910.00 13925.00 13910.00 13925.00 754.00
20160204  13:50:00 13925.00 13940.00 13920.00 13940.00 1090.00
20160204  13:51:00 13935.00 13940.00 13925.00 13930.00 594.00
20160204  13:52:00 13925.00 13925.00 13910.00 13915.00 1052.00
20160204  13:53:00 13915.00 13930.00 13915.00 13925.00 592.00
20160204  13:54:00 13920.00 13925.00 13920.00 13925.00 184.00
20160204  13:55:00 13920.00 13925.00 13915.00 13915.00 612.00
20160204  13:56:00 13915.00 13920.00 13910.00 13915.00 518.00
20160204  13:57:00 13920.00 13920.00 13910.00 13915.00 388.00
20160204  13:58:00 13915.00 13920.00 13910.00 13920.00 322.00
20160204  13:59:00 13920.00 13925.00 13915.00 13915.00 500.00
20160204  14:00:00 13920.00 13925.00 13915.00 13925.00 568.00
20160204  14:01:00 13925.00 13925.00 13910.00 13925.00 982.00
20160204  14:02:00 13925.00 13930.00 13920.00 13930.00 682.00
20160204  14:03:00 13925.00 13930.00 13920.00 13925.00 698.00
20160204  14:04:00 13925.00 13930.00 13925.00 13930.00 498.00
20160204  14:05:00 13930.00 13940.00 13920.00 13940.00 1422.00
20160204  14:06:00 13940.00 13945.00 13930.00 13935.00 986.00
20160204  14:07:00 13930.00 13945.00 13930.00 13940.00 616.00
20160204  14:08:00 13940.00 13955.00 13935.00 13955.00 2442.00
20160204  14:09:00 13955.00 13955.00 13945.00 13945.00 1766.00
20160204  14:10:00 13945.00 13945.00 13935.00 13935.00 1060.00
20160204  14:11:00 13935.00 13945.00 13930.00 13940.00 1610.00
20160204  14:12:00 13940.00 13945.00 13925.00 13925.00 1090.00
20160204  14:13:00 13925.00 13940.00 13925.00 13935.00 1212.00
20160204  14:14:00 13935.00 13935.00 13925.00 13925.00 384.00
20160204  14:15:00 13925.00 13935.00 13925.00 13930.00 628.00
20160204  14:16:00 13930.00 13935.00 13920.00 13930.00 896.00
20160204  14:17:00 13935.00 13945.00 13925.00 13935.00 500.00
20160204  14:18:00 13935.00 13945.00 13935.00 13940.00 622.00
20160204  14:19:00 13940.00 13940.00 13935.00 13940.00 428.00
20160204  14:20:00 13940.00 13940.00 13935.00 13940.00 134.00
20160204  14:21:00 13940.00 13960.00 13935.00 13960.00 1496.00
20160204  14:22:00 13960.00 14010.00 13960.00 14005.00 6936.00
20160204  14:23:00 14000.00 14005.00 13975.00 13980.00 2642.00
20160204  14:24:00 13980.00 14005.00 13980.00 14000.00 2146.00
20160204  14:25:00 13995.00 14000.00 13985.00 13990.00 1414.00
20160204  14:26:00 13990.00 13995.00 13985.00 13985.00 604.00
20160204  14:27:00 13990.00 13995.00 13985.00 13990.00 356.00
20160204  14:28:00 13990.00 13990.00 13985.00 13985.00 458.00
20160204  14:29:00 13985.00 13985.00 13950.00 13950.00 2040.00
20160204  14:30:00 13950.00 13955.00 13925.00 13925.00 3398.00
20160204  14:31:00 13930.00 13950.00 13925.00 13945.00 1628.00
20160204  14:32:00 13945.00 13945.00 13940.00 13940.00 634.00
20160204  14:33:00 13940.00 13950.00 13940.00 13945.00 512.00
20160204  14:34:00 13945.00 13945.00 13935.00 13940.00 362.00
20160204  14:35:00 13940.00 13945.00 13935.00 13940.00 394.00
20160204  14:36:00 13940.00 13965.00 13940.00 13960.00 1112.00
20160204  14:37:00 13960.00 13975.00 13955.00 13975.00 1080.00
20160204  14:38:00 13975.00 13985.00 13970.00 13985.00 1172.00
20160204  14:39:00 13985.00 13985.00 13970.00 13970.00 1052.00
20160204  14:40:00 13970.00 13985.00 13970.00 13985.00 950.00
20160204  14:41:00 13985.00 13985.00 13975.00 13975.00 556.00
20160204  14:42:00 13975.00 13975.00 13970.00 13970.00 872.00
20160204  14:43:00 13970.00 13975.00 13965.00 13970.00 1276.00
20160204  14:44:00 13970.00 13975.00 13970.00 13970.00 310.00
20160204  14:45:00 13970.00 13985.00 13970.00 13985.00 862.00
20160204  14:46:00 13985.00 13985.00 13975.00 13980.00 722.00
20160204  14:47:00 13980.00 13995.00 13980.00 13985.00 1106.00
20160204  14:48:00 13985.00 13990.00 13975.00 13980.00 1680.00
20160204  14:49:00 13980.00 13980.00 13975.00 13975.00 478.00
20160204  14:50:00 13975.00 13985.00 13975.00 13975.00 1282.00
20160204  14:51:00 13975.00 13985.00 13970.00 13980.00 1210.00
20160204  14:52:00 13980.00 13985.00 13975.00 13980.00 708.00
20160204  14:53:00 13985.00 13995.00 13980.00 13990.00 1756.00
20160204  14:54:00 13990.00 13990.00 13980.00 13980.00 1236.00
20160204  14:55:00 13980.00 13980.00 13955.00 13965.00 1712.00
20160204  14:56:00 13965.00 13970.00 13935.00 13935.00 2540.00
20160204  14:57:00 13935.00 13950.00 13935.00 13945.00 1574.00
20160204  14:58:00 13945.00 13950.00 13935.00 13945.00 1142.00
20160204  14:59:00 13940.00 13945.00 13935.00 13945.00 2152.00
20160204  15:00:00 13945.00 13945.00 13945.00 13945.00   6.00
