20160906  15:00:00 18285.00 18285.00 18285.00 18285.00   0.00
20160906  14:59:00 18285.00 18290.00 18275.00 18285.00 1906.00
20160906  14:58:00 18285.00 18290.00 18280.00 18290.00 968.00
20160906  14:57:00 18285.00 18290.00 18280.00 18285.00 1456.00
20160906  14:56:00 18280.00 18290.00 18280.00 18285.00 822.00
20160906  14:55:00 18275.00 18290.00 18275.00 18280.00 1654.00
20160906  14:54:00 18280.00 18280.00 18270.00 18275.00 532.00
20160906  14:53:00 18280.00 18285.00 18275.00 18280.00 236.00
20160906  14:52:00 18285.00 18285.00 18275.00 18280.00 682.00
20160906  14:51:00 18285.00 18285.00 18280.00 18285.00 332.00
20160906  14:50:00 18280.00 18285.00 18275.00 18285.00 348.00
20160906  14:49:00 18270.00 18280.00 18270.00 18280.00 630.00
20160906  14:48:00 18270.00 18280.00 18270.00 18270.00 610.00
20160906  14:47:00 18280.00 18280.00 18260.00 18265.00 916.00
20160906  14:46:00 18280.00 18285.00 18275.00 18280.00 866.00
20160906  14:45:00 18290.00 18295.00 18285.00 18285.00 686.00
20160906  14:44:00 18295.00 18295.00 18290.00 18290.00 312.00
20160906  14:43:00 18290.00 18295.00 18290.00 18290.00 242.00
20160906  14:42:00 18300.00 18300.00 18290.00 18290.00 750.00
20160906  14:41:00 18305.00 18305.00 18295.00 18300.00 866.00
20160906  14:40:00 18275.00 18305.00 18275.00 18300.00 1670.00
20160906  14:39:00 18275.00 18280.00 18275.00 18275.00 212.00
20160906  14:38:00 18275.00 18280.00 18265.00 18275.00 1242.00
20160906  14:37:00 18275.00 18280.00 18270.00 18275.00 898.00
20160906  14:36:00 18290.00 18290.00 18275.00 18275.00 778.00
20160906  14:35:00 18295.00 18300.00 18285.00 18290.00 930.00
20160906  14:34:00 18280.00 18295.00 18280.00 18295.00 1426.00
20160906  14:33:00 18285.00 18290.00 18280.00 18280.00 652.00
20160906  14:32:00 18275.00 18295.00 18275.00 18285.00 2520.00
20160906  14:31:00 18270.00 18275.00 18270.00 18275.00 628.00
20160906  14:30:00 18275.00 18280.00 18270.00 18270.00 1010.00
20160906  14:29:00 18265.00 18275.00 18265.00 18275.00 648.00
20160906  14:28:00 18280.00 18280.00 18265.00 18265.00 988.00
20160906  14:27:00 18275.00 18285.00 18270.00 18280.00 1526.00
20160906  14:26:00 18260.00 18275.00 18260.00 18275.00 1538.00
20160906  14:25:00 18255.00 18265.00 18255.00 18265.00 280.00
20160906  14:24:00 18260.00 18260.00 18255.00 18255.00 790.00
20160906  14:23:00 18240.00 18260.00 18240.00 18260.00 972.00
20160906  14:22:00 18235.00 18245.00 18235.00 18240.00 458.00
20160906  14:21:00 18245.00 18245.00 18235.00 18235.00 362.00
20160906  14:20:00 18255.00 18255.00 18235.00 18245.00 806.00
20160906  14:19:00 18255.00 18255.00 18250.00 18255.00 182.00
20160906  14:18:00 18255.00 18255.00 18255.00 18255.00 326.00
20160906  14:17:00 18260.00 18260.00 18255.00 18255.00 138.00
20160906  14:16:00 18265.00 18265.00 18260.00 18260.00 234.00
20160906  14:15:00 18255.00 18265.00 18255.00 18265.00 174.00
20160906  14:14:00 18255.00 18260.00 18250.00 18255.00 1122.00
20160906  14:13:00 18255.00 18265.00 18255.00 18260.00 340.00
20160906  14:12:00 18260.00 18265.00 18255.00 18260.00 116.00
20160906  14:11:00 18260.00 18260.00 18255.00 18260.00 380.00
20160906  14:10:00 18255.00 18260.00 18255.00 18260.00 152.00
20160906  14:09:00 18255.00 18260.00 18255.00 18255.00 404.00
20160906  14:08:00 18260.00 18260.00 18255.00 18260.00 464.00
20160906  14:07:00 18270.00 18270.00 18255.00 18260.00 930.00
20160906  14:06:00 18275.00 18275.00 18270.00 18270.00 446.00
20160906  14:05:00 18275.00 18275.00 18270.00 18275.00 204.00
20160906  14:04:00 18275.00 18280.00 18275.00 18275.00 810.00
20160906  14:03:00 18275.00 18280.00 18270.00 18275.00 676.00
20160906  14:02:00 18280.00 18280.00 18270.00 18275.00 456.00
20160906  14:01:00 18285.00 18285.00 18275.00 18280.00 1032.00
20160906  14:00:00 18275.00 18285.00 18275.00 18285.00 402.00
20160906  13:59:00 18275.00 18280.00 18270.00 18280.00 338.00
20160906  13:58:00 18275.00 18280.00 18270.00 18280.00 838.00
20160906  13:57:00 18280.00 18285.00 18270.00 18275.00 1014.00
20160906  13:56:00 18275.00 18280.00 18270.00 18280.00 1216.00
20160906  13:55:00 18260.00 18275.00 18260.00 18275.00 934.00
20160906  13:54:00 18265.00 18265.00 18255.00 18260.00 394.00
20160906  13:53:00 18265.00 18265.00 18260.00 18265.00 370.00
20160906  13:52:00 18260.00 18270.00 18260.00 18260.00 572.00
20160906  13:51:00 18250.00 18265.00 18250.00 18260.00 398.00
20160906  13:50:00 18255.00 18260.00 18255.00 18255.00 380.00
20160906  13:49:00 18260.00 18260.00 18255.00 18260.00  48.00
20160906  13:48:00 18255.00 18260.00 18255.00 18260.00 198.00
20160906  13:47:00 18255.00 18260.00 18255.00 18255.00 526.00
20160906  13:46:00 18260.00 18265.00 18255.00 18255.00 250.00
20160906  13:45:00 18260.00 18265.00 18255.00 18265.00 388.00
20160906  13:44:00 18255.00 18265.00 18255.00 18260.00 1124.00
20160906  13:43:00 18255.00 18260.00 18250.00 18255.00 308.00
20160906  13:42:00 18260.00 18260.00 18250.00 18255.00 306.00
20160906  13:41:00 18255.00 18260.00 18250.00 18260.00 652.00
20160906  13:40:00 18250.00 18255.00 18250.00 18255.00 406.00
20160906  13:39:00 18240.00 18255.00 18235.00 18250.00 906.00
20160906  13:38:00 18235.00 18240.00 18230.00 18240.00 496.00
20160906  13:37:00 18240.00 18240.00 18235.00 18235.00 120.00
20160906  13:36:00 18235.00 18240.00 18235.00 18240.00 144.00
20160906  13:35:00 18235.00 18235.00 18230.00 18235.00 604.00
20160906  13:34:00 18230.00 18235.00 18230.00 18230.00 346.00
20160906  13:33:00 18235.00 18235.00 18225.00 18235.00 692.00
20160906  13:32:00 18240.00 18240.00 18230.00 18235.00 196.00
20160906  13:31:00 18235.00 18240.00 18230.00 18240.00 632.00
20160906  13:30:00 18235.00 18245.00 18235.00 18235.00 1640.00
20160906  11:29:00 18230.00 18230.00 18220.00 18220.00 440.00
20160906  11:28:00 18230.00 18230.00 18225.00 18225.00 384.00
20160906  11:27:00 18240.00 18240.00 18225.00 18230.00 502.00
20160906  11:26:00 18240.00 18245.00 18235.00 18235.00 572.00
20160906  11:25:00 18245.00 18250.00 18240.00 18240.00 712.00
20160906  11:24:00 18250.00 18250.00 18245.00 18245.00  72.00
20160906  11:23:00 18245.00 18250.00 18245.00 18250.00 108.00
20160906  11:22:00 18250.00 18250.00 18245.00 18250.00  48.00
20160906  11:21:00 18250.00 18250.00 18245.00 18250.00 182.00
20160906  11:20:00 18255.00 18255.00 18245.00 18250.00 384.00
20160906  11:19:00 18250.00 18260.00 18250.00 18255.00 960.00
20160906  11:18:00 18245.00 18250.00 18240.00 18250.00 386.00
20160906  11:17:00 18245.00 18250.00 18245.00 18245.00 158.00
20160906  11:16:00 18245.00 18245.00 18240.00 18245.00 126.00
20160906  11:15:00 18240.00 18245.00 18240.00 18245.00 512.00
20160906  11:14:00 18235.00 18245.00 18235.00 18240.00 880.00
20160906  11:13:00 18240.00 18240.00 18235.00 18235.00 462.00
20160906  11:12:00 18245.00 18245.00 18235.00 18240.00 630.00
20160906  11:11:00 18250.00 18250.00 18240.00 18245.00  86.00
20160906  11:10:00 18245.00 18250.00 18240.00 18245.00 216.00
20160906  11:09:00 18240.00 18250.00 18240.00 18245.00 180.00
20160906  11:08:00 18250.00 18250.00 18240.00 18245.00 434.00
20160906  11:07:00 18250.00 18250.00 18245.00 18250.00 210.00
20160906  11:06:00 18245.00 18250.00 18245.00 18250.00 170.00
20160906  11:05:00 18245.00 18250.00 18235.00 18250.00 844.00
20160906  11:04:00 18250.00 18250.00 18240.00 18245.00 228.00
20160906  11:03:00 18255.00 18260.00 18245.00 18250.00 1750.00
20160906  11:02:00 18250.00 18255.00 18245.00 18255.00 648.00
20160906  11:01:00 18235.00 18250.00 18235.00 18250.00 1298.00
20160906  11:00:00 18240.00 18240.00 18230.00 18240.00 528.00
20160906  10:59:00 18235.00 18240.00 18230.00 18240.00 558.00
20160906  10:58:00 18230.00 18235.00 18225.00 18235.00  86.00
20160906  10:57:00 18235.00 18235.00 18230.00 18230.00 442.00
20160906  10:56:00 18225.00 18240.00 18225.00 18235.00 1278.00
20160906  10:55:00 18225.00 18230.00 18220.00 18225.00 774.00
20160906  10:54:00 18230.00 18230.00 18225.00 18225.00 364.00
20160906  10:53:00 18225.00 18230.00 18220.00 18230.00 312.00
20160906  10:52:00 18220.00 18225.00 18215.00 18225.00 254.00
20160906  10:51:00 18225.00 18230.00 18220.00 18225.00 1004.00
20160906  10:50:00 18235.00 18235.00 18225.00 18225.00 620.00
20160906  10:49:00 18235.00 18235.00 18230.00 18235.00 234.00
20160906  10:48:00 18230.00 18235.00 18230.00 18235.00 340.00
20160906  10:47:00 18235.00 18235.00 18230.00 18230.00 700.00
20160906  10:46:00 18225.00 18235.00 18225.00 18235.00 814.00
20160906  10:45:00 18230.00 18230.00 18225.00 18225.00 560.00
20160906  10:44:00 18230.00 18235.00 18225.00 18230.00 864.00
20160906  10:43:00 18230.00 18235.00 18225.00 18230.00 640.00
20160906  10:42:00 18220.00 18230.00 18215.00 18230.00 1192.00
20160906  10:41:00 18220.00 18220.00 18210.00 18220.00 434.00
20160906  10:40:00 18225.00 18225.00 18215.00 18215.00 454.00
20160906  10:39:00 18230.00 18230.00 18220.00 18225.00 654.00
20160906  10:38:00 18230.00 18235.00 18225.00 18230.00 146.00
20160906  10:37:00 18235.00 18235.00 18230.00 18230.00 246.00
20160906  10:36:00 18235.00 18235.00 18220.00 18235.00 932.00
20160906  10:35:00 18230.00 18235.00 18220.00 18230.00 750.00
20160906  10:34:00 18220.00 18235.00 18215.00 18230.00 1408.00
20160906  10:33:00 18220.00 18220.00 18215.00 18215.00 422.00
20160906  10:32:00 18215.00 18220.00 18215.00 18220.00 470.00
20160906  10:31:00 18220.00 18220.00 18210.00 18215.00 936.00
20160906  10:30:00 18210.00 18220.00 18205.00 18220.00 2252.00
20160906  10:14:00 18230.00 18230.00 18220.00 18225.00 566.00
20160906  10:13:00 18235.00 18235.00 18225.00 18230.00 524.00
20160906  10:12:00 18235.00 18235.00 18230.00 18235.00 242.00
20160906  10:11:00 18240.00 18240.00 18230.00 18235.00 160.00
20160906  10:10:00 18235.00 18240.00 18230.00 18235.00 378.00
20160906  10:09:00 18245.00 18250.00 18230.00 18235.00 962.00
20160906  10:08:00 18235.00 18250.00 18235.00 18245.00 1168.00
20160906  10:07:00 18255.00 18255.00 18235.00 18235.00 1040.00
20160906  10:06:00 18260.00 18260.00 18250.00 18255.00 442.00
20160906  10:05:00 18270.00 18270.00 18260.00 18260.00 1000.00
20160906  10:04:00 18265.00 18270.00 18260.00 18265.00 748.00
20160906  10:03:00 18250.00 18265.00 18245.00 18265.00 1366.00
20160906  10:02:00 18245.00 18250.00 18240.00 18250.00 622.00
20160906  10:01:00 18245.00 18245.00 18240.00 18245.00 204.00
20160906  10:00:00 18240.00 18245.00 18235.00 18245.00 818.00
20160906  09:59:00 18250.00 18250.00 18235.00 18240.00 1106.00
20160906  09:58:00 18255.00 18255.00 18245.00 18250.00 1038.00
20160906  09:57:00 18245.00 18255.00 18240.00 18255.00 1290.00
20160906  09:56:00 18235.00 18240.00 18230.00 18240.00 670.00
20160906  09:55:00 18230.00 18235.00 18225.00 18235.00 728.00
20160906  09:54:00 18235.00 18240.00 18225.00 18225.00 1560.00
20160906  09:53:00 18210.00 18240.00 18210.00 18235.00 1794.00
20160906  09:52:00 18200.00 18215.00 18195.00 18210.00 1650.00
20160906  09:51:00 18210.00 18215.00 18200.00 18205.00 1866.00
20160906  09:50:00 18215.00 18215.00 18210.00 18210.00 936.00
20160906  09:49:00 18200.00 18225.00 18195.00 18220.00 2274.00
20160906  09:48:00 18220.00 18220.00 18190.00 18200.00 4650.00
20160906  09:47:00 18230.00 18240.00 18215.00 18225.00 3252.00
20160906  09:46:00 18245.00 18255.00 18230.00 18230.00 2104.00
20160906  09:45:00 18255.00 18255.00 18240.00 18250.00 992.00
20160906  09:44:00 18265.00 18265.00 18255.00 18255.00 418.00
20160906  09:43:00 18260.00 18270.00 18260.00 18265.00 844.00
20160906  09:42:00 18255.00 18260.00 18245.00 18260.00 1966.00
20160906  09:41:00 18265.00 18270.00 18255.00 18255.00 1006.00
20160906  09:40:00 18270.00 18270.00 18260.00 18265.00 1250.00
20160906  09:39:00 18265.00 18270.00 18260.00 18270.00 1160.00
20160906  09:38:00 18270.00 18270.00 18260.00 18265.00 776.00
20160906  09:37:00 18270.00 18270.00 18260.00 18265.00 626.00
20160906  09:36:00 18270.00 18275.00 18265.00 18270.00 928.00
20160906  09:35:00 18280.00 18280.00 18270.00 18270.00 760.00
20160906  09:34:00 18280.00 18285.00 18265.00 18280.00 3448.00
20160906  09:33:00 18265.00 18290.00 18260.00 18280.00 2650.00
20160906  09:32:00 18255.00 18265.00 18255.00 18265.00 2182.00
20160906  09:31:00 18245.00 18255.00 18245.00 18255.00 2098.00
20160906  09:30:00 18240.00 18250.00 18230.00 18250.00 4846.00
20160906  09:29:00 18275.00 18275.00 18230.00 18245.00 8658.00
20160906  09:28:00 18290.00 18290.00 18270.00 18275.00 3140.00
20160906  09:27:00 18300.00 18305.00 18290.00 18290.00 1306.00
20160906  09:26:00 18290.00 18305.00 18290.00 18305.00 3034.00
20160906  09:25:00 18315.00 18320.00 18290.00 18295.00 4350.00
20160906  09:24:00 18335.00 18340.00 18310.00 18315.00 3266.00
20160906  09:23:00 18370.00 18370.00 18335.00 18335.00 2254.00
20160906  09:22:00 18360.00 18370.00 18360.00 18370.00 872.00
20160906  09:21:00 18355.00 18365.00 18350.00 18360.00 714.00
20160906  09:20:00 18360.00 18360.00 18350.00 18355.00 216.00
20160906  09:19:00 18360.00 18365.00 18360.00 18360.00 472.00
20160906  09:18:00 18345.00 18360.00 18345.00 18360.00 558.00
20160906  09:17:00 18355.00 18355.00 18340.00 18350.00 2046.00
20160906  09:16:00 18355.00 18355.00 18350.00 18355.00 258.00
20160906  09:15:00 18360.00 18365.00 18350.00 18355.00 922.00
20160906  09:14:00 18350.00 18365.00 18345.00 18360.00 1486.00
20160906  09:13:00 18360.00 18370.00 18350.00 18350.00 2620.00
20160906  09:12:00 18365.00 18370.00 18360.00 18360.00 1098.00
20160906  09:11:00 18365.00 18375.00 18365.00 18365.00 922.00
20160906  09:10:00 18380.00 18380.00 18365.00 18365.00 2156.00
20160906  09:09:00 18380.00 18385.00 18380.00 18380.00 498.00
20160906  09:08:00 18390.00 18390.00 18380.00 18380.00 908.00
20160906  09:07:00 18390.00 18390.00 18385.00 18390.00  74.00
20160906  09:06:00 18375.00 18390.00 18375.00 18390.00 578.00
20160906  09:05:00 18385.00 18390.00 18375.00 18375.00 770.00
20160906  09:04:00 18395.00 18395.00 18385.00 18385.00 756.00
20160906  09:03:00 18395.00 18405.00 18390.00 18395.00 1118.00
20160906  09:02:00 18410.00 18410.00 18395.00 18395.00 1214.00
20160906  09:01:00 18435.00 18435.00 18400.00 18410.00 1710.00
20160906  09:00:00 18420.00 18440.00 18415.00 18435.00 1648.00
20160906  00:59:00 18420.00 18425.00 18410.00 18420.00 352.00
20160906  00:58:00 18425.00 18425.00 18410.00 18415.00 486.00
20160906  00:57:00 18430.00 18435.00 18425.00 18425.00 202.00
20160906  00:56:00 18430.00 18430.00 18430.00 18430.00  72.00
20160906  00:55:00 18430.00 18430.00 18425.00 18430.00 142.00
20160906  00:54:00 18435.00 18435.00 18430.00 18430.00  84.00
20160906  00:53:00 18435.00 18435.00 18435.00 18435.00   0.00
20160906  00:52:00 18440.00 18440.00 18435.00 18435.00  20.00
20160906  00:51:00 18435.00 18440.00 18435.00 18440.00  50.00
20160906  00:50:00 18440.00 18440.00 18435.00 18435.00  44.00
20160906  00:49:00 18445.00 18445.00 18440.00 18440.00  42.00
20160906  00:48:00 18440.00 18440.00 18435.00 18440.00  46.00
20160906  00:47:00 18435.00 18440.00 18430.00 18440.00 102.00
20160906  00:46:00 18435.00 18435.00 18430.00 18435.00  54.00
20160906  00:45:00 18430.00 18435.00 18430.00 18435.00  10.00
20160906  00:44:00 18430.00 18430.00 18430.00 18430.00  98.00
20160906  00:43:00 18430.00 18435.00 18430.00 18430.00  44.00
20160906  00:42:00 18430.00 18430.00 18430.00 18430.00 108.00
20160906  00:41:00 18430.00 18430.00 18430.00 18430.00   4.00
20160906  00:40:00 18430.00 18430.00 18430.00 18430.00   8.00
20160906  00:39:00 18435.00 18435.00 18435.00 18435.00   2.00
20160906  00:38:00 18435.00 18435.00 18435.00 18435.00   4.00
20160906  00:37:00 18430.00 18430.00 18430.00 18430.00   2.00
20160906  00:36:00 18440.00 18440.00 18430.00 18430.00  50.00
20160906  00:35:00 18440.00 18440.00 18440.00 18440.00   0.00
20160906  00:34:00 18435.00 18440.00 18435.00 18440.00 108.00
20160906  00:33:00 18435.00 18435.00 18435.00 18435.00   6.00
20160906  00:32:00 18435.00 18435.00 18435.00 18435.00  44.00
20160906  00:31:00 18430.00 18435.00 18430.00 18435.00   8.00
20160906  00:30:00 18430.00 18435.00 18430.00 18430.00 136.00
20160906  00:29:00 18430.00 18435.00 18430.00 18430.00  30.00
20160906  00:28:00 18430.00 18430.00 18430.00 18430.00   2.00
20160906  00:27:00 18430.00 18435.00 18430.00 18430.00 114.00
20160906  00:26:00 18440.00 18440.00 18430.00 18430.00 114.00
20160906  00:25:00 18445.00 18445.00 18440.00 18440.00 198.00
20160906  00:24:00 18435.00 18445.00 18435.00 18445.00 244.00
20160906  00:23:00 18430.00 18430.00 18430.00 18430.00  30.00
20160906  00:22:00 18435.00 18435.00 18430.00 18430.00   8.00
20160906  00:21:00 18430.00 18435.00 18430.00 18435.00  12.00
20160906  00:20:00 18430.00 18430.00 18430.00 18430.00   4.00
20160906  00:19:00 18435.00 18440.00 18435.00 18435.00 322.00
20160906  00:18:00 18430.00 18435.00 18430.00 18435.00  12.00
20160906  00:17:00 18430.00 18430.00 18430.00 18430.00  26.00
20160906  00:16:00 18430.00 18435.00 18430.00 18430.00  10.00
20160906  00:15:00 18430.00 18435.00 18425.00 18430.00 102.00
20160906  00:14:00 18445.00 18445.00 18425.00 18425.00 516.00
20160906  00:13:00 18445.00 18445.00 18440.00 18445.00 148.00
20160906  00:12:00 18445.00 18450.00 18440.00 18445.00 186.00
20160906  00:11:00 18445.00 18450.00 18445.00 18450.00  52.00
20160906  00:10:00 18450.00 18450.00 18445.00 18450.00  22.00
20160906  00:09:00 18450.00 18450.00 18445.00 18450.00  50.00
20160906  00:08:00 18450.00 18450.00 18445.00 18450.00  86.00
20160906  00:07:00 18445.00 18450.00 18440.00 18450.00 406.00
20160906  00:06:00 18435.00 18440.00 18435.00 18440.00 198.00
20160906  00:05:00 18435.00 18435.00 18430.00 18435.00  28.00
20160906  00:04:00 18435.00 18435.00 18430.00 18435.00  78.00
20160906  00:03:00 18430.00 18435.00 18430.00 18435.00 154.00
20160906  00:02:00 18440.00 18440.00 18430.00 18435.00 170.00
20160906  00:01:00 18430.00 18440.00 18430.00 18440.00 314.00
20160906  00:00:00 18435.00 18440.00 18435.00 18435.00 286.00
20160905  23:59:00 18435.00 18440.00 18430.00 18435.00 254.00
20160905  23:58:00 18430.00 18435.00 18430.00 18435.00 126.00
20160905  23:57:00 18420.00 18435.00 18420.00 18430.00 608.00
20160905  23:56:00 18425.00 18430.00 18420.00 18420.00 232.00
20160905  23:55:00 18430.00 18430.00 18425.00 18425.00 160.00
20160905  23:54:00 18430.00 18430.00 18420.00 18430.00 312.00
20160905  23:53:00 18435.00 18435.00 18425.00 18430.00 334.00
20160905  23:52:00 18430.00 18435.00 18430.00 18435.00 118.00
20160905  23:51:00 18435.00 18440.00 18430.00 18430.00 442.00
20160905  23:50:00 18450.00 18450.00 18435.00 18435.00 600.00
20160905  23:49:00 18445.00 18450.00 18445.00 18450.00 116.00
20160905  23:48:00 18440.00 18450.00 18440.00 18445.00 308.00
20160905  23:47:00 18450.00 18455.00 18440.00 18440.00 346.00
20160905  23:46:00 18450.00 18455.00 18450.00 18450.00 156.00
20160905  23:45:00 18455.00 18455.00 18450.00 18450.00  56.00
20160905  23:44:00 18455.00 18455.00 18450.00 18455.00  54.00
20160905  23:43:00 18450.00 18455.00 18450.00 18455.00  90.00
20160905  23:42:00 18460.00 18460.00 18450.00 18450.00 184.00
20160905  23:41:00 18455.00 18460.00 18455.00 18460.00 274.00
20160905  23:40:00 18455.00 18455.00 18450.00 18455.00 306.00
20160905  23:39:00 18450.00 18455.00 18450.00 18455.00 278.00
20160905  23:38:00 18450.00 18455.00 18445.00 18450.00 278.00
20160905  23:37:00 18445.00 18450.00 18440.00 18450.00 382.00
20160905  23:36:00 18450.00 18450.00 18445.00 18445.00 360.00
20160905  23:35:00 18450.00 18455.00 18445.00 18450.00 382.00
20160905  23:34:00 18445.00 18450.00 18440.00 18450.00 734.00
20160905  23:33:00 18450.00 18455.00 18445.00 18445.00 344.00
20160905  23:32:00 18450.00 18460.00 18450.00 18450.00 836.00
20160905  23:31:00 18460.00 18460.00 18450.00 18455.00 938.00
20160905  23:30:00 18435.00 18460.00 18430.00 18460.00 2918.00
20160905  23:29:00 18430.00 18435.00 18425.00 18435.00 612.00
20160905  23:28:00 18415.00 18435.00 18415.00 18430.00 1164.00
20160905  23:27:00 18405.00 18420.00 18400.00 18415.00 472.00
20160905  23:26:00 18405.00 18405.00 18400.00 18405.00 132.00
20160905  23:25:00 18405.00 18405.00 18400.00 18405.00 122.00
20160905  23:24:00 18405.00 18410.00 18400.00 18405.00 574.00
20160905  23:23:00 18415.00 18415.00 18405.00 18410.00 556.00
20160905  23:22:00 18405.00 18420.00 18405.00 18415.00 1494.00
20160905  23:21:00 18400.00 18410.00 18400.00 18405.00 1920.00
20160905  23:20:00 18395.00 18400.00 18390.00 18400.00 292.00
20160905  23:19:00 18390.00 18400.00 18390.00 18395.00 722.00
20160905  23:18:00 18385.00 18390.00 18385.00 18390.00 324.00
20160905  23:17:00 18385.00 18385.00 18385.00 18385.00 212.00
20160905  23:16:00 18385.00 18390.00 18385.00 18385.00 380.00
20160905  23:15:00 18380.00 18385.00 18380.00 18385.00 322.00
20160905  23:14:00 18380.00 18380.00 18375.00 18380.00 124.00
20160905  23:13:00 18370.00 18380.00 18370.00 18375.00 612.00
20160905  23:12:00 18370.00 18375.00 18370.00 18370.00 132.00
20160905  23:11:00 18370.00 18370.00 18370.00 18370.00   8.00
20160905  23:10:00 18370.00 18370.00 18365.00 18370.00  78.00
20160905  23:09:00 18370.00 18375.00 18370.00 18370.00 124.00
20160905  23:08:00 18375.00 18375.00 18370.00 18370.00 292.00
20160905  23:07:00 18370.00 18375.00 18370.00 18375.00 142.00
20160905  23:06:00 18370.00 18370.00 18365.00 18370.00  72.00
20160905  23:05:00 18370.00 18370.00 18365.00 18370.00  26.00
20160905  23:04:00 18375.00 18375.00 18370.00 18370.00 342.00
20160905  23:03:00 18365.00 18375.00 18365.00 18375.00 912.00
20160905  23:02:00 18365.00 18370.00 18360.00 18365.00 674.00
20160905  23:01:00 18365.00 18370.00 18360.00 18365.00 918.00
20160905  23:00:00 18370.00 18375.00 18365.00 18365.00 354.00
20160905  22:59:00 18380.00 18380.00 18375.00 18375.00 102.00
20160905  22:58:00 18370.00 18380.00 18370.00 18380.00 572.00
20160905  22:57:00 18370.00 18380.00 18370.00 18370.00 334.00
20160905  22:56:00 18375.00 18375.00 18370.00 18370.00 158.00
20160905  22:55:00 18380.00 18380.00 18375.00 18375.00 416.00
20160905  22:54:00 18375.00 18380.00 18375.00 18380.00 324.00
20160905  22:53:00 18380.00 18380.00 18375.00 18375.00 210.00
20160905  22:52:00 18385.00 18385.00 18375.00 18380.00 826.00
20160905  22:51:00 18385.00 18385.00 18380.00 18385.00 360.00
20160905  22:50:00 18395.00 18395.00 18380.00 18385.00 566.00
20160905  22:49:00 18385.00 18390.00 18380.00 18390.00 748.00
20160905  22:48:00 18375.00 18385.00 18375.00 18385.00 508.00
20160905  22:47:00 18375.00 18375.00 18375.00 18375.00 146.00
20160905  22:46:00 18375.00 18380.00 18375.00 18375.00  92.00
20160905  22:45:00 18375.00 18380.00 18375.00 18375.00 506.00
20160905  22:44:00 18365.00 18380.00 18360.00 18375.00 622.00
20160905  22:43:00 18360.00 18365.00 18360.00 18365.00  74.00
20160905  22:42:00 18370.00 18370.00 18360.00 18360.00 376.00
20160905  22:41:00 18375.00 18375.00 18365.00 18370.00 220.00
20160905  22:40:00 18370.00 18375.00 18365.00 18375.00 274.00
20160905  22:39:00 18380.00 18380.00 18370.00 18370.00 428.00
20160905  22:38:00 18375.00 18385.00 18370.00 18380.00 674.00
20160905  22:37:00 18375.00 18375.00 18375.00 18375.00   4.00
20160905  22:36:00 18375.00 18380.00 18375.00 18375.00 166.00
20160905  22:35:00 18375.00 18380.00 18375.00 18380.00  28.00
20160905  22:34:00 18370.00 18380.00 18370.00 18375.00 412.00
20160905  22:33:00 18365.00 18370.00 18365.00 18370.00 268.00
20160905  22:32:00 18370.00 18370.00 18365.00 18365.00 178.00
20160905  22:31:00 18370.00 18375.00 18365.00 18370.00 494.00
20160905  22:30:00 18370.00 18370.00 18365.00 18370.00  64.00
20160905  22:29:00 18360.00 18375.00 18360.00 18370.00 734.00
20160905  22:28:00 18375.00 18375.00 18360.00 18360.00 1080.00
20160905  22:27:00 18380.00 18385.00 18375.00 18375.00 754.00
20160905  22:26:00 18375.00 18380.00 18375.00 18380.00 574.00
20160905  22:25:00 18375.00 18375.00 18370.00 18375.00 176.00
20160905  22:24:00 18375.00 18380.00 18375.00 18375.00 200.00
20160905  22:23:00 18375.00 18375.00 18370.00 18375.00 274.00
20160905  22:22:00 18375.00 18380.00 18370.00 18375.00 606.00
20160905  22:21:00 18375.00 18380.00 18370.00 18375.00 202.00
20160905  22:20:00 18365.00 18375.00 18365.00 18375.00 388.00
20160905  22:19:00 18385.00 18390.00 18365.00 18365.00 1030.00
20160905  22:18:00 18380.00 18390.00 18380.00 18385.00 748.00
20160905  22:17:00 18375.00 18385.00 18375.00 18380.00 314.00
20160905  22:16:00 18380.00 18380.00 18375.00 18375.00 124.00
20160905  22:15:00 18380.00 18380.00 18380.00 18380.00 160.00
20160905  22:14:00 18380.00 18380.00 18380.00 18380.00 196.00
20160905  22:13:00 18380.00 18385.00 18375.00 18380.00 386.00
20160905  22:12:00 18380.00 18385.00 18380.00 18380.00  82.00
20160905  22:11:00 18385.00 18385.00 18380.00 18380.00  78.00
20160905  22:10:00 18385.00 18385.00 18375.00 18385.00 492.00
20160905  22:09:00 18385.00 18385.00 18380.00 18385.00  80.00
20160905  22:08:00 18370.00 18385.00 18370.00 18385.00 606.00
20160905  22:07:00 18380.00 18380.00 18370.00 18370.00 436.00
20160905  22:06:00 18380.00 18385.00 18375.00 18380.00 528.00
20160905  22:05:00 18390.00 18390.00 18375.00 18375.00 314.00
20160905  22:04:00 18390.00 18390.00 18385.00 18390.00 300.00
20160905  22:03:00 18395.00 18395.00 18385.00 18390.00 404.00
20160905  22:02:00 18400.00 18400.00 18390.00 18395.00 222.00
20160905  22:01:00 18395.00 18400.00 18390.00 18400.00 338.00
20160905  22:00:00 18400.00 18400.00 18390.00 18395.00 256.00
20160905  21:59:00 18400.00 18405.00 18395.00 18400.00 416.00
20160905  21:58:00 18395.00 18400.00 18395.00 18400.00 286.00
20160905  21:57:00 18390.00 18400.00 18390.00 18395.00 410.00
20160905  21:56:00 18390.00 18395.00 18390.00 18390.00  28.00
20160905  21:55:00 18390.00 18390.00 18385.00 18390.00 308.00
20160905  21:54:00 18380.00 18395.00 18380.00 18390.00 564.00
20160905  21:53:00 18390.00 18395.00 18375.00 18380.00 856.00
20160905  21:52:00 18400.00 18400.00 18390.00 18390.00 356.00
20160905  21:51:00 18405.00 18410.00 18395.00 18400.00 916.00
20160905  21:50:00 18395.00 18405.00 18395.00 18405.00 136.00
20160905  21:49:00 18395.00 18400.00 18395.00 18395.00 134.00
20160905  21:48:00 18400.00 18400.00 18395.00 18395.00 362.00
20160905  21:47:00 18405.00 18405.00 18395.00 18400.00 380.00
20160905  21:46:00 18405.00 18405.00 18400.00 18405.00 576.00
20160905  21:45:00 18395.00 18405.00 18395.00 18405.00 426.00
20160905  21:44:00 18405.00 18405.00 18385.00 18395.00 858.00
20160905  21:43:00 18405.00 18405.00 18395.00 18400.00 820.00
20160905  21:42:00 18405.00 18405.00 18395.00 18400.00 974.00
20160905  21:41:00 18410.00 18410.00 18400.00 18405.00 514.00
20160905  21:40:00 18410.00 18410.00 18400.00 18410.00 492.00
20160905  21:39:00 18400.00 18410.00 18395.00 18410.00 702.00
20160905  21:38:00 18395.00 18415.00 18395.00 18400.00 2280.00
20160905  21:37:00 18380.00 18400.00 18380.00 18400.00 1576.00
20160905  21:36:00 18370.00 18380.00 18365.00 18375.00 430.00
20160905  21:35:00 18370.00 18370.00 18355.00 18370.00 910.00
20160905  21:34:00 18380.00 18380.00 18365.00 18370.00 944.00
20160905  21:33:00 18385.00 18385.00 18380.00 18385.00 326.00
20160905  21:32:00 18375.00 18395.00 18375.00 18390.00 1178.00
20160905  21:31:00 18375.00 18380.00 18375.00 18375.00 576.00
20160905  21:30:00 18375.00 18380.00 18370.00 18375.00 988.00
20160905  21:29:00 18375.00 18380.00 18370.00 18375.00 512.00
20160905  21:28:00 18370.00 18375.00 18360.00 18375.00 538.00
20160905  21:27:00 18355.00 18375.00 18350.00 18370.00 1140.00
20160905  21:26:00 18380.00 18380.00 18355.00 18355.00 1392.00
20160905  21:25:00 18385.00 18385.00 18375.00 18380.00 532.00
20160905  21:24:00 18385.00 18390.00 18385.00 18385.00 158.00
20160905  21:23:00 18385.00 18385.00 18375.00 18385.00 556.00
20160905  21:22:00 18395.00 18395.00 18385.00 18385.00 352.00
20160905  21:21:00 18395.00 18395.00 18390.00 18395.00 424.00
20160905  21:20:00 18380.00 18400.00 18380.00 18395.00 1466.00
20160905  21:19:00 18375.00 18385.00 18375.00 18380.00 190.00
20160905  21:18:00 18380.00 18380.00 18365.00 18375.00 734.00
20160905  21:17:00 18370.00 18380.00 18370.00 18380.00 366.00
20160905  21:16:00 18380.00 18380.00 18365.00 18370.00 1016.00
20160905  21:15:00 18380.00 18390.00 18380.00 18380.00 1090.00
20160905  21:14:00 18380.00 18390.00 18375.00 18380.00 1338.00
20160905  21:13:00 18370.00 18380.00 18370.00 18380.00 1314.00
20160905  21:12:00 18365.00 18375.00 18365.00 18370.00 976.00
20160905  21:11:00 18350.00 18375.00 18350.00 18370.00 1566.00
20160905  21:10:00 18355.00 18355.00 18345.00 18350.00 662.00
20160905  21:09:00 18355.00 18360.00 18350.00 18355.00 898.00
20160905  21:08:00 18355.00 18365.00 18350.00 18360.00 1186.00
20160905  21:07:00 18335.00 18355.00 18335.00 18355.00 942.00
20160905  21:06:00 18345.00 18350.00 18330.00 18340.00 1270.00
20160905  21:05:00 18320.00 18350.00 18320.00 18345.00 2200.00
20160905  21:04:00 18365.00 18370.00 18335.00 18335.00 3246.00
20160905  21:03:00 18365.00 18375.00 18360.00 18365.00 678.00
20160905  21:02:00 18395.00 18395.00 18355.00 18365.00 1470.00
20160905  21:01:00 18375.00 18395.00 18375.00 18390.00 506.00
20160905  21:00:00 18405.00 18410.00 18365.00 18375.00 3584.00
