20160523  15:00:00 14825.00 14825.00 14825.00 14825.00   8.00
20160523  14:59:00 14820.00 14825.00 14805.00 14820.00 2684.00
20160523  14:58:00 14820.00 14825.00 14820.00 14825.00 842.00
20160523  14:57:00 14825.00 14835.00 14820.00 14820.00 1666.00
20160523  14:56:00 14825.00 14835.00 14825.00 14825.00 806.00
20160523  14:55:00 14820.00 14830.00 14820.00 14825.00 590.00
20160523  14:54:00 14820.00 14825.00 14820.00 14820.00 528.00
20160523  14:53:00 14825.00 14830.00 14820.00 14820.00 744.00
20160523  14:52:00 14820.00 14830.00 14815.00 14825.00 1850.00
20160523  14:51:00 14820.00 14825.00 14810.00 14820.00 1120.00
20160523  14:50:00 14815.00 14830.00 14815.00 14820.00 1816.00
20160523  14:49:00 14815.00 14815.00 14810.00 14815.00 910.00
20160523  14:48:00 14805.00 14820.00 14800.00 14815.00 816.00
20160523  14:47:00 14800.00 14810.00 14795.00 14805.00 2336.00
20160523  14:46:00 14800.00 14805.00 14790.00 14800.00 800.00
20160523  14:45:00 14805.00 14825.00 14800.00 14805.00 3662.00
20160523  14:44:00 14780.00 14805.00 14775.00 14805.00 1578.00
20160523  14:43:00 14780.00 14785.00 14775.00 14780.00 464.00
20160523  14:42:00 14765.00 14780.00 14760.00 14780.00 1592.00
20160523  14:41:00 14750.00 14765.00 14745.00 14765.00 1382.00
20160523  14:40:00 14745.00 14755.00 14740.00 14750.00 1328.00
20160523  14:39:00 14755.00 14755.00 14740.00 14745.00 994.00
20160523  14:38:00 14755.00 14765.00 14750.00 14750.00 1000.00
20160523  14:37:00 14745.00 14755.00 14745.00 14755.00 1596.00
20160523  14:36:00 14760.00 14765.00 14745.00 14745.00 3404.00
20160523  14:35:00 14755.00 14770.00 14750.00 14760.00 1606.00
20160523  14:34:00 14790.00 14790.00 14755.00 14755.00 5170.00
20160523  14:33:00 14795.00 14800.00 14785.00 14790.00 1004.00
20160523  14:32:00 14805.00 14810.00 14790.00 14795.00 852.00
20160523  14:31:00 14815.00 14820.00 14805.00 14805.00 490.00
20160523  14:30:00 14815.00 14825.00 14815.00 14815.00 468.00
20160523  14:29:00 14825.00 14825.00 14820.00 14820.00 620.00
20160523  14:28:00 14835.00 14835.00 14820.00 14825.00 678.00
20160523  14:27:00 14815.00 14840.00 14815.00 14835.00 1188.00
20160523  14:26:00 14815.00 14820.00 14810.00 14815.00 368.00
20160523  14:25:00 14815.00 14820.00 14805.00 14815.00 460.00
20160523  14:24:00 14810.00 14815.00 14805.00 14815.00 514.00
20160523  14:23:00 14805.00 14810.00 14800.00 14810.00 242.00
20160523  14:22:00 14810.00 14810.00 14800.00 14805.00 358.00
20160523  14:21:00 14810.00 14820.00 14800.00 14805.00 1220.00
20160523  14:20:00 14810.00 14820.00 14805.00 14810.00 470.00
20160523  14:19:00 14815.00 14815.00 14800.00 14810.00 366.00
20160523  14:18:00 14810.00 14815.00 14800.00 14815.00 664.00
20160523  14:17:00 14815.00 14820.00 14805.00 14810.00 1084.00
20160523  14:16:00 14815.00 14815.00 14805.00 14815.00 706.00
20160523  14:15:00 14825.00 14830.00 14815.00 14815.00 574.00
20160523  14:14:00 14830.00 14835.00 14820.00 14825.00 580.00
20160523  14:13:00 14825.00 14835.00 14820.00 14830.00 500.00
20160523  14:12:00 14830.00 14835.00 14820.00 14825.00 556.00
20160523  14:11:00 14845.00 14845.00 14830.00 14830.00 1364.00
20160523  14:10:00 14830.00 14845.00 14830.00 14840.00 1264.00
20160523  14:09:00 14805.00 14830.00 14805.00 14830.00 1070.00
20160523  14:08:00 14805.00 14810.00 14805.00 14805.00 662.00
20160523  14:07:00 14820.00 14825.00 14805.00 14805.00 758.00
20160523  14:06:00 14815.00 14830.00 14805.00 14825.00 1368.00
20160523  14:05:00 14800.00 14820.00 14795.00 14815.00 1360.00
20160523  14:04:00 14775.00 14810.00 14775.00 14800.00 1660.00
20160523  14:03:00 14785.00 14795.00 14775.00 14775.00 2818.00
20160523  14:02:00 14785.00 14790.00 14775.00 14790.00 2552.00
20160523  14:01:00 14785.00 14795.00 14775.00 14785.00 5762.00
20160523  14:00:00 14830.00 14830.00 14805.00 14810.00 2224.00
20160523  13:59:00 14825.00 14830.00 14820.00 14830.00 1124.00
20160523  13:58:00 14840.00 14840.00 14825.00 14825.00 712.00
20160523  13:57:00 14840.00 14845.00 14835.00 14845.00 912.00
20160523  13:56:00 14845.00 14850.00 14835.00 14840.00 1316.00
20160523  13:55:00 14845.00 14850.00 14840.00 14845.00 918.00
20160523  13:54:00 14845.00 14860.00 14840.00 14845.00 2224.00
20160523  13:53:00 14835.00 14845.00 14835.00 14845.00 870.00
20160523  13:52:00 14830.00 14835.00 14825.00 14835.00 704.00
20160523  13:51:00 14820.00 14830.00 14820.00 14830.00 846.00
20160523  13:50:00 14830.00 14830.00 14815.00 14820.00 1220.00
20160523  13:49:00 14815.00 14830.00 14815.00 14830.00 710.00
20160523  13:48:00 14825.00 14825.00 14810.00 14820.00 2760.00
20160523  13:47:00 14830.00 14835.00 14830.00 14835.00 252.00
20160523  13:46:00 14835.00 14840.00 14825.00 14830.00 2996.00
20160523  13:45:00 14840.00 14840.00 14835.00 14835.00 664.00
20160523  13:44:00 14845.00 14850.00 14840.00 14840.00 810.00
20160523  13:43:00 14845.00 14845.00 14840.00 14840.00 584.00
20160523  13:42:00 14840.00 14845.00 14840.00 14845.00 622.00
20160523  13:41:00 14845.00 14850.00 14835.00 14840.00 1206.00
20160523  13:40:00 14850.00 14850.00 14840.00 14845.00 602.00
20160523  13:39:00 14850.00 14855.00 14845.00 14850.00 494.00
20160523  13:38:00 14840.00 14855.00 14840.00 14845.00 684.00
20160523  13:37:00 14855.00 14855.00 14840.00 14840.00 664.00
20160523  13:36:00 14850.00 14855.00 14845.00 14855.00 1328.00
20160523  13:35:00 14860.00 14865.00 14850.00 14850.00 1458.00
20160523  13:34:00 14865.00 14870.00 14860.00 14860.00 1064.00
20160523  13:33:00 14870.00 14870.00 14860.00 14865.00 1326.00
20160523  13:32:00 14860.00 14865.00 14860.00 14865.00 950.00
20160523  13:31:00 14875.00 14875.00 14860.00 14865.00 944.00
20160523  13:30:00 14870.00 14885.00 14865.00 14875.00 1344.00
20160523  11:29:00 14890.00 14890.00 14870.00 14875.00 806.00
20160523  11:28:00 14890.00 14890.00 14885.00 14890.00 426.00
20160523  11:27:00 14900.00 14905.00 14885.00 14890.00 638.00
20160523  11:26:00 14895.00 14900.00 14890.00 14900.00 378.00
20160523  11:25:00 14910.00 14910.00 14895.00 14895.00 714.00
20160523  11:24:00 14895.00 14905.00 14890.00 14900.00 336.00
20160523  11:23:00 14900.00 14900.00 14895.00 14895.00 194.00
20160523  11:22:00 14900.00 14905.00 14895.00 14900.00 150.00
20160523  11:21:00 14905.00 14910.00 14895.00 14900.00 308.00
20160523  11:20:00 14895.00 14910.00 14895.00 14910.00 696.00
20160523  11:19:00 14905.00 14905.00 14890.00 14890.00 1166.00
20160523  11:18:00 14910.00 14910.00 14900.00 14905.00 738.00
20160523  11:17:00 14895.00 14910.00 14895.00 14910.00 980.00
20160523  11:16:00 14895.00 14895.00 14885.00 14895.00 552.00
20160523  11:15:00 14885.00 14895.00 14885.00 14895.00 540.00
20160523  11:14:00 14885.00 14895.00 14885.00 14885.00 310.00
20160523  11:13:00 14900.00 14900.00 14885.00 14885.00 412.00
20160523  11:12:00 14890.00 14900.00 14890.00 14900.00 434.00
20160523  11:11:00 14905.00 14905.00 14890.00 14890.00 632.00
20160523  11:10:00 14880.00 14905.00 14880.00 14905.00 1738.00
20160523  11:09:00 14870.00 14880.00 14870.00 14880.00 328.00
20160523  11:08:00 14865.00 14870.00 14865.00 14870.00 238.00
20160523  11:07:00 14875.00 14875.00 14865.00 14865.00 274.00
20160523  11:06:00 14870.00 14875.00 14865.00 14875.00 224.00
20160523  11:05:00 14870.00 14870.00 14870.00 14870.00   0.00
20160523  11:04:00 14870.00 14875.00 14870.00 14870.00 164.00
20160523  11:03:00 14870.00 14875.00 14865.00 14870.00 266.00
20160523  11:02:00 14870.00 14875.00 14865.00 14870.00 450.00
20160523  11:01:00 14870.00 14875.00 14860.00 14870.00 608.00
20160523  11:00:00 14870.00 14870.00 14860.00 14870.00 1000.00
20160523  10:59:00 14875.00 14875.00 14870.00 14870.00 410.00
20160523  10:58:00 14880.00 14885.00 14875.00 14875.00 138.00
20160523  10:57:00 14870.00 14880.00 14870.00 14880.00 412.00
20160523  10:56:00 14870.00 14875.00 14870.00 14870.00 198.00
20160523  10:55:00 14870.00 14870.00 14870.00 14870.00 368.00
20160523  10:54:00 14880.00 14885.00 14870.00 14870.00 202.00
20160523  10:53:00 14875.00 14890.00 14875.00 14885.00 896.00
20160523  10:52:00 14875.00 14880.00 14870.00 14875.00 394.00
20160523  10:51:00 14875.00 14880.00 14875.00 14875.00 334.00
20160523  10:50:00 14880.00 14880.00 14870.00 14875.00 480.00
20160523  10:49:00 14885.00 14885.00 14880.00 14880.00 356.00
20160523  10:48:00 14875.00 14885.00 14875.00 14885.00 332.00
20160523  10:47:00 14875.00 14880.00 14875.00 14880.00 332.00
20160523  10:46:00 14880.00 14880.00 14870.00 14875.00 480.00
20160523  10:45:00 14885.00 14895.00 14875.00 14880.00 1768.00
20160523  10:44:00 14885.00 14890.00 14880.00 14885.00 780.00
20160523  10:43:00 14870.00 14880.00 14870.00 14875.00 878.00
20160523  10:42:00 14875.00 14875.00 14870.00 14870.00 448.00
20160523  10:41:00 14870.00 14880.00 14870.00 14875.00 578.00
20160523  10:40:00 14880.00 14880.00 14870.00 14875.00 432.00
20160523  10:39:00 14870.00 14880.00 14870.00 14880.00 1358.00
20160523  10:38:00 14860.00 14870.00 14860.00 14870.00 634.00
20160523  10:37:00 14865.00 14865.00 14855.00 14860.00 222.00
20160523  10:36:00 14865.00 14865.00 14855.00 14865.00 380.00
20160523  10:35:00 14855.00 14870.00 14855.00 14870.00 778.00
20160523  10:34:00 14855.00 14860.00 14850.00 14860.00 946.00
20160523  10:33:00 14850.00 14855.00 14845.00 14855.00 728.00
20160523  10:32:00 14845.00 14850.00 14845.00 14845.00 518.00
20160523  10:31:00 14845.00 14845.00 14840.00 14845.00 512.00
20160523  10:30:00 14845.00 14850.00 14840.00 14845.00 1174.00
20160523  10:14:00 14850.00 14850.00 14840.00 14845.00 384.00
20160523  10:13:00 14840.00 14845.00 14840.00 14845.00 274.00
20160523  10:12:00 14845.00 14850.00 14845.00 14845.00 294.00
20160523  10:11:00 14850.00 14850.00 14845.00 14845.00 466.00
20160523  10:10:00 14840.00 14850.00 14835.00 14850.00 214.00
20160523  10:09:00 14840.00 14845.00 14835.00 14840.00 680.00
20160523  10:08:00 14840.00 14845.00 14840.00 14840.00 304.00
20160523  10:07:00 14845.00 14845.00 14840.00 14840.00 482.00
20160523  10:06:00 14845.00 14850.00 14845.00 14845.00 254.00
20160523  10:05:00 14850.00 14850.00 14840.00 14845.00 960.00
20160523  10:04:00 14850.00 14860.00 14850.00 14850.00 290.00
20160523  10:03:00 14850.00 14850.00 14845.00 14850.00  76.00
20160523  10:02:00 14850.00 14855.00 14845.00 14850.00 466.00
20160523  10:01:00 14845.00 14850.00 14840.00 14850.00 218.00
20160523  10:00:00 14850.00 14850.00 14840.00 14845.00 614.00
20160523  09:59:00 14855.00 14855.00 14850.00 14850.00 222.00
20160523  09:58:00 14850.00 14855.00 14850.00 14855.00 478.00
20160523  09:57:00 14845.00 14850.00 14840.00 14845.00 430.00
20160523  09:56:00 14840.00 14850.00 14840.00 14840.00 1090.00
20160523  09:55:00 14855.00 14855.00 14840.00 14840.00 1072.00
20160523  09:54:00 14860.00 14860.00 14855.00 14855.00 174.00
20160523  09:53:00 14860.00 14860.00 14850.00 14860.00 440.00
20160523  09:52:00 14850.00 14860.00 14850.00 14860.00 422.00
20160523  09:51:00 14845.00 14855.00 14840.00 14850.00 698.00
20160523  09:50:00 14850.00 14855.00 14845.00 14850.00 352.00
20160523  09:49:00 14850.00 14855.00 14850.00 14855.00  58.00
20160523  09:48:00 14855.00 14855.00 14845.00 14850.00 654.00
20160523  09:47:00 14860.00 14860.00 14855.00 14855.00 298.00
20160523  09:46:00 14855.00 14865.00 14850.00 14860.00 670.00
20160523  09:45:00 14850.00 14850.00 14835.00 14850.00 1996.00
20160523  09:44:00 14855.00 14855.00 14840.00 14850.00 502.00
20160523  09:43:00 14850.00 14860.00 14845.00 14855.00 1162.00
20160523  09:42:00 14865.00 14865.00 14845.00 14850.00 1872.00
20160523  09:41:00 14865.00 14870.00 14860.00 14860.00 632.00
20160523  09:40:00 14880.00 14880.00 14870.00 14870.00 446.00
20160523  09:39:00 14875.00 14880.00 14875.00 14880.00 196.00
20160523  09:38:00 14875.00 14875.00 14870.00 14875.00 138.00
20160523  09:37:00 14880.00 14880.00 14875.00 14875.00 162.00
20160523  09:36:00 14885.00 14890.00 14880.00 14880.00 320.00
20160523  09:35:00 14875.00 14885.00 14875.00 14885.00 262.00
20160523  09:34:00 14875.00 14880.00 14875.00 14875.00 146.00
20160523  09:33:00 14880.00 14885.00 14875.00 14875.00 264.00
20160523  09:32:00 14865.00 14885.00 14865.00 14880.00 734.00
20160523  09:31:00 14875.00 14875.00 14865.00 14870.00 520.00
20160523  09:30:00 14885.00 14885.00 14875.00 14875.00 1162.00
20160523  09:29:00 14885.00 14890.00 14885.00 14885.00 444.00
20160523  09:28:00 14880.00 14895.00 14880.00 14885.00 670.00
20160523  09:27:00 14875.00 14885.00 14875.00 14880.00 312.00
20160523  09:26:00 14875.00 14880.00 14870.00 14875.00 350.00
20160523  09:25:00 14875.00 14880.00 14865.00 14875.00 712.00
20160523  09:24:00 14865.00 14880.00 14865.00 14875.00 500.00
20160523  09:23:00 14875.00 14875.00 14865.00 14865.00 1072.00
20160523  09:22:00 14855.00 14875.00 14855.00 14875.00 914.00
20160523  09:21:00 14850.00 14860.00 14850.00 14855.00 476.00
20160523  09:20:00 14850.00 14855.00 14840.00 14850.00 1066.00
20160523  09:19:00 14850.00 14855.00 14845.00 14850.00 236.00
20160523  09:18:00 14860.00 14860.00 14845.00 14850.00 686.00
20160523  09:17:00 14845.00 14865.00 14840.00 14860.00 1408.00
20160523  09:16:00 14835.00 14845.00 14830.00 14840.00 1286.00
20160523  09:15:00 14870.00 14870.00 14830.00 14835.00 4218.00
20160523  09:14:00 14880.00 14880.00 14865.00 14870.00 1562.00
20160523  09:13:00 14885.00 14890.00 14870.00 14880.00 2368.00
20160523  09:12:00 14890.00 14895.00 14885.00 14890.00 1234.00
20160523  09:11:00 14895.00 14900.00 14890.00 14890.00 1436.00
20160523  09:10:00 14910.00 14915.00 14900.00 14905.00 1036.00
20160523  09:09:00 14880.00 14910.00 14880.00 14905.00 1950.00
20160523  09:08:00 14890.00 14895.00 14880.00 14885.00 1720.00
20160523  09:07:00 14905.00 14905.00 14890.00 14890.00 2146.00
20160523  09:06:00 14905.00 14905.00 14890.00 14905.00 2346.00
20160523  09:05:00 14925.00 14925.00 14900.00 14905.00 1704.00
20160523  09:04:00 14935.00 14935.00 14925.00 14925.00 2002.00
20160523  09:03:00 14935.00 14935.00 14930.00 14935.00 364.00
20160523  09:02:00 14925.00 14940.00 14925.00 14930.00 1374.00
20160523  09:01:00 14915.00 14940.00 14910.00 14925.00 3542.00
20160523  09:00:00 14950.00 14950.00 14925.00 14930.00 2262.00
20160521  00:59:00 14950.00 14965.00 14945.00 14950.00 1114.00
20160521  00:58:00 14945.00 14950.00 14945.00 14950.00 538.00
20160521  00:57:00 14930.00 14945.00 14930.00 14945.00 650.00
20160521  00:56:00 14925.00 14930.00 14925.00 14930.00 344.00
20160521  00:55:00 14925.00 14930.00 14925.00 14925.00 102.00
20160521  00:54:00 14930.00 14930.00 14925.00 14925.00 218.00
20160521  00:53:00 14935.00 14935.00 14930.00 14930.00 242.00
20160521  00:52:00 14935.00 14935.00 14930.00 14935.00  94.00
20160521  00:51:00 14935.00 14935.00 14930.00 14935.00 214.00
20160521  00:50:00 14925.00 14940.00 14925.00 14935.00 644.00
20160521  00:49:00 14930.00 14935.00 14930.00 14930.00 750.00
20160521  00:48:00 14935.00 14935.00 14930.00 14930.00 516.00
20160521  00:47:00 14930.00 14935.00 14930.00 14935.00 254.00
20160521  00:46:00 14935.00 14935.00 14930.00 14930.00 298.00
20160521  00:45:00 14940.00 14940.00 14925.00 14935.00 734.00
20160521  00:44:00 14940.00 14940.00 14935.00 14940.00 300.00
20160521  00:43:00 14935.00 14940.00 14935.00 14940.00  84.00
20160521  00:42:00 14935.00 14935.00 14935.00 14935.00 194.00
20160521  00:41:00 14935.00 14935.00 14930.00 14935.00 244.00
20160521  00:40:00 14930.00 14935.00 14930.00 14935.00 626.00
20160521  00:39:00 14935.00 14935.00 14930.00 14930.00 648.00
20160521  00:38:00 14930.00 14935.00 14930.00 14935.00 764.00
20160521  00:37:00 14930.00 14935.00 14925.00 14930.00 910.00
20160521  00:36:00 14925.00 14930.00 14925.00 14930.00 536.00
20160521  00:35:00 14930.00 14930.00 14925.00 14925.00 396.00
20160521  00:34:00 14925.00 14930.00 14920.00 14930.00 560.00
20160521  00:33:00 14925.00 14925.00 14915.00 14925.00 812.00
20160521  00:32:00 14920.00 14925.00 14920.00 14925.00 380.00
20160521  00:31:00 14920.00 14925.00 14915.00 14925.00 626.00
20160521  00:30:00 14920.00 14925.00 14910.00 14920.00 956.00
20160521  00:29:00 14920.00 14925.00 14915.00 14920.00 578.00
20160521  00:28:00 14920.00 14925.00 14920.00 14920.00 478.00
20160521  00:27:00 14920.00 14925.00 14920.00 14925.00 582.00
20160521  00:26:00 14925.00 14925.00 14915.00 14920.00 770.00
20160521  00:25:00 14925.00 14930.00 14920.00 14925.00 458.00
20160521  00:24:00 14925.00 14935.00 14925.00 14925.00 684.00
20160521  00:23:00 14925.00 14925.00 14920.00 14925.00 210.00
20160521  00:22:00 14925.00 14925.00 14925.00 14925.00 110.00
20160521  00:21:00 14930.00 14930.00 14920.00 14925.00 108.00
20160521  00:20:00 14935.00 14935.00 14930.00 14930.00 120.00
20160521  00:19:00 14935.00 14935.00 14930.00 14935.00  52.00
20160521  00:18:00 14930.00 14935.00 14930.00 14935.00 272.00
20160521  00:17:00 14920.00 14935.00 14920.00 14930.00 248.00
20160521  00:16:00 14920.00 14925.00 14915.00 14920.00 230.00
20160521  00:15:00 14930.00 14930.00 14920.00 14920.00 226.00
20160521  00:14:00 14925.00 14935.00 14925.00 14930.00 214.00
20160521  00:13:00 14930.00 14935.00 14925.00 14930.00  54.00
20160521  00:12:00 14930.00 14935.00 14925.00 14930.00 142.00
20160521  00:11:00 14925.00 14935.00 14925.00 14930.00 254.00
20160521  00:10:00 14925.00 14930.00 14925.00 14925.00 198.00
20160521  00:09:00 14930.00 14930.00 14925.00 14925.00 402.00
20160521  00:08:00 14930.00 14935.00 14930.00 14930.00  32.00
20160521  00:07:00 14935.00 14935.00 14930.00 14930.00  32.00
20160521  00:06:00 14930.00 14935.00 14930.00 14935.00 378.00
20160521  00:05:00 14925.00 14930.00 14925.00 14925.00 114.00
20160521  00:04:00 14930.00 14930.00 14925.00 14925.00 126.00
20160521  00:03:00 14920.00 14930.00 14920.00 14930.00 392.00
20160521  00:02:00 14925.00 14925.00 14920.00 14920.00  80.00
20160521  00:01:00 14910.00 14925.00 14910.00 14925.00 638.00
20160521  00:00:00 14910.00 14915.00 14905.00 14910.00 1604.00
20160520  23:59:00 14925.00 14930.00 14915.00 14920.00 432.00
20160520  23:58:00 14925.00 14930.00 14920.00 14925.00 222.00
20160520  23:57:00 14915.00 14925.00 14915.00 14925.00 290.00
20160520  23:56:00 14925.00 14925.00 14910.00 14915.00 1010.00
20160520  23:55:00 14920.00 14925.00 14920.00 14925.00 230.00
20160520  23:54:00 14920.00 14925.00 14910.00 14920.00 660.00
20160520  23:53:00 14925.00 14930.00 14915.00 14920.00 2080.00
20160520  23:52:00 14925.00 14930.00 14925.00 14925.00 496.00
20160520  23:51:00 14930.00 14940.00 14930.00 14930.00 872.00
20160520  23:50:00 14950.00 14950.00 14930.00 14930.00 1002.00
20160520  23:49:00 14955.00 14955.00 14945.00 14950.00 702.00
20160520  23:48:00 14955.00 14960.00 14955.00 14955.00 208.00
20160520  23:47:00 14955.00 14960.00 14955.00 14955.00 242.00
20160520  23:46:00 14960.00 14965.00 14955.00 14955.00 338.00
20160520  23:45:00 14970.00 14970.00 14960.00 14960.00 344.00
20160520  23:44:00 14970.00 14975.00 14965.00 14970.00 272.00
20160520  23:43:00 14970.00 14975.00 14970.00 14970.00  40.00
20160520  23:42:00 14975.00 14980.00 14970.00 14970.00 242.00
20160520  23:41:00 14970.00 14975.00 14970.00 14975.00 418.00
20160520  23:40:00 14980.00 14980.00 14970.00 14970.00 390.00
20160520  23:39:00 14980.00 14980.00 14975.00 14980.00 276.00
20160520  23:38:00 14980.00 14980.00 14975.00 14980.00  30.00
20160520  23:37:00 14980.00 14985.00 14975.00 14980.00 358.00
20160520  23:36:00 14980.00 14985.00 14975.00 14980.00 784.00
20160520  23:35:00 14960.00 14980.00 14960.00 14980.00 798.00
20160520  23:34:00 14970.00 14970.00 14960.00 14960.00 384.00
20160520  23:33:00 14960.00 14970.00 14960.00 14970.00 408.00
20160520  23:32:00 14960.00 14965.00 14960.00 14960.00 192.00
20160520  23:31:00 14960.00 14970.00 14960.00 14960.00 356.00
20160520  23:30:00 14960.00 14965.00 14960.00 14960.00 198.00
20160520  23:29:00 14955.00 14970.00 14945.00 14960.00 800.00
20160520  23:28:00 14950.00 14955.00 14950.00 14950.00  76.00
20160520  23:27:00 14950.00 14955.00 14950.00 14950.00  42.00
20160520  23:26:00 14955.00 14960.00 14950.00 14950.00 296.00
20160520  23:25:00 14950.00 14960.00 14945.00 14955.00 826.00
20160520  23:24:00 14945.00 14955.00 14940.00 14950.00 806.00
20160520  23:23:00 14945.00 14945.00 14940.00 14945.00 436.00
20160520  23:22:00 14950.00 14955.00 14940.00 14945.00 390.00
20160520  23:21:00 14935.00 14950.00 14930.00 14950.00 434.00
20160520  23:20:00 14925.00 14945.00 14925.00 14935.00 728.00
20160520  23:19:00 14950.00 14950.00 14920.00 14925.00 2482.00
20160520  23:18:00 14955.00 14955.00 14945.00 14945.00 506.00
20160520  23:17:00 14965.00 14965.00 14955.00 14955.00 182.00
20160520  23:16:00 14950.00 14965.00 14950.00 14965.00 244.00
20160520  23:15:00 14950.00 14955.00 14950.00 14950.00 254.00
20160520  23:14:00 14955.00 14960.00 14950.00 14950.00 386.00
20160520  23:13:00 14950.00 14960.00 14950.00 14955.00 252.00
20160520  23:12:00 14955.00 14955.00 14945.00 14950.00 130.00
20160520  23:11:00 14950.00 14960.00 14950.00 14955.00 260.00
20160520  23:10:00 14960.00 14965.00 14950.00 14950.00 248.00
20160520  23:09:00 14960.00 14960.00 14955.00 14960.00 408.00
20160520  23:08:00 14965.00 14965.00 14955.00 14965.00 574.00
20160520  23:07:00 14975.00 14980.00 14960.00 14965.00 430.00
20160520  23:06:00 14970.00 14980.00 14970.00 14975.00 326.00
20160520  23:05:00 14955.00 14970.00 14955.00 14970.00 792.00
20160520  23:04:00 14950.00 14965.00 14950.00 14955.00 650.00
20160520  23:03:00 14940.00 14950.00 14940.00 14950.00 206.00
20160520  23:02:00 14960.00 14960.00 14940.00 14940.00 644.00
20160520  23:01:00 14955.00 14960.00 14950.00 14960.00 462.00
20160520  23:00:00 14945.00 14955.00 14940.00 14955.00 692.00
20160520  22:59:00 14950.00 14955.00 14940.00 14945.00 690.00
20160520  22:58:00 14960.00 14960.00 14945.00 14950.00 610.00
20160520  22:57:00 14955.00 14965.00 14950.00 14960.00 826.00
20160520  22:56:00 14940.00 14955.00 14940.00 14955.00 880.00
20160520  22:55:00 14955.00 14955.00 14940.00 14940.00 1168.00
20160520  22:54:00 14960.00 14965.00 14950.00 14950.00 370.00
20160520  22:53:00 14965.00 14965.00 14960.00 14960.00 526.00
20160520  22:52:00 14985.00 14985.00 14960.00 14965.00 1024.00
20160520  22:51:00 14980.00 14985.00 14980.00 14985.00 174.00
20160520  22:50:00 14975.00 14990.00 14975.00 14985.00 418.00
20160520  22:49:00 14990.00 14990.00 14975.00 14975.00 258.00
20160520  22:48:00 14990.00 14990.00 14980.00 14990.00 148.00
20160520  22:47:00 14980.00 14990.00 14980.00 14990.00 242.00
20160520  22:46:00 14975.00 14990.00 14975.00 14980.00 758.00
20160520  22:45:00 14975.00 14985.00 14970.00 14980.00 1326.00
20160520  22:44:00 14995.00 14995.00 14975.00 14975.00 672.00
20160520  22:43:00 14980.00 15000.00 14980.00 14995.00 1498.00
20160520  22:42:00 14975.00 14985.00 14970.00 14980.00 1368.00
20160520  22:41:00 14975.00 14980.00 14965.00 14975.00 1128.00
20160520  22:40:00 14970.00 14975.00 14960.00 14975.00 1416.00
20160520  22:39:00 14970.00 14975.00 14965.00 14965.00 810.00
20160520  22:38:00 14965.00 14975.00 14960.00 14975.00 526.00
20160520  22:37:00 14955.00 14965.00 14950.00 14965.00 892.00
20160520  22:36:00 14960.00 14970.00 14950.00 14955.00 748.00
20160520  22:35:00 14960.00 14965.00 14945.00 14960.00 748.00
20160520  22:34:00 14965.00 14970.00 14960.00 14960.00 900.00
20160520  22:33:00 14950.00 14970.00 14940.00 14965.00 1210.00
20160520  22:32:00 14965.00 14970.00 14945.00 14950.00 964.00
20160520  22:31:00 14960.00 14975.00 14960.00 14965.00 796.00
20160520  22:30:00 14975.00 14980.00 14955.00 14960.00 1326.00
20160520  22:29:00 14985.00 14990.00 14980.00 14985.00 630.00
20160520  22:28:00 14990.00 14990.00 14975.00 14985.00 564.00
20160520  22:27:00 14980.00 14990.00 14975.00 14990.00 446.00
20160520  22:26:00 14980.00 14990.00 14960.00 14980.00 2106.00
20160520  22:25:00 14995.00 15000.00 14980.00 14980.00 1210.00
20160520  22:24:00 15015.00 15015.00 14985.00 14995.00 2704.00
20160520  22:23:00 15035.00 15035.00 15015.00 15015.00 812.00
20160520  22:22:00 15035.00 15040.00 15030.00 15040.00 616.00
20160520  22:21:00 15040.00 15040.00 15035.00 15035.00 126.00
20160520  22:20:00 15040.00 15050.00 15040.00 15040.00 784.00
20160520  22:19:00 15025.00 15045.00 15020.00 15045.00 594.00
20160520  22:18:00 15025.00 15030.00 15020.00 15025.00 810.00
20160520  22:17:00 15030.00 15030.00 15020.00 15025.00 1292.00
20160520  22:16:00 15030.00 15030.00 15025.00 15030.00 1654.00
20160520  22:15:00 15025.00 15030.00 15020.00 15030.00 788.00
20160520  22:14:00 15020.00 15035.00 15020.00 15025.00 1010.00
20160520  22:13:00 15035.00 15035.00 15020.00 15020.00 662.00
20160520  22:12:00 15035.00 15040.00 15030.00 15035.00 280.00
20160520  22:11:00 15030.00 15040.00 15030.00 15035.00 946.00
20160520  22:10:00 15035.00 15035.00 15025.00 15030.00 614.00
20160520  22:09:00 15030.00 15040.00 15030.00 15035.00 1016.00
20160520  22:08:00 15030.00 15035.00 15020.00 15030.00 904.00
20160520  22:07:00 15015.00 15030.00 15015.00 15030.00 1746.00
20160520  22:06:00 15030.00 15035.00 15010.00 15015.00 1912.00
20160520  22:05:00 15030.00 15035.00 15025.00 15030.00 982.00
20160520  22:04:00 15030.00 15035.00 15020.00 15030.00 2498.00
20160520  22:03:00 15045.00 15050.00 15025.00 15030.00 1662.00
20160520  22:02:00 15055.00 15055.00 15040.00 15050.00 1342.00
20160520  22:01:00 15045.00 15055.00 15035.00 15055.00 1754.00
20160520  22:00:00 15040.00 15045.00 15025.00 15045.00 2364.00
20160520  21:59:00 15035.00 15045.00 15035.00 15035.00 610.00
20160520  21:58:00 15035.00 15045.00 15025.00 15035.00 2140.00
20160520  21:57:00 15040.00 15040.00 15010.00 15035.00 1866.00
20160520  21:56:00 15035.00 15050.00 15035.00 15040.00 1286.00
20160520  21:55:00 15055.00 15055.00 15025.00 15035.00 3940.00
20160520  21:54:00 15070.00 15070.00 15055.00 15060.00 1748.00
20160520  21:53:00 15090.00 15090.00 15070.00 15070.00 1048.00
20160520  21:52:00 15100.00 15100.00 15085.00 15090.00 1022.00
20160520  21:51:00 15100.00 15100.00 15095.00 15100.00 154.00
20160520  21:50:00 15105.00 15105.00 15100.00 15100.00 356.00
20160520  21:49:00 15100.00 15105.00 15095.00 15105.00 396.00
20160520  21:48:00 15100.00 15105.00 15095.00 15100.00 848.00
20160520  21:47:00 15100.00 15110.00 15100.00 15100.00 372.00
20160520  21:46:00 15100.00 15105.00 15095.00 15100.00 464.00
20160520  21:45:00 15115.00 15115.00 15100.00 15100.00 702.00
20160520  21:44:00 15115.00 15115.00 15105.00 15115.00 844.00
20160520  21:43:00 15125.00 15125.00 15110.00 15115.00 416.00
20160520  21:42:00 15115.00 15125.00 15110.00 15125.00 1192.00
20160520  21:41:00 15115.00 15120.00 15110.00 15110.00 600.00
20160520  21:40:00 15115.00 15120.00 15115.00 15115.00 556.00
20160520  21:39:00 15130.00 15130.00 15115.00 15120.00 570.00
20160520  21:38:00 15130.00 15135.00 15130.00 15130.00 404.00
20160520  21:37:00 15135.00 15135.00 15130.00 15130.00 298.00
20160520  21:36:00 15130.00 15140.00 15130.00 15135.00 720.00
20160520  21:35:00 15135.00 15135.00 15125.00 15130.00 332.00
20160520  21:34:00 15125.00 15135.00 15125.00 15135.00 360.00
20160520  21:33:00 15125.00 15135.00 15125.00 15125.00 636.00
20160520  21:32:00 15130.00 15130.00 15120.00 15125.00 834.00
20160520  21:31:00 15140.00 15140.00 15110.00 15125.00 1978.00
20160520  21:30:00 15140.00 15145.00 15135.00 15140.00 1444.00
20160520  21:29:00 15130.00 15140.00 15130.00 15140.00 1186.00
20160520  21:28:00 15130.00 15140.00 15125.00 15135.00 1228.00
20160520  21:27:00 15140.00 15140.00 15125.00 15125.00 848.00
20160520  21:26:00 15140.00 15150.00 15135.00 15140.00 1754.00
20160520  21:25:00 15120.00 15145.00 15115.00 15140.00 3270.00
20160520  21:24:00 15105.00 15125.00 15105.00 15120.00 2204.00
20160520  21:23:00 15090.00 15110.00 15090.00 15110.00 1242.00
20160520  21:22:00 15085.00 15100.00 15085.00 15090.00 962.00
20160520  21:21:00 15070.00 15085.00 15065.00 15085.00 762.00
20160520  21:20:00 15085.00 15085.00 15060.00 15065.00 1114.00
20160520  21:19:00 15070.00 15085.00 15070.00 15080.00 600.00
20160520  21:18:00 15060.00 15075.00 15055.00 15070.00 562.00
20160520  21:17:00 15075.00 15075.00 15060.00 15060.00 1228.00
20160520  21:16:00 15070.00 15085.00 15070.00 15075.00 1074.00
20160520  21:15:00 15075.00 15080.00 15070.00 15070.00 658.00
20160520  21:14:00 15065.00 15075.00 15065.00 15075.00 516.00
20160520  21:13:00 15070.00 15075.00 15065.00 15065.00 354.00
20160520  21:12:00 15070.00 15075.00 15065.00 15075.00 436.00
20160520  21:11:00 15075.00 15075.00 15065.00 15075.00 604.00
20160520  21:10:00 15075.00 15080.00 15065.00 15075.00 440.00
20160520  21:09:00 15070.00 15080.00 15060.00 15075.00 1048.00
20160520  21:08:00 15065.00 15080.00 15065.00 15075.00 1550.00
20160520  21:07:00 15090.00 15090.00 15060.00 15065.00 2122.00
20160520  21:06:00 15110.00 15115.00 15085.00 15090.00 1258.00
20160520  21:05:00 15110.00 15115.00 15105.00 15110.00 588.00
20160520  21:04:00 15105.00 15110.00 15105.00 15110.00 1058.00
20160520  21:03:00 15120.00 15120.00 15100.00 15105.00 1208.00
20160520  21:02:00 15105.00 15125.00 15100.00 15120.00 1784.00
20160520  21:01:00 15080.00 15120.00 15080.00 15110.00 2408.00
20160520  21:00:00 15070.00 15090.00 15070.00 15080.00 2586.00
