20161214  21:00:00 22635.00 22650.00 22585.00 22610.00 5660.00
20161214  21:01:00 22615.00 22630.00 22575.00 22580.00 3902.00
20161214  21:02:00 22580.00 22595.00 22525.00 22530.00 2808.00
20161214  21:03:00 22525.00 22550.00 22525.00 22540.00 2024.00
20161214  21:04:00 22540.00 22540.00 22505.00 22520.00 2072.00
20161214  21:05:00 22515.00 22530.00 22460.00 22465.00 3760.00
20161214  21:06:00 22460.00 22495.00 22435.00 22455.00 2788.00
20161214  21:07:00 22455.00 22490.00 22455.00 22470.00 1586.00
20161214  21:08:00 22455.00 22480.00 22445.00 22455.00 1734.00
20161214  21:09:00 22455.00 22465.00 22425.00 22435.00 2146.00
20161214  21:10:00 22440.00 22440.00 22365.00 22390.00 3596.00
20161214  21:11:00 22395.00 22400.00 22360.00 22390.00 2390.00
20161214  21:12:00 22390.00 22430.00 22380.00 22430.00 2810.00
20161214  21:13:00 22430.00 22445.00 22420.00 22430.00 1472.00
20161214  21:14:00 22435.00 22435.00 22415.00 22425.00 1006.00
20161214  21:15:00 22420.00 22425.00 22400.00 22410.00 1832.00
20161214  21:16:00 22410.00 22435.00 22400.00 22420.00 1746.00
20161214  21:17:00 22425.00 22430.00 22410.00 22425.00 1038.00
20161214  21:18:00 22425.00 22450.00 22410.00 22425.00 1642.00
20161214  21:19:00 22425.00 22435.00 22415.00 22435.00 1140.00
20161214  21:20:00 22435.00 22435.00 22405.00 22405.00 714.00
20161214  21:21:00 22405.00 22440.00 22400.00 22425.00 1638.00
20161214  21:22:00 22430.00 22430.00 22320.00 22345.00 3636.00
20161214  21:23:00 22340.00 22365.00 22335.00 22365.00 2748.00
20161214  21:24:00 22365.00 22385.00 22350.00 22370.00 1150.00
20161214  21:25:00 22370.00 22370.00 22330.00 22345.00 3460.00
20161214  21:26:00 22345.00 22360.00 22335.00 22335.00 1374.00
20161214  21:27:00 22335.00 22380.00 22310.00 22365.00 3094.00
20161214  21:28:00 22365.00 22380.00 22350.00 22365.00 1850.00
20161214  21:29:00 22365.00 22370.00 22350.00 22360.00 976.00
20161214  21:30:00 22355.00 22380.00 22335.00 22375.00 2148.00
20161214  21:31:00 22375.00 22385.00 22350.00 22370.00 1390.00
20161214  21:32:00 22370.00 22385.00 22360.00 22375.00 1592.00
20161214  21:33:00 22375.00 22375.00 22355.00 22370.00 696.00
20161214  21:34:00 22370.00 22380.00 22360.00 22380.00 628.00
20161214  21:35:00 22380.00 22380.00 22355.00 22360.00 1074.00
20161214  21:36:00 22355.00 22375.00 22350.00 22370.00 756.00
20161214  21:37:00 22365.00 22395.00 22365.00 22390.00 1206.00
20161214  21:38:00 22395.00 22440.00 22390.00 22440.00 3152.00
20161214  21:39:00 22440.00 22440.00 22425.00 22425.00 1526.00
20161214  21:40:00 22430.00 22460.00 22430.00 22460.00 1796.00
20161214  21:41:00 22460.00 22460.00 22435.00 22455.00 1618.00
20161214  21:42:00 22455.00 22550.00 22455.00 22540.00 5392.00
20161214  21:43:00 22540.00 22540.00 22510.00 22520.00 2592.00
20161214  21:44:00 22520.00 22530.00 22505.00 22525.00 1706.00
20161214  21:45:00 22520.00 22535.00 22505.00 22510.00 1518.00
20161214  21:46:00 22510.00 22510.00 22485.00 22505.00 1906.00
20161214  21:47:00 22500.00 22515.00 22495.00 22500.00 708.00
20161214  21:48:00 22500.00 22530.00 22495.00 22530.00 1518.00
20161214  21:49:00 22530.00 22565.00 22520.00 22555.00 2868.00
20161214  21:50:00 22550.00 22610.00 22550.00 22605.00 3978.00
20161214  21:51:00 22605.00 22605.00 22570.00 22575.00 2566.00
20161214  21:52:00 22570.00 22590.00 22565.00 22570.00 2316.00
20161214  21:53:00 22570.00 22585.00 22560.00 22585.00 1986.00
20161214  21:54:00 22585.00 22600.00 22570.00 22570.00 2134.00
20161214  21:55:00 22565.00 22580.00 22565.00 22580.00 796.00
20161214  21:56:00 22580.00 22580.00 22525.00 22525.00 2230.00
20161214  21:57:00 22525.00 22535.00 22520.00 22525.00 2438.00
20161214  21:58:00 22530.00 22555.00 22525.00 22550.00 1518.00
20161214  21:59:00 22550.00 22565.00 22540.00 22555.00 724.00
20161214  22:00:00 22555.00 22555.00 22530.00 22545.00 1542.00
20161214  22:01:00 22550.00 22590.00 22550.00 22590.00 1612.00
20161214  22:02:00 22590.00 22595.00 22575.00 22590.00 1994.00
20161214  22:03:00 22590.00 22600.00 22560.00 22590.00 1744.00
20161214  22:04:00 22590.00 22590.00 22565.00 22575.00 578.00
20161214  22:05:00 22575.00 22605.00 22570.00 22575.00 1796.00
20161214  22:06:00 22575.00 22580.00 22535.00 22540.00 1606.00
20161214  22:07:00 22540.00 22570.00 22535.00 22565.00 1692.00
20161214  22:08:00 22565.00 22570.00 22545.00 22565.00 780.00
20161214  22:09:00 22565.00 22570.00 22550.00 22555.00 306.00
20161214  22:10:00 22555.00 22565.00 22555.00 22565.00 416.00
20161214  22:11:00 22565.00 22585.00 22560.00 22585.00 942.00
20161214  22:12:00 22585.00 22595.00 22550.00 22550.00 1396.00
20161214  22:13:00 22550.00 22560.00 22545.00 22545.00 504.00
20161214  22:14:00 22545.00 22575.00 22535.00 22570.00 808.00
20161214  22:15:00 22570.00 22570.00 22565.00 22570.00 406.00
20161214  22:16:00 22570.00 22570.00 22545.00 22545.00 1442.00
20161214  22:17:00 22550.00 22560.00 22550.00 22555.00 470.00
20161214  22:18:00 22555.00 22555.00 22530.00 22530.00 1120.00
20161214  22:19:00 22530.00 22545.00 22515.00 22530.00 1648.00
20161214  22:20:00 22530.00 22550.00 22520.00 22535.00 810.00
20161214  22:21:00 22535.00 22535.00 22520.00 22520.00 686.00
20161214  22:22:00 22520.00 22545.00 22520.00 22545.00 702.00
20161214  22:23:00 22545.00 22555.00 22540.00 22540.00 1074.00
20161214  22:24:00 22545.00 22580.00 22530.00 22575.00 1118.00
20161214  22:25:00 22575.00 22575.00 22560.00 22565.00 646.00
20161214  22:26:00 22565.00 22590.00 22560.00 22580.00 930.00
20161214  22:27:00 22580.00 22655.00 22580.00 22640.00 4772.00
20161214  22:28:00 22640.00 22665.00 22630.00 22665.00 3146.00
20161214  22:29:00 22665.00 22670.00 22630.00 22645.00 1544.00
20161214  22:30:00 22645.00 22655.00 22620.00 22630.00 1634.00
20161214  22:31:00 22630.00 22640.00 22620.00 22620.00 988.00
20161214  22:32:00 22620.00 22625.00 22575.00 22580.00 1860.00
20161214  22:33:00 22580.00 22615.00 22580.00 22610.00 1462.00
20161214  22:34:00 22610.00 22610.00 22585.00 22595.00 998.00
20161214  22:35:00 22595.00 22600.00 22580.00 22595.00 508.00
20161214  22:36:00 22595.00 22595.00 22585.00 22590.00 694.00
20161214  22:37:00 22580.00 22590.00 22555.00 22555.00 1794.00
20161214  22:38:00 22560.00 22580.00 22545.00 22570.00 1718.00
20161214  22:39:00 22565.00 22600.00 22565.00 22600.00 1570.00
20161214  22:40:00 22600.00 22600.00 22560.00 22560.00 1242.00
20161214  22:41:00 22570.00 22580.00 22560.00 22575.00 712.00
20161214  22:42:00 22575.00 22585.00 22550.00 22565.00 1074.00
20161214  22:43:00 22565.00 22575.00 22560.00 22570.00 622.00
20161214  22:44:00 22570.00 22570.00 22535.00 22545.00 1234.00
20161214  22:45:00 22550.00 22560.00 22540.00 22555.00 550.00
20161214  22:46:00 22555.00 22565.00 22540.00 22545.00 880.00
20161214  22:47:00 22550.00 22550.00 22510.00 22515.00 1686.00
20161214  22:48:00 22515.00 22535.00 22510.00 22530.00 1342.00
20161214  22:49:00 22530.00 22535.00 22525.00 22530.00 446.00
20161214  22:50:00 22530.00 22530.00 22460.00 22480.00 3934.00
20161214  22:51:00 22480.00 22495.00 22460.00 22485.00 1988.00
20161214  22:52:00 22485.00 22510.00 22480.00 22505.00 1336.00
20161214  22:53:00 22505.00 22505.00 22490.00 22500.00 608.00
20161214  22:54:00 22500.00 22525.00 22495.00 22520.00 746.00
20161214  22:55:00 22520.00 22570.00 22515.00 22560.00 1966.00
20161214  22:56:00 22565.00 22570.00 22555.00 22565.00 1244.00
20161214  22:57:00 22560.00 22575.00 22560.00 22560.00 1094.00
20161214  22:58:00 22565.00 22570.00 22545.00 22555.00 874.00
20161214  22:59:00 22550.00 22555.00 22510.00 22525.00 1590.00
20161214  23:00:00 22525.00 22525.00 22460.00 22470.00 2976.00
20161214  23:01:00 22470.00 22480.00 22425.00 22440.00 3866.00
20161214  23:02:00 22440.00 22465.00 22435.00 22450.00 1518.00
20161214  23:03:00 22450.00 22460.00 22430.00 22460.00 1426.00
20161214  23:04:00 22460.00 22470.00 22430.00 22470.00 2166.00
20161214  23:05:00 22465.00 22475.00 22445.00 22465.00 874.00
20161214  23:06:00 22460.00 22480.00 22455.00 22475.00 892.00
20161214  23:07:00 22475.00 22480.00 22465.00 22470.00 758.00
20161214  23:08:00 22470.00 22475.00 22450.00 22465.00 616.00
20161214  23:09:00 22465.00 22470.00 22445.00 22445.00 588.00
20161214  23:10:00 22445.00 22495.00 22445.00 22490.00 1200.00
20161214  23:11:00 22485.00 22525.00 22480.00 22525.00 2566.00
20161214  23:12:00 22520.00 22540.00 22505.00 22540.00 2148.00
20161214  23:13:00 22540.00 22545.00 22520.00 22520.00 1070.00
20161214  23:14:00 22530.00 22550.00 22525.00 22535.00 1266.00
20161214  23:15:00 22530.00 22530.00 22500.00 22515.00 1218.00
20161214  23:16:00 22515.00 22515.00 22490.00 22495.00 1208.00
20161214  23:17:00 22495.00 22505.00 22495.00 22505.00 578.00
20161214  23:18:00 22505.00 22510.00 22490.00 22495.00 398.00
20161214  23:19:00 22495.00 22510.00 22495.00 22505.00 326.00
20161214  23:20:00 22505.00 22510.00 22490.00 22495.00 776.00
20161214  23:21:00 22495.00 22500.00 22475.00 22490.00 946.00
20161214  23:22:00 22490.00 22505.00 22485.00 22505.00 358.00
20161214  23:23:00 22505.00 22510.00 22495.00 22510.00 514.00
20161214  23:24:00 22510.00 22510.00 22490.00 22490.00 592.00
20161214  23:25:00 22490.00 22490.00 22475.00 22485.00 1016.00
20161214  23:26:00 22490.00 22520.00 22490.00 22505.00 1454.00
20161214  23:27:00 22505.00 22510.00 22470.00 22480.00 746.00
20161214  23:28:00 22480.00 22500.00 22480.00 22495.00 604.00
20161214  23:29:00 22495.00 22510.00 22495.00 22510.00 582.00
20161214  23:30:00 22515.00 22575.00 22515.00 22575.00 2904.00
20161214  23:31:00 22575.00 22585.00 22555.00 22565.00 2398.00
20161214  23:32:00 22565.00 22585.00 22565.00 22575.00 1398.00
20161214  23:33:00 22570.00 22580.00 22570.00 22570.00 806.00
20161214  23:34:00 22570.00 22575.00 22560.00 22575.00 1010.00
20161214  23:35:00 22570.00 22595.00 22570.00 22585.00 1758.00
20161214  23:36:00 22585.00 22585.00 22565.00 22570.00 840.00
20161214  23:37:00 22570.00 22575.00 22550.00 22560.00 1090.00
20161214  23:38:00 22560.00 22575.00 22560.00 22570.00 792.00
20161214  23:39:00 22575.00 22575.00 22560.00 22565.00 898.00
20161214  23:40:00 22565.00 22575.00 22560.00 22565.00 732.00
20161214  23:41:00 22570.00 22590.00 22565.00 22585.00 1548.00
20161214  23:42:00 22585.00 22585.00 22555.00 22565.00 978.00
20161214  23:43:00 22565.00 22570.00 22560.00 22560.00 448.00
20161214  23:44:00 22555.00 22565.00 22545.00 22560.00 592.00
20161214  23:45:00 22560.00 22575.00 22550.00 22550.00 770.00
20161214  23:46:00 22550.00 22565.00 22545.00 22565.00 452.00
20161214  23:47:00 22565.00 22565.00 22535.00 22545.00 696.00
20161214  23:48:00 22550.00 22555.00 22545.00 22550.00 522.00
20161214  23:49:00 22550.00 22560.00 22535.00 22555.00 654.00
20161214  23:50:00 22555.00 22555.00 22545.00 22550.00 400.00
20161214  23:51:00 22550.00 22570.00 22550.00 22550.00 744.00
20161214  23:52:00 22550.00 22565.00 22550.00 22555.00 128.00
20161214  23:53:00 22555.00 22565.00 22550.00 22550.00 256.00
20161214  23:54:00 22550.00 22565.00 22550.00 22565.00 352.00
20161214  23:55:00 22565.00 22575.00 22565.00 22565.00 406.00
20161214  23:56:00 22565.00 22570.00 22560.00 22565.00 464.00
20161214  23:57:00 22560.00 22565.00 22550.00 22555.00 460.00
20161214  23:58:00 22555.00 22565.00 22550.00 22550.00 392.00
20161214  23:59:00 22545.00 22550.00 22535.00 22540.00 746.00
20161215  00:00:00 22540.00 22555.00 22540.00 22550.00 428.00
20161215  00:01:00 22550.00 22550.00 22535.00 22535.00 582.00
20161215  00:02:00 22535.00 22560.00 22535.00 22550.00 614.00
20161215  00:03:00 22550.00 22555.00 22550.00 22555.00  50.00
20161215  00:04:00 22555.00 22560.00 22550.00 22555.00 164.00
20161215  00:05:00 22555.00 22565.00 22540.00 22545.00 318.00
20161215  00:06:00 22545.00 22550.00 22545.00 22550.00 172.00
20161215  00:07:00 22545.00 22545.00 22520.00 22535.00 916.00
20161215  00:08:00 22535.00 22545.00 22530.00 22540.00 248.00
20161215  00:09:00 22540.00 22545.00 22535.00 22540.00 232.00
20161215  00:10:00 22540.00 22540.00 22520.00 22535.00 704.00
20161215  00:11:00 22535.00 22540.00 22525.00 22535.00 316.00
20161215  00:12:00 22535.00 22550.00 22520.00 22545.00 472.00
20161215  00:13:00 22550.00 22580.00 22550.00 22570.00 1062.00
20161215  00:14:00 22570.00 22580.00 22560.00 22560.00 650.00
20161215  00:15:00 22560.00 22570.00 22560.00 22565.00 296.00
20161215  00:16:00 22565.00 22585.00 22565.00 22580.00 630.00
20161215  00:17:00 22580.00 22580.00 22560.00 22565.00 450.00
20161215  00:18:00 22570.00 22580.00 22560.00 22560.00 266.00
20161215  00:19:00 22565.00 22565.00 22540.00 22555.00 496.00
20161215  00:20:00 22555.00 22585.00 22555.00 22575.00 582.00
20161215  00:21:00 22575.00 22575.00 22565.00 22565.00 164.00
20161215  00:22:00 22565.00 22565.00 22540.00 22555.00 564.00
20161215  00:23:00 22550.00 22555.00 22545.00 22555.00 208.00
20161215  00:24:00 22555.00 22575.00 22555.00 22570.00 266.00
20161215  00:25:00 22575.00 22580.00 22570.00 22575.00 308.00
20161215  00:26:00 22575.00 22595.00 22570.00 22595.00 1070.00
20161215  00:27:00 22595.00 22605.00 22585.00 22595.00 1184.00
20161215  00:28:00 22595.00 22605.00 22585.00 22590.00 826.00
20161215  00:29:00 22590.00 22590.00 22575.00 22575.00 302.00
20161215  00:30:00 22575.00 22590.00 22570.00 22580.00 326.00
20161215  00:31:00 22580.00 22585.00 22575.00 22580.00 302.00
20161215  00:32:00 22575.00 22575.00 22560.00 22565.00 432.00
20161215  00:33:00 22560.00 22565.00 22550.00 22560.00 410.00
20161215  00:34:00 22560.00 22570.00 22555.00 22555.00 274.00
20161215  00:35:00 22555.00 22575.00 22555.00 22570.00 230.00
20161215  00:36:00 22570.00 22585.00 22570.00 22570.00 264.00
20161215  00:37:00 22570.00 22575.00 22550.00 22550.00 310.00
20161215  00:38:00 22550.00 22560.00 22545.00 22550.00 452.00
20161215  00:39:00 22550.00 22555.00 22540.00 22545.00 500.00
20161215  00:40:00 22545.00 22550.00 22520.00 22535.00 870.00
20161215  00:41:00 22535.00 22565.00 22535.00 22560.00 602.00
20161215  00:42:00 22560.00 22560.00 22550.00 22555.00 340.00
20161215  00:43:00 22555.00 22580.00 22555.00 22575.00 540.00
20161215  00:44:00 22575.00 22575.00 22565.00 22570.00 234.00
20161215  00:45:00 22565.00 22590.00 22565.00 22580.00 746.00
20161215  00:46:00 22580.00 22585.00 22575.00 22585.00 270.00
20161215  00:47:00 22585.00 22610.00 22585.00 22595.00 800.00
20161215  00:48:00 22595.00 22625.00 22585.00 22620.00 1402.00
20161215  00:49:00 22615.00 22710.00 22615.00 22700.00 3654.00
20161215  00:50:00 22710.00 22745.00 22665.00 22740.00 3262.00
20161215  00:51:00 22740.00 22780.00 22735.00 22760.00 2684.00
20161215  00:52:00 22770.00 22785.00 22755.00 22780.00 2178.00
20161215  00:53:00 22780.00 22800.00 22760.00 22800.00 1530.00
20161215  00:54:00 22795.00 22815.00 22765.00 22770.00 2354.00
20161215  00:55:00 22780.00 22800.00 22765.00 22770.00 1554.00
20161215  00:56:00 22770.00 22790.00 22770.00 22780.00 1102.00
20161215  00:57:00 22790.00 22795.00 22775.00 22780.00 886.00
20161215  00:58:00 22780.00 22800.00 22780.00 22795.00 1240.00
20161215  00:59:00 22785.00 22840.00 22785.00 22840.00 2752.00
20161215  01:00:00 22840.00 22840.00 22840.00 22840.00  10.00
20161215  09:00:00 22795.00 22840.00 22570.00 22720.00 9602.00
20161215  09:01:00 22720.00 22860.00 22710.00 22850.00 6176.00
20161215  09:02:00 22835.00 22950.00 22835.00 22930.00 6918.00
20161215  09:03:00 22940.00 22940.00 22860.00 22860.00 4142.00
20161215  09:04:00 22860.00 22900.00 22850.00 22855.00 4080.00
20161215  09:05:00 22860.00 22950.00 22860.00 22920.00 4680.00
20161215  09:06:00 22920.00 22930.00 22850.00 22875.00 3592.00
20161215  09:07:00 22880.00 22890.00 22845.00 22845.00 2526.00
20161215  09:08:00 22845.00 22870.00 22830.00 22850.00 2798.00
20161215  09:09:00 22840.00 22880.00 22835.00 22880.00 2364.00
20161215  09:10:00 22875.00 22895.00 22830.00 22865.00 3074.00
20161215  09:11:00 22865.00 22875.00 22855.00 22875.00 1614.00
20161215  09:12:00 22880.00 22880.00 22840.00 22860.00 1818.00
20161215  09:13:00 22855.00 22865.00 22810.00 22825.00 1630.00
20161215  09:14:00 22820.00 22895.00 22820.00 22890.00 2624.00
20161215  09:15:00 22890.00 22895.00 22865.00 22875.00 2198.00
20161215  09:16:00 22875.00 22880.00 22860.00 22880.00 1814.00
20161215  09:17:00 22885.00 22955.00 22880.00 22945.00 4436.00
20161215  09:18:00 22945.00 23040.00 22930.00 23020.00 7308.00
20161215  09:19:00 23025.00 23135.00 23010.00 23130.00 7702.00
20161215  09:20:00 23130.00 23130.00 23070.00 23075.00 5494.00
20161215  09:21:00 23075.00 23090.00 23060.00 23075.00 2848.00
20161215  09:22:00 23080.00 23100.00 23065.00 23075.00 3770.00
20161215  09:23:00 23075.00 23080.00 23045.00 23055.00 2938.00
20161215  09:24:00 23060.00 23070.00 23040.00 23070.00 3760.00
20161215  09:25:00 23070.00 23090.00 23040.00 23040.00 2436.00
20161215  09:26:00 23045.00 23060.00 23020.00 23035.00 2100.00
20161215  09:27:00 23035.00 23040.00 22915.00 22955.00 4808.00
20161215  09:28:00 22955.00 23020.00 22945.00 22990.00 3116.00
20161215  09:29:00 22990.00 23010.00 22970.00 23010.00 1760.00
20161215  09:30:00 23005.00 23020.00 22930.00 22935.00 3410.00
20161215  09:31:00 22935.00 22960.00 22925.00 22955.00 2492.00
20161215  09:32:00 22960.00 22975.00 22955.00 22960.00 1380.00
20161215  09:33:00 22960.00 22980.00 22950.00 22975.00 1816.00
20161215  09:34:00 22980.00 22985.00 22920.00 22930.00 2174.00
20161215  09:35:00 22940.00 22960.00 22920.00 22935.00 2486.00
20161215  09:36:00 22940.00 22965.00 22935.00 22965.00 2110.00
20161215  09:37:00 22960.00 22970.00 22915.00 22920.00 1878.00
20161215  09:38:00 22920.00 22930.00 22890.00 22905.00 2048.00
20161215  09:39:00 22900.00 22935.00 22895.00 22920.00 2836.00
20161215  09:40:00 22920.00 22925.00 22910.00 22925.00 728.00
20161215  09:41:00 22925.00 22930.00 22900.00 22910.00 972.00
20161215  09:42:00 22910.00 22950.00 22905.00 22950.00 818.00
20161215  09:43:00 22940.00 22955.00 22930.00 22950.00 1006.00
20161215  09:44:00 22955.00 22960.00 22930.00 22930.00 1090.00
20161215  09:45:00 22930.00 22970.00 22920.00 22970.00 1392.00
20161215  09:46:00 22965.00 23010.00 22965.00 22995.00 2084.00
20161215  09:47:00 23000.00 23005.00 22960.00 22970.00 1938.00
20161215  09:48:00 22970.00 22975.00 22940.00 22945.00 1008.00
20161215  09:49:00 22945.00 22965.00 22925.00 22935.00 2278.00
20161215  09:50:00 22935.00 22935.00 22890.00 22925.00 2166.00
20161215  09:51:00 22925.00 22925.00 22875.00 22890.00 2004.00
20161215  09:52:00 22880.00 22925.00 22880.00 22910.00 1444.00
20161215  09:53:00 22915.00 22945.00 22910.00 22925.00 1170.00
20161215  09:54:00 22925.00 22965.00 22920.00 22960.00 1212.00
20161215  09:55:00 22965.00 22965.00 22945.00 22945.00 1284.00
20161215  09:56:00 22945.00 22955.00 22905.00 22905.00 1646.00
20161215  09:57:00 22905.00 22915.00 22895.00 22905.00 1424.00
20161215  09:58:00 22905.00 22905.00 22880.00 22890.00 1454.00
20161215  09:59:00 22895.00 22925.00 22895.00 22910.00 978.00
20161215  10:00:00 22910.00 22945.00 22900.00 22920.00 1462.00
20161215  10:01:00 22920.00 22955.00 22915.00 22940.00 1674.00
20161215  10:02:00 22940.00 22950.00 22925.00 22950.00 940.00
20161215  10:03:00 22950.00 22950.00 22935.00 22950.00 490.00
20161215  10:04:00 22945.00 22945.00 22925.00 22925.00 440.00
20161215  10:05:00 22930.00 22935.00 22910.00 22930.00 922.00
20161215  10:06:00 22935.00 22955.00 22935.00 22950.00 1138.00
20161215  10:07:00 22945.00 22995.00 22945.00 22995.00 2046.00
20161215  10:08:00 22995.00 23025.00 22990.00 23015.00 2914.00
20161215  10:09:00 23015.00 23015.00 22990.00 23010.00 1884.00
20161215  10:10:00 23005.00 23040.00 22995.00 22995.00 2814.00
20161215  10:11:00 23000.00 23000.00 22970.00 22975.00 1652.00
20161215  10:12:00 22970.00 22975.00 22945.00 22945.00 1184.00
20161215  10:13:00 22950.00 22980.00 22940.00 22970.00 1222.00
20161215  10:14:00 22970.00 22975.00 22945.00 22950.00 734.00
20161215  10:30:00 22965.00 22980.00 22960.00 22960.00 2980.00
20161215  10:31:00 22960.00 22975.00 22955.00 22970.00 634.00
20161215  10:32:00 22970.00 22970.00 22960.00 22970.00 308.00
20161215  10:33:00 22970.00 22970.00 22945.00 22945.00 568.00
20161215  10:34:00 22950.00 22950.00 22920.00 22920.00 766.00
20161215  10:35:00 22925.00 22935.00 22915.00 22930.00 688.00
20161215  10:36:00 22930.00 22950.00 22925.00 22950.00 530.00
20161215  10:37:00 22940.00 22950.00 22935.00 22940.00 336.00
20161215  10:38:00 22940.00 22955.00 22935.00 22950.00 472.00
20161215  10:39:00 22945.00 22955.00 22940.00 22950.00 402.00
20161215  10:40:00 22950.00 22965.00 22940.00 22965.00 638.00
20161215  10:41:00 22965.00 22970.00 22940.00 22945.00 628.00
20161215  10:42:00 22940.00 22945.00 22925.00 22935.00 704.00
20161215  10:43:00 22940.00 22940.00 22925.00 22930.00 348.00
20161215  10:44:00 22930.00 22940.00 22925.00 22940.00 224.00
20161215  10:45:00 22940.00 22960.00 22935.00 22955.00 726.00
20161215  10:46:00 22955.00 22955.00 22945.00 22945.00 384.00
20161215  10:47:00 22945.00 22955.00 22945.00 22955.00 502.00
20161215  10:48:00 22955.00 22960.00 22945.00 22950.00 198.00
20161215  10:49:00 22945.00 22975.00 22945.00 22965.00 484.00
20161215  10:50:00 22970.00 22995.00 22965.00 22985.00 898.00
20161215  10:51:00 22990.00 22990.00 22965.00 22965.00 690.00
20161215  10:52:00 22965.00 22975.00 22965.00 22970.00 196.00
20161215  10:53:00 22970.00 22970.00 22950.00 22955.00 308.00
20161215  10:54:00 22955.00 22975.00 22945.00 22975.00 754.00
20161215  10:55:00 22970.00 23010.00 22965.00 23010.00 1538.00
20161215  10:56:00 23000.00 23010.00 22980.00 22995.00 1046.00
20161215  10:57:00 22995.00 23005.00 22970.00 22970.00 822.00
20161215  10:58:00 22970.00 22980.00 22950.00 22965.00 808.00
20161215  10:59:00 22960.00 22985.00 22960.00 22980.00 424.00
20161215  11:00:00 22980.00 22990.00 22970.00 22980.00 610.00
20161215  11:01:00 22980.00 22980.00 22935.00 22950.00 2564.00
20161215  11:02:00 22945.00 22970.00 22945.00 22970.00 896.00
20161215  11:03:00 22970.00 22970.00 22950.00 22950.00 442.00
20161215  11:04:00 22950.00 22955.00 22940.00 22950.00 482.00
20161215  11:05:00 22955.00 22970.00 22950.00 22970.00 366.00
20161215  11:06:00 22970.00 22970.00 22945.00 22950.00 368.00
20161215  11:07:00 22950.00 22965.00 22945.00 22965.00 294.00
20161215  11:08:00 22965.00 22965.00 22950.00 22955.00 250.00
20161215  11:09:00 22955.00 22960.00 22910.00 22910.00 1540.00
20161215  11:10:00 22910.00 22915.00 22825.00 22845.00 4016.00
20161215  11:11:00 22840.00 22880.00 22840.00 22875.00 1630.00
20161215  11:12:00 22875.00 22875.00 22845.00 22865.00 990.00
20161215  11:13:00 22865.00 22930.00 22860.00 22920.00 1684.00
20161215  11:14:00 22920.00 22955.00 22905.00 22955.00 1668.00
20161215  11:15:00 22950.00 22960.00 22930.00 22935.00 1332.00
20161215  11:16:00 22935.00 22955.00 22930.00 22945.00 670.00
20161215  11:17:00 22945.00 22955.00 22935.00 22950.00 586.00
20161215  11:18:00 22950.00 22950.00 22920.00 22920.00 652.00
20161215  11:19:00 22920.00 22975.00 22920.00 22970.00 1338.00
20161215  11:20:00 22975.00 22980.00 22935.00 22935.00 1042.00
20161215  11:21:00 22940.00 22945.00 22880.00 22890.00 1344.00
20161215  11:22:00 22890.00 22910.00 22890.00 22910.00 1170.00
20161215  11:23:00 22905.00 22910.00 22890.00 22895.00 626.00
20161215  11:24:00 22895.00 22935.00 22895.00 22930.00 620.00
20161215  11:25:00 22930.00 22945.00 22925.00 22935.00 898.00
20161215  11:26:00 22935.00 22935.00 22920.00 22930.00 274.00
20161215  11:27:00 22925.00 22930.00 22900.00 22905.00 456.00
20161215  11:28:00 22900.00 22920.00 22895.00 22915.00 546.00
20161215  11:29:00 22910.00 22935.00 22910.00 22925.00 614.00
20161215  13:30:00 22925.00 22935.00 22900.00 22930.00 1286.00
20161215  13:31:00 22930.00 22930.00 22905.00 22930.00 456.00
20161215  13:32:00 22930.00 22935.00 22870.00 22885.00 1156.00
20161215  13:33:00 22885.00 22910.00 22880.00 22895.00 766.00
20161215  13:34:00 22900.00 22900.00 22870.00 22880.00 1448.00
20161215  13:35:00 22880.00 22890.00 22850.00 22860.00 1566.00
20161215  13:36:00 22860.00 22880.00 22860.00 22870.00 670.00
20161215  13:37:00 22870.00 22900.00 22865.00 22890.00 770.00
20161215  13:38:00 22895.00 22910.00 22870.00 22880.00 854.00
20161215  13:39:00 22880.00 22890.00 22875.00 22885.00 430.00
20161215  13:40:00 22880.00 22890.00 22850.00 22865.00 1256.00
20161215  13:41:00 22865.00 22905.00 22865.00 22875.00 1352.00
20161215  13:42:00 22875.00 22885.00 22875.00 22885.00 358.00
20161215  13:43:00 22880.00 22890.00 22875.00 22885.00 398.00
20161215  13:44:00 22880.00 22885.00 22870.00 22875.00 736.00
20161215  13:45:00 22880.00 22880.00 22860.00 22860.00 556.00
20161215  13:46:00 22860.00 22865.00 22840.00 22855.00 1994.00
20161215  13:47:00 22860.00 22860.00 22835.00 22840.00 492.00
20161215  13:48:00 22845.00 22875.00 22835.00 22870.00 738.00
20161215  13:49:00 22870.00 22880.00 22865.00 22880.00 428.00
20161215  13:50:00 22880.00 22885.00 22875.00 22885.00 424.00
20161215  13:51:00 22885.00 22900.00 22880.00 22900.00 646.00
20161215  13:52:00 22900.00 22900.00 22870.00 22880.00 518.00
20161215  13:53:00 22880.00 22890.00 22870.00 22875.00 452.00
20161215  13:54:00 22875.00 22890.00 22875.00 22880.00 220.00
20161215  13:55:00 22880.00 22910.00 22875.00 22910.00 588.00
20161215  13:56:00 22910.00 22930.00 22910.00 22925.00 780.00
20161215  13:57:00 22920.00 22935.00 22920.00 22930.00 650.00
20161215  13:58:00 22930.00 22940.00 22920.00 22930.00 924.00
20161215  13:59:00 22935.00 22935.00 22905.00 22915.00 986.00
20161215  14:00:00 22915.00 22950.00 22915.00 22935.00 1220.00
20161215  14:01:00 22935.00 22950.00 22925.00 22940.00 478.00
20161215  14:02:00 22945.00 22945.00 22920.00 22935.00 534.00
20161215  14:03:00 22935.00 22935.00 22910.00 22910.00 492.00
20161215  14:04:00 22905.00 22915.00 22900.00 22900.00 688.00
20161215  14:05:00 22905.00 22915.00 22895.00 22900.00 296.00
20161215  14:06:00 22900.00 22910.00 22880.00 22880.00 1420.00
20161215  14:07:00 22875.00 22885.00 22855.00 22860.00 1190.00
20161215  14:08:00 22865.00 22880.00 22860.00 22880.00 1264.00
20161215  14:09:00 22880.00 22880.00 22860.00 22860.00 778.00
20161215  14:10:00 22860.00 22885.00 22855.00 22875.00 512.00
20161215  14:11:00 22885.00 22890.00 22865.00 22890.00 438.00
20161215  14:12:00 22890.00 22890.00 22880.00 22885.00 348.00
20161215  14:13:00 22890.00 22910.00 22885.00 22905.00 728.00
20161215  14:14:00 22910.00 22925.00 22900.00 22920.00 528.00
20161215  14:15:00 22915.00 22925.00 22910.00 22910.00 554.00
20161215  14:16:00 22910.00 22915.00 22905.00 22910.00 280.00
20161215  14:17:00 22910.00 22910.00 22880.00 22885.00 964.00
20161215  14:18:00 22885.00 22900.00 22880.00 22885.00 502.00
20161215  14:19:00 22885.00 22920.00 22885.00 22915.00 740.00
20161215  14:20:00 22915.00 22915.00 22875.00 22900.00 1148.00
20161215  14:21:00 22900.00 22930.00 22885.00 22920.00 924.00
20161215  14:22:00 22930.00 22935.00 22910.00 22925.00 972.00
20161215  14:23:00 22925.00 22925.00 22905.00 22910.00 392.00
20161215  14:24:00 22910.00 22935.00 22900.00 22930.00 638.00
20161215  14:25:00 22930.00 22935.00 22915.00 22920.00 626.00
20161215  14:26:00 22920.00 22925.00 22900.00 22900.00 534.00
20161215  14:27:00 22905.00 22925.00 22900.00 22925.00 340.00
20161215  14:28:00 22920.00 22920.00 22905.00 22910.00 322.00
20161215  14:29:00 22910.00 22915.00 22900.00 22910.00 320.00
20161215  14:30:00 22910.00 22910.00 22895.00 22895.00 580.00
20161215  14:31:00 22900.00 22910.00 22885.00 22905.00 496.00
20161215  14:32:00 22905.00 22910.00 22890.00 22900.00 552.00
20161215  14:33:00 22900.00 22910.00 22885.00 22900.00 1348.00
20161215  14:34:00 22900.00 22935.00 22900.00 22935.00 2012.00
20161215  14:35:00 22935.00 22940.00 22920.00 22925.00 1110.00
20161215  14:36:00 22920.00 22950.00 22920.00 22950.00 1420.00
20161215  14:37:00 22950.00 22950.00 22915.00 22920.00 1138.00
20161215  14:38:00 22920.00 22930.00 22915.00 22915.00 456.00
20161215  14:39:00 22915.00 22920.00 22905.00 22915.00 518.00
20161215  14:40:00 22915.00 22920.00 22900.00 22915.00 570.00
20161215  14:41:00 22915.00 22920.00 22900.00 22905.00 634.00
20161215  14:42:00 22910.00 22925.00 22900.00 22915.00 546.00
20161215  14:43:00 22915.00 22925.00 22910.00 22920.00 362.00
20161215  14:44:00 22920.00 22930.00 22920.00 22920.00 440.00
20161215  14:45:00 22920.00 22940.00 22920.00 22935.00 660.00
20161215  14:46:00 22935.00 22935.00 22905.00 22910.00 746.00
20161215  14:47:00 22905.00 22920.00 22895.00 22900.00 818.00
20161215  14:48:00 22895.00 22895.00 22870.00 22880.00 1716.00
20161215  14:49:00 22880.00 22885.00 22865.00 22870.00 732.00
20161215  14:50:00 22880.00 22910.00 22870.00 22900.00 1794.00
20161215  14:51:00 22905.00 22925.00 22900.00 22925.00 1844.00
20161215  14:52:00 22925.00 22960.00 22915.00 22950.00 3168.00
20161215  14:53:00 22950.00 22950.00 22935.00 22945.00 1816.00
20161215  14:54:00 22945.00 22945.00 22925.00 22935.00 1020.00
20161215  14:55:00 22935.00 22935.00 22905.00 22930.00 1492.00
20161215  14:56:00 22920.00 22935.00 22920.00 22930.00 954.00
20161215  14:57:00 22930.00 22950.00 22930.00 22930.00 1802.00
20161215  14:58:00 22930.00 22940.00 22925.00 22935.00 1328.00
20161215  14:59:00 22935.00 22965.00 22915.00 22940.00 3334.00
20161215  15:00:00 22930.00 22930.00 22930.00 22930.00  10.00
