20160503  09:00:00 15205.00 15245.00 15205.00 15235.00 2424.00
20160503  09:01:00 15215.00 15235.00 15215.00 15220.00 3106.00
20160503  09:02:00 15225.00 15225.00 15205.00 15205.00 1728.00
20160503  09:03:00 15205.00 15205.00 15180.00 15185.00 2230.00
20160503  09:04:00 15190.00 15195.00 15180.00 15190.00 1390.00
20160503  09:05:00 15205.00 15205.00 15200.00 15205.00 1490.00
20160503  09:06:00 15205.00 15215.00 15195.00 15200.00 890.00
20160503  09:07:00 15195.00 15205.00 15190.00 15205.00 1082.00
20160503  09:08:00 15205.00 15230.00 15200.00 15225.00 1836.00
20160503  09:09:00 15225.00 15230.00 15210.00 15220.00 1802.00
20160503  09:10:00 15225.00 15275.00 15225.00 15275.00 -5168.00
20160503  09:11:00 15220.00 15235.00 15220.00 15230.00 6764.00
20160503  09:12:00 15230.00 15235.00 15230.00 15235.00 240.00
20160503  09:13:00 15235.00 15285.00 15230.00 15280.00 2012.00
20160503  09:14:00 15285.00 15335.00 15285.00 15325.00 2370.00
20160503  09:15:00 15325.00 15335.00 15310.00 15315.00 1378.00
20160503  09:16:00 15315.00 15345.00 15315.00 15340.00 1920.00
20160503  09:17:00 15340.00 15345.00 15320.00 15320.00 1308.00
20160503  09:18:00 15325.00 15325.00 15290.00 15295.00 1092.00
20160503  09:19:00 15295.00 15300.00 15290.00 15300.00 542.00
20160503  09:20:00 15300.00 15330.00 15300.00 15320.00 1606.00
20160503  09:21:00 15325.00 15325.00 15305.00 15305.00 602.00
20160503  09:22:00 15305.00 15305.00 15295.00 15295.00 408.00
20160503  09:23:00 15295.00 15315.00 15295.00 15310.00 448.00
20160503  09:24:00 15310.00 15315.00 15305.00 15310.00 324.00
20160503  09:25:00 15310.00 15310.00 15290.00 15305.00 912.00
20160503  09:26:00 15305.00 15305.00 15280.00 15290.00 808.00
20160503  09:27:00 15290.00 15290.00 15270.00 15275.00 1566.00
20160503  09:28:00 15275.00 15285.00 15270.00 15275.00 1094.00
20160503  09:29:00 15275.00 15280.00 15270.00 15275.00 544.00
20160503  09:30:00 15275.00 15275.00 15250.00 15250.00 746.00
20160503  09:31:00 15250.00 15255.00 15220.00 15230.00 1474.00
20160503  09:32:00 15230.00 15265.00 15230.00 15250.00 1164.00
20160503  09:33:00 15250.00 15255.00 15245.00 15255.00 316.00
20160503  09:34:00 15255.00 15255.00 15240.00 15240.00 262.00
20160503  09:35:00 15240.00 15260.00 15240.00 15255.00 710.00
20160503  09:36:00 15255.00 15260.00 15250.00 15260.00 302.00
20160503  09:37:00 15255.00 15255.00 15250.00 15255.00 140.00
20160503  09:38:00 15255.00 15255.00 15230.00 15235.00 498.00
20160503  09:39:00 15235.00 15235.00 15215.00 15220.00 1028.00
20160503  09:40:00 15220.00 15230.00 15210.00 15230.00 1098.00
20160503  09:41:00 15230.00 15240.00 15210.00 15215.00 976.00
20160503  09:42:00 15220.00 15230.00 15215.00 15230.00 762.00
20160503  09:43:00 15230.00 15230.00 15215.00 15215.00 744.00
20160503  09:44:00 15215.00 15220.00 15210.00 15215.00 522.00
20160503  09:45:00 15215.00 15215.00 15195.00 15215.00 1182.00
20160503  09:46:00 15215.00 15235.00 15210.00 15230.00 808.00
20160503  09:47:00 15230.00 15235.00 15210.00 15220.00 304.00
20160503  09:48:00 15220.00 15220.00 15205.00 15215.00 602.00
20160503  09:49:00 15215.00 15225.00 15215.00 15220.00 590.00
20160503  09:50:00 15220.00 15225.00 15215.00 15225.00 364.00
20160503  09:51:00 15225.00 15230.00 15215.00 15220.00 338.00
20160503  09:52:00 15220.00 15220.00 15215.00 15215.00 146.00
20160503  09:53:00 15215.00 15230.00 15215.00 15230.00 200.00
20160503  09:54:00 15230.00 15230.00 15215.00 15220.00 110.00
20160503  09:55:00 15220.00 15225.00 15220.00 15220.00 292.00
20160503  09:56:00 15220.00 15220.00 15210.00 15210.00 798.00
20160503  09:57:00 15210.00 15220.00 15205.00 15220.00 224.00
20160503  09:58:00 15220.00 15220.00 15210.00 15220.00 192.00
20160503  09:59:00 15220.00 15220.00 15195.00 15200.00 794.00
20160503  10:00:00 15200.00 15210.00 15190.00 15205.00 1120.00
20160503  10:01:00 15205.00 15210.00 15205.00 15210.00 290.00
20160503  10:02:00 15210.00 15225.00 15210.00 15225.00 404.00
20160503  10:03:00 15225.00 15230.00 15215.00 15225.00 620.00
20160503  10:04:00 15225.00 15235.00 15220.00 15230.00 678.00
20160503  10:05:00 15230.00 15235.00 15230.00 15235.00 146.00
20160503  10:06:00 15235.00 15240.00 15230.00 15230.00 302.00
20160503  10:07:00 15230.00 15230.00 15225.00 15225.00 200.00
20160503  10:08:00 15225.00 15235.00 15225.00 15230.00 302.00
20160503  10:09:00 15230.00 15230.00 15225.00 15230.00  94.00
20160503  10:10:00 15230.00 15230.00 15225.00 15225.00 126.00
20160503  10:11:00 15225.00 15225.00 15215.00 15215.00 440.00
20160503  10:12:00 15215.00 15215.00 15210.00 15215.00 106.00
20160503  10:13:00 15215.00 15220.00 15210.00 15210.00 308.00
20160503  10:14:00 15205.00 15210.00 15205.00 15205.00 148.00
20160503  10:30:00 15210.00 15215.00 15205.00 15210.00 598.00
20160503  10:31:00 15210.00 15215.00 15205.00 15210.00 326.00
20160503  10:32:00 15205.00 15210.00 15205.00 15210.00 200.00
20160503  10:33:00 15210.00 15215.00 15205.00 15205.00 492.00
20160503  10:34:00 15205.00 15210.00 15200.00 15200.00 264.00
20160503  10:35:00 15200.00 15210.00 15200.00 15200.00 174.00
20160503  10:36:00 15200.00 15205.00 15200.00 15205.00 108.00
20160503  10:37:00 15205.00 15205.00 15200.00 15205.00 202.00
20160503  10:38:00 15205.00 15205.00 15200.00 15205.00 252.00
20160503  10:39:00 15205.00 15205.00 15195.00 15195.00 420.00
20160503  10:40:00 15195.00 15200.00 15195.00 15195.00 290.00
20160503  10:41:00 15195.00 15205.00 15190.00 15200.00 370.00
20160503  10:42:00 15200.00 15205.00 15200.00 15205.00 238.00
20160503  10:43:00 15205.00 15205.00 15200.00 15200.00   8.00
20160503  10:44:00 15205.00 15205.00 15200.00 15205.00 354.00
20160503  10:45:00 15205.00 15205.00 15195.00 15200.00 344.00
20160503  10:46:00 15200.00 15205.00 15195.00 15205.00 290.00
20160503  10:47:00 15205.00 15210.00 15205.00 15205.00 250.00
20160503  10:48:00 15205.00 15210.00 15205.00 15210.00 314.00
20160503  10:49:00 15210.00 15215.00 15210.00 15215.00 198.00
20160503  10:50:00 15215.00 15215.00 15205.00 15205.00 258.00
20160503  10:51:00 15205.00 15210.00 15205.00 15210.00  86.00
20160503  10:52:00 15210.00 15210.00 15205.00 15205.00 104.00
20160503  10:53:00 15205.00 15210.00 15205.00 15205.00 166.00
20160503  10:54:00 15205.00 15205.00 15200.00 15205.00 210.00
20160503  10:55:00 15205.00 15210.00 15205.00 15205.00 154.00
20160503  10:56:00 15205.00 15210.00 15205.00 15210.00  48.00
20160503  10:57:00 15210.00 15215.00 15205.00 15210.00 178.00
20160503  10:58:00 15210.00 15210.00 15200.00 15200.00 286.00
20160503  10:59:00 15200.00 15210.00 15200.00 15205.00 370.00
20160503  11:00:00 15205.00 15205.00 15200.00 15200.00 302.00
20160503  11:01:00 15200.00 15200.00 15195.00 15195.00 408.00
20160503  11:02:00 15195.00 15200.00 15195.00 15195.00 246.00
20160503  11:03:00 15195.00 15205.00 15195.00 15200.00 106.00
20160503  11:04:00 15200.00 15210.00 15200.00 15210.00 352.00
20160503  11:05:00 15210.00 15210.00 15205.00 15210.00 136.00
20160503  11:06:00 15210.00 15210.00 15205.00 15205.00 110.00
20160503  11:07:00 15205.00 15205.00 15195.00 15195.00 374.00
20160503  11:08:00 15195.00 15200.00 15195.00 15200.00 120.00
20160503  11:09:00 15200.00 15200.00 15195.00 15195.00 268.00
20160503  11:10:00 15195.00 15200.00 15195.00 15195.00 238.00
20160503  11:11:00 15195.00 15200.00 15195.00 15195.00 410.00
20160503  11:12:00 15195.00 15200.00 15195.00 15195.00 240.00
20160503  11:13:00 15195.00 15195.00 15155.00 15160.00 1418.00
20160503  11:14:00 15160.00 15175.00 15155.00 15175.00 708.00
20160503  11:15:00 15170.00 15175.00 15165.00 15170.00 688.00
20160503  11:16:00 15170.00 15175.00 15170.00 15170.00 222.00
20160503  11:17:00 15175.00 15175.00 15170.00 15175.00  52.00
20160503  11:18:00 15175.00 15175.00 15160.00 15170.00 540.00
20160503  11:19:00 15170.00 15180.00 15170.00 15180.00 282.00
20160503  11:20:00 15180.00 15180.00 15170.00 15170.00 432.00
20160503  11:21:00 15170.00 15170.00 15165.00 15170.00 154.00
20160503  11:22:00 15170.00 15180.00 15170.00 15170.00 430.00
20160503  11:23:00 15170.00 15170.00 15160.00 15165.00 546.00
20160503  11:24:00 15165.00 15165.00 15160.00 15160.00 180.00
20160503  11:25:00 15160.00 15165.00 15155.00 15160.00 350.00
20160503  11:26:00 15160.00 15165.00 15160.00 15160.00 192.00
20160503  11:27:00 15160.00 15165.00 15160.00 15165.00  88.00
20160503  11:28:00 15165.00 15170.00 15165.00 15170.00 280.00
20160503  11:29:00 15170.00 15175.00 15165.00 15170.00 596.00
20160503  13:30:00 15170.00 15175.00 15160.00 15170.00 366.00
20160503  13:31:00 15170.00 15170.00 15140.00 15145.00 1074.00
20160503  13:32:00 15145.00 15155.00 15145.00 15155.00 390.00
20160503  13:33:00 15155.00 15160.00 15150.00 15155.00 228.00
20160503  13:34:00 15155.00 15160.00 15150.00 15160.00 328.00
20160503  13:35:00 15160.00 15170.00 15150.00 15155.00 462.00
20160503  13:36:00 15155.00 15155.00 15140.00 15150.00 546.00
20160503  13:37:00 15150.00 15155.00 15140.00 15145.00 538.00
20160503  13:38:00 15145.00 15145.00 15120.00 15135.00 1262.00
20160503  13:39:00 15135.00 15135.00 15125.00 15130.00 610.00
20160503  13:40:00 15125.00 15150.00 15125.00 15150.00 312.00
20160503  13:41:00 15150.00 15150.00 15135.00 15140.00 506.00
20160503  13:42:00 15140.00 15140.00 15130.00 15140.00 624.00
20160503  13:43:00 15140.00 15145.00 15135.00 15135.00 244.00
20160503  13:44:00 15135.00 15140.00 15135.00 15140.00 154.00
20160503  13:45:00 15135.00 15140.00 15120.00 15125.00 676.00
20160503  13:46:00 15125.00 15125.00 15110.00 15115.00 916.00
20160503  13:47:00 15115.00 15125.00 15110.00 15120.00 394.00
20160503  13:48:00 15120.00 15130.00 15120.00 15130.00 336.00
20160503  13:49:00 15130.00 15140.00 15125.00 15140.00 476.00
20160503  13:50:00 15140.00 15150.00 15135.00 15145.00 416.00
20160503  13:51:00 15145.00 15145.00 15130.00 15135.00 230.00
20160503  13:52:00 15135.00 15135.00 15130.00 15135.00 202.00
20160503  13:53:00 15135.00 15150.00 15135.00 15145.00 380.00
20160503  13:54:00 15145.00 15155.00 15140.00 15150.00 552.00
20160503  13:55:00 15150.00 15160.00 15150.00 15160.00 280.00
20160503  13:56:00 15160.00 15165.00 15155.00 15155.00 380.00
20160503  13:57:00 15155.00 15160.00 15150.00 15155.00 364.00
20160503  13:58:00 15155.00 15155.00 15150.00 15150.00 230.00
20160503  13:59:00 15150.00 15165.00 15150.00 15165.00 210.00
20160503  14:00:00 15160.00 15165.00 15150.00 15155.00 398.00
20160503  14:01:00 15155.00 15155.00 15145.00 15155.00 236.00
20160503  14:02:00 15155.00 15160.00 15150.00 15155.00 240.00
20160503  14:03:00 15155.00 15160.00 15155.00 15155.00 378.00
20160503  14:04:00 15155.00 15160.00 15155.00 15160.00 314.00
20160503  14:05:00 15160.00 15160.00 15150.00 15150.00 322.00
20160503  14:06:00 15150.00 15150.00 15145.00 15150.00 378.00
20160503  14:07:00 15150.00 15150.00 15135.00 15140.00 452.00
20160503  14:08:00 15140.00 15165.00 15140.00 15165.00 436.00
20160503  14:09:00 15165.00 15180.00 15160.00 15180.00 708.00
20160503  14:10:00 15175.00 15180.00 15175.00 15180.00 242.00
20160503  14:11:00 15180.00 15195.00 15180.00 15180.00 694.00
20160503  14:12:00 15180.00 15185.00 15175.00 15180.00 160.00
20160503  14:13:00 15180.00 15195.00 15180.00 15190.00 494.00
20160503  14:14:00 15190.00 15195.00 15185.00 15195.00 230.00
20160503  14:15:00 15195.00 15205.00 15190.00 15205.00 472.00
20160503  14:16:00 15200.00 15205.00 15175.00 15175.00 760.00
20160503  14:17:00 15180.00 15190.00 15170.00 15190.00 1028.00
20160503  14:18:00 15190.00 15190.00 15185.00 15185.00 122.00
20160503  14:19:00 15185.00 15190.00 15175.00 15175.00 180.00
20160503  14:20:00 15170.00 15180.00 15170.00 15175.00 302.00
20160503  14:21:00 15175.00 15185.00 15175.00 15180.00 126.00
20160503  14:22:00 15180.00 15190.00 15180.00 15190.00 252.00
20160503  14:23:00 15190.00 15210.00 15190.00 15205.00 632.00
20160503  14:24:00 15205.00 15210.00 15205.00 15210.00 124.00
20160503  14:25:00 15205.00 15230.00 15205.00 15225.00 1040.00
20160503  14:26:00 15230.00 15230.00 15220.00 15225.00 374.00
20160503  14:27:00 15225.00 15225.00 15210.00 15215.00 390.00
20160503  14:28:00 15215.00 15215.00 15205.00 15205.00 354.00
20160503  14:29:00 15205.00 15210.00 15205.00 15210.00 228.00
20160503  14:30:00 15210.00 15210.00 15205.00 15210.00 194.00
20160503  14:31:00 15210.00 15220.00 15205.00 15220.00 698.00
20160503  14:32:00 15220.00 15230.00 15215.00 15220.00 1114.00
20160503  14:33:00 15220.00 15220.00 15205.00 15210.00 258.00
20160503  14:34:00 15210.00 15220.00 15210.00 15220.00 224.00
20160503  14:35:00 15220.00 15220.00 15210.00 15215.00 494.00
20160503  14:36:00 15215.00 15215.00 15205.00 15215.00 258.00
20160503  14:37:00 15215.00 15215.00 15210.00 15215.00 272.00
20160503  14:38:00 15215.00 15220.00 15215.00 15215.00 276.00
20160503  14:39:00 15215.00 15215.00 15205.00 15210.00 350.00
20160503  14:40:00 15215.00 15220.00 15210.00 15210.00 322.00
20160503  14:41:00 15210.00 15215.00 15210.00 15210.00 244.00
20160503  14:42:00 15215.00 15220.00 15210.00 15215.00 418.00
20160503  14:43:00 15215.00 15230.00 15215.00 15225.00 290.00
20160503  14:44:00 15225.00 15230.00 15220.00 15230.00 214.00
20160503  14:45:00 15230.00 15245.00 15225.00 15240.00 1042.00
20160503  14:46:00 15240.00 15250.00 15240.00 15250.00 1382.00
20160503  14:47:00 15250.00 15250.00 15235.00 15235.00 458.00
20160503  14:48:00 15235.00 15250.00 15235.00 15245.00 472.00
20160503  14:49:00 15245.00 15270.00 15245.00 15265.00 938.00
20160503  14:50:00 15265.00 15275.00 15260.00 15260.00 754.00
20160503  14:51:00 15265.00 15270.00 15255.00 15265.00 892.00
20160503  14:52:00 15265.00 15270.00 15260.00 15270.00 534.00
20160503  14:53:00 15270.00 15280.00 15265.00 15275.00 542.00
20160503  14:54:00 15275.00 15280.00 15270.00 15280.00 932.00
20160503  14:55:00 15280.00 15280.00 15265.00 15275.00 866.00
20160503  14:56:00 15275.00 15280.00 15270.00 15275.00 544.00
20160503  14:57:00 15275.00 15280.00 15270.00 15280.00 494.00
20160503  14:58:00 15280.00 15290.00 15270.00 15290.00 786.00
20160503  14:59:00 15285.00 15295.00 15285.00 15295.00 580.00
20160503  15:00:00 15295.00 15295.00 15295.00 15295.00   2.00
