20160530  15:00:00 15045.00 15045.00 15045.00 15045.00   2.00
20160530  14:59:00 15035.00 15050.00 15035.00 15040.00 1238.00
20160530  14:58:00 15035.00 15040.00 15035.00 15035.00 986.00
20160530  14:57:00 15045.00 15050.00 15035.00 15035.00 1412.00
20160530  14:56:00 15040.00 15045.00 15035.00 15045.00 468.00
20160530  14:55:00 15030.00 15040.00 15030.00 15040.00 440.00
20160530  14:54:00 15035.00 15035.00 15025.00 15035.00 418.00
20160530  14:53:00 15020.00 15035.00 15015.00 15030.00 974.00
20160530  14:52:00 15020.00 15020.00 15010.00 15020.00 590.00
20160530  14:51:00 15015.00 15020.00 15015.00 15020.00 300.00
20160530  14:50:00 15015.00 15020.00 15015.00 15015.00 260.00
20160530  14:49:00 15020.00 15020.00 15015.00 15015.00 218.00
20160530  14:48:00 15010.00 15020.00 15010.00 15020.00 420.00
20160530  14:47:00 15010.00 15015.00 15010.00 15015.00 156.00
20160530  14:46:00 15015.00 15020.00 15005.00 15010.00 552.00
20160530  14:45:00 15020.00 15020.00 15010.00 15020.00 630.00
20160530  14:44:00 15020.00 15025.00 15015.00 15020.00 516.00
20160530  14:43:00 15025.00 15030.00 15020.00 15020.00 334.00
20160530  14:42:00 15030.00 15030.00 15020.00 15025.00 756.00
20160530  14:41:00 15030.00 15035.00 15025.00 15030.00 346.00
20160530  14:40:00 15040.00 15040.00 15025.00 15030.00 996.00
20160530  14:39:00 15045.00 15045.00 15035.00 15040.00 400.00
20160530  14:38:00 15040.00 15050.00 15035.00 15045.00 638.00
20160530  14:37:00 15040.00 15040.00 15035.00 15040.00 206.00
20160530  14:36:00 15045.00 15045.00 15040.00 15040.00 182.00
20160530  14:35:00 15045.00 15045.00 15040.00 15045.00 210.00
20160530  14:34:00 15040.00 15045.00 15040.00 15045.00 212.00
20160530  14:33:00 15040.00 15040.00 15035.00 15040.00  78.00
20160530  14:32:00 15040.00 15045.00 15030.00 15035.00 600.00
20160530  14:31:00 15050.00 15050.00 15035.00 15040.00 742.00
20160530  14:30:00 15045.00 15060.00 15045.00 15050.00 948.00
20160530  14:29:00 15035.00 15045.00 15035.00 15045.00 424.00
20160530  14:28:00 15040.00 15045.00 15035.00 15035.00 404.00
20160530  14:27:00 15045.00 15050.00 15040.00 15040.00 422.00
20160530  14:26:00 15045.00 15050.00 15045.00 15045.00 268.00
20160530  14:25:00 15045.00 15050.00 15045.00 15045.00 194.00
20160530  14:24:00 15045.00 15050.00 15045.00 15045.00 612.00
20160530  14:23:00 15050.00 15050.00 15040.00 15045.00 456.00
20160530  14:22:00 15045.00 15050.00 15045.00 15050.00 476.00
20160530  14:21:00 15040.00 15050.00 15040.00 15045.00 498.00
20160530  14:20:00 15050.00 15050.00 15040.00 15040.00 842.00
20160530  14:19:00 15040.00 15045.00 15040.00 15045.00 440.00
20160530  14:18:00 15045.00 15045.00 15040.00 15040.00 602.00
20160530  14:17:00 15045.00 15045.00 15035.00 15040.00 816.00
20160530  14:16:00 15060.00 15060.00 15040.00 15045.00 1378.00
20160530  14:15:00 15050.00 15065.00 15050.00 15060.00 1946.00
20160530  14:14:00 15035.00 15060.00 15035.00 15050.00 2960.00
20160530  14:13:00 15025.00 15035.00 15025.00 15035.00 742.00
20160530  14:12:00 15020.00 15025.00 15020.00 15025.00 222.00
20160530  14:11:00 15020.00 15025.00 15020.00 15020.00 232.00
20160530  14:10:00 15020.00 15025.00 15020.00 15020.00  20.00
20160530  14:09:00 15020.00 15025.00 15020.00 15025.00 216.00
20160530  14:08:00 15020.00 15020.00 15020.00 15020.00  38.00
20160530  14:07:00 15020.00 15025.00 15020.00 15020.00 136.00
20160530  14:06:00 15010.00 15020.00 15010.00 15020.00 232.00
20160530  14:05:00 15015.00 15020.00 15010.00 15010.00 246.00
20160530  14:04:00 15025.00 15025.00 15015.00 15015.00 284.00
20160530  14:03:00 15025.00 15025.00 15025.00 15025.00  54.00
20160530  14:02:00 15025.00 15030.00 15025.00 15025.00 118.00
20160530  14:01:00 15020.00 15025.00 15020.00 15025.00 194.00
20160530  14:00:00 15025.00 15035.00 15020.00 15025.00 876.00
20160530  13:59:00 15015.00 15025.00 15015.00 15025.00 408.00
20160530  13:58:00 15015.00 15020.00 15015.00 15015.00 574.00
20160530  13:57:00 15010.00 15015.00 15010.00 15015.00 140.00
20160530  13:56:00 15010.00 15015.00 15010.00 15010.00 266.00
20160530  13:55:00 15005.00 15010.00 15005.00 15010.00 144.00
20160530  13:54:00 15010.00 15015.00 15005.00 15005.00 390.00
20160530  13:53:00 15010.00 15015.00 15005.00 15010.00 388.00
20160530  13:52:00 15010.00 15010.00 15000.00 15005.00 1328.00
20160530  13:51:00 15005.00 15010.00 15005.00 15010.00 318.00
20160530  13:50:00 15020.00 15020.00 15005.00 15005.00 384.00
20160530  13:49:00 15010.00 15020.00 15010.00 15020.00 210.00
20160530  13:48:00 15025.00 15025.00 15010.00 15010.00 360.00
20160530  13:47:00 15020.00 15025.00 15015.00 15025.00 652.00
20160530  13:46:00 15010.00 15025.00 15010.00 15020.00 958.00
20160530  13:45:00 15005.00 15015.00 15000.00 15010.00 406.00
20160530  13:44:00 15010.00 15010.00 15000.00 15005.00 394.00
20160530  13:43:00 15015.00 15015.00 15000.00 15010.00 688.00
20160530  13:42:00 15005.00 15020.00 15005.00 15015.00 520.00
20160530  13:41:00 15005.00 15010.00 15000.00 15010.00 288.00
20160530  13:40:00 15000.00 15005.00 14995.00 15005.00 594.00
20160530  13:39:00 15015.00 15020.00 15000.00 15000.00 552.00
20160530  13:38:00 15010.00 15020.00 15010.00 15015.00 414.00
20160530  13:37:00 15000.00 15015.00 15000.00 15010.00 840.00
20160530  13:36:00 15000.00 15005.00 14995.00 15005.00 186.00
20160530  13:35:00 15000.00 15005.00 14995.00 15000.00 496.00
20160530  13:34:00 15000.00 15005.00 15000.00 15000.00 288.00
20160530  13:33:00 14995.00 15005.00 14990.00 15000.00 336.00
20160530  13:32:00 15000.00 15005.00 14995.00 15000.00 478.00
20160530  13:31:00 15000.00 15000.00 14995.00 14995.00 204.00
20160530  13:30:00 15000.00 15005.00 14995.00 15000.00 784.00
20160530  11:29:00 15005.00 15005.00 15000.00 15000.00 288.00
20160530  11:28:00 15000.00 15005.00 15000.00 15005.00 138.00
20160530  11:27:00 15010.00 15010.00 15000.00 15000.00 240.00
20160530  11:26:00 15000.00 15010.00 15000.00 15010.00 286.00
20160530  11:25:00 15000.00 15000.00 14995.00 15000.00 288.00
20160530  11:24:00 14995.00 15000.00 14990.00 15000.00 330.00
20160530  11:23:00 14990.00 14995.00 14990.00 14995.00 652.00
20160530  11:22:00 14990.00 14990.00 14980.00 14990.00 834.00
20160530  11:21:00 14995.00 15000.00 14990.00 14990.00 724.00
20160530  11:20:00 15020.00 15020.00 14995.00 14995.00 1884.00
20160530  11:19:00 15020.00 15025.00 15015.00 15020.00 498.00
20160530  11:18:00 15025.00 15025.00 15015.00 15020.00 1048.00
20160530  11:17:00 15030.00 15035.00 15030.00 15030.00 276.00
20160530  11:16:00 15035.00 15035.00 15030.00 15030.00 542.00
20160530  11:15:00 15040.00 15040.00 15035.00 15035.00 164.00
20160530  11:14:00 15045.00 15045.00 15035.00 15040.00 248.00
20160530  11:13:00 15040.00 15045.00 15035.00 15040.00  92.00
20160530  11:12:00 15045.00 15045.00 15040.00 15040.00 322.00
20160530  11:11:00 15045.00 15045.00 15040.00 15040.00 378.00
20160530  11:10:00 15045.00 15045.00 15035.00 15045.00 496.00
20160530  11:09:00 15045.00 15045.00 15040.00 15045.00 496.00
20160530  11:08:00 15040.00 15045.00 15040.00 15045.00 196.00
20160530  11:07:00 15045.00 15055.00 15040.00 15040.00 770.00
20160530  11:06:00 15055.00 15055.00 15045.00 15050.00 310.00
20160530  11:05:00 15050.00 15060.00 15050.00 15055.00 1222.00
20160530  11:04:00 15045.00 15050.00 15045.00 15050.00 964.00
20160530  11:03:00 15040.00 15045.00 15040.00 15045.00 330.00
20160530  11:02:00 15040.00 15050.00 15035.00 15040.00 826.00
20160530  11:01:00 15045.00 15050.00 15040.00 15040.00 592.00
20160530  11:00:00 15035.00 15050.00 15035.00 15045.00 1180.00
20160530  10:59:00 15035.00 15035.00 15030.00 15030.00 234.00
20160530  10:58:00 15025.00 15035.00 15025.00 15035.00 372.00
20160530  10:57:00 15030.00 15030.00 15025.00 15025.00 252.00
20160530  10:56:00 15020.00 15035.00 15020.00 15030.00 812.00
20160530  10:55:00 15020.00 15025.00 15020.00 15020.00 114.00
20160530  10:54:00 15025.00 15025.00 15020.00 15020.00 106.00
20160530  10:53:00 15025.00 15030.00 15020.00 15025.00 172.00
20160530  10:52:00 15025.00 15025.00 15020.00 15025.00 400.00
20160530  10:51:00 15025.00 15030.00 15025.00 15025.00 174.00
20160530  10:50:00 15020.00 15025.00 15020.00 15025.00 280.00
20160530  10:49:00 15025.00 15030.00 15020.00 15020.00 594.00
20160530  10:48:00 15030.00 15030.00 15025.00 15025.00 124.00
20160530  10:47:00 15030.00 15035.00 15030.00 15030.00 626.00
20160530  10:46:00 15030.00 15035.00 15030.00 15030.00 232.00
20160530  10:45:00 15030.00 15035.00 15025.00 15030.00 838.00
20160530  10:44:00 15030.00 15035.00 15030.00 15030.00 302.00
20160530  10:43:00 15030.00 15030.00 15030.00 15030.00  88.00
20160530  10:42:00 15030.00 15035.00 15030.00 15030.00 394.00
20160530  10:41:00 15030.00 15035.00 15030.00 15035.00 440.00
20160530  10:40:00 15025.00 15030.00 15025.00 15030.00 864.00
20160530  10:39:00 15025.00 15030.00 15020.00 15025.00 740.00
20160530  10:38:00 15025.00 15025.00 15020.00 15025.00 336.00
20160530  10:37:00 15020.00 15025.00 15020.00 15025.00 244.00
20160530  10:36:00 15020.00 15025.00 15020.00 15025.00  46.00
20160530  10:35:00 15020.00 15025.00 15015.00 15020.00 110.00
20160530  10:34:00 15020.00 15020.00 15015.00 15020.00 258.00
20160530  10:33:00 15020.00 15025.00 15020.00 15020.00 230.00
20160530  10:32:00 15025.00 15025.00 15020.00 15020.00 366.00
20160530  10:31:00 15025.00 15025.00 15020.00 15025.00 414.00
20160530  10:30:00 15020.00 15030.00 15015.00 15025.00 588.00
20160530  10:14:00 15025.00 15025.00 15015.00 15015.00 170.00
20160530  10:13:00 15020.00 15030.00 15020.00 15025.00 176.00
20160530  10:12:00 15030.00 15030.00 15020.00 15020.00 164.00
20160530  10:11:00 15030.00 15035.00 15025.00 15030.00 492.00
20160530  10:10:00 15020.00 15030.00 15020.00 15030.00 328.00
20160530  10:09:00 15025.00 15025.00 15020.00 15020.00  36.00
20160530  10:08:00 15020.00 15025.00 15020.00 15020.00 236.00
20160530  10:07:00 15025.00 15025.00 15020.00 15020.00 302.00
20160530  10:06:00 15025.00 15030.00 15025.00 15025.00 108.00
20160530  10:05:00 15030.00 15030.00 15020.00 15025.00 364.00
20160530  10:04:00 15025.00 15030.00 15025.00 15030.00  68.00
20160530  10:03:00 15025.00 15030.00 15020.00 15025.00 162.00
20160530  10:02:00 15030.00 15035.00 15025.00 15030.00 518.00
20160530  10:01:00 15025.00 15035.00 15025.00 15035.00 382.00
20160530  10:00:00 15020.00 15030.00 15015.00 15025.00 1088.00
20160530  09:59:00 15025.00 15030.00 15020.00 15020.00 522.00
20160530  09:58:00 15040.00 15040.00 15020.00 15025.00 598.00
20160530  09:57:00 15020.00 15045.00 15020.00 15040.00 1172.00
20160530  09:56:00 15025.00 15025.00 15020.00 15020.00 1210.00
20160530  09:55:00 15010.00 15025.00 15010.00 15025.00 1434.00
20160530  09:54:00 15000.00 15010.00 15000.00 15010.00 716.00
20160530  09:53:00 15000.00 15000.00 14995.00 15000.00 148.00
20160530  09:52:00 14995.00 15000.00 14995.00 14995.00  34.00
20160530  09:51:00 15000.00 15000.00 14990.00 14995.00 434.00
20160530  09:50:00 15000.00 15010.00 14995.00 15005.00 844.00
20160530  09:49:00 15010.00 15010.00 15000.00 15000.00 460.00
20160530  09:48:00 15000.00 15015.00 15000.00 15010.00 1080.00
20160530  09:47:00 15005.00 15005.00 15000.00 15000.00 444.00
20160530  09:46:00 15000.00 15005.00 15000.00 15000.00 444.00
20160530  09:45:00 14995.00 15005.00 14995.00 15000.00 986.00
20160530  09:44:00 14985.00 15005.00 14985.00 15000.00 1260.00
20160530  09:43:00 14990.00 14990.00 14985.00 14985.00 228.00
20160530  09:42:00 14995.00 14995.00 14990.00 14990.00 400.00
20160530  09:41:00 14995.00 15000.00 14990.00 14995.00 552.00
20160530  09:40:00 15000.00 15000.00 14990.00 14995.00 158.00
20160530  09:39:00 14995.00 15000.00 14995.00 15000.00 160.00
20160530  09:38:00 14990.00 14995.00 14990.00 14995.00 274.00
20160530  09:37:00 14995.00 14995.00 14985.00 14990.00 324.00
20160530  09:36:00 14980.00 14995.00 14980.00 14990.00 200.00
20160530  09:35:00 14990.00 14990.00 14980.00 14985.00 382.00
20160530  09:34:00 14995.00 14995.00 14990.00 14990.00 272.00
20160530  09:33:00 14985.00 14990.00 14980.00 14990.00 284.00
20160530  09:32:00 14985.00 14990.00 14985.00 14990.00 316.00
20160530  09:31:00 14985.00 14995.00 14980.00 14985.00 288.00
20160530  09:30:00 14975.00 14990.00 14970.00 14985.00 430.00
20160530  09:29:00 14985.00 14985.00 14975.00 14975.00 272.00
20160530  09:28:00 14990.00 14990.00 14980.00 14985.00 380.00
20160530  09:27:00 14980.00 14990.00 14975.00 14985.00 450.00
20160530  09:26:00 14990.00 14990.00 14975.00 14975.00 992.00
20160530  09:25:00 14995.00 14995.00 14990.00 14990.00 522.00
20160530  09:24:00 14995.00 15000.00 14990.00 14995.00 416.00
20160530  09:23:00 15000.00 15005.00 14990.00 14995.00 560.00
20160530  09:22:00 15000.00 15005.00 14990.00 15000.00 422.00
20160530  09:21:00 14990.00 15000.00 14985.00 15000.00 564.00
20160530  09:20:00 15000.00 15005.00 14985.00 14990.00 524.00
20160530  09:19:00 14990.00 15000.00 14990.00 15000.00 980.00
20160530  09:18:00 14980.00 14995.00 14980.00 14995.00 730.00
20160530  09:17:00 14980.00 14985.00 14980.00 14980.00 272.00
20160530  09:16:00 14980.00 14980.00 14975.00 14980.00 438.00
20160530  09:15:00 14975.00 14985.00 14970.00 14980.00 508.00
20160530  09:14:00 14975.00 14985.00 14970.00 14980.00 524.00
20160530  09:13:00 14970.00 14985.00 14965.00 14975.00 802.00
20160530  09:12:00 14960.00 14975.00 14955.00 14970.00 1040.00
20160530  09:11:00 14970.00 14970.00 14950.00 14960.00 932.00
20160530  09:10:00 14975.00 14980.00 14965.00 14970.00 718.00
20160530  09:09:00 14980.00 14990.00 14975.00 14980.00 1052.00
20160530  09:08:00 14980.00 14980.00 14965.00 14980.00 726.00
20160530  09:07:00 14980.00 14985.00 14975.00 14975.00 282.00
20160530  09:06:00 14985.00 14995.00 14975.00 14980.00 786.00
20160530  09:05:00 14985.00 14990.00 14975.00 14985.00 2204.00
20160530  09:04:00 14995.00 14995.00 14980.00 14980.00 1008.00
20160530  09:03:00 15005.00 15005.00 14990.00 14990.00 1018.00
20160530  09:02:00 15005.00 15020.00 14995.00 15005.00 1116.00
20160530  09:01:00 14995.00 15030.00 14990.00 15005.00 1984.00
20160530  09:00:00 15025.00 15025.00 14985.00 14995.00 2296.00
20160528  01:00:00 15025.00 15025.00 15025.00 15025.00   2.00
20160528  00:59:00 15020.00 15025.00 15015.00 15020.00 432.00
20160528  00:58:00 15015.00 15020.00 15010.00 15020.00  98.00
20160528  00:57:00 15015.00 15015.00 15010.00 15015.00 208.00
20160528  00:56:00 15015.00 15020.00 15010.00 15015.00 154.00
20160528  00:55:00 15020.00 15020.00 15010.00 15015.00 1004.00
20160528  00:54:00 15030.00 15030.00 15020.00 15020.00 232.00
20160528  00:53:00 15035.00 15035.00 15030.00 15030.00 162.00
20160528  00:52:00 15035.00 15035.00 15030.00 15030.00  54.00
20160528  00:51:00 15035.00 15035.00 15030.00 15030.00  24.00
20160528  00:50:00 15035.00 15035.00 15030.00 15035.00  22.00
20160528  00:49:00 15030.00 15030.00 15030.00 15030.00  44.00
20160528  00:48:00 15030.00 15030.00 15030.00 15030.00  74.00
20160528  00:47:00 15030.00 15030.00 15030.00 15030.00 114.00
20160528  00:46:00 15025.00 15025.00 15025.00 15025.00  38.00
20160528  00:45:00 15025.00 15030.00 15025.00 15025.00 126.00
20160528  00:44:00 15025.00 15030.00 15025.00 15025.00  40.00
20160528  00:43:00 15030.00 15030.00 15030.00 15030.00 144.00
20160528  00:42:00 15035.00 15035.00 15030.00 15030.00  10.00
20160528  00:41:00 15030.00 15035.00 15030.00 15035.00  16.00
20160528  00:40:00 15030.00 15035.00 15030.00 15030.00 180.00
20160528  00:39:00 15030.00 15035.00 15030.00 15030.00   8.00
20160528  00:38:00 15030.00 15030.00 15030.00 15030.00   4.00
20160528  00:37:00 15030.00 15030.00 15030.00 15030.00 150.00
20160528  00:36:00 15030.00 15030.00 15030.00 15030.00  70.00
20160528  00:35:00 15030.00 15030.00 15030.00 15030.00  14.00
20160528  00:34:00 15030.00 15035.00 15030.00 15030.00  82.00
20160528  00:33:00 15030.00 15030.00 15030.00 15030.00  10.00
20160528  00:32:00 15030.00 15030.00 15030.00 15030.00   0.00
20160528  00:31:00 15030.00 15030.00 15030.00 15030.00  40.00
20160528  00:30:00 15025.00 15030.00 15025.00 15030.00 272.00
20160528  00:29:00 15025.00 15025.00 15025.00 15025.00  42.00
20160528  00:28:00 15025.00 15025.00 15025.00 15025.00  18.00
20160528  00:27:00 15025.00 15025.00 15020.00 15020.00 136.00
20160528  00:26:00 15025.00 15025.00 15025.00 15025.00  70.00
20160528  00:25:00 15030.00 15030.00 15025.00 15025.00  68.00
20160528  00:24:00 15020.00 15030.00 15020.00 15030.00 104.00
20160528  00:23:00 15020.00 15020.00 15020.00 15020.00   0.00
20160528  00:22:00 15020.00 15020.00 15020.00 15020.00  30.00
20160528  00:21:00 15020.00 15025.00 15020.00 15020.00  68.00
20160528  00:20:00 15025.00 15030.00 15020.00 15020.00 438.00
20160528  00:19:00 15030.00 15030.00 15025.00 15030.00  20.00
20160528  00:18:00 15025.00 15030.00 15025.00 15030.00  28.00
20160528  00:17:00 15025.00 15030.00 15025.00 15025.00  30.00
20160528  00:16:00 15030.00 15035.00 15025.00 15025.00 170.00
20160528  00:15:00 15030.00 15035.00 15030.00 15030.00  38.00
20160528  00:14:00 15030.00 15030.00 15025.00 15030.00 120.00
20160528  00:13:00 15030.00 15030.00 15025.00 15030.00 294.00
20160528  00:12:00 15020.00 15030.00 15020.00 15030.00 148.00
20160528  00:11:00 15025.00 15025.00 15020.00 15020.00  12.00
20160528  00:10:00 15020.00 15025.00 15020.00 15025.00  14.00
20160528  00:09:00 15020.00 15020.00 15020.00 15020.00  70.00
20160528  00:08:00 15020.00 15020.00 15015.00 15020.00 232.00
20160528  00:07:00 15025.00 15025.00 15015.00 15020.00 506.00
20160528  00:06:00 15025.00 15025.00 15020.00 15025.00  30.00
20160528  00:05:00 15030.00 15030.00 15020.00 15025.00 260.00
20160528  00:04:00 15030.00 15030.00 15030.00 15030.00  18.00
20160528  00:03:00 15025.00 15030.00 15025.00 15030.00 140.00
20160528  00:02:00 15030.00 15030.00 15025.00 15025.00 122.00
20160528  00:01:00 15025.00 15030.00 15025.00 15030.00 150.00
20160528  00:00:00 15030.00 15030.00 15025.00 15025.00 164.00
20160527  23:59:00 15030.00 15030.00 15030.00 15030.00 204.00
20160527  23:58:00 15030.00 15035.00 15030.00 15030.00  24.00
20160527  23:57:00 15035.00 15035.00 15030.00 15030.00  26.00
20160527  23:56:00 15040.00 15045.00 15035.00 15035.00 294.00
20160527  23:55:00 15035.00 15040.00 15035.00 15040.00 196.00
20160527  23:54:00 15030.00 15035.00 15030.00 15035.00 168.00
20160527  23:53:00 15030.00 15035.00 15030.00 15035.00  40.00
20160527  23:52:00 15040.00 15040.00 15030.00 15030.00 354.00
20160527  23:51:00 15040.00 15040.00 15040.00 15040.00 220.00
20160527  23:50:00 15035.00 15040.00 15035.00 15035.00 250.00
20160527  23:49:00 15035.00 15040.00 15035.00 15035.00  94.00
20160527  23:48:00 15030.00 15040.00 15030.00 15035.00 166.00
20160527  23:47:00 15030.00 15035.00 15030.00 15030.00 118.00
20160527  23:46:00 15030.00 15035.00 15030.00 15030.00 152.00
20160527  23:45:00 15035.00 15040.00 15030.00 15030.00 336.00
20160527  23:44:00 15040.00 15040.00 15035.00 15035.00 138.00
20160527  23:43:00 15040.00 15045.00 15035.00 15040.00 188.00
20160527  23:42:00 15040.00 15040.00 15040.00 15040.00  92.00
20160527  23:41:00 15040.00 15045.00 15040.00 15040.00 250.00
20160527  23:40:00 15050.00 15050.00 15040.00 15040.00 220.00
20160527  23:39:00 15045.00 15050.00 15040.00 15050.00 322.00
20160527  23:38:00 15050.00 15055.00 15045.00 15045.00 618.00
20160527  23:37:00 15040.00 15050.00 15035.00 15050.00 340.00
20160527  23:36:00 15030.00 15040.00 15030.00 15040.00 228.00
20160527  23:35:00 15035.00 15035.00 15030.00 15030.00 468.00
20160527  23:34:00 15040.00 15045.00 15035.00 15035.00 632.00
20160527  23:33:00 15040.00 15045.00 15035.00 15040.00 1784.00
20160527  23:32:00 15025.00 15040.00 15025.00 15040.00 1464.00
20160527  23:31:00 15025.00 15025.00 15020.00 15025.00 504.00
20160527  23:30:00 15010.00 15025.00 15010.00 15025.00 342.00
20160527  23:29:00 15015.00 15020.00 15010.00 15010.00 208.00
20160527  23:28:00 15015.00 15020.00 15015.00 15015.00 302.00
20160527  23:27:00 15010.00 15020.00 15010.00 15015.00 344.00
20160527  23:26:00 15005.00 15015.00 15005.00 15010.00 560.00
20160527  23:25:00 15005.00 15005.00 15000.00 15005.00  74.00
20160527  23:24:00 15005.00 15010.00 15000.00 15005.00 384.00
20160527  23:23:00 15005.00 15005.00 15000.00 15005.00 660.00
20160527  23:22:00 15015.00 15020.00 15005.00 15005.00 790.00
20160527  23:21:00 15015.00 15025.00 15015.00 15020.00 178.00
20160527  23:20:00 15025.00 15025.00 15015.00 15015.00 358.00
20160527  23:19:00 15025.00 15030.00 15020.00 15025.00 344.00
20160527  23:18:00 15020.00 15025.00 15015.00 15025.00 518.00
20160527  23:17:00 15015.00 15020.00 15015.00 15020.00 230.00
20160527  23:16:00 15020.00 15020.00 15015.00 15015.00 200.00
20160527  23:15:00 15025.00 15025.00 15020.00 15020.00  48.00
20160527  23:14:00 15025.00 15025.00 15020.00 15025.00 190.00
20160527  23:13:00 15020.00 15025.00 15020.00 15025.00 244.00
20160527  23:12:00 15020.00 15020.00 15020.00 15020.00 134.00
20160527  23:11:00 15015.00 15020.00 15015.00 15020.00 150.00
20160527  23:10:00 15010.00 15015.00 15005.00 15015.00 354.00
20160527  23:09:00 15010.00 15010.00 15005.00 15005.00 104.00
20160527  23:08:00 15010.00 15015.00 15005.00 15010.00 370.00
20160527  23:07:00 15025.00 15025.00 15010.00 15010.00 526.00
20160527  23:06:00 15030.00 15030.00 15025.00 15025.00 508.00
20160527  23:05:00 15020.00 15030.00 15020.00 15030.00 528.00
20160527  23:04:00 15025.00 15030.00 15020.00 15020.00 376.00
20160527  23:03:00 15025.00 15030.00 15025.00 15025.00 258.00
20160527  23:02:00 15020.00 15030.00 15020.00 15025.00 680.00
20160527  23:01:00 15025.00 15025.00 15020.00 15020.00 340.00
20160527  23:00:00 15010.00 15025.00 15010.00 15025.00 570.00
20160527  22:59:00 15010.00 15015.00 15005.00 15010.00 158.00
20160527  22:58:00 15005.00 15010.00 15000.00 15010.00 230.00
20160527  22:57:00 15015.00 15020.00 15005.00 15005.00 602.00
20160527  22:56:00 15010.00 15020.00 15005.00 15015.00 312.00
20160527  22:55:00 15015.00 15015.00 15005.00 15010.00 284.00
20160527  22:54:00 15015.00 15015.00 15010.00 15015.00  30.00
20160527  22:53:00 15020.00 15025.00 15010.00 15015.00 238.00
20160527  22:52:00 15010.00 15030.00 15010.00 15030.00 438.00
20160527  22:51:00 15005.00 15010.00 15005.00 15010.00 196.00
20160527  22:50:00 15005.00 15005.00 15005.00 15005.00  94.00
20160527  22:49:00 15005.00 15015.00 15005.00 15005.00 412.00
20160527  22:48:00 15005.00 15025.00 15005.00 15005.00 1522.00
20160527  22:47:00 15005.00 15010.00 15000.00 15005.00 540.00
20160527  22:46:00 15000.00 15005.00 15000.00 15000.00 388.00
20160527  22:45:00 14995.00 15000.00 14995.00 15000.00 238.00
20160527  22:44:00 14995.00 15000.00 14995.00 15000.00 190.00
20160527  22:43:00 14995.00 15000.00 14995.00 14995.00 182.00
20160527  22:42:00 14995.00 14995.00 14990.00 14990.00 186.00
20160527  22:41:00 14985.00 14995.00 14985.00 14995.00 156.00
20160527  22:40:00 14990.00 14990.00 14980.00 14985.00 450.00
20160527  22:39:00 14980.00 15000.00 14980.00 14990.00 746.00
20160527  22:38:00 15000.00 15005.00 14980.00 14985.00 1170.00
20160527  22:37:00 15005.00 15005.00 15000.00 15000.00 272.00
20160527  22:36:00 15005.00 15010.00 15000.00 15005.00  90.00
20160527  22:35:00 15005.00 15005.00 15000.00 15005.00 450.00
20160527  22:34:00 15005.00 15010.00 15000.00 15000.00 300.00
20160527  22:33:00 15015.00 15015.00 15005.00 15005.00 432.00
20160527  22:32:00 15010.00 15015.00 15005.00 15015.00 972.00
20160527  22:31:00 15010.00 15010.00 15000.00 15010.00 732.00
20160527  22:30:00 15000.00 15010.00 14995.00 15010.00 564.00
20160527  22:29:00 15000.00 15000.00 14995.00 14995.00  34.00
20160527  22:28:00 14995.00 15000.00 14995.00 15000.00  86.00
20160527  22:27:00 14995.00 15005.00 14995.00 14995.00 192.00
20160527  22:26:00 15000.00 15005.00 14995.00 14995.00 264.00
20160527  22:25:00 14990.00 15005.00 14990.00 15000.00 292.00
20160527  22:24:00 15000.00 15005.00 14990.00 14990.00 662.00
20160527  22:23:00 15000.00 15005.00 14995.00 15000.00 354.00
20160527  22:22:00 14995.00 15000.00 14995.00 15000.00 564.00
20160527  22:21:00 14980.00 14995.00 14980.00 14995.00 598.00
20160527  22:20:00 14985.00 14990.00 14975.00 14980.00 554.00
20160527  22:19:00 14990.00 14990.00 14985.00 14985.00 228.00
20160527  22:18:00 15000.00 15000.00 14990.00 14990.00 208.00
20160527  22:17:00 15000.00 15000.00 14995.00 15000.00 342.00
20160527  22:16:00 15000.00 15005.00 15000.00 15000.00 324.00
20160527  22:15:00 14995.00 15000.00 14990.00 15000.00 782.00
20160527  22:14:00 15000.00 15000.00 14990.00 14995.00 790.00
20160527  22:13:00 15000.00 15005.00 15000.00 15000.00 108.00
20160527  22:12:00 15000.00 15005.00 14995.00 15000.00 510.00
20160527  22:11:00 15000.00 15005.00 15000.00 15000.00 330.00
20160527  22:10:00 14990.00 15005.00 14985.00 15000.00 932.00
20160527  22:09:00 14980.00 14990.00 14980.00 14990.00 304.00
20160527  22:08:00 14985.00 14985.00 14980.00 14980.00 246.00
20160527  22:07:00 14980.00 14985.00 14975.00 14985.00 1158.00
20160527  22:06:00 14975.00 14980.00 14975.00 14980.00 128.00
20160527  22:05:00 14985.00 14985.00 14975.00 14975.00 746.00
20160527  22:04:00 14975.00 14985.00 14970.00 14985.00 646.00
20160527  22:03:00 14965.00 14975.00 14965.00 14975.00 544.00
20160527  22:02:00 14975.00 14975.00 14960.00 14965.00 680.00
20160527  22:01:00 14965.00 14975.00 14960.00 14975.00 632.00
20160527  22:00:00 14995.00 14995.00 14965.00 14965.00 1612.00
20160527  21:59:00 15000.00 15005.00 14995.00 14995.00 738.00
20160527  21:58:00 14995.00 15000.00 14995.00 15000.00 242.00
20160527  21:57:00 14995.00 15000.00 14990.00 14995.00 842.00
20160527  21:56:00 14990.00 14995.00 14985.00 14995.00 636.00
20160527  21:55:00 14985.00 14995.00 14985.00 14990.00 702.00
20160527  21:54:00 14995.00 14995.00 14985.00 14985.00 2024.00
20160527  21:53:00 15000.00 15005.00 14990.00 14995.00 2192.00
20160527  21:52:00 15000.00 15005.00 14995.00 15000.00 858.00
20160527  21:51:00 15000.00 15005.00 14995.00 15000.00 910.00
20160527  21:50:00 15000.00 15020.00 15000.00 15005.00 2346.00
20160527  21:49:00 15020.00 15020.00 15000.00 15000.00 1982.00
20160527  21:48:00 15030.00 15030.00 15015.00 15020.00 812.00
20160527  21:47:00 15025.00 15030.00 15020.00 15030.00 260.00
20160527  21:46:00 15025.00 15030.00 15020.00 15025.00 302.00
20160527  21:45:00 15025.00 15030.00 15020.00 15025.00 552.00
20160527  21:44:00 15025.00 15025.00 15020.00 15025.00 500.00
20160527  21:43:00 15025.00 15030.00 15020.00 15025.00 536.00
20160527  21:42:00 15035.00 15035.00 15020.00 15025.00 608.00
20160527  21:41:00 15020.00 15035.00 15015.00 15035.00 870.00
20160527  21:40:00 15025.00 15025.00 15020.00 15025.00 758.00
20160527  21:39:00 15020.00 15025.00 15015.00 15025.00 500.00
20160527  21:38:00 15020.00 15025.00 15015.00 15020.00 566.00
20160527  21:37:00 15020.00 15025.00 15015.00 15020.00 552.00
20160527  21:36:00 15015.00 15030.00 15010.00 15020.00 1084.00
20160527  21:35:00 15030.00 15035.00 15015.00 15015.00 652.00
20160527  21:34:00 15035.00 15035.00 15025.00 15030.00 636.00
20160527  21:33:00 15050.00 15050.00 15035.00 15035.00 1000.00
20160527  21:32:00 15055.00 15055.00 15045.00 15045.00 372.00
20160527  21:31:00 15055.00 15060.00 15050.00 15055.00 924.00
20160527  21:30:00 15055.00 15060.00 15045.00 15060.00 718.00
20160527  21:29:00 15060.00 15060.00 15045.00 15055.00 802.00
20160527  21:28:00 15040.00 15060.00 15035.00 15060.00 1298.00
20160527  21:27:00 15030.00 15040.00 15030.00 15040.00 910.00
20160527  21:26:00 15025.00 15030.00 15020.00 15030.00 338.00
20160527  21:25:00 15020.00 15025.00 15010.00 15025.00 1218.00
20160527  21:24:00 15030.00 15030.00 15020.00 15020.00 468.00
20160527  21:23:00 15030.00 15040.00 15025.00 15030.00 656.00
20160527  21:22:00 15030.00 15035.00 15025.00 15030.00 436.00
20160527  21:21:00 15025.00 15030.00 15020.00 15030.00 172.00
20160527  21:20:00 15035.00 15040.00 15020.00 15025.00 488.00
20160527  21:19:00 15025.00 15040.00 15020.00 15035.00 730.00
20160527  21:18:00 15025.00 15025.00 15015.00 15025.00 506.00
20160527  21:17:00 15015.00 15030.00 15015.00 15025.00 988.00
20160527  21:16:00 15030.00 15035.00 15015.00 15015.00 1084.00
20160527  21:15:00 15060.00 15060.00 15030.00 15030.00 1586.00
20160527  21:14:00 15045.00 15060.00 15045.00 15055.00 622.00
20160527  21:13:00 15045.00 15055.00 15045.00 15050.00 512.00
20160527  21:12:00 15060.00 15065.00 15045.00 15045.00 1268.00
20160527  21:11:00 15045.00 15060.00 15045.00 15060.00 506.00
20160527  21:10:00 15055.00 15055.00 15040.00 15045.00 888.00
20160527  21:09:00 15055.00 15055.00 15040.00 15055.00 824.00
20160527  21:08:00 15060.00 15065.00 15055.00 15055.00 1398.00
20160527  21:07:00 15050.00 15060.00 15045.00 15060.00 1168.00
20160527  21:06:00 15035.00 15055.00 15035.00 15050.00 1172.00
20160527  21:05:00 15040.00 15040.00 15030.00 15040.00 958.00
20160527  21:04:00 15045.00 15045.00 15030.00 15040.00 1648.00
20160527  21:03:00 15045.00 15055.00 15045.00 15045.00 938.00
20160527  21:02:00 15025.00 15050.00 15025.00 15045.00 1792.00
20160527  21:01:00 15060.00 15065.00 15025.00 15025.00 1466.00
20160527  21:00:00 15070.00 15095.00 15040.00 15060.00 4516.00
