20160920  15:00:00 17915.00 17915.00 17915.00 17915.00  44.00
20160920  14:59:00 17910.00 17920.00 17910.00 17920.00 1974.00
20160920  14:58:00 17910.00 17915.00 17900.00 17910.00 1004.00
20160920  14:57:00 17905.00 17910.00 17895.00 17905.00 1032.00
20160920  14:56:00 17895.00 17905.00 17895.00 17905.00 464.00
20160920  14:55:00 17910.00 17910.00 17890.00 17895.00 2168.00
20160920  14:54:00 17895.00 17915.00 17895.00 17905.00 1662.00
20160920  14:53:00 17895.00 17895.00 17885.00 17895.00 1166.00
20160920  14:52:00 17885.00 17895.00 17880.00 17895.00 978.00
20160920  14:51:00 17885.00 17895.00 17880.00 17885.00 1604.00
20160920  14:50:00 17875.00 17885.00 17875.00 17885.00 1172.00
20160920  14:49:00 17875.00 17880.00 17875.00 17875.00 262.00
20160920  14:48:00 17880.00 17880.00 17870.00 17875.00 806.00
20160920  14:47:00 17870.00 17880.00 17870.00 17880.00 1990.00
20160920  14:46:00 17875.00 17875.00 17870.00 17875.00 532.00
20160920  14:45:00 17875.00 17875.00 17870.00 17875.00  72.00
20160920  14:44:00 17865.00 17875.00 17865.00 17870.00 656.00
20160920  14:43:00 17875.00 17875.00 17860.00 17870.00 768.00
20160920  14:42:00 17885.00 17885.00 17865.00 17875.00 996.00
20160920  14:41:00 17890.00 17890.00 17880.00 17880.00 506.00
20160920  14:40:00 17885.00 17895.00 17885.00 17885.00 1108.00
20160920  14:39:00 17885.00 17895.00 17880.00 17885.00 1036.00
20160920  14:38:00 17880.00 17885.00 17875.00 17885.00 786.00
20160920  14:37:00 17865.00 17880.00 17860.00 17880.00 906.00
20160920  14:36:00 17880.00 17880.00 17860.00 17860.00 1110.00
20160920  14:35:00 17880.00 17885.00 17875.00 17875.00 900.00
20160920  14:34:00 17880.00 17880.00 17870.00 17880.00 284.00
20160920  14:33:00 17885.00 17885.00 17875.00 17880.00 268.00
20160920  14:32:00 17880.00 17890.00 17880.00 17885.00 218.00
20160920  14:31:00 17890.00 17890.00 17880.00 17880.00 438.00
20160920  14:30:00 17890.00 17895.00 17890.00 17890.00 470.00
20160920  14:29:00 17890.00 17890.00 17885.00 17890.00 282.00
20160920  14:28:00 17895.00 17895.00 17890.00 17890.00 402.00
20160920  14:27:00 17895.00 17895.00 17890.00 17890.00 304.00
20160920  14:26:00 17885.00 17895.00 17885.00 17890.00 550.00
20160920  14:25:00 17890.00 17890.00 17885.00 17885.00 276.00
20160920  14:24:00 17880.00 17895.00 17880.00 17890.00 544.00
20160920  14:23:00 17890.00 17895.00 17875.00 17880.00 1222.00
20160920  14:22:00 17885.00 17890.00 17885.00 17890.00 326.00
20160920  14:21:00 17890.00 17895.00 17885.00 17885.00 460.00
20160920  14:20:00 17895.00 17900.00 17890.00 17890.00 564.00
20160920  14:19:00 17875.00 17900.00 17870.00 17895.00 1752.00
20160920  14:18:00 17865.00 17875.00 17865.00 17875.00 346.00
20160920  14:17:00 17865.00 17875.00 17865.00 17865.00 516.00
20160920  14:16:00 17865.00 17865.00 17860.00 17865.00 422.00
20160920  14:15:00 17850.00 17870.00 17845.00 17865.00 1182.00
20160920  14:14:00 17865.00 17870.00 17850.00 17850.00 1904.00
20160920  14:13:00 17875.00 17875.00 17870.00 17870.00 566.00
20160920  14:12:00 17875.00 17880.00 17870.00 17875.00 404.00
20160920  14:11:00 17875.00 17880.00 17870.00 17875.00 1060.00
20160920  14:10:00 17870.00 17875.00 17865.00 17875.00 428.00
20160920  14:09:00 17870.00 17875.00 17870.00 17870.00 314.00
20160920  14:08:00 17875.00 17875.00 17870.00 17870.00  34.00
20160920  14:07:00 17870.00 17875.00 17870.00 17870.00  52.00
20160920  14:06:00 17875.00 17875.00 17870.00 17870.00 366.00
20160920  14:05:00 17870.00 17875.00 17870.00 17870.00 240.00
20160920  14:04:00 17870.00 17875.00 17870.00 17870.00 296.00
20160920  14:03:00 17875.00 17875.00 17865.00 17870.00 396.00
20160920  14:02:00 17875.00 17880.00 17870.00 17875.00 334.00
20160920  14:01:00 17875.00 17880.00 17875.00 17875.00 378.00
20160920  14:00:00 17875.00 17880.00 17875.00 17875.00 636.00
20160920  13:59:00 17875.00 17875.00 17870.00 17875.00 488.00
20160920  13:58:00 17865.00 17875.00 17865.00 17870.00 114.00
20160920  13:57:00 17875.00 17875.00 17865.00 17865.00 348.00
20160920  13:56:00 17870.00 17875.00 17865.00 17870.00 468.00
20160920  13:55:00 17870.00 17875.00 17865.00 17870.00 414.00
20160920  13:54:00 17870.00 17875.00 17865.00 17870.00 372.00
20160920  13:53:00 17870.00 17875.00 17865.00 17870.00 678.00
20160920  13:52:00 17875.00 17875.00 17865.00 17865.00 726.00
20160920  13:51:00 17875.00 17875.00 17870.00 17875.00 346.00
20160920  13:50:00 17875.00 17880.00 17870.00 17875.00 112.00
20160920  13:49:00 17875.00 17880.00 17875.00 17875.00 536.00
20160920  13:48:00 17870.00 17875.00 17870.00 17875.00 344.00
20160920  13:47:00 17875.00 17875.00 17870.00 17870.00 306.00
20160920  13:46:00 17880.00 17885.00 17875.00 17875.00 650.00
20160920  13:45:00 17895.00 17900.00 17880.00 17885.00 1260.00
20160920  13:44:00 17890.00 17895.00 17890.00 17895.00 258.00
20160920  13:43:00 17885.00 17900.00 17885.00 17895.00 1118.00
20160920  13:42:00 17885.00 17890.00 17880.00 17885.00 522.00
20160920  13:41:00 17880.00 17885.00 17875.00 17885.00 598.00
20160920  13:40:00 17885.00 17890.00 17875.00 17875.00 780.00
20160920  13:39:00 17900.00 17900.00 17885.00 17885.00 726.00
20160920  13:38:00 17885.00 17900.00 17880.00 17900.00 1356.00
20160920  13:37:00 17855.00 17885.00 17855.00 17885.00 958.00
20160920  13:36:00 17860.00 17860.00 17850.00 17855.00 782.00
20160920  13:35:00 17865.00 17865.00 17855.00 17860.00 504.00
20160920  13:34:00 17855.00 17860.00 17845.00 17860.00 1248.00
20160920  13:33:00 17845.00 17860.00 17840.00 17855.00 1070.00
20160920  13:32:00 17885.00 17890.00 17835.00 17840.00 3404.00
20160920  13:31:00 17895.00 17895.00 17885.00 17885.00 554.00
20160920  13:30:00 17890.00 17895.00 17890.00 17890.00 1206.00
20160920  11:29:00 17895.00 17900.00 17890.00 17900.00 682.00
20160920  11:28:00 17885.00 17895.00 17885.00 17895.00 158.00
20160920  11:27:00 17890.00 17895.00 17885.00 17885.00 592.00
20160920  11:26:00 17895.00 17895.00 17890.00 17890.00 392.00
20160920  11:25:00 17890.00 17900.00 17890.00 17895.00 680.00
20160920  11:24:00 17895.00 17895.00 17885.00 17890.00 710.00
20160920  11:23:00 17910.00 17910.00 17890.00 17895.00 958.00
20160920  11:22:00 17910.00 17925.00 17910.00 17910.00 2794.00
20160920  11:21:00 17910.00 17910.00 17905.00 17910.00 256.00
20160920  11:20:00 17900.00 17910.00 17900.00 17910.00 474.00
20160920  11:19:00 17905.00 17910.00 17900.00 17905.00 538.00
20160920  11:18:00 17910.00 17910.00 17905.00 17905.00 520.00
20160920  11:17:00 17905.00 17910.00 17900.00 17910.00 652.00
20160920  11:16:00 17905.00 17905.00 17900.00 17905.00 324.00
20160920  11:15:00 17900.00 17910.00 17900.00 17905.00 462.00
20160920  11:14:00 17900.00 17905.00 17895.00 17900.00 340.00
20160920  11:13:00 17900.00 17905.00 17895.00 17900.00 514.00
20160920  11:12:00 17905.00 17905.00 17900.00 17900.00 566.00
20160920  11:11:00 17900.00 17905.00 17900.00 17905.00 474.00
20160920  11:10:00 17895.00 17905.00 17895.00 17905.00 970.00
20160920  11:09:00 17890.00 17895.00 17890.00 17895.00  88.00
20160920  11:08:00 17890.00 17895.00 17890.00 17890.00 518.00
20160920  11:07:00 17895.00 17895.00 17885.00 17890.00 256.00
20160920  11:06:00 17900.00 17900.00 17890.00 17895.00 898.00
20160920  11:05:00 17905.00 17910.00 17895.00 17900.00 580.00
20160920  11:04:00 17895.00 17910.00 17895.00 17905.00 564.00
20160920  11:03:00 17905.00 17910.00 17895.00 17895.00 452.00
20160920  11:02:00 17890.00 17905.00 17890.00 17905.00 752.00
20160920  11:01:00 17890.00 17895.00 17885.00 17895.00 238.00
20160920  11:00:00 17880.00 17895.00 17880.00 17890.00 476.00
20160920  10:59:00 17895.00 17895.00 17880.00 17880.00 674.00
20160920  10:58:00 17900.00 17905.00 17890.00 17895.00 972.00
20160920  10:57:00 17875.00 17900.00 17870.00 17900.00 2794.00
20160920  10:56:00 17860.00 17880.00 17855.00 17875.00 1452.00
20160920  10:55:00 17860.00 17860.00 17855.00 17855.00  90.00
20160920  10:54:00 17850.00 17860.00 17850.00 17855.00 580.00
20160920  10:53:00 17850.00 17855.00 17845.00 17850.00 658.00
20160920  10:52:00 17855.00 17860.00 17850.00 17850.00 1042.00
20160920  10:51:00 17860.00 17865.00 17850.00 17860.00 1380.00
20160920  10:50:00 17865.00 17865.00 17860.00 17860.00 578.00
20160920  10:49:00 17860.00 17870.00 17860.00 17865.00 584.00
20160920  10:48:00 17870.00 17875.00 17860.00 17860.00 1006.00
20160920  10:47:00 17870.00 17875.00 17870.00 17875.00 198.00
20160920  10:46:00 17870.00 17870.00 17865.00 17870.00 244.00
20160920  10:45:00 17875.00 17880.00 17865.00 17870.00 578.00
20160920  10:44:00 17860.00 17875.00 17860.00 17875.00 772.00
20160920  10:43:00 17865.00 17865.00 17860.00 17865.00 152.00
20160920  10:42:00 17865.00 17865.00 17860.00 17860.00 122.00
20160920  10:41:00 17865.00 17870.00 17860.00 17865.00 236.00
20160920  10:40:00 17870.00 17875.00 17865.00 17865.00 1158.00
20160920  10:39:00 17870.00 17875.00 17865.00 17870.00 262.00
20160920  10:38:00 17875.00 17875.00 17870.00 17870.00 966.00
20160920  10:37:00 17875.00 17875.00 17870.00 17875.00 206.00
20160920  10:36:00 17870.00 17875.00 17870.00 17875.00 216.00
20160920  10:35:00 17865.00 17875.00 17865.00 17870.00 756.00
20160920  10:34:00 17870.00 17870.00 17865.00 17870.00 100.00
20160920  10:33:00 17860.00 17870.00 17860.00 17865.00 196.00
20160920  10:32:00 17865.00 17865.00 17860.00 17860.00 372.00
20160920  10:31:00 17875.00 17875.00 17865.00 17865.00 846.00
20160920  10:30:00 17870.00 17875.00 17870.00 17875.00 374.00
20160920  10:14:00 17875.00 17880.00 17870.00 17875.00 286.00
20160920  10:13:00 17870.00 17875.00 17870.00 17875.00 602.00
20160920  10:12:00 17870.00 17875.00 17870.00 17870.00 482.00
20160920  10:11:00 17870.00 17875.00 17870.00 17870.00 334.00
20160920  10:10:00 17870.00 17875.00 17870.00 17870.00 264.00
20160920  10:09:00 17875.00 17875.00 17870.00 17870.00  92.00
20160920  10:08:00 17870.00 17875.00 17865.00 17875.00 752.00
20160920  10:07:00 17870.00 17875.00 17865.00 17870.00 1576.00
20160920  10:06:00 17860.00 17870.00 17860.00 17870.00 518.00
20160920  10:05:00 17860.00 17860.00 17855.00 17860.00 1210.00
20160920  10:04:00 17855.00 17860.00 17850.00 17860.00 408.00
20160920  10:03:00 17860.00 17865.00 17855.00 17855.00 1066.00
20160920  10:02:00 17870.00 17870.00 17850.00 17855.00 1092.00
20160920  10:01:00 17870.00 17870.00 17865.00 17870.00 854.00
20160920  10:00:00 17865.00 17875.00 17865.00 17870.00 1292.00
20160920  09:59:00 17865.00 17870.00 17860.00 17865.00 680.00
20160920  09:58:00 17860.00 17870.00 17860.00 17865.00 436.00
20160920  09:57:00 17870.00 17875.00 17860.00 17860.00 1232.00
20160920  09:56:00 17880.00 17880.00 17865.00 17870.00 1260.00
20160920  09:55:00 17885.00 17890.00 17875.00 17875.00 1170.00
20160920  09:54:00 17890.00 17895.00 17880.00 17885.00 846.00
20160920  09:53:00 17890.00 17895.00 17885.00 17890.00 752.00
20160920  09:52:00 17885.00 17890.00 17880.00 17890.00 1142.00
20160920  09:51:00 17895.00 17900.00 17885.00 17885.00 668.00
20160920  09:50:00 17900.00 17900.00 17895.00 17895.00 384.00
20160920  09:49:00 17905.00 17905.00 17890.00 17900.00 1020.00
20160920  09:48:00 17915.00 17920.00 17905.00 17905.00 914.00
20160920  09:47:00 17905.00 17915.00 17900.00 17915.00 1050.00
20160920  09:46:00 17915.00 17915.00 17905.00 17905.00 800.00
20160920  09:45:00 17905.00 17915.00 17905.00 17915.00 1062.00
20160920  09:44:00 17910.00 17915.00 17905.00 17905.00 800.00
20160920  09:43:00 17920.00 17920.00 17910.00 17910.00 412.00
20160920  09:42:00 17915.00 17920.00 17915.00 17920.00 704.00
20160920  09:41:00 17910.00 17915.00 17910.00 17915.00 902.00
20160920  09:40:00 17920.00 17925.00 17910.00 17910.00 1124.00
20160920  09:39:00 17930.00 17935.00 17915.00 17920.00 1446.00
20160920  09:38:00 17930.00 17940.00 17930.00 17930.00 1564.00
20160920  09:37:00 17920.00 17935.00 17920.00 17930.00 1276.00
20160920  09:36:00 17920.00 17940.00 17920.00 17920.00 4182.00
20160920  09:35:00 17910.00 17920.00 17910.00 17920.00 1756.00
20160920  09:34:00 17885.00 17915.00 17880.00 17905.00 3296.00
20160920  09:33:00 17870.00 17885.00 17865.00 17885.00 698.00
20160920  09:32:00 17865.00 17870.00 17865.00 17870.00 720.00
20160920  09:31:00 17860.00 17870.00 17860.00 17865.00 512.00
20160920  09:30:00 17870.00 17870.00 17860.00 17860.00 626.00
20160920  09:29:00 17865.00 17870.00 17860.00 17870.00 428.00
20160920  09:28:00 17865.00 17870.00 17865.00 17865.00 294.00
20160920  09:27:00 17875.00 17880.00 17860.00 17865.00 1080.00
20160920  09:26:00 17865.00 17880.00 17860.00 17875.00 862.00
20160920  09:25:00 17865.00 17870.00 17860.00 17860.00 240.00
20160920  09:24:00 17865.00 17870.00 17860.00 17865.00 468.00
20160920  09:23:00 17855.00 17865.00 17855.00 17865.00 462.00
20160920  09:22:00 17860.00 17870.00 17855.00 17855.00 1066.00
20160920  09:21:00 17865.00 17870.00 17855.00 17860.00 1300.00
20160920  09:20:00 17870.00 17870.00 17860.00 17865.00 926.00
20160920  09:19:00 17885.00 17885.00 17865.00 17870.00 1384.00
20160920  09:18:00 17865.00 17885.00 17865.00 17885.00 1284.00
20160920  09:17:00 17870.00 17870.00 17865.00 17865.00 574.00
20160920  09:16:00 17860.00 17870.00 17855.00 17865.00 788.00
20160920  09:15:00 17855.00 17865.00 17855.00 17860.00 1028.00
20160920  09:14:00 17855.00 17860.00 17850.00 17855.00 616.00
20160920  09:13:00 17860.00 17860.00 17855.00 17855.00 524.00
20160920  09:12:00 17830.00 17865.00 17825.00 17860.00 1390.00
20160920  09:11:00 17845.00 17855.00 17830.00 17830.00 1080.00
20160920  09:10:00 17855.00 17855.00 17835.00 17845.00 974.00
20160920  09:09:00 17850.00 17860.00 17845.00 17850.00 504.00
20160920  09:08:00 17840.00 17855.00 17840.00 17855.00 796.00
20160920  09:07:00 17855.00 17855.00 17845.00 17845.00 648.00
20160920  09:06:00 17850.00 17860.00 17850.00 17855.00 586.00
20160920  09:05:00 17870.00 17875.00 17845.00 17850.00 1210.00
20160920  09:04:00 17850.00 17875.00 17845.00 17870.00 2044.00
20160920  09:03:00 17845.00 17850.00 17830.00 17845.00 1346.00
20160920  09:02:00 17845.00 17850.00 17825.00 17845.00 1772.00
20160920  09:01:00 17870.00 17870.00 17835.00 17840.00 2230.00
20160920  09:00:00 17875.00 17875.00 17850.00 17870.00 4262.00
20160920  00:59:00 17885.00 17895.00 17875.00 17890.00 1138.00
20160920  00:58:00 17890.00 17890.00 17885.00 17885.00 224.00
20160920  00:57:00 17885.00 17890.00 17870.00 17890.00 636.00
20160920  00:56:00 17880.00 17885.00 17880.00 17880.00 180.00
20160920  00:55:00 17885.00 17885.00 17875.00 17875.00 172.00
20160920  00:54:00 17880.00 17885.00 17880.00 17885.00 186.00
20160920  00:53:00 17875.00 17880.00 17875.00 17880.00  62.00
20160920  00:52:00 17875.00 17880.00 17870.00 17875.00 284.00
20160920  00:51:00 17880.00 17885.00 17875.00 17875.00 128.00
20160920  00:50:00 17885.00 17885.00 17880.00 17880.00 136.00
20160920  00:49:00 17880.00 17880.00 17880.00 17880.00 296.00
20160920  00:48:00 17890.00 17890.00 17885.00 17885.00 100.00
20160920  00:47:00 17890.00 17890.00 17890.00 17890.00   2.00
20160920  00:46:00 17890.00 17890.00 17890.00 17890.00  56.00
20160920  00:45:00 17890.00 17890.00 17885.00 17890.00 162.00
20160920  00:44:00 17885.00 17885.00 17885.00 17885.00   2.00
20160920  00:43:00 17885.00 17890.00 17885.00 17885.00 100.00
20160920  00:42:00 17885.00 17890.00 17885.00 17885.00  36.00
20160920  00:41:00 17890.00 17890.00 17885.00 17885.00 120.00
20160920  00:40:00 17885.00 17885.00 17885.00 17885.00  86.00
20160920  00:39:00 17890.00 17890.00 17880.00 17885.00  78.00
20160920  00:38:00 17885.00 17890.00 17885.00 17890.00 124.00
20160920  00:37:00 17890.00 17890.00 17885.00 17885.00 102.00
20160920  00:36:00 17890.00 17890.00 17885.00 17885.00 282.00
20160920  00:35:00 17885.00 17890.00 17880.00 17885.00 160.00
20160920  00:34:00 17885.00 17885.00 17885.00 17885.00  34.00
20160920  00:33:00 17885.00 17890.00 17885.00 17885.00  72.00
20160920  00:32:00 17880.00 17885.00 17880.00 17885.00 186.00
20160920  00:31:00 17880.00 17885.00 17880.00 17880.00  66.00
20160920  00:30:00 17885.00 17885.00 17880.00 17880.00  12.00
20160920  00:29:00 17885.00 17885.00 17885.00 17885.00  92.00
20160920  00:28:00 17880.00 17885.00 17880.00 17885.00  98.00
20160920  00:27:00 17880.00 17880.00 17880.00 17880.00   6.00
20160920  00:26:00 17880.00 17880.00 17880.00 17880.00  78.00
20160920  00:25:00 17885.00 17885.00 17880.00 17880.00 168.00
20160920  00:24:00 17890.00 17890.00 17880.00 17885.00 150.00
20160920  00:23:00 17890.00 17890.00 17890.00 17890.00  70.00
20160920  00:22:00 17890.00 17890.00 17885.00 17890.00 196.00
20160920  00:21:00 17885.00 17890.00 17885.00 17890.00 102.00
20160920  00:20:00 17875.00 17885.00 17875.00 17885.00 248.00
20160920  00:19:00 17880.00 17880.00 17875.00 17875.00 200.00
20160920  00:18:00 17880.00 17885.00 17880.00 17880.00 100.00
20160920  00:17:00 17885.00 17885.00 17880.00 17880.00  38.00
20160920  00:16:00 17875.00 17880.00 17875.00 17880.00  50.00
20160920  00:15:00 17880.00 17880.00 17875.00 17875.00  74.00
20160920  00:14:00 17880.00 17885.00 17875.00 17880.00 104.00
20160920  00:13:00 17880.00 17880.00 17875.00 17880.00  50.00
20160920  00:12:00 17875.00 17880.00 17875.00 17880.00 184.00
20160920  00:11:00 17875.00 17880.00 17875.00 17875.00 112.00
20160920  00:10:00 17880.00 17880.00 17875.00 17875.00  40.00
20160920  00:09:00 17880.00 17880.00 17875.00 17880.00 192.00
20160920  00:08:00 17880.00 17885.00 17880.00 17880.00 116.00
20160920  00:07:00 17885.00 17885.00 17880.00 17880.00  66.00
20160920  00:06:00 17890.00 17890.00 17885.00 17885.00  46.00
20160920  00:05:00 17885.00 17890.00 17885.00 17890.00 198.00
20160920  00:04:00 17885.00 17890.00 17880.00 17885.00 280.00
20160920  00:03:00 17885.00 17890.00 17885.00 17885.00 154.00
20160920  00:02:00 17890.00 17890.00 17885.00 17885.00 146.00
20160920  00:01:00 17885.00 17890.00 17885.00 17890.00 102.00
20160920  00:00:00 17895.00 17900.00 17885.00 17885.00 650.00
20160919  23:59:00 17875.00 17895.00 17875.00 17890.00 710.00
20160919  23:58:00 17875.00 17885.00 17875.00 17875.00 476.00
20160919  23:57:00 17870.00 17875.00 17870.00 17875.00 220.00
20160919  23:56:00 17875.00 17880.00 17870.00 17870.00 286.00
20160919  23:55:00 17880.00 17880.00 17870.00 17875.00 278.00
20160919  23:54:00 17875.00 17880.00 17875.00 17880.00 360.00
20160919  23:53:00 17875.00 17880.00 17875.00 17875.00 160.00
20160919  23:52:00 17880.00 17880.00 17870.00 17875.00 396.00
20160919  23:51:00 17865.00 17875.00 17865.00 17875.00 1322.00
20160919  23:50:00 17865.00 17875.00 17860.00 17865.00 1178.00
20160919  23:49:00 17875.00 17880.00 17860.00 17860.00 1406.00
20160919  23:48:00 17880.00 17885.00 17875.00 17875.00 992.00
20160919  23:47:00 17900.00 17905.00 17880.00 17880.00 936.00
20160919  23:46:00 17895.00 17905.00 17885.00 17900.00 976.00
20160919  23:45:00 17885.00 17890.00 17885.00 17890.00 602.00
20160919  23:44:00 17885.00 17890.00 17885.00 17885.00 438.00
20160919  23:43:00 17900.00 17905.00 17885.00 17885.00 724.00
20160919  23:42:00 17890.00 17905.00 17885.00 17900.00 2408.00
20160919  23:41:00 17875.00 17900.00 17875.00 17890.00 1620.00
20160919  23:40:00 17870.00 17875.00 17870.00 17875.00  82.00
20160919  23:39:00 17875.00 17875.00 17870.00 17875.00 264.00
20160919  23:38:00 17880.00 17885.00 17870.00 17875.00 694.00
20160919  23:37:00 17865.00 17875.00 17865.00 17875.00 426.00
20160919  23:36:00 17865.00 17870.00 17865.00 17865.00 302.00
20160919  23:35:00 17875.00 17880.00 17865.00 17865.00 552.00
20160919  23:34:00 17875.00 17890.00 17875.00 17880.00 1762.00
20160919  23:33:00 17860.00 17875.00 17860.00 17875.00 2472.00
20160919  23:32:00 17845.00 17855.00 17845.00 17855.00 494.00
20160919  23:31:00 17850.00 17850.00 17845.00 17845.00 224.00
20160919  23:30:00 17860.00 17865.00 17850.00 17850.00 602.00
20160919  23:29:00 17850.00 17860.00 17850.00 17860.00 870.00
20160919  23:28:00 17835.00 17850.00 17835.00 17850.00 482.00
20160919  23:27:00 17835.00 17840.00 17835.00 17835.00  52.00
20160919  23:26:00 17830.00 17835.00 17830.00 17835.00 200.00
20160919  23:25:00 17835.00 17840.00 17830.00 17830.00 428.00
20160919  23:24:00 17845.00 17845.00 17835.00 17835.00 354.00
20160919  23:23:00 17850.00 17850.00 17840.00 17845.00 112.00
20160919  23:22:00 17845.00 17855.00 17845.00 17845.00 564.00
20160919  23:21:00 17845.00 17855.00 17845.00 17845.00 224.00
20160919  23:20:00 17850.00 17855.00 17845.00 17845.00 300.00
20160919  23:19:00 17845.00 17855.00 17840.00 17850.00 1004.00
20160919  23:18:00 17840.00 17845.00 17840.00 17845.00  22.00
20160919  23:17:00 17845.00 17850.00 17840.00 17840.00 186.00
20160919  23:16:00 17840.00 17850.00 17835.00 17845.00 292.00
20160919  23:15:00 17840.00 17840.00 17840.00 17840.00  18.00
20160919  23:14:00 17840.00 17845.00 17840.00 17840.00 176.00
20160919  23:13:00 17845.00 17850.00 17840.00 17840.00 180.00
20160919  23:12:00 17835.00 17850.00 17835.00 17845.00 366.00
20160919  23:11:00 17845.00 17845.00 17835.00 17835.00 104.00
20160919  23:10:00 17845.00 17850.00 17845.00 17845.00 276.00
20160919  23:09:00 17845.00 17845.00 17840.00 17845.00 180.00
20160919  23:08:00 17830.00 17850.00 17830.00 17850.00 864.00
20160919  23:07:00 17830.00 17835.00 17830.00 17830.00 400.00
20160919  23:06:00 17830.00 17835.00 17830.00 17830.00  46.00
20160919  23:05:00 17830.00 17830.00 17830.00 17830.00 112.00
20160919  23:04:00 17830.00 17830.00 17830.00 17830.00  96.00
20160919  23:03:00 17830.00 17830.00 17830.00 17830.00 102.00
20160919  23:02:00 17825.00 17830.00 17825.00 17830.00  98.00
20160919  23:01:00 17835.00 17835.00 17825.00 17830.00 436.00
20160919  23:00:00 17835.00 17845.00 17835.00 17835.00 712.00
20160919  22:59:00 17830.00 17840.00 17830.00 17835.00 124.00
20160919  22:58:00 17835.00 17835.00 17830.00 17830.00 128.00
20160919  22:57:00 17840.00 17840.00 17835.00 17835.00 236.00
20160919  22:56:00 17835.00 17840.00 17835.00 17840.00  80.00
20160919  22:55:00 17830.00 17840.00 17830.00 17835.00 1148.00
20160919  22:54:00 17825.00 17830.00 17820.00 17830.00 130.00
20160919  22:53:00 17825.00 17825.00 17820.00 17825.00 274.00
20160919  22:52:00 17825.00 17825.00 17825.00 17825.00 142.00
20160919  22:51:00 17825.00 17830.00 17825.00 17825.00  78.00
20160919  22:50:00 17830.00 17830.00 17825.00 17825.00 266.00
20160919  22:49:00 17830.00 17835.00 17830.00 17830.00 498.00
20160919  22:48:00 17835.00 17835.00 17830.00 17830.00 406.00
20160919  22:47:00 17835.00 17845.00 17835.00 17835.00 386.00
20160919  22:46:00 17845.00 17845.00 17835.00 17835.00 514.00
20160919  22:45:00 17840.00 17845.00 17840.00 17845.00 226.00
20160919  22:44:00 17840.00 17845.00 17840.00 17840.00 442.00
20160919  22:43:00 17850.00 17850.00 17835.00 17840.00 494.00
20160919  22:42:00 17850.00 17855.00 17845.00 17845.00 452.00
20160919  22:41:00 17835.00 17855.00 17835.00 17855.00 2258.00
20160919  22:40:00 17835.00 17835.00 17835.00 17835.00 258.00
20160919  22:39:00 17840.00 17840.00 17835.00 17835.00 304.00
20160919  22:38:00 17830.00 17845.00 17830.00 17840.00 1274.00
20160919  22:37:00 17815.00 17830.00 17815.00 17830.00 680.00
20160919  22:36:00 17815.00 17820.00 17810.00 17815.00 388.00
20160919  22:35:00 17825.00 17825.00 17810.00 17810.00 356.00
20160919  22:34:00 17825.00 17825.00 17820.00 17825.00 230.00
20160919  22:33:00 17820.00 17825.00 17820.00 17825.00  68.00
20160919  22:32:00 17825.00 17825.00 17815.00 17820.00 628.00
20160919  22:31:00 17815.00 17825.00 17815.00 17825.00 280.00
20160919  22:30:00 17820.00 17825.00 17815.00 17815.00 676.00
20160919  22:29:00 17820.00 17825.00 17815.00 17820.00 204.00
20160919  22:28:00 17815.00 17820.00 17815.00 17820.00 336.00
20160919  22:27:00 17815.00 17820.00 17815.00 17815.00 184.00
20160919  22:26:00 17820.00 17820.00 17815.00 17815.00 646.00
20160919  22:25:00 17825.00 17825.00 17820.00 17820.00 146.00
20160919  22:24:00 17825.00 17830.00 17825.00 17825.00 110.00
20160919  22:23:00 17835.00 17835.00 17825.00 17825.00 336.00
20160919  22:22:00 17830.00 17835.00 17830.00 17835.00  82.00
20160919  22:21:00 17840.00 17840.00 17830.00 17830.00 682.00
20160919  22:20:00 17840.00 17845.00 17835.00 17840.00 642.00
20160919  22:19:00 17830.00 17840.00 17830.00 17840.00 358.00
20160919  22:18:00 17840.00 17840.00 17825.00 17830.00 452.00
20160919  22:17:00 17825.00 17840.00 17825.00 17840.00 618.00
20160919  22:16:00 17835.00 17835.00 17820.00 17825.00 396.00
20160919  22:15:00 17820.00 17835.00 17820.00 17835.00 764.00
20160919  22:14:00 17820.00 17825.00 17820.00 17820.00 550.00
20160919  22:13:00 17825.00 17825.00 17820.00 17820.00 320.00
20160919  22:12:00 17825.00 17830.00 17820.00 17825.00 482.00
20160919  22:11:00 17825.00 17830.00 17825.00 17830.00 268.00
20160919  22:10:00 17825.00 17830.00 17820.00 17825.00 606.00
20160919  22:09:00 17830.00 17830.00 17825.00 17830.00 268.00
20160919  22:08:00 17820.00 17830.00 17820.00 17825.00 882.00
20160919  22:07:00 17840.00 17845.00 17825.00 17825.00 924.00
20160919  22:06:00 17835.00 17850.00 17830.00 17840.00 1728.00
20160919  22:05:00 17835.00 17835.00 17830.00 17835.00 1328.00
20160919  22:04:00 17840.00 17845.00 17835.00 17835.00 728.00
20160919  22:03:00 17845.00 17845.00 17835.00 17840.00 618.00
20160919  22:02:00 17840.00 17845.00 17840.00 17845.00 392.00
20160919  22:01:00 17830.00 17845.00 17825.00 17840.00 618.00
20160919  22:00:00 17840.00 17850.00 17825.00 17830.00 2096.00
20160919  21:59:00 17840.00 17850.00 17835.00 17840.00 850.00
20160919  21:58:00 17845.00 17850.00 17835.00 17840.00 774.00
20160919  21:57:00 17850.00 17860.00 17840.00 17845.00 1400.00
20160919  21:56:00 17845.00 17855.00 17845.00 17855.00 1510.00
20160919  21:55:00 17845.00 17855.00 17845.00 17845.00 1442.00
20160919  21:54:00 17850.00 17850.00 17840.00 17845.00 984.00
20160919  21:53:00 17850.00 17855.00 17845.00 17845.00 846.00
20160919  21:52:00 17855.00 17860.00 17850.00 17850.00 1760.00
20160919  21:51:00 17845.00 17865.00 17845.00 17860.00 5788.00
20160919  21:50:00 17825.00 17850.00 17825.00 17850.00 1838.00
20160919  21:49:00 17830.00 17835.00 17820.00 17825.00 1574.00
20160919  21:48:00 17815.00 17835.00 17810.00 17825.00 2342.00
20160919  21:47:00 17800.00 17820.00 17795.00 17815.00 2120.00
20160919  21:46:00 17800.00 17805.00 17800.00 17800.00 360.00
20160919  21:45:00 17795.00 17805.00 17795.00 17800.00 1450.00
20160919  21:44:00 17815.00 17815.00 17790.00 17795.00 2110.00
20160919  21:43:00 17820.00 17825.00 17810.00 17810.00 1610.00
20160919  21:42:00 17805.00 17830.00 17805.00 17820.00 2798.00
20160919  21:41:00 17805.00 17820.00 17805.00 17805.00 1420.00
20160919  21:40:00 17800.00 17810.00 17800.00 17800.00 1076.00
20160919  21:39:00 17815.00 17820.00 17800.00 17800.00 1476.00
20160919  21:38:00 17805.00 17820.00 17795.00 17820.00 2222.00
20160919  21:37:00 17815.00 17820.00 17805.00 17805.00 2568.00
20160919  21:36:00 17790.00 17810.00 17790.00 17810.00 4714.00
20160919  21:35:00 17765.00 17795.00 17765.00 17790.00 3752.00
20160919  21:34:00 17755.00 17765.00 17750.00 17765.00 594.00
20160919  21:33:00 17750.00 17760.00 17745.00 17755.00 920.00
20160919  21:32:00 17735.00 17750.00 17730.00 17750.00 1206.00
20160919  21:31:00 17755.00 17755.00 17735.00 17735.00 670.00
20160919  21:30:00 17755.00 17760.00 17750.00 17750.00 1036.00
20160919  21:29:00 17755.00 17760.00 17750.00 17755.00 632.00
20160919  21:28:00 17745.00 17760.00 17745.00 17755.00 1366.00
20160919  21:27:00 17735.00 17750.00 17735.00 17745.00 488.00
20160919  21:26:00 17740.00 17745.00 17735.00 17735.00 700.00
20160919  21:25:00 17740.00 17750.00 17740.00 17740.00 808.00
20160919  21:24:00 17750.00 17750.00 17735.00 17740.00 900.00
20160919  21:23:00 17745.00 17755.00 17745.00 17750.00 988.00
20160919  21:22:00 17755.00 17760.00 17745.00 17745.00 1156.00
20160919  21:21:00 17765.00 17765.00 17755.00 17760.00 930.00
20160919  21:20:00 17755.00 17785.00 17755.00 17765.00 6056.00
20160919  21:19:00 17735.00 17755.00 17730.00 17755.00 2068.00
20160919  21:18:00 17740.00 17745.00 17735.00 17735.00 1774.00
20160919  21:17:00 17750.00 17755.00 17740.00 17740.00 3158.00
20160919  21:16:00 17750.00 17755.00 17740.00 17750.00 2830.00
20160919  21:15:00 17735.00 17760.00 17720.00 17755.00 6752.00
20160919  21:14:00 17705.00 17735.00 17705.00 17735.00 2554.00
20160919  21:13:00 17690.00 17705.00 17685.00 17705.00 3358.00
20160919  21:12:00 17695.00 17695.00 17685.00 17690.00 3160.00
20160919  21:11:00 17720.00 17730.00 17690.00 17695.00 5082.00
20160919  21:10:00 17690.00 17725.00 17685.00 17725.00 7702.00
20160919  21:09:00 17655.00 17690.00 17655.00 17690.00 7150.00
20160919  21:08:00 17650.00 17660.00 17640.00 17660.00 3430.00
20160919  21:07:00 17630.00 17655.00 17625.00 17650.00 2552.00
20160919  21:06:00 17635.00 17640.00 17625.00 17630.00 2356.00
20160919  21:05:00 17600.00 17640.00 17600.00 17640.00 4354.00
20160919  21:04:00 17600.00 17605.00 17590.00 17595.00 1916.00
20160919  21:03:00 17575.00 17615.00 17575.00 17605.00 3636.00
20160919  21:02:00 17590.00 17590.00 17570.00 17570.00 2826.00
20160919  21:01:00 17580.00 17590.00 17575.00 17585.00 3244.00
20160919  21:00:00 17565.00 17595.00 17555.00 17580.00 4698.00
