20161118  15:00:00 20890.00 20890.00 20890.00 20890.00   2.00
20161118  14:59:00 20905.00 20920.00 20890.00 20890.00 4136.00
20161118  14:58:00 20895.00 20920.00 20885.00 20920.00 2770.00
20161118  14:57:00 20890.00 20910.00 20880.00 20900.00 2160.00
20161118  14:56:00 20900.00 20910.00 20890.00 20890.00 1284.00
20161118  14:55:00 20895.00 20910.00 20890.00 20900.00 2144.00
20161118  14:54:00 20900.00 20915.00 20890.00 20900.00 2816.00
20161118  14:53:00 20875.00 20900.00 20870.00 20895.00 1920.00
20161118  14:52:00 20905.00 20905.00 20870.00 20870.00 2340.00
20161118  14:51:00 20845.00 20910.00 20845.00 20900.00 4548.00
20161118  14:50:00 20860.00 20860.00 20840.00 20850.00 1680.00
20161118  14:49:00 20855.00 20865.00 20835.00 20860.00 1742.00
20161118  14:48:00 20865.00 20875.00 20855.00 20855.00 2040.00
20161118  14:47:00 20860.00 20885.00 20855.00 20865.00 2942.00
20161118  14:46:00 20845.00 20880.00 20835.00 20865.00 3540.00
20161118  14:45:00 20835.00 20865.00 20825.00 20840.00 3220.00
20161118  14:44:00 20795.00 20840.00 20795.00 20840.00 2410.00
20161118  14:43:00 20820.00 20820.00 20790.00 20795.00 1152.00
20161118  14:42:00 20800.00 20830.00 20800.00 20815.00 2054.00
20161118  14:41:00 20785.00 20810.00 20785.00 20800.00 1904.00
20161118  14:40:00 20785.00 20795.00 20765.00 20785.00 1530.00
20161118  14:39:00 20800.00 20800.00 20775.00 20790.00 2108.00
20161118  14:38:00 20790.00 20810.00 20790.00 20795.00 1346.00
20161118  14:37:00 20800.00 20810.00 20790.00 20790.00 1316.00
20161118  14:36:00 20795.00 20815.00 20785.00 20800.00 2826.00
20161118  14:35:00 20810.00 20830.00 20800.00 20800.00 2378.00
20161118  14:34:00 20830.00 20830.00 20810.00 20810.00 1800.00
20161118  14:33:00 20835.00 20845.00 20820.00 20825.00 1500.00
20161118  14:32:00 20825.00 20845.00 20810.00 20835.00 3832.00
20161118  14:31:00 20855.00 20855.00 20825.00 20825.00 3058.00
20161118  14:30:00 20830.00 20865.00 20810.00 20860.00 7116.00
20161118  14:29:00 20775.00 20825.00 20755.00 20825.00 5022.00
20161118  14:28:00 20740.00 20780.00 20720.00 20780.00 3516.00
20161118  14:27:00 20730.00 20740.00 20730.00 20740.00 1170.00
20161118  14:26:00 20745.00 20745.00 20725.00 20730.00 1552.00
20161118  14:25:00 20740.00 20750.00 20735.00 20745.00 1532.00
20161118  14:24:00 20745.00 20755.00 20725.00 20740.00 3792.00
20161118  14:23:00 20710.00 20745.00 20700.00 20745.00 4268.00
20161118  14:22:00 20685.00 20715.00 20670.00 20710.00 3162.00
20161118  14:21:00 20645.00 20685.00 20640.00 20685.00 2388.00
20161118  14:20:00 20645.00 20655.00 20635.00 20645.00 622.00
20161118  14:19:00 20655.00 20655.00 20635.00 20645.00 684.00
20161118  14:18:00 20645.00 20655.00 20635.00 20655.00 944.00
20161118  14:17:00 20640.00 20655.00 20635.00 20640.00 1132.00
20161118  14:16:00 20625.00 20645.00 20625.00 20640.00 1844.00
20161118  14:15:00 20610.00 20635.00 20605.00 20625.00 1488.00
20161118  14:14:00 20605.00 20610.00 20600.00 20610.00 1230.00
20161118  14:13:00 20625.00 20625.00 20605.00 20605.00 636.00
20161118  14:12:00 20615.00 20630.00 20610.00 20625.00 1022.00
20161118  14:11:00 20620.00 20625.00 20610.00 20615.00 1542.00
20161118  14:10:00 20615.00 20640.00 20610.00 20620.00 2454.00
20161118  14:09:00 20570.00 20615.00 20570.00 20615.00 2374.00
20161118  14:08:00 20560.00 20575.00 20560.00 20570.00 390.00
20161118  14:07:00 20555.00 20570.00 20555.00 20560.00 480.00
20161118  14:06:00 20565.00 20570.00 20550.00 20555.00 422.00
20161118  14:05:00 20540.00 20565.00 20540.00 20565.00 728.00
20161118  14:04:00 20545.00 20545.00 20535.00 20540.00 596.00
20161118  14:03:00 20540.00 20545.00 20535.00 20545.00 764.00
20161118  14:02:00 20550.00 20560.00 20540.00 20540.00 912.00
20161118  14:01:00 20545.00 20550.00 20540.00 20550.00 366.00
20161118  14:00:00 20560.00 20560.00 20540.00 20540.00 730.00
20161118  13:59:00 20570.00 20570.00 20550.00 20560.00 1270.00
20161118  13:58:00 20540.00 20575.00 20540.00 20575.00 1470.00
20161118  13:57:00 20545.00 20550.00 20530.00 20540.00 1002.00
20161118  13:56:00 20530.00 20555.00 20515.00 20550.00 1440.00
20161118  13:55:00 20530.00 20535.00 20525.00 20530.00 604.00
20161118  13:54:00 20535.00 20540.00 20530.00 20530.00 848.00
20161118  13:53:00 20510.00 20535.00 20505.00 20530.00 1884.00
20161118  13:52:00 20520.00 20520.00 20505.00 20510.00 2136.00
20161118  13:51:00 20525.00 20530.00 20515.00 20520.00 1260.00
20161118  13:50:00 20530.00 20530.00 20520.00 20525.00 1800.00
20161118  13:49:00 20545.00 20545.00 20530.00 20530.00 510.00
20161118  13:48:00 20520.00 20545.00 20515.00 20545.00 1738.00
20161118  13:47:00 20530.00 20530.00 20515.00 20520.00 1416.00
20161118  13:46:00 20525.00 20535.00 20525.00 20530.00 572.00
20161118  13:45:00 20535.00 20535.00 20510.00 20525.00 1058.00
20161118  13:44:00 20520.00 20535.00 20520.00 20535.00 766.00
20161118  13:43:00 20525.00 20530.00 20515.00 20520.00 1694.00
20161118  13:42:00 20545.00 20545.00 20510.00 20525.00 1988.00
20161118  13:41:00 20540.00 20555.00 20530.00 20540.00 1616.00
20161118  13:40:00 20550.00 20550.00 20540.00 20540.00 694.00
20161118  13:39:00 20565.00 20565.00 20550.00 20550.00 430.00
20161118  13:38:00 20545.00 20570.00 20540.00 20565.00 784.00
20161118  13:37:00 20555.00 20560.00 20540.00 20545.00 1212.00
20161118  13:36:00 20545.00 20560.00 20545.00 20555.00 400.00
20161118  13:35:00 20550.00 20555.00 20540.00 20545.00 1140.00
20161118  13:34:00 20570.00 20570.00 20550.00 20550.00 792.00
20161118  13:33:00 20545.00 20575.00 20540.00 20570.00 708.00
20161118  13:32:00 20530.00 20555.00 20530.00 20545.00 1120.00
20161118  13:31:00 20550.00 20550.00 20525.00 20525.00 2086.00
20161118  13:30:00 20570.00 20570.00 20545.00 20545.00 1828.00
20161118  11:29:00 20570.00 20575.00 20565.00 20570.00 426.00
20161118  11:28:00 20560.00 20575.00 20560.00 20570.00 358.00
20161118  11:27:00 20570.00 20570.00 20560.00 20560.00 660.00
20161118  11:26:00 20575.00 20575.00 20565.00 20570.00 548.00
20161118  11:25:00 20570.00 20580.00 20570.00 20575.00 324.00
20161118  11:24:00 20580.00 20580.00 20565.00 20570.00 622.00
20161118  11:23:00 20585.00 20585.00 20575.00 20575.00 322.00
20161118  11:22:00 20585.00 20585.00 20575.00 20585.00 228.00
20161118  11:21:00 20570.00 20580.00 20570.00 20580.00 272.00
20161118  11:20:00 20570.00 20590.00 20570.00 20570.00 1646.00
20161118  11:19:00 20580.00 20590.00 20570.00 20570.00 1190.00
20161118  11:18:00 20595.00 20600.00 20580.00 20580.00 564.00
20161118  11:17:00 20600.00 20605.00 20595.00 20595.00 346.00
20161118  11:16:00 20590.00 20605.00 20585.00 20600.00 424.00
20161118  11:15:00 20595.00 20600.00 20585.00 20590.00 386.00
20161118  11:14:00 20590.00 20600.00 20590.00 20595.00 588.00
20161118  11:13:00 20600.00 20605.00 20585.00 20590.00 720.00
20161118  11:12:00 20610.00 20615.00 20600.00 20605.00 1002.00
20161118  11:11:00 20580.00 20610.00 20575.00 20610.00 1328.00
20161118  11:10:00 20575.00 20585.00 20575.00 20585.00 404.00
20161118  11:09:00 20585.00 20585.00 20570.00 20580.00 730.00
20161118  11:08:00 20590.00 20595.00 20575.00 20585.00 1014.00
20161118  11:07:00 20570.00 20595.00 20565.00 20595.00 1564.00
20161118  11:06:00 20540.00 20565.00 20535.00 20565.00 878.00
20161118  11:05:00 20545.00 20550.00 20535.00 20535.00 750.00
20161118  11:04:00 20545.00 20555.00 20540.00 20545.00 918.00
20161118  11:03:00 20535.00 20545.00 20530.00 20545.00 844.00
20161118  11:02:00 20505.00 20535.00 20505.00 20530.00 1428.00
20161118  11:01:00 20530.00 20530.00 20505.00 20505.00 1870.00
20161118  11:00:00 20540.00 20540.00 20525.00 20525.00 626.00
20161118  10:59:00 20545.00 20550.00 20540.00 20540.00 690.00
20161118  10:58:00 20545.00 20550.00 20540.00 20545.00 200.00
20161118  10:57:00 20540.00 20550.00 20535.00 20545.00 546.00
20161118  10:56:00 20530.00 20540.00 20525.00 20540.00 1246.00
20161118  10:55:00 20535.00 20550.00 20525.00 20530.00 666.00
20161118  10:54:00 20545.00 20545.00 20525.00 20530.00 904.00
20161118  10:53:00 20555.00 20565.00 20540.00 20545.00 686.00
20161118  10:52:00 20555.00 20560.00 20540.00 20555.00 1022.00
20161118  10:51:00 20550.00 20565.00 20550.00 20555.00 592.00
20161118  10:50:00 20570.00 20570.00 20545.00 20545.00 630.00
20161118  10:49:00 20550.00 20570.00 20550.00 20570.00 598.00
20161118  10:48:00 20560.00 20565.00 20550.00 20555.00 652.00
20161118  10:47:00 20560.00 20560.00 20555.00 20560.00 522.00
20161118  10:46:00 20565.00 20570.00 20560.00 20560.00 694.00
20161118  10:45:00 20575.00 20575.00 20565.00 20565.00 504.00
20161118  10:44:00 20565.00 20570.00 20560.00 20570.00 1088.00
20161118  10:43:00 20570.00 20570.00 20560.00 20565.00 464.00
20161118  10:42:00 20565.00 20580.00 20555.00 20575.00 1708.00
20161118  10:41:00 20565.00 20565.00 20555.00 20560.00 748.00
20161118  10:40:00 20555.00 20565.00 20550.00 20565.00 756.00
20161118  10:39:00 20555.00 20560.00 20550.00 20555.00 218.00
20161118  10:38:00 20550.00 20555.00 20545.00 20555.00 422.00
20161118  10:37:00 20560.00 20560.00 20540.00 20550.00 784.00
20161118  10:36:00 20570.00 20575.00 20555.00 20560.00 974.00
20161118  10:35:00 20550.00 20575.00 20540.00 20575.00 1318.00
20161118  10:34:00 20540.00 20555.00 20540.00 20550.00 910.00
20161118  10:33:00 20525.00 20555.00 20525.00 20540.00 1242.00
20161118  10:32:00 20515.00 20530.00 20510.00 20525.00 1146.00
20161118  10:31:00 20490.00 20525.00 20490.00 20520.00 1682.00
20161118  10:30:00 20525.00 20540.00 20490.00 20490.00 3908.00
20161118  10:14:00 20545.00 20550.00 20520.00 20525.00 780.00
20161118  10:13:00 20560.00 20560.00 20545.00 20545.00 324.00
20161118  10:12:00 20565.00 20565.00 20560.00 20560.00 108.00
20161118  10:11:00 20560.00 20565.00 20555.00 20565.00 152.00
20161118  10:10:00 20565.00 20565.00 20555.00 20560.00 322.00
20161118  10:09:00 20565.00 20570.00 20555.00 20565.00 408.00
20161118  10:08:00 20555.00 20570.00 20545.00 20560.00 516.00
20161118  10:07:00 20565.00 20570.00 20550.00 20555.00 574.00
20161118  10:06:00 20545.00 20570.00 20540.00 20565.00 934.00
20161118  10:05:00 20535.00 20550.00 20510.00 20540.00 1732.00
20161118  10:04:00 20530.00 20540.00 20525.00 20535.00 736.00
20161118  10:03:00 20530.00 20535.00 20510.00 20525.00 2778.00
20161118  10:02:00 20560.00 20560.00 20525.00 20530.00 2372.00
20161118  10:01:00 20580.00 20590.00 20560.00 20565.00 910.00
20161118  10:00:00 20595.00 20595.00 20540.00 20575.00 3550.00
20161118  09:59:00 20600.00 20605.00 20590.00 20600.00 1118.00
20161118  09:58:00 20585.00 20610.00 20580.00 20600.00 1458.00
20161118  09:57:00 20605.00 20605.00 20580.00 20585.00 920.00
20161118  09:56:00 20590.00 20605.00 20585.00 20605.00 1148.00
20161118  09:55:00 20580.00 20600.00 20575.00 20595.00 934.00
20161118  09:54:00 20590.00 20595.00 20575.00 20580.00 1944.00
20161118  09:53:00 20600.00 20625.00 20595.00 20595.00 942.00
20161118  09:52:00 20615.00 20625.00 20595.00 20600.00 1450.00
20161118  09:51:00 20595.00 20620.00 20590.00 20615.00 1574.00
20161118  09:50:00 20605.00 20610.00 20590.00 20595.00 1230.00
20161118  09:49:00 20605.00 20610.00 20595.00 20605.00 706.00
20161118  09:48:00 20605.00 20620.00 20595.00 20605.00 830.00
20161118  09:47:00 20600.00 20630.00 20590.00 20605.00 1154.00
20161118  09:46:00 20610.00 20620.00 20595.00 20595.00 1024.00
20161118  09:45:00 20620.00 20625.00 20595.00 20610.00 2328.00
20161118  09:44:00 20645.00 20645.00 20620.00 20620.00 590.00
20161118  09:43:00 20635.00 20650.00 20630.00 20645.00 958.00
20161118  09:42:00 20640.00 20640.00 20615.00 20635.00 560.00
20161118  09:41:00 20625.00 20645.00 20615.00 20640.00 1820.00
20161118  09:40:00 20645.00 20650.00 20625.00 20630.00 2188.00
20161118  09:39:00 20645.00 20650.00 20630.00 20645.00 994.00
20161118  09:38:00 20680.00 20680.00 20645.00 20650.00 998.00
20161118  09:37:00 20670.00 20680.00 20670.00 20675.00 406.00
20161118  09:36:00 20675.00 20680.00 20665.00 20675.00 278.00
20161118  09:35:00 20695.00 20700.00 20675.00 20675.00 484.00
20161118  09:34:00 20690.00 20695.00 20680.00 20685.00 736.00
20161118  09:33:00 20675.00 20690.00 20675.00 20690.00 278.00
20161118  09:32:00 20675.00 20690.00 20665.00 20675.00 710.00
20161118  09:31:00 20645.00 20675.00 20645.00 20675.00 1128.00
20161118  09:30:00 20640.00 20650.00 20635.00 20650.00 600.00
20161118  09:29:00 20620.00 20655.00 20615.00 20640.00 2100.00
20161118  09:28:00 20660.00 20660.00 20620.00 20620.00 1382.00
20161118  09:27:00 20670.00 20670.00 20640.00 20655.00 1234.00
20161118  09:26:00 20680.00 20680.00 20660.00 20675.00 448.00
20161118  09:25:00 20680.00 20680.00 20670.00 20675.00 308.00
20161118  09:24:00 20685.00 20690.00 20655.00 20680.00 1154.00
20161118  09:23:00 20685.00 20705.00 20685.00 20685.00 480.00
20161118  09:22:00 20690.00 20695.00 20675.00 20685.00 338.00
20161118  09:21:00 20685.00 20695.00 20680.00 20690.00 292.00
20161118  09:20:00 20720.00 20720.00 20680.00 20685.00 742.00
20161118  09:19:00 20695.00 20725.00 20695.00 20720.00 876.00
20161118  09:18:00 20680.00 20710.00 20675.00 20695.00 702.00
20161118  09:17:00 20695.00 20695.00 20675.00 20675.00 378.00
20161118  09:16:00 20710.00 20720.00 20695.00 20700.00 434.00
20161118  09:15:00 20710.00 20715.00 20690.00 20710.00 754.00
20161118  09:14:00 20700.00 20730.00 20700.00 20710.00 1218.00
20161118  09:13:00 20690.00 20705.00 20685.00 20700.00 538.00
20161118  09:12:00 20690.00 20700.00 20675.00 20690.00 742.00
20161118  09:11:00 20670.00 20695.00 20665.00 20685.00 1222.00
20161118  09:10:00 20650.00 20675.00 20635.00 20670.00 936.00
20161118  09:09:00 20675.00 20680.00 20650.00 20650.00 770.00
20161118  09:08:00 20660.00 20675.00 20635.00 20675.00 1420.00
20161118  09:07:00 20680.00 20680.00 20645.00 20660.00 1302.00
20161118  09:06:00 20690.00 20690.00 20675.00 20680.00 788.00
20161118  09:05:00 20690.00 20695.00 20665.00 20685.00 1412.00
20161118  09:04:00 20670.00 20725.00 20670.00 20685.00 1750.00
20161118  09:03:00 20630.00 20700.00 20610.00 20670.00 3122.00
20161118  09:02:00 20685.00 20685.00 20630.00 20635.00 2588.00
20161118  09:01:00 20705.00 20705.00 20670.00 20680.00 1774.00
20161118  09:00:00 20700.00 20750.00 20700.00 20710.00 3598.00
20161118  00:59:00 20730.00 20740.00 20725.00 20735.00 858.00
20161118  00:58:00 20730.00 20745.00 20730.00 20740.00 798.00
20161118  00:57:00 20730.00 20735.00 20725.00 20735.00 542.00
20161118  00:56:00 20725.00 20740.00 20725.00 20725.00 646.00
20161118  00:55:00 20725.00 20740.00 20725.00 20725.00 456.00
20161118  00:54:00 20740.00 20745.00 20730.00 20735.00 356.00
20161118  00:53:00 20735.00 20750.00 20730.00 20735.00 360.00
20161118  00:52:00 20735.00 20735.00 20725.00 20730.00 194.00
20161118  00:51:00 20720.00 20735.00 20720.00 20730.00 342.00
20161118  00:50:00 20735.00 20755.00 20720.00 20720.00 1326.00
20161118  00:49:00 20690.00 20800.00 20685.00 20750.00 2082.00
20161118  00:48:00 20680.00 20700.00 20680.00 20690.00 522.00
20161118  00:47:00 20675.00 20690.00 20665.00 20680.00 794.00
20161118  00:46:00 20655.00 20700.00 20655.00 20680.00 1266.00
20161118  00:45:00 20690.00 20695.00 20635.00 20650.00 2186.00
20161118  00:44:00 20715.00 20725.00 20680.00 20690.00 1702.00
20161118  00:43:00 20750.00 20755.00 20700.00 20715.00 1950.00
20161118  00:42:00 20755.00 20760.00 20750.00 20750.00 154.00
20161118  00:41:00 20765.00 20765.00 20745.00 20755.00 310.00
20161118  00:40:00 20755.00 20775.00 20755.00 20765.00 1510.00
20161118  00:39:00 20745.00 20755.00 20740.00 20755.00 362.00
20161118  00:38:00 20745.00 20750.00 20735.00 20745.00 474.00
20161118  00:37:00 20745.00 20755.00 20745.00 20750.00 120.00
20161118  00:36:00 20755.00 20755.00 20745.00 20750.00 182.00
20161118  00:35:00 20750.00 20760.00 20750.00 20755.00 226.00
20161118  00:34:00 20765.00 20765.00 20750.00 20755.00 418.00
20161118  00:33:00 20755.00 20765.00 20755.00 20765.00 290.00
20161118  00:32:00 20760.00 20765.00 20750.00 20755.00 226.00
20161118  00:31:00 20745.00 20760.00 20735.00 20760.00 1212.00
20161118  00:30:00 20745.00 20755.00 20735.00 20735.00 820.00
20161118  00:29:00 20745.00 20750.00 20745.00 20745.00 558.00
20161118  00:28:00 20760.00 20760.00 20740.00 20745.00 832.00
20161118  00:27:00 20750.00 20765.00 20750.00 20760.00 390.00
20161118  00:26:00 20760.00 20760.00 20755.00 20755.00 222.00
20161118  00:25:00 20760.00 20765.00 20750.00 20760.00 470.00
20161118  00:24:00 20760.00 20770.00 20760.00 20765.00 448.00
20161118  00:23:00 20750.00 20770.00 20750.00 20760.00 398.00
20161118  00:22:00 20765.00 20765.00 20750.00 20750.00 192.00
20161118  00:21:00 20745.00 20765.00 20745.00 20765.00 300.00
20161118  00:20:00 20750.00 20760.00 20745.00 20745.00 334.00
20161118  00:19:00 20750.00 20760.00 20745.00 20750.00 526.00
20161118  00:18:00 20765.00 20765.00 20745.00 20750.00 544.00
20161118  00:17:00 20760.00 20770.00 20750.00 20765.00 506.00
20161118  00:16:00 20780.00 20785.00 20760.00 20760.00 490.00
20161118  00:15:00 20760.00 20785.00 20760.00 20780.00 938.00
20161118  00:14:00 20760.00 20765.00 20755.00 20760.00 642.00
20161118  00:13:00 20780.00 20780.00 20750.00 20760.00 1062.00
20161118  00:12:00 20775.00 20785.00 20775.00 20775.00 946.00
20161118  00:11:00 20790.00 20795.00 20775.00 20775.00 746.00
20161118  00:10:00 20790.00 20795.00 20780.00 20790.00 1186.00
20161118  00:09:00 20770.00 20800.00 20770.00 20795.00 2442.00
20161118  00:08:00 20750.00 20770.00 20750.00 20770.00 818.00
20161118  00:07:00 20740.00 20750.00 20735.00 20750.00 750.00
20161118  00:06:00 20760.00 20760.00 20735.00 20740.00 870.00
20161118  00:05:00 20765.00 20770.00 20745.00 20755.00 918.00
20161118  00:04:00 20765.00 20780.00 20760.00 20770.00 1940.00
20161118  00:03:00 20745.00 20765.00 20735.00 20760.00 1596.00
20161118  00:02:00 20730.00 20745.00 20725.00 20745.00 938.00
20161118  00:01:00 20730.00 20730.00 20715.00 20730.00 1190.00
20161118  00:00:00 20745.00 20745.00 20730.00 20730.00 978.00
20161117  23:59:00 20745.00 20750.00 20725.00 20745.00 1274.00
20161117  23:58:00 20710.00 20755.00 20710.00 20740.00 2470.00
20161117  23:57:00 20720.00 20720.00 20700.00 20705.00 974.00
20161117  23:56:00 20690.00 20720.00 20685.00 20720.00 1364.00
20161117  23:55:00 20675.00 20695.00 20675.00 20690.00 942.00
20161117  23:54:00 20675.00 20680.00 20665.00 20670.00 576.00
20161117  23:53:00 20685.00 20690.00 20675.00 20675.00 534.00
20161117  23:52:00 20680.00 20685.00 20670.00 20680.00 1352.00
20161117  23:51:00 20695.00 20700.00 20680.00 20685.00 844.00
20161117  23:50:00 20665.00 20715.00 20660.00 20700.00 2642.00
20161117  23:49:00 20650.00 20665.00 20650.00 20665.00 1556.00
20161117  23:48:00 20675.00 20690.00 20650.00 20650.00 2114.00
20161117  23:47:00 20660.00 20675.00 20650.00 20675.00 894.00
20161117  23:46:00 20645.00 20665.00 20645.00 20660.00 1106.00
20161117  23:45:00 20645.00 20645.00 20635.00 20640.00 496.00
20161117  23:44:00 20655.00 20655.00 20640.00 20645.00 1010.00
20161117  23:43:00 20610.00 20660.00 20605.00 20655.00 3422.00
20161117  23:42:00 20600.00 20610.00 20595.00 20610.00 276.00
20161117  23:41:00 20600.00 20605.00 20595.00 20600.00 292.00
20161117  23:40:00 20595.00 20610.00 20590.00 20600.00 590.00
20161117  23:39:00 20595.00 20600.00 20580.00 20595.00 840.00
20161117  23:38:00 20605.00 20610.00 20595.00 20595.00 372.00
20161117  23:37:00 20615.00 20615.00 20600.00 20610.00 622.00
20161117  23:36:00 20605.00 20615.00 20600.00 20610.00 750.00
20161117  23:35:00 20615.00 20615.00 20595.00 20600.00 1082.00
20161117  23:34:00 20615.00 20625.00 20610.00 20615.00 812.00
20161117  23:33:00 20600.00 20620.00 20600.00 20615.00 1522.00
20161117  23:32:00 20570.00 20600.00 20565.00 20595.00 1530.00
20161117  23:31:00 20580.00 20595.00 20565.00 20570.00 2088.00
20161117  23:30:00 20610.00 20610.00 20575.00 20585.00 2004.00
20161117  23:29:00 20610.00 20610.00 20595.00 20610.00 1088.00
20161117  23:28:00 20615.00 20615.00 20595.00 20610.00 1544.00
20161117  23:27:00 20615.00 20625.00 20605.00 20615.00 1422.00
20161117  23:26:00 20590.00 20615.00 20580.00 20615.00 2164.00
20161117  23:25:00 20570.00 20595.00 20570.00 20590.00 1344.00
20161117  23:24:00 20560.00 20590.00 20560.00 20575.00 2388.00
20161117  23:23:00 20545.00 20565.00 20540.00 20560.00 2958.00
20161117  23:22:00 20545.00 20555.00 20540.00 20545.00 1270.00
20161117  23:21:00 20545.00 20555.00 20540.00 20550.00 1406.00
20161117  23:20:00 20550.00 20550.00 20520.00 20545.00 2428.00
20161117  23:19:00 20565.00 20570.00 20545.00 20555.00 3050.00
20161117  23:18:00 20635.00 20640.00 20545.00 20560.00 4224.00
20161117  23:17:00 20620.00 20645.00 20620.00 20635.00 1126.00
20161117  23:16:00 20665.00 20665.00 20620.00 20620.00 1982.00
20161117  23:15:00 20685.00 20685.00 20650.00 20665.00 2058.00
20161117  23:14:00 20700.00 20705.00 20680.00 20680.00 458.00
20161117  23:13:00 20705.00 20710.00 20695.00 20700.00 284.00
20161117  23:12:00 20695.00 20715.00 20695.00 20710.00 502.00
20161117  23:11:00 20710.00 20715.00 20695.00 20695.00 586.00
20161117  23:10:00 20705.00 20715.00 20700.00 20710.00 276.00
20161117  23:09:00 20725.00 20725.00 20705.00 20710.00 592.00
20161117  23:08:00 20705.00 20725.00 20705.00 20725.00 920.00
20161117  23:07:00 20700.00 20710.00 20695.00 20705.00 250.00
20161117  23:06:00 20710.00 20710.00 20695.00 20700.00 250.00
20161117  23:05:00 20705.00 20710.00 20700.00 20710.00 452.00
20161117  23:04:00 20685.00 20705.00 20685.00 20705.00 492.00
20161117  23:03:00 20690.00 20690.00 20675.00 20685.00 884.00
20161117  23:02:00 20700.00 20705.00 20685.00 20690.00 444.00
20161117  23:01:00 20710.00 20715.00 20685.00 20700.00 814.00
20161117  23:00:00 20705.00 20720.00 20700.00 20710.00 520.00
20161117  22:59:00 20710.00 20710.00 20700.00 20705.00 378.00
20161117  22:58:00 20705.00 20715.00 20700.00 20715.00 552.00
20161117  22:57:00 20690.00 20705.00 20690.00 20700.00 552.00
20161117  22:56:00 20710.00 20710.00 20680.00 20690.00 886.00
20161117  22:55:00 20700.00 20720.00 20700.00 20710.00 1430.00
20161117  22:54:00 20705.00 20705.00 20690.00 20700.00 502.00
20161117  22:53:00 20685.00 20725.00 20675.00 20705.00 2472.00
20161117  22:52:00 20705.00 20715.00 20685.00 20685.00 1708.00
20161117  22:51:00 20700.00 20735.00 20700.00 20710.00 1250.00
20161117  22:50:00 20750.00 20755.00 20695.00 20710.00 2160.00
20161117  22:49:00 20745.00 20750.00 20735.00 20750.00 586.00
20161117  22:48:00 20745.00 20750.00 20740.00 20745.00 472.00
20161117  22:47:00 20735.00 20755.00 20735.00 20745.00 650.00
20161117  22:46:00 20780.00 20780.00 20725.00 20730.00 1134.00
20161117  22:45:00 20755.00 20780.00 20755.00 20780.00 602.00
20161117  22:44:00 20765.00 20775.00 20755.00 20755.00 672.00
20161117  22:43:00 20775.00 20775.00 20765.00 20765.00 136.00
20161117  22:42:00 20770.00 20780.00 20765.00 20770.00 580.00
20161117  22:41:00 20765.00 20775.00 20760.00 20770.00 720.00
20161117  22:40:00 20750.00 20775.00 20750.00 20765.00 1038.00
20161117  22:39:00 20765.00 20765.00 20740.00 20750.00 632.00
20161117  22:38:00 20765.00 20765.00 20740.00 20765.00 694.00
20161117  22:37:00 20745.00 20765.00 20745.00 20765.00 528.00
20161117  22:36:00 20775.00 20780.00 20740.00 20750.00 928.00
20161117  22:35:00 20795.00 20795.00 20770.00 20775.00 676.00
20161117  22:34:00 20780.00 20800.00 20770.00 20795.00 1746.00
20161117  22:33:00 20745.00 20785.00 20740.00 20785.00 1262.00
20161117  22:32:00 20730.00 20745.00 20730.00 20745.00 578.00
20161117  22:31:00 20730.00 20745.00 20720.00 20735.00 842.00
20161117  22:30:00 20760.00 20765.00 20725.00 20730.00 924.00
20161117  22:29:00 20765.00 20770.00 20755.00 20760.00 474.00
20161117  22:28:00 20755.00 20780.00 20755.00 20765.00 784.00
20161117  22:27:00 20770.00 20770.00 20755.00 20760.00 398.00
20161117  22:26:00 20755.00 20770.00 20755.00 20770.00 444.00
20161117  22:25:00 20765.00 20775.00 20750.00 20755.00 670.00
20161117  22:24:00 20730.00 20770.00 20730.00 20770.00 834.00
20161117  22:23:00 20745.00 20745.00 20725.00 20730.00 674.00
20161117  22:22:00 20725.00 20745.00 20725.00 20745.00 568.00
20161117  22:21:00 20710.00 20735.00 20710.00 20730.00 1568.00
20161117  22:20:00 20740.00 20740.00 20710.00 20715.00 1810.00
20161117  22:19:00 20750.00 20760.00 20735.00 20740.00 912.00
20161117  22:18:00 20770.00 20775.00 20750.00 20750.00 958.00
20161117  22:17:00 20750.00 20780.00 20750.00 20770.00 916.00
20161117  22:16:00 20785.00 20785.00 20745.00 20750.00 1776.00
20161117  22:15:00 20775.00 20785.00 20770.00 20785.00 734.00
20161117  22:14:00 20770.00 20775.00 20755.00 20775.00 1132.00
20161117  22:13:00 20790.00 20795.00 20760.00 20770.00 1620.00
20161117  22:12:00 20795.00 20800.00 20780.00 20790.00 1526.00
20161117  22:11:00 20785.00 20795.00 20775.00 20795.00 1994.00
20161117  22:10:00 20785.00 20795.00 20780.00 20785.00 2330.00
20161117  22:09:00 20755.00 20790.00 20750.00 20790.00 2764.00
20161117  22:08:00 20765.00 20770.00 20745.00 20755.00 1374.00
20161117  22:07:00 20755.00 20770.00 20735.00 20765.00 1840.00
20161117  22:06:00 20735.00 20755.00 20730.00 20755.00 2106.00
20161117  22:05:00 20685.00 20750.00 20685.00 20735.00 2210.00
20161117  22:04:00 20695.00 20700.00 20680.00 20685.00 1064.00
20161117  22:03:00 20710.00 20710.00 20685.00 20695.00 1240.00
20161117  22:02:00 20710.00 20720.00 20700.00 20705.00 944.00
20161117  22:01:00 20660.00 20725.00 20660.00 20710.00 2132.00
20161117  22:00:00 20660.00 20675.00 20645.00 20660.00 1230.00
20161117  21:59:00 20685.00 20685.00 20660.00 20660.00 1264.00
20161117  21:58:00 20665.00 20685.00 20665.00 20685.00 564.00
20161117  21:57:00 20680.00 20685.00 20665.00 20665.00 1362.00
20161117  21:56:00 20675.00 20685.00 20665.00 20680.00 440.00
20161117  21:55:00 20680.00 20690.00 20660.00 20675.00 782.00
20161117  21:54:00 20675.00 20680.00 20670.00 20680.00 258.00
20161117  21:53:00 20660.00 20680.00 20660.00 20675.00 716.00
20161117  21:52:00 20655.00 20670.00 20655.00 20660.00 740.00
20161117  21:51:00 20625.00 20655.00 20625.00 20655.00 780.00
20161117  21:50:00 20635.00 20650.00 20615.00 20625.00 756.00
20161117  21:49:00 20650.00 20650.00 20630.00 20635.00 482.00
20161117  21:48:00 20645.00 20650.00 20630.00 20650.00 1622.00
20161117  21:47:00 20625.00 20660.00 20620.00 20640.00 1232.00
20161117  21:46:00 20665.00 20670.00 20625.00 20625.00 1462.00
20161117  21:45:00 20655.00 20680.00 20650.00 20665.00 620.00
20161117  21:44:00 20670.00 20675.00 20650.00 20655.00 868.00
20161117  21:43:00 20675.00 20690.00 20670.00 20670.00 478.00
20161117  21:42:00 20700.00 20700.00 20675.00 20675.00 748.00
20161117  21:41:00 20645.00 20700.00 20645.00 20700.00 1402.00
20161117  21:40:00 20670.00 20670.00 20635.00 20645.00 834.00
20161117  21:39:00 20670.00 20675.00 20665.00 20670.00 672.00
20161117  21:38:00 20655.00 20685.00 20650.00 20675.00 1542.00
20161117  21:37:00 20650.00 20660.00 20630.00 20650.00 1366.00
20161117  21:36:00 20645.00 20650.00 20620.00 20650.00 1438.00
20161117  21:35:00 20670.00 20670.00 20630.00 20640.00 844.00
20161117  21:34:00 20645.00 20670.00 20630.00 20670.00 2018.00
20161117  21:33:00 20595.00 20660.00 20595.00 20645.00 3750.00
20161117  21:32:00 20675.00 20675.00 20570.00 20600.00 5234.00
20161117  21:31:00 20680.00 20705.00 20655.00 20675.00 2152.00
20161117  21:30:00 20725.00 20735.00 20670.00 20680.00 2704.00
20161117  21:29:00 20735.00 20750.00 20720.00 20725.00 1002.00
20161117  21:28:00 20750.00 20755.00 20730.00 20735.00 1962.00
20161117  21:27:00 20765.00 20775.00 20745.00 20750.00 3614.00
20161117  21:26:00 20790.00 20790.00 20770.00 20775.00 1016.00
20161117  21:25:00 20800.00 20800.00 20785.00 20790.00 1904.00
20161117  21:24:00 20785.00 20805.00 20755.00 20800.00 3384.00
20161117  21:23:00 20785.00 20805.00 20780.00 20785.00 1082.00
20161117  21:22:00 20775.00 20785.00 20765.00 20785.00 1492.00
20161117  21:21:00 20815.00 20820.00 20765.00 20775.00 1768.00
20161117  21:20:00 20810.00 20820.00 20795.00 20815.00 2196.00
20161117  21:19:00 20805.00 20825.00 20805.00 20810.00 2612.00
20161117  21:18:00 20815.00 20820.00 20795.00 20805.00 2420.00
20161117  21:17:00 20805.00 20820.00 20790.00 20815.00 3758.00
20161117  21:16:00 20755.00 20830.00 20755.00 20810.00 3594.00
20161117  21:15:00 20720.00 20760.00 20715.00 20755.00 2916.00
20161117  21:14:00 20790.00 20790.00 20725.00 20725.00 3990.00
20161117  21:13:00 20775.00 20810.00 20770.00 20790.00 5024.00
20161117  21:12:00 20665.00 20775.00 20665.00 20770.00 4520.00
20161117  21:11:00 20645.00 20665.00 20635.00 20665.00 1068.00
20161117  21:10:00 20670.00 20685.00 20620.00 20645.00 2292.00
20161117  21:09:00 20645.00 20680.00 20635.00 20680.00 980.00
20161117  21:08:00 20675.00 20675.00 20630.00 20640.00 2156.00
20161117  21:07:00 20680.00 20695.00 20665.00 20675.00 986.00
20161117  21:06:00 20650.00 20685.00 20650.00 20675.00 1586.00
20161117  21:05:00 20665.00 20690.00 20650.00 20650.00 1470.00
20161117  21:04:00 20705.00 20720.00 20655.00 20660.00 1762.00
20161117  21:03:00 20720.00 20735.00 20685.00 20700.00 2948.00
20161117  21:02:00 20670.00 20720.00 20640.00 20705.00 2638.00
20161117  21:01:00 20615.00 20665.00 20610.00 20660.00 1894.00
20161117  21:00:00 20625.00 20660.00 20610.00 20615.00 3150.00
