20161010  15:00:00 18360.00 18360.00 18360.00 18360.00  16.00
20161010  14:59:00 18385.00 18390.00 18365.00 18365.00 1120.00
20161010  14:58:00 18395.00 18400.00 18385.00 18385.00 936.00
20161010  14:57:00 18405.00 18405.00 18395.00 18395.00 1020.00
20161010  14:56:00 18415.00 18420.00 18400.00 18405.00 1606.00
20161010  14:55:00 18440.00 18440.00 18410.00 18415.00 926.00
20161010  14:54:00 18430.00 18440.00 18430.00 18440.00 424.00
20161010  14:53:00 18440.00 18445.00 18430.00 18430.00 554.00
20161010  14:52:00 18455.00 18455.00 18440.00 18445.00 720.00
20161010  14:51:00 18440.00 18455.00 18440.00 18450.00 994.00
20161010  14:50:00 18455.00 18460.00 18440.00 18440.00 558.00
20161010  14:49:00 18450.00 18460.00 18450.00 18450.00 690.00
20161010  14:48:00 18445.00 18460.00 18445.00 18450.00 374.00
20161010  14:47:00 18450.00 18460.00 18445.00 18445.00 420.00
20161010  14:46:00 18450.00 18460.00 18440.00 18445.00 344.00
20161010  14:45:00 18460.00 18470.00 18450.00 18450.00 984.00
20161010  14:44:00 18440.00 18460.00 18440.00 18460.00 422.00
20161010  14:43:00 18425.00 18445.00 18425.00 18440.00 676.00
20161010  14:42:00 18440.00 18460.00 18430.00 18430.00 1638.00
20161010  14:41:00 18425.00 18445.00 18425.00 18440.00 738.00
20161010  14:40:00 18425.00 18430.00 18420.00 18425.00 506.00
20161010  14:39:00 18405.00 18425.00 18400.00 18425.00 416.00
20161010  14:38:00 18405.00 18410.00 18400.00 18400.00 214.00
20161010  14:37:00 18400.00 18410.00 18400.00 18405.00 618.00
20161010  14:36:00 18415.00 18415.00 18395.00 18400.00 752.00
20161010  14:35:00 18395.00 18425.00 18395.00 18415.00 824.00
20161010  14:34:00 18385.00 18405.00 18385.00 18395.00 680.00
20161010  14:33:00 18385.00 18390.00 18380.00 18385.00 226.00
20161010  14:32:00 18380.00 18385.00 18380.00 18385.00 126.00
20161010  14:31:00 18385.00 18385.00 18380.00 18380.00  88.00
20161010  14:30:00 18385.00 18390.00 18380.00 18385.00 318.00
20161010  14:29:00 18390.00 18390.00 18385.00 18385.00 180.00
20161010  14:28:00 18395.00 18400.00 18385.00 18390.00 194.00
20161010  14:27:00 18385.00 18405.00 18385.00 18395.00 450.00
20161010  14:26:00 18380.00 18385.00 18375.00 18380.00 216.00
20161010  14:25:00 18385.00 18385.00 18375.00 18380.00 184.00
20161010  14:24:00 18375.00 18385.00 18375.00 18380.00 400.00
20161010  14:23:00 18365.00 18370.00 18365.00 18370.00  54.00
20161010  14:22:00 18370.00 18370.00 18365.00 18365.00 328.00
20161010  14:21:00 18360.00 18370.00 18360.00 18370.00 372.00
20161010  14:20:00 18405.00 18410.00 18355.00 18365.00 1130.00
20161010  14:19:00 18405.00 18420.00 18400.00 18405.00 1150.00
20161010  14:18:00 18390.00 18405.00 18390.00 18400.00 604.00
20161010  14:17:00 18400.00 18405.00 18380.00 18390.00 822.00
20161010  14:16:00 18380.00 18405.00 18380.00 18400.00 1234.00
20161010  14:15:00 18370.00 18385.00 18365.00 18385.00 708.00
20161010  14:14:00 18355.00 18375.00 18355.00 18370.00 460.00
20161010  14:13:00 18355.00 18355.00 18355.00 18355.00  82.00
20161010  14:12:00 18355.00 18355.00 18355.00 18355.00 178.00
20161010  14:11:00 18350.00 18365.00 18350.00 18355.00 340.00
20161010  14:10:00 18345.00 18355.00 18345.00 18350.00 258.00
20161010  14:09:00 18340.00 18350.00 18340.00 18350.00 334.00
20161010  14:08:00 18355.00 18360.00 18340.00 18340.00 932.00
20161010  14:07:00 18360.00 18360.00 18355.00 18355.00  68.00
20161010  14:06:00 18360.00 18360.00 18355.00 18360.00  64.00
20161010  14:05:00 18360.00 18370.00 18355.00 18355.00 274.00
20161010  14:04:00 18360.00 18365.00 18360.00 18360.00 102.00
20161010  14:03:00 18355.00 18360.00 18355.00 18360.00 176.00
20161010  14:02:00 18355.00 18360.00 18355.00 18355.00 104.00
20161010  14:01:00 18360.00 18360.00 18355.00 18355.00 252.00
20161010  14:00:00 18375.00 18375.00 18360.00 18360.00 330.00
20161010  13:59:00 18365.00 18380.00 18365.00 18375.00 314.00
20161010  13:58:00 18360.00 18370.00 18360.00 18365.00 586.00
20161010  13:57:00 18360.00 18360.00 18355.00 18360.00 102.00
20161010  13:56:00 18355.00 18360.00 18355.00 18360.00 272.00
20161010  13:55:00 18355.00 18355.00 18355.00 18355.00  80.00
20161010  13:54:00 18360.00 18360.00 18355.00 18355.00  86.00
20161010  13:53:00 18360.00 18360.00 18350.00 18355.00 202.00
20161010  13:52:00 18355.00 18360.00 18355.00 18360.00  34.00
20161010  13:51:00 18355.00 18355.00 18350.00 18355.00  34.00
20161010  13:50:00 18355.00 18355.00 18355.00 18355.00 100.00
20161010  13:49:00 18355.00 18360.00 18350.00 18355.00 150.00
20161010  13:48:00 18360.00 18360.00 18350.00 18355.00 286.00
20161010  13:47:00 18355.00 18360.00 18355.00 18360.00 108.00
20161010  13:46:00 18360.00 18360.00 18355.00 18355.00  86.00
20161010  13:45:00 18355.00 18365.00 18355.00 18360.00 232.00
20161010  13:44:00 18360.00 18360.00 18350.00 18355.00 190.00
20161010  13:43:00 18355.00 18360.00 18355.00 18360.00 190.00
20161010  13:42:00 18360.00 18360.00 18350.00 18355.00  96.00
20161010  13:41:00 18350.00 18360.00 18350.00 18360.00 428.00
20161010  13:40:00 18350.00 18355.00 18350.00 18355.00  96.00
20161010  13:39:00 18340.00 18355.00 18340.00 18350.00 320.00
20161010  13:38:00 18385.00 18390.00 18340.00 18340.00 1448.00
20161010  13:37:00 18375.00 18385.00 18375.00 18385.00 204.00
20161010  13:36:00 18370.00 18380.00 18370.00 18375.00 468.00
20161010  13:35:00 18355.00 18370.00 18350.00 18370.00 280.00
20161010  13:34:00 18355.00 18355.00 18350.00 18355.00 310.00
20161010  13:33:00 18345.00 18350.00 18345.00 18350.00 440.00
20161010  13:32:00 18355.00 18355.00 18340.00 18345.00 484.00
20161010  13:31:00 18350.00 18360.00 18350.00 18350.00 488.00
20161010  13:30:00 18360.00 18365.00 18345.00 18350.00 832.00
20161010  11:29:00 18380.00 18380.00 18360.00 18365.00 788.00
20161010  11:28:00 18380.00 18385.00 18380.00 18380.00 558.00
20161010  11:27:00 18380.00 18385.00 18375.00 18385.00 388.00
20161010  11:26:00 18380.00 18385.00 18375.00 18380.00 104.00
20161010  11:25:00 18380.00 18390.00 18370.00 18380.00 378.00
20161010  11:24:00 18380.00 18380.00 18370.00 18375.00 280.00
20161010  11:23:00 18385.00 18385.00 18375.00 18380.00 246.00
20161010  11:22:00 18380.00 18385.00 18375.00 18380.00 222.00
20161010  11:21:00 18385.00 18385.00 18375.00 18380.00 204.00
20161010  11:20:00 18385.00 18385.00 18375.00 18385.00 440.00
20161010  11:19:00 18380.00 18385.00 18375.00 18385.00 472.00
20161010  11:18:00 18365.00 18380.00 18365.00 18375.00 334.00
20161010  11:17:00 18365.00 18365.00 18350.00 18365.00 736.00
20161010  11:16:00 18365.00 18370.00 18360.00 18360.00 188.00
20161010  11:15:00 18365.00 18365.00 18355.00 18360.00 148.00
20161010  11:14:00 18365.00 18365.00 18355.00 18365.00  74.00
20161010  11:13:00 18370.00 18375.00 18360.00 18365.00 418.00
20161010  11:12:00 18365.00 18375.00 18360.00 18370.00 374.00
20161010  11:11:00 18360.00 18365.00 18360.00 18360.00 246.00
20161010  11:10:00 18360.00 18360.00 18355.00 18360.00 176.00
20161010  11:09:00 18350.00 18365.00 18350.00 18360.00 540.00
20161010  11:08:00 18350.00 18355.00 18345.00 18350.00 102.00
20161010  11:07:00 18350.00 18355.00 18350.00 18350.00 170.00
20161010  11:06:00 18350.00 18355.00 18350.00 18355.00 392.00
20161010  11:05:00 18355.00 18355.00 18345.00 18350.00 484.00
20161010  11:04:00 18355.00 18355.00 18350.00 18350.00  86.00
20161010  11:03:00 18350.00 18355.00 18350.00 18355.00  56.00
20161010  11:02:00 18350.00 18360.00 18350.00 18350.00 306.00
20161010  11:01:00 18350.00 18355.00 18345.00 18345.00 204.00
20161010  11:00:00 18365.00 18365.00 18350.00 18350.00 560.00
20161010  10:59:00 18370.00 18370.00 18365.00 18365.00 148.00
20161010  10:58:00 18375.00 18380.00 18370.00 18370.00 736.00
20161010  10:57:00 18370.00 18375.00 18360.00 18375.00 718.00
20161010  10:56:00 18360.00 18370.00 18355.00 18370.00 426.00
20161010  10:55:00 18360.00 18370.00 18355.00 18360.00 488.00
20161010  10:54:00 18370.00 18370.00 18355.00 18360.00 548.00
20161010  10:53:00 18365.00 18370.00 18360.00 18370.00 168.00
20161010  10:52:00 18355.00 18365.00 18355.00 18365.00 550.00
20161010  10:51:00 18350.00 18355.00 18350.00 18355.00 190.00
20161010  10:50:00 18355.00 18360.00 18345.00 18345.00 270.00
20161010  10:49:00 18355.00 18360.00 18350.00 18355.00 378.00
20161010  10:48:00 18345.00 18355.00 18345.00 18355.00 220.00
20161010  10:47:00 18345.00 18350.00 18345.00 18345.00 152.00
20161010  10:46:00 18355.00 18360.00 18345.00 18345.00 138.00
20161010  10:45:00 18350.00 18360.00 18345.00 18355.00 572.00
20161010  10:44:00 18335.00 18350.00 18335.00 18350.00 238.00
20161010  10:43:00 18345.00 18345.00 18335.00 18335.00 238.00
20161010  10:42:00 18340.00 18345.00 18340.00 18345.00 152.00
20161010  10:41:00 18340.00 18345.00 18335.00 18340.00 258.00
20161010  10:40:00 18340.00 18345.00 18340.00 18340.00 438.00
20161010  10:39:00 18340.00 18340.00 18330.00 18335.00 156.00
20161010  10:38:00 18335.00 18340.00 18335.00 18340.00 262.00
20161010  10:37:00 18345.00 18345.00 18335.00 18335.00 370.00
20161010  10:36:00 18345.00 18350.00 18340.00 18345.00 398.00
20161010  10:35:00 18340.00 18350.00 18340.00 18345.00 424.00
20161010  10:34:00 18340.00 18340.00 18335.00 18340.00 140.00
20161010  10:33:00 18350.00 18350.00 18335.00 18340.00 560.00
20161010  10:32:00 18330.00 18350.00 18330.00 18350.00 782.00
20161010  10:31:00 18350.00 18350.00 18325.00 18330.00 1704.00
20161010  10:30:00 18375.00 18385.00 18350.00 18350.00 1780.00
20161010  10:14:00 18370.00 18385.00 18370.00 18385.00 874.00
20161010  10:13:00 18385.00 18385.00 18365.00 18370.00 1100.00
20161010  10:12:00 18345.00 18395.00 18345.00 18380.00 1900.00
20161010  10:11:00 18330.00 18370.00 18330.00 18345.00 2980.00
20161010  10:10:00 18235.00 18340.00 18235.00 18325.00 3194.00
20161010  10:09:00 18220.00 18235.00 18220.00 18235.00 482.00
20161010  10:08:00 18225.00 18230.00 18220.00 18220.00 500.00
20161010  10:07:00 18225.00 18230.00 18220.00 18225.00 544.00
20161010  10:06:00 18235.00 18235.00 18220.00 18225.00 864.00
20161010  10:05:00 18195.00 18250.00 18195.00 18240.00 1828.00
20161010  10:04:00 18175.00 18200.00 18170.00 18195.00 704.00
20161010  10:03:00 18175.00 18175.00 18165.00 18175.00 618.00
20161010  10:02:00 18160.00 18180.00 18160.00 18175.00 690.00
20161010  10:01:00 18170.00 18170.00 18155.00 18160.00 378.00
20161010  10:00:00 18170.00 18170.00 18160.00 18170.00 566.00
20161010  09:59:00 18150.00 18180.00 18150.00 18170.00 1016.00
20161010  09:58:00 18145.00 18155.00 18140.00 18150.00 890.00
20161010  09:57:00 18130.00 18145.00 18130.00 18145.00 292.00
20161010  09:56:00 18125.00 18130.00 18120.00 18130.00 224.00
20161010  09:55:00 18125.00 18130.00 18120.00 18125.00 246.00
20161010  09:54:00 18125.00 18130.00 18120.00 18125.00 292.00
20161010  09:53:00 18115.00 18125.00 18115.00 18125.00 234.00
20161010  09:52:00 18110.00 18120.00 18105.00 18120.00 224.00
20161010  09:51:00 18100.00 18110.00 18100.00 18110.00 158.00
20161010  09:50:00 18110.00 18110.00 18095.00 18100.00 672.00
20161010  09:49:00 18110.00 18115.00 18110.00 18110.00 244.00
20161010  09:48:00 18120.00 18120.00 18110.00 18115.00 442.00
20161010  09:47:00 18115.00 18130.00 18115.00 18120.00 498.00
20161010  09:46:00 18100.00 18115.00 18100.00 18115.00 446.00
20161010  09:45:00 18105.00 18105.00 18095.00 18100.00 434.00
20161010  09:44:00 18110.00 18115.00 18100.00 18100.00 224.00
20161010  09:43:00 18100.00 18115.00 18095.00 18110.00 666.00
20161010  09:42:00 18100.00 18105.00 18095.00 18095.00 232.00
20161010  09:41:00 18110.00 18120.00 18100.00 18105.00 454.00
20161010  09:40:00 18105.00 18110.00 18105.00 18110.00 278.00
20161010  09:39:00 18095.00 18105.00 18095.00 18100.00 304.00
20161010  09:38:00 18095.00 18100.00 18090.00 18100.00 188.00
20161010  09:37:00 18090.00 18095.00 18085.00 18090.00 108.00
20161010  09:36:00 18085.00 18090.00 18080.00 18090.00 180.00
20161010  09:35:00 18085.00 18085.00 18075.00 18085.00 232.00
20161010  09:34:00 18090.00 18095.00 18085.00 18085.00 186.00
20161010  09:33:00 18100.00 18100.00 18090.00 18090.00 124.00
20161010  09:32:00 18095.00 18100.00 18090.00 18100.00 164.00
20161010  09:31:00 18095.00 18095.00 18085.00 18095.00 280.00
20161010  09:30:00 18085.00 18095.00 18080.00 18095.00 680.00
20161010  09:29:00 18090.00 18090.00 18080.00 18085.00 978.00
20161010  09:28:00 18100.00 18100.00 18090.00 18090.00 444.00
20161010  09:27:00 18080.00 18110.00 18075.00 18100.00 1384.00
20161010  09:26:00 18075.00 18085.00 18075.00 18080.00 498.00
20161010  09:25:00 18090.00 18090.00 18075.00 18075.00 762.00
20161010  09:24:00 18080.00 18100.00 18075.00 18090.00 1330.00
20161010  09:23:00 18085.00 18085.00 18070.00 18080.00 1048.00
20161010  09:22:00 18085.00 18085.00 18075.00 18080.00 1044.00
20161010  09:21:00 18075.00 18085.00 18075.00 18085.00 332.00
20161010  09:20:00 18075.00 18085.00 18065.00 18080.00 576.00
20161010  09:19:00 18070.00 18095.00 18070.00 18075.00 1064.00
20161010  09:18:00 18060.00 18075.00 18050.00 18070.00 1414.00
20161010  09:17:00 18060.00 18060.00 18050.00 18060.00 970.00
20161010  09:16:00 18055.00 18065.00 18045.00 18060.00 474.00
20161010  09:15:00 18035.00 18065.00 18030.00 18060.00 1144.00
20161010  09:14:00 18060.00 18060.00 18030.00 18030.00 1092.00
20161010  09:13:00 18065.00 18065.00 18035.00 18060.00 1100.00
20161010  09:12:00 18065.00 18075.00 18050.00 18065.00 1484.00
20161010  09:11:00 18085.00 18090.00 18045.00 18065.00 1812.00
20161010  09:10:00 18145.00 18145.00 18085.00 18085.00 2184.00
20161010  09:09:00 18165.00 18170.00 18130.00 18145.00 2840.00
20161010  09:08:00 18180.00 18180.00 18160.00 18165.00 1202.00
20161010  09:07:00 18185.00 18190.00 18175.00 18180.00 744.00
20161010  09:06:00 18200.00 18200.00 18180.00 18185.00 596.00
20161010  09:05:00 18210.00 18210.00 18190.00 18195.00 986.00
20161010  09:04:00 18200.00 18220.00 18195.00 18205.00 1862.00
20161010  09:03:00 18185.00 18215.00 18185.00 18195.00 2602.00
20161010  09:02:00 18185.00 18195.00 18185.00 18185.00 1252.00
20161010  09:01:00 18180.00 18205.00 18175.00 18185.00 1582.00
20161010  09:00:00 18185.00 18185.00 18155.00 18175.00 2748.00
