20160406  15:00:00 14240.00 14240.00 14240.00 14240.00   0.00
20160406  14:59:00 14235.00 14245.00 14230.00 14240.00 2352.00
20160406  14:58:00 14235.00 14240.00 14235.00 14235.00 1114.00
20160406  14:57:00 14235.00 14240.00 14235.00 14235.00 822.00
20160406  14:56:00 14240.00 14240.00 14235.00 14235.00 1046.00
20160406  14:55:00 14240.00 14245.00 14235.00 14240.00 1696.00
20160406  14:54:00 14230.00 14240.00 14230.00 14240.00 690.00
20160406  14:53:00 14235.00 14240.00 14230.00 14230.00 1012.00
20160406  14:52:00 14235.00 14240.00 14230.00 14240.00 1452.00
20160406  14:51:00 14240.00 14240.00 14230.00 14235.00 854.00
20160406  14:50:00 14225.00 14240.00 14220.00 14240.00 1320.00
20160406  14:49:00 14230.00 14235.00 14220.00 14225.00 1438.00
20160406  14:48:00 14230.00 14230.00 14225.00 14230.00 1774.00
20160406  14:47:00 14225.00 14230.00 14220.00 14230.00 3038.00
20160406  14:46:00 14250.00 14250.00 14220.00 14225.00 4690.00
20160406  14:45:00 14250.00 14250.00 14245.00 14245.00 2402.00
20160406  14:44:00 14270.00 14270.00 14250.00 14250.00 2724.00
20160406  14:43:00 14275.00 14275.00 14265.00 14270.00 2096.00
20160406  14:42:00 14290.00 14295.00 14270.00 14270.00 2874.00
20160406  14:41:00 14295.00 14295.00 14290.00 14290.00 1332.00
20160406  14:40:00 14285.00 14295.00 14285.00 14290.00 1382.00
20160406  14:39:00 14305.00 14305.00 14285.00 14285.00 2914.00
20160406  14:38:00 14320.00 14320.00 14300.00 14305.00 2814.00
20160406  14:37:00 14330.00 14330.00 14320.00 14320.00 480.00
20160406  14:36:00 14330.00 14330.00 14325.00 14330.00 342.00
20160406  14:35:00 14330.00 14335.00 14330.00 14330.00 180.00
20160406  14:34:00 14335.00 14335.00 14330.00 14330.00  76.00
20160406  14:33:00 14330.00 14335.00 14330.00 14335.00  22.00
20160406  14:32:00 14330.00 14335.00 14330.00 14330.00 144.00
20160406  14:31:00 14325.00 14330.00 14325.00 14330.00 554.00
20160406  14:30:00 14330.00 14330.00 14325.00 14325.00 272.00
20160406  14:29:00 14325.00 14335.00 14325.00 14330.00 486.00
20160406  14:28:00 14325.00 14325.00 14325.00 14325.00 200.00
20160406  14:27:00 14325.00 14325.00 14320.00 14325.00 168.00
20160406  14:26:00 14320.00 14325.00 14320.00 14325.00 852.00
20160406  14:25:00 14320.00 14325.00 14320.00 14320.00 230.00
20160406  14:24:00 14325.00 14330.00 14320.00 14325.00 244.00
20160406  14:23:00 14335.00 14335.00 14320.00 14325.00 1866.00
20160406  14:22:00 14340.00 14340.00 14335.00 14335.00 192.00
20160406  14:21:00 14340.00 14340.00 14335.00 14340.00 204.00
20160406  14:20:00 14340.00 14340.00 14335.00 14340.00 344.00
20160406  14:19:00 14345.00 14345.00 14340.00 14340.00 278.00
20160406  14:18:00 14350.00 14355.00 14345.00 14345.00 108.00
20160406  14:17:00 14350.00 14350.00 14345.00 14350.00 210.00
20160406  14:16:00 14345.00 14350.00 14345.00 14350.00 202.00
20160406  14:15:00 14355.00 14355.00 14350.00 14350.00 198.00
20160406  14:14:00 14360.00 14360.00 14355.00 14355.00 440.00
20160406  14:13:00 14360.00 14365.00 14355.00 14360.00 488.00
20160406  14:12:00 14350.00 14365.00 14350.00 14365.00 1024.00
20160406  14:11:00 14345.00 14350.00 14345.00 14350.00  32.00
20160406  14:10:00 14345.00 14350.00 14345.00 14345.00  32.00
20160406  14:09:00 14350.00 14350.00 14340.00 14345.00 148.00
20160406  14:08:00 14340.00 14345.00 14340.00 14345.00 246.00
20160406  14:07:00 14340.00 14345.00 14340.00 14340.00  80.00
20160406  14:06:00 14340.00 14340.00 14340.00 14340.00 284.00
20160406  14:05:00 14345.00 14345.00 14340.00 14340.00 234.00
20160406  14:04:00 14340.00 14345.00 14340.00 14345.00   4.00
20160406  14:03:00 14345.00 14350.00 14340.00 14340.00 238.00
20160406  14:02:00 14340.00 14345.00 14340.00 14345.00 248.00
20160406  14:01:00 14340.00 14345.00 14340.00 14340.00 142.00
20160406  14:00:00 14340.00 14340.00 14335.00 14340.00 408.00
20160406  13:59:00 14345.00 14350.00 14340.00 14340.00 914.00
20160406  13:58:00 14335.00 14345.00 14335.00 14345.00 508.00
20160406  13:57:00 14335.00 14335.00 14335.00 14335.00 200.00
20160406  13:56:00 14335.00 14340.00 14335.00 14335.00 204.00
20160406  13:55:00 14335.00 14335.00 14330.00 14335.00 212.00
20160406  13:54:00 14335.00 14335.00 14330.00 14330.00 106.00
20160406  13:53:00 14335.00 14335.00 14330.00 14335.00 242.00
20160406  13:52:00 14335.00 14335.00 14330.00 14335.00 104.00
20160406  13:51:00 14335.00 14340.00 14330.00 14335.00 216.00
20160406  13:50:00 14335.00 14335.00 14335.00 14335.00 326.00
20160406  13:49:00 14335.00 14335.00 14335.00 14335.00  96.00
20160406  13:48:00 14330.00 14335.00 14330.00 14335.00 350.00
20160406  13:47:00 14330.00 14335.00 14325.00 14330.00 706.00
20160406  13:46:00 14335.00 14340.00 14330.00 14330.00 492.00
20160406  13:45:00 14340.00 14340.00 14335.00 14335.00 764.00
20160406  13:44:00 14340.00 14340.00 14340.00 14340.00 160.00
20160406  13:43:00 14340.00 14345.00 14340.00 14340.00 268.00
20160406  13:42:00 14345.00 14345.00 14340.00 14340.00 366.00
20160406  13:41:00 14345.00 14350.00 14345.00 14345.00 182.00
20160406  13:40:00 14345.00 14350.00 14345.00 14345.00 164.00
20160406  13:39:00 14345.00 14345.00 14340.00 14345.00 250.00
20160406  13:38:00 14340.00 14350.00 14335.00 14345.00 804.00
20160406  13:37:00 14345.00 14345.00 14340.00 14340.00 262.00
20160406  13:36:00 14345.00 14345.00 14340.00 14345.00 372.00
20160406  13:35:00 14340.00 14350.00 14340.00 14345.00 288.00
20160406  13:34:00 14340.00 14350.00 14340.00 14340.00 450.00
20160406  13:33:00 14350.00 14350.00 14340.00 14345.00 450.00
20160406  13:32:00 14355.00 14365.00 14350.00 14350.00 678.00
20160406  13:31:00 14360.00 14360.00 14360.00 14360.00  16.00
20160406  13:30:00 14360.00 14360.00 14355.00 14360.00 234.00
20160406  11:29:00 14360.00 14365.00 14355.00 14360.00 604.00
20160406  11:28:00 14360.00 14365.00 14360.00 14360.00 116.00
20160406  11:27:00 14365.00 14365.00 14360.00 14360.00  52.00
20160406  11:26:00 14360.00 14370.00 14360.00 14365.00 378.00
20160406  11:25:00 14365.00 14365.00 14360.00 14360.00 242.00
20160406  11:24:00 14360.00 14370.00 14360.00 14370.00 246.00
20160406  11:23:00 14360.00 14365.00 14360.00 14360.00 382.00
20160406  11:22:00 14355.00 14365.00 14355.00 14360.00 658.00
20160406  11:21:00 14360.00 14360.00 14355.00 14360.00 528.00
20160406  11:20:00 14355.00 14360.00 14355.00 14360.00 270.00
20160406  11:19:00 14355.00 14355.00 14345.00 14355.00 240.00
20160406  11:18:00 14350.00 14355.00 14350.00 14355.00 432.00
20160406  11:17:00 14345.00 14350.00 14345.00 14345.00  52.00
20160406  11:16:00 14345.00 14345.00 14345.00 14345.00  24.00
20160406  11:15:00 14340.00 14345.00 14335.00 14345.00 612.00
20160406  11:14:00 14340.00 14340.00 14335.00 14340.00 320.00
20160406  11:13:00 14335.00 14340.00 14335.00 14340.00  64.00
20160406  11:12:00 14340.00 14340.00 14335.00 14340.00 202.00
20160406  11:11:00 14335.00 14340.00 14335.00 14340.00 160.00
20160406  11:10:00 14335.00 14340.00 14335.00 14335.00  60.00
20160406  11:09:00 14335.00 14340.00 14330.00 14335.00 410.00
20160406  11:08:00 14335.00 14340.00 14330.00 14330.00 338.00
20160406  11:07:00 14340.00 14340.00 14335.00 14335.00 276.00
20160406  11:06:00 14340.00 14345.00 14335.00 14340.00 622.00
20160406  11:05:00 14340.00 14345.00 14340.00 14340.00 762.00
20160406  11:04:00 14350.00 14350.00 14340.00 14340.00 626.00
20160406  11:03:00 14350.00 14350.00 14345.00 14350.00 242.00
20160406  11:02:00 14355.00 14355.00 14350.00 14350.00 294.00
20160406  11:01:00 14355.00 14355.00 14350.00 14355.00 336.00
20160406  11:00:00 14355.00 14355.00 14345.00 14355.00 512.00
20160406  10:59:00 14345.00 14355.00 14345.00 14355.00 462.00
20160406  10:58:00 14355.00 14355.00 14345.00 14345.00 394.00
20160406  10:57:00 14360.00 14360.00 14350.00 14355.00 506.00
20160406  10:56:00 14345.00 14365.00 14345.00 14360.00 1344.00
20160406  10:55:00 14350.00 14350.00 14345.00 14345.00 134.00
20160406  10:54:00 14350.00 14350.00 14345.00 14350.00  64.00
20160406  10:53:00 14345.00 14350.00 14340.00 14350.00 358.00
20160406  10:52:00 14340.00 14345.00 14340.00 14345.00 220.00
20160406  10:51:00 14335.00 14345.00 14335.00 14340.00 276.00
20160406  10:50:00 14335.00 14335.00 14330.00 14335.00 592.00
20160406  10:49:00 14340.00 14340.00 14335.00 14335.00 474.00
20160406  10:48:00 14335.00 14345.00 14335.00 14340.00 564.00
20160406  10:47:00 14340.00 14340.00 14335.00 14335.00 112.00
20160406  10:46:00 14340.00 14340.00 14335.00 14335.00 212.00
20160406  10:45:00 14345.00 14345.00 14340.00 14340.00 182.00
20160406  10:44:00 14340.00 14340.00 14335.00 14340.00 372.00
20160406  10:43:00 14340.00 14345.00 14335.00 14340.00 362.00
20160406  10:42:00 14335.00 14340.00 14330.00 14340.00 426.00
20160406  10:41:00 14335.00 14340.00 14330.00 14335.00 494.00
20160406  10:40:00 14340.00 14340.00 14335.00 14335.00 406.00
20160406  10:39:00 14335.00 14340.00 14335.00 14340.00 466.00
20160406  10:38:00 14335.00 14340.00 14330.00 14335.00 454.00
20160406  10:37:00 14335.00 14335.00 14330.00 14335.00 246.00
20160406  10:36:00 14335.00 14335.00 14330.00 14335.00 438.00
20160406  10:35:00 14335.00 14335.00 14335.00 14335.00  10.00
20160406  10:34:00 14335.00 14335.00 14335.00 14335.00 180.00
20160406  10:33:00 14335.00 14335.00 14330.00 14335.00  80.00
20160406  10:32:00 14325.00 14335.00 14325.00 14335.00 392.00
20160406  10:31:00 14330.00 14330.00 14325.00 14325.00 214.00
20160406  10:30:00 14330.00 14335.00 14325.00 14325.00 412.00
20160406  10:14:00 14335.00 14335.00 14330.00 14330.00 178.00
20160406  10:13:00 14330.00 14335.00 14325.00 14335.00 288.00
20160406  10:12:00 14335.00 14335.00 14330.00 14330.00  40.00
20160406  10:11:00 14335.00 14335.00 14330.00 14330.00 200.00
20160406  10:10:00 14330.00 14335.00 14330.00 14330.00  66.00
20160406  10:09:00 14335.00 14335.00 14330.00 14330.00  58.00
20160406  10:08:00 14335.00 14335.00 14330.00 14335.00 252.00
20160406  10:07:00 14335.00 14335.00 14330.00 14335.00  56.00
20160406  10:06:00 14340.00 14340.00 14330.00 14335.00 424.00
20160406  10:05:00 14340.00 14340.00 14335.00 14335.00 136.00
20160406  10:04:00 14340.00 14340.00 14340.00 14340.00 246.00
20160406  10:03:00 14330.00 14340.00 14330.00 14340.00 468.00
20160406  10:02:00 14330.00 14335.00 14330.00 14335.00  74.00
20160406  10:01:00 14330.00 14330.00 14330.00 14330.00   6.00
20160406  10:00:00 14335.00 14335.00 14330.00 14330.00 210.00
20160406  09:59:00 14335.00 14335.00 14330.00 14335.00 154.00
20160406  09:58:00 14335.00 14335.00 14330.00 14335.00 438.00
20160406  09:57:00 14335.00 14335.00 14330.00 14335.00 554.00
20160406  09:56:00 14335.00 14335.00 14335.00 14335.00 298.00
20160406  09:55:00 14335.00 14335.00 14330.00 14335.00  68.00
20160406  09:54:00 14330.00 14335.00 14330.00 14330.00 316.00
20160406  09:53:00 14325.00 14330.00 14320.00 14325.00 638.00
20160406  09:52:00 14325.00 14330.00 14320.00 14325.00 506.00
20160406  09:51:00 14320.00 14325.00 14320.00 14325.00 248.00
20160406  09:50:00 14325.00 14325.00 14320.00 14320.00 446.00
20160406  09:49:00 14325.00 14325.00 14320.00 14325.00 250.00
20160406  09:48:00 14320.00 14330.00 14315.00 14325.00 640.00
20160406  09:47:00 14320.00 14320.00 14315.00 14315.00 124.00
20160406  09:46:00 14320.00 14325.00 14315.00 14320.00 318.00
20160406  09:45:00 14325.00 14325.00 14320.00 14320.00 346.00
20160406  09:44:00 14325.00 14325.00 14325.00 14325.00 192.00
20160406  09:43:00 14325.00 14330.00 14320.00 14325.00 348.00
20160406  09:42:00 14325.00 14330.00 14325.00 14325.00  68.00
20160406  09:41:00 14325.00 14330.00 14325.00 14325.00 212.00
20160406  09:40:00 14325.00 14330.00 14325.00 14325.00  20.00
20160406  09:39:00 14325.00 14330.00 14325.00 14325.00 618.00
20160406  09:38:00 14330.00 14330.00 14325.00 14325.00  62.00
20160406  09:37:00 14325.00 14330.00 14325.00 14330.00 144.00
20160406  09:36:00 14325.00 14330.00 14320.00 14325.00 288.00
20160406  09:35:00 14330.00 14330.00 14325.00 14330.00 218.00
20160406  09:34:00 14325.00 14330.00 14320.00 14330.00 210.00
20160406  09:33:00 14330.00 14330.00 14320.00 14325.00 886.00
20160406  09:32:00 14320.00 14330.00 14320.00 14330.00 192.00
20160406  09:31:00 14325.00 14325.00 14320.00 14320.00 504.00
20160406  09:30:00 14320.00 14325.00 14315.00 14325.00 444.00
20160406  09:29:00 14325.00 14330.00 14320.00 14320.00 194.00
20160406  09:28:00 14330.00 14330.00 14320.00 14325.00 246.00
20160406  09:27:00 14330.00 14330.00 14325.00 14330.00  28.00
20160406  09:26:00 14330.00 14330.00 14325.00 14330.00 100.00
20160406  09:25:00 14325.00 14330.00 14325.00 14330.00 172.00
20160406  09:24:00 14330.00 14335.00 14325.00 14325.00 410.00
20160406  09:23:00 14330.00 14330.00 14325.00 14330.00 154.00
20160406  09:22:00 14320.00 14335.00 14320.00 14330.00 332.00
20160406  09:21:00 14330.00 14330.00 14320.00 14320.00 386.00
20160406  09:20:00 14325.00 14330.00 14325.00 14330.00 236.00
20160406  09:19:00 14335.00 14335.00 14325.00 14325.00 566.00
20160406  09:18:00 14330.00 14335.00 14330.00 14335.00 208.00
20160406  09:17:00 14340.00 14345.00 14325.00 14325.00 850.00
20160406  09:16:00 14330.00 14340.00 14325.00 14340.00 938.00
20160406  09:15:00 14320.00 14335.00 14315.00 14330.00 1018.00
20160406  09:14:00 14325.00 14325.00 14320.00 14320.00 468.00
20160406  09:13:00 14310.00 14325.00 14310.00 14325.00 840.00
20160406  09:12:00 14320.00 14320.00 14310.00 14310.00 670.00
20160406  09:11:00 14315.00 14320.00 14310.00 14320.00 342.00
20160406  09:10:00 14320.00 14320.00 14310.00 14315.00 536.00
20160406  09:09:00 14320.00 14320.00 14310.00 14320.00 772.00
20160406  09:08:00 14330.00 14330.00 14320.00 14320.00 996.00
20160406  09:07:00 14340.00 14340.00 14325.00 14330.00 1076.00
20160406  09:06:00 14335.00 14340.00 14335.00 14340.00 538.00
20160406  09:05:00 14335.00 14340.00 14330.00 14335.00 658.00
20160406  09:04:00 14340.00 14340.00 14330.00 14335.00 536.00
20160406  09:03:00 14335.00 14340.00 14330.00 14340.00 974.00
20160406  09:02:00 14345.00 14345.00 14330.00 14335.00 1678.00
20160406  09:01:00 14350.00 14360.00 14340.00 14340.00 1686.00
20160406  09:00:00 14345.00 14355.00 14340.00 14350.00 1444.00
20160406  00:59:00 14330.00 14340.00 14325.00 14335.00 504.00
20160406  00:58:00 14335.00 14335.00 14330.00 14330.00  30.00
20160406  00:57:00 14325.00 14335.00 14325.00 14330.00  92.00
20160406  00:56:00 14320.00 14330.00 14320.00 14325.00 258.00
20160406  00:55:00 14325.00 14330.00 14320.00 14320.00 248.00
20160406  00:54:00 14325.00 14330.00 14325.00 14330.00   6.00
20160406  00:53:00 14330.00 14330.00 14325.00 14325.00 1064.00
20160406  00:52:00 14330.00 14330.00 14330.00 14330.00  62.00
20160406  00:51:00 14325.00 14330.00 14325.00 14330.00  66.00
20160406  00:50:00 14325.00 14330.00 14325.00 14325.00 232.00
20160406  00:49:00 14330.00 14330.00 14330.00 14330.00   0.00
20160406  00:48:00 14330.00 14335.00 14330.00 14330.00 116.00
20160406  00:47:00 14330.00 14330.00 14330.00 14330.00 124.00
20160406  00:46:00 14335.00 14335.00 14330.00 14330.00 284.00
20160406  00:45:00 14330.00 14335.00 14330.00 14335.00   4.00
20160406  00:44:00 14330.00 14335.00 14330.00 14330.00   6.00
20160406  00:43:00 14335.00 14335.00 14330.00 14330.00   4.00
20160406  00:42:00 14335.00 14335.00 14335.00 14335.00   6.00
20160406  00:41:00 14335.00 14335.00 14335.00 14335.00   4.00
20160406  00:40:00 14335.00 14335.00 14335.00 14335.00  34.00
20160406  00:39:00 14330.00 14335.00 14330.00 14335.00  10.00
20160406  00:38:00 14335.00 14335.00 14335.00 14335.00   0.00
20160406  00:37:00 14335.00 14335.00 14335.00 14335.00  86.00
20160406  00:36:00 14335.00 14335.00 14335.00 14335.00   8.00
20160406  00:35:00 14330.00 14335.00 14330.00 14335.00  22.00
20160406  00:34:00 14330.00 14335.00 14330.00 14330.00  26.00
20160406  00:33:00 14335.00 14335.00 14330.00 14330.00   6.00
20160406  00:32:00 14330.00 14335.00 14330.00 14335.00  12.00
20160406  00:31:00 14330.00 14330.00 14330.00 14330.00  10.00
20160406  00:30:00 14335.00 14335.00 14330.00 14330.00 122.00
20160406  00:29:00 14340.00 14340.00 14335.00 14335.00 220.00
20160406  00:28:00 14335.00 14340.00 14335.00 14340.00   2.00
20160406  00:27:00 14335.00 14335.00 14335.00 14335.00  18.00
20160406  00:26:00 14340.00 14345.00 14335.00 14335.00  60.00
20160406  00:25:00 14340.00 14340.00 14340.00 14340.00 128.00
20160406  00:24:00 14340.00 14340.00 14340.00 14340.00  60.00
20160406  00:23:00 14335.00 14340.00 14335.00 14340.00 108.00
20160406  00:22:00 14330.00 14340.00 14330.00 14335.00 254.00
20160406  00:21:00 14330.00 14335.00 14330.00 14330.00  12.00
20160406  00:20:00 14335.00 14335.00 14330.00 14330.00  48.00
20160406  00:19:00 14330.00 14335.00 14330.00 14335.00 132.00
20160406  00:18:00 14330.00 14330.00 14330.00 14330.00 226.00
20160406  00:17:00 14335.00 14335.00 14330.00 14330.00  74.00
20160406  00:16:00 14335.00 14335.00 14330.00 14335.00 182.00
20160406  00:15:00 14340.00 14340.00 14335.00 14340.00  12.00
20160406  00:14:00 14340.00 14340.00 14340.00 14340.00  24.00
20160406  00:13:00 14345.00 14345.00 14340.00 14340.00 188.00
20160406  00:12:00 14340.00 14350.00 14340.00 14345.00 554.00
20160406  00:11:00 14350.00 14355.00 14340.00 14340.00 1332.00
20160406  00:10:00 14340.00 14345.00 14335.00 14345.00 548.00
20160406  00:09:00 14335.00 14345.00 14330.00 14340.00 418.00
20160406  00:08:00 14325.00 14335.00 14325.00 14335.00 350.00
20160406  00:07:00 14330.00 14330.00 14325.00 14325.00  38.00
20160406  00:06:00 14330.00 14330.00 14330.00 14330.00 362.00
20160406  00:05:00 14335.00 14335.00 14335.00 14335.00  66.00
20160406  00:04:00 14335.00 14335.00 14330.00 14335.00 294.00
20160406  00:03:00 14340.00 14340.00 14335.00 14335.00   2.00
20160406  00:02:00 14340.00 14340.00 14340.00 14340.00  32.00
20160406  00:01:00 14340.00 14345.00 14340.00 14340.00 146.00
20160406  00:00:00 14335.00 14340.00 14330.00 14340.00 636.00
20160405  23:59:00 14340.00 14340.00 14335.00 14340.00  64.00
20160405  23:58:00 14345.00 14345.00 14335.00 14340.00 304.00
20160405  23:57:00 14345.00 14345.00 14340.00 14345.00  80.00
20160405  23:56:00 14345.00 14345.00 14340.00 14345.00  78.00
20160405  23:55:00 14345.00 14345.00 14345.00 14345.00  82.00
20160405  23:54:00 14345.00 14350.00 14340.00 14345.00 310.00
20160405  23:53:00 14345.00 14345.00 14340.00 14345.00 278.00
20160405  23:52:00 14345.00 14345.00 14345.00 14345.00   2.00
20160405  23:51:00 14340.00 14345.00 14340.00 14345.00  10.00
20160405  23:50:00 14340.00 14345.00 14335.00 14340.00 318.00
20160405  23:49:00 14340.00 14340.00 14340.00 14340.00  92.00
20160405  23:48:00 14340.00 14340.00 14340.00 14340.00  18.00
20160405  23:47:00 14345.00 14345.00 14340.00 14340.00 114.00
20160405  23:46:00 14345.00 14345.00 14345.00 14345.00  78.00
20160405  23:45:00 14345.00 14350.00 14345.00 14345.00 162.00
20160405  23:44:00 14345.00 14350.00 14345.00 14345.00 302.00
20160405  23:43:00 14340.00 14350.00 14340.00 14350.00 298.00
20160405  23:42:00 14335.00 14340.00 14335.00 14340.00  86.00
20160405  23:41:00 14340.00 14340.00 14335.00 14335.00 310.00
20160405  23:40:00 14340.00 14345.00 14335.00 14340.00 328.00
20160405  23:39:00 14335.00 14340.00 14335.00 14340.00  26.00
20160405  23:38:00 14330.00 14340.00 14330.00 14335.00 144.00
20160405  23:37:00 14335.00 14340.00 14330.00 14330.00 178.00
20160405  23:36:00 14340.00 14345.00 14340.00 14340.00 250.00
20160405  23:35:00 14340.00 14340.00 14335.00 14340.00 246.00
20160405  23:34:00 14340.00 14340.00 14335.00 14340.00 174.00
20160405  23:33:00 14335.00 14340.00 14335.00 14340.00 232.00
20160405  23:32:00 14335.00 14335.00 14335.00 14335.00  28.00
20160405  23:31:00 14335.00 14335.00 14330.00 14330.00 230.00
20160405  23:30:00 14335.00 14340.00 14335.00 14335.00 176.00
20160405  23:29:00 14340.00 14340.00 14330.00 14335.00 144.00
20160405  23:28:00 14330.00 14340.00 14325.00 14340.00 318.00
20160405  23:27:00 14330.00 14335.00 14330.00 14330.00 156.00
20160405  23:26:00 14325.00 14340.00 14325.00 14335.00 632.00
20160405  23:25:00 14340.00 14340.00 14325.00 14325.00 654.00
20160405  23:24:00 14340.00 14340.00 14340.00 14340.00 182.00
20160405  23:23:00 14335.00 14345.00 14335.00 14340.00 438.00
20160405  23:22:00 14340.00 14340.00 14335.00 14335.00 128.00
20160405  23:21:00 14350.00 14350.00 14340.00 14340.00 864.00
20160405  23:20:00 14350.00 14350.00 14345.00 14350.00 258.00
20160405  23:19:00 14335.00 14350.00 14335.00 14350.00 532.00
20160405  23:18:00 14330.00 14335.00 14330.00 14335.00 196.00
20160405  23:17:00 14335.00 14335.00 14330.00 14330.00 618.00
20160405  23:16:00 14335.00 14340.00 14330.00 14335.00 1028.00
20160405  23:15:00 14330.00 14335.00 14330.00 14335.00 610.00
20160405  23:14:00 14320.00 14330.00 14320.00 14330.00 582.00
20160405  23:13:00 14320.00 14325.00 14320.00 14320.00 218.00
20160405  23:12:00 14325.00 14330.00 14320.00 14320.00 502.00
20160405  23:11:00 14325.00 14325.00 14320.00 14320.00 696.00
20160405  23:10:00 14320.00 14330.00 14320.00 14325.00 748.00
20160405  23:09:00 14315.00 14325.00 14315.00 14320.00 216.00
20160405  23:08:00 14315.00 14325.00 14315.00 14320.00 886.00
20160405  23:07:00 14315.00 14320.00 14310.00 14315.00 600.00
20160405  23:06:00 14310.00 14315.00 14310.00 14315.00 504.00
20160405  23:05:00 14305.00 14315.00 14300.00 14315.00 2306.00
20160405  23:04:00 14315.00 14315.00 14305.00 14305.00 2154.00
20160405  23:03:00 14315.00 14320.00 14310.00 14315.00 932.00
20160405  23:02:00 14315.00 14315.00 14310.00 14315.00 750.00
20160405  23:01:00 14320.00 14320.00 14310.00 14315.00 1118.00
20160405  23:00:00 14325.00 14325.00 14315.00 14320.00 2246.00
20160405  22:59:00 14335.00 14340.00 14325.00 14325.00 1664.00
20160405  22:58:00 14355.00 14355.00 14335.00 14335.00 1874.00
20160405  22:57:00 14350.00 14355.00 14345.00 14355.00 310.00
20160405  22:56:00 14345.00 14350.00 14345.00 14350.00 1224.00
20160405  22:55:00 14355.00 14360.00 14350.00 14350.00 1040.00
20160405  22:54:00 14360.00 14360.00 14355.00 14355.00  72.00
20160405  22:53:00 14355.00 14360.00 14355.00 14360.00 240.00
20160405  22:52:00 14355.00 14360.00 14350.00 14355.00 434.00
20160405  22:51:00 14355.00 14360.00 14350.00 14350.00 596.00
20160405  22:50:00 14355.00 14360.00 14350.00 14355.00 478.00
20160405  22:49:00 14360.00 14365.00 14355.00 14355.00 456.00
20160405  22:48:00 14365.00 14365.00 14360.00 14360.00 146.00
20160405  22:47:00 14360.00 14365.00 14355.00 14365.00 406.00
20160405  22:46:00 14360.00 14360.00 14355.00 14360.00 432.00
20160405  22:45:00 14360.00 14360.00 14355.00 14360.00 578.00
20160405  22:44:00 14355.00 14365.00 14355.00 14360.00 648.00
20160405  22:43:00 14370.00 14370.00 14350.00 14355.00 636.00
20160405  22:42:00 14365.00 14370.00 14365.00 14370.00 214.00
20160405  22:41:00 14375.00 14375.00 14365.00 14365.00 124.00
20160405  22:40:00 14370.00 14380.00 14370.00 14375.00 628.00
20160405  22:39:00 14365.00 14375.00 14365.00 14370.00 282.00
20160405  22:38:00 14370.00 14370.00 14365.00 14365.00 128.00
20160405  22:37:00 14360.00 14370.00 14360.00 14370.00 824.00
20160405  22:36:00 14365.00 14370.00 14360.00 14360.00 608.00
20160405  22:35:00 14375.00 14380.00 14365.00 14365.00 718.00
20160405  22:34:00 14370.00 14375.00 14370.00 14375.00 652.00
20160405  22:33:00 14370.00 14375.00 14370.00 14375.00 156.00
20160405  22:32:00 14380.00 14385.00 14370.00 14370.00 370.00
20160405  22:31:00 14385.00 14385.00 14375.00 14380.00 460.00
20160405  22:30:00 14385.00 14385.00 14380.00 14385.00 282.00
20160405  22:29:00 14390.00 14390.00 14385.00 14385.00  94.00
20160405  22:28:00 14380.00 14390.00 14380.00 14390.00 688.00
20160405  22:27:00 14380.00 14380.00 14375.00 14380.00 498.00
20160405  22:26:00 14380.00 14385.00 14380.00 14380.00 134.00
20160405  22:25:00 14375.00 14380.00 14375.00 14380.00 236.00
20160405  22:24:00 14380.00 14380.00 14375.00 14375.00 148.00
20160405  22:23:00 14380.00 14380.00 14375.00 14380.00 310.00
20160405  22:22:00 14380.00 14380.00 14375.00 14375.00 350.00
20160405  22:21:00 14380.00 14385.00 14380.00 14380.00 248.00
20160405  22:20:00 14375.00 14380.00 14375.00 14380.00 208.00
20160405  22:19:00 14375.00 14380.00 14375.00 14375.00 182.00
20160405  22:18:00 14380.00 14380.00 14370.00 14375.00 172.00
20160405  22:17:00 14385.00 14385.00 14375.00 14380.00 156.00
20160405  22:16:00 14380.00 14385.00 14380.00 14385.00 180.00
20160405  22:15:00 14375.00 14380.00 14370.00 14380.00 324.00
20160405  22:14:00 14380.00 14380.00 14375.00 14375.00 196.00
20160405  22:13:00 14380.00 14380.00 14375.00 14380.00 256.00
20160405  22:12:00 14385.00 14385.00 14380.00 14380.00  68.00
20160405  22:11:00 14380.00 14385.00 14380.00 14385.00   2.00
20160405  22:10:00 14380.00 14385.00 14380.00 14380.00 170.00
20160405  22:09:00 14390.00 14390.00 14380.00 14380.00 422.00
20160405  22:08:00 14380.00 14390.00 14380.00 14390.00 478.00
20160405  22:07:00 14380.00 14380.00 14380.00 14380.00  82.00
20160405  22:06:00 14380.00 14380.00 14375.00 14375.00 228.00
20160405  22:05:00 14380.00 14385.00 14375.00 14380.00 524.00
20160405  22:04:00 14370.00 14380.00 14370.00 14380.00 294.00
20160405  22:03:00 14370.00 14375.00 14370.00 14370.00 432.00
20160405  22:02:00 14375.00 14375.00 14370.00 14370.00 214.00
20160405  22:01:00 14375.00 14380.00 14370.00 14375.00 524.00
20160405  22:00:00 14365.00 14380.00 14365.00 14375.00 1030.00
20160405  21:59:00 14370.00 14370.00 14365.00 14365.00 396.00
20160405  21:58:00 14365.00 14370.00 14360.00 14370.00 602.00
20160405  21:57:00 14360.00 14365.00 14355.00 14360.00 762.00
20160405  21:56:00 14350.00 14360.00 14345.00 14360.00 960.00
20160405  21:55:00 14370.00 14370.00 14345.00 14350.00 2338.00
20160405  21:54:00 14385.00 14385.00 14365.00 14370.00 1508.00
20160405  21:53:00 14380.00 14385.00 14380.00 14385.00 178.00
20160405  21:52:00 14380.00 14385.00 14380.00 14380.00 184.00
20160405  21:51:00 14370.00 14385.00 14370.00 14380.00 768.00
20160405  21:50:00 14385.00 14385.00 14370.00 14370.00 1524.00
20160405  21:49:00 14385.00 14390.00 14380.00 14385.00 202.00
20160405  21:48:00 14390.00 14390.00 14380.00 14385.00 482.00
20160405  21:47:00 14395.00 14395.00 14390.00 14395.00 252.00
20160405  21:46:00 14395.00 14400.00 14390.00 14395.00 168.00
20160405  21:45:00 14395.00 14405.00 14395.00 14395.00 912.00
20160405  21:44:00 14395.00 14395.00 14390.00 14395.00 392.00
20160405  21:43:00 14390.00 14400.00 14390.00 14395.00 304.00
20160405  21:42:00 14385.00 14395.00 14385.00 14390.00 744.00
20160405  21:41:00 14385.00 14385.00 14380.00 14380.00 516.00
20160405  21:40:00 14385.00 14390.00 14380.00 14385.00 576.00
20160405  21:39:00 14390.00 14395.00 14385.00 14390.00 502.00
20160405  21:38:00 14385.00 14390.00 14380.00 14390.00 512.00
20160405  21:37:00 14395.00 14395.00 14385.00 14390.00 378.00
20160405  21:36:00 14395.00 14400.00 14390.00 14395.00 448.00
20160405  21:35:00 14390.00 14395.00 14385.00 14395.00 454.00
20160405  21:34:00 14390.00 14395.00 14385.00 14390.00 1106.00
20160405  21:33:00 14395.00 14395.00 14385.00 14390.00 580.00
20160405  21:32:00 14390.00 14395.00 14390.00 14395.00 632.00
20160405  21:31:00 14395.00 14400.00 14390.00 14390.00 410.00
20160405  21:30:00 14400.00 14400.00 14395.00 14395.00 792.00
20160405  21:29:00 14395.00 14400.00 14395.00 14400.00 136.00
20160405  21:28:00 14400.00 14400.00 14395.00 14395.00 732.00
20160405  21:27:00 14410.00 14410.00 14395.00 14400.00 998.00
20160405  21:26:00 14400.00 14410.00 14400.00 14410.00 620.00
20160405  21:25:00 14400.00 14405.00 14395.00 14400.00 472.00
20160405  21:24:00 14405.00 14405.00 14395.00 14400.00 856.00
20160405  21:23:00 14390.00 14405.00 14390.00 14405.00 1292.00
20160405  21:22:00 14385.00 14390.00 14380.00 14390.00 522.00
20160405  21:21:00 14385.00 14390.00 14380.00 14380.00 364.00
20160405  21:20:00 14385.00 14395.00 14385.00 14390.00 628.00
20160405  21:19:00 14380.00 14390.00 14380.00 14390.00 678.00
20160405  21:18:00 14375.00 14385.00 14375.00 14380.00 614.00
20160405  21:17:00 14375.00 14385.00 14375.00 14375.00 836.00
20160405  21:16:00 14365.00 14380.00 14360.00 14375.00 766.00
20160405  21:15:00 14375.00 14380.00 14360.00 14360.00 1782.00
20160405  21:14:00 14375.00 14380.00 14370.00 14375.00 1112.00
20160405  21:13:00 14375.00 14380.00 14370.00 14375.00 972.00
20160405  21:12:00 14365.00 14375.00 14360.00 14370.00 1014.00
20160405  21:11:00 14360.00 14365.00 14350.00 14360.00 2094.00
20160405  21:10:00 14360.00 14365.00 14350.00 14360.00 1040.00
20160405  21:09:00 14360.00 14365.00 14350.00 14360.00 1426.00
20160405  21:08:00 14350.00 14370.00 14345.00 14365.00 1892.00
20160405  21:07:00 14355.00 14360.00 14340.00 14350.00 2770.00
20160405  21:06:00 14365.00 14375.00 14355.00 14355.00 2036.00
20160405  21:05:00 14385.00 14390.00 14360.00 14365.00 1918.00
20160405  21:04:00 14390.00 14390.00 14380.00 14385.00 866.00
20160405  21:03:00 14380.00 14395.00 14380.00 14390.00 1428.00
20160405  21:02:00 14385.00 14390.00 14375.00 14380.00 1950.00
20160405  21:01:00 14365.00 14385.00 14365.00 14385.00 1740.00
20160405  21:00:00 14390.00 14395.00 14360.00 14365.00 3998.00
