20170606  21:00:00 20710.00 20735.00 20710.00 20725.00 2284.00
20170606  21:01:00 20725.00 20745.00 20725.00 20740.00 1060.00
20170606  21:02:00 20740.00 20740.00 20725.00 20735.00 616.00
20170606  21:03:00 20735.00 20745.00 20725.00 20740.00 1208.00
20170606  21:04:00 20740.00 20760.00 20735.00 20745.00 1538.00
20170606  21:05:00 20745.00 20750.00 20735.00 20740.00 656.00
20170606  21:06:00 20735.00 20740.00 20710.00 20710.00 1366.00
20170606  21:07:00 20710.00 20715.00 20660.00 20675.00 2578.00
20170606  21:08:00 20670.00 20685.00 20670.00 20680.00 910.00
20170606  21:09:00 20685.00 20700.00 20675.00 20690.00 890.00
20170606  21:10:00 20690.00 20715.00 20680.00 20710.00 828.00
20170606  21:11:00 20710.00 20715.00 20700.00 20715.00 786.00
20170606  21:12:00 20715.00 20745.00 20710.00 20745.00 1144.00
20170606  21:13:00 20745.00 20745.00 20725.00 20740.00 986.00
20170606  21:14:00 20740.00 20765.00 20735.00 20755.00 840.00
20170606  21:15:00 20760.00 20765.00 20745.00 20760.00 1052.00
20170606  21:16:00 20755.00 20760.00 20745.00 20750.00 374.00
20170606  21:17:00 20750.00 20750.00 20740.00 20745.00 638.00
20170606  21:18:00 20745.00 20755.00 20745.00 20745.00 476.00
20170606  21:19:00 20745.00 20750.00 20745.00 20745.00 224.00
20170606  21:20:00 20745.00 20750.00 20735.00 20735.00 578.00
20170606  21:21:00 20735.00 20740.00 20725.00 20735.00 386.00
20170606  21:22:00 20735.00 20750.00 20730.00 20745.00 472.00
20170606  21:23:00 20745.00 20750.00 20740.00 20745.00 296.00
20170606  21:24:00 20745.00 20755.00 20745.00 20755.00 336.00
20170606  21:25:00 20755.00 20770.00 20755.00 20765.00 746.00
20170606  21:26:00 20765.00 20765.00 20750.00 20750.00 436.00
20170606  21:27:00 20750.00 20750.00 20735.00 20735.00 400.00
20170606  21:28:00 20735.00 20750.00 20735.00 20740.00 306.00
20170606  21:29:00 20740.00 20750.00 20735.00 20750.00 368.00
20170606  21:30:00 20750.00 20755.00 20740.00 20740.00 558.00
20170606  21:31:00 20740.00 20745.00 20735.00 20740.00 234.00
20170606  21:32:00 20740.00 20750.00 20740.00 20745.00 162.00
20170606  21:33:00 20740.00 20755.00 20740.00 20745.00 312.00
20170606  21:34:00 20750.00 20750.00 20740.00 20750.00 194.00
20170606  21:35:00 20750.00 20770.00 20750.00 20760.00 924.00
20170606  21:36:00 20760.00 20785.00 20760.00 20785.00 1224.00
20170606  21:37:00 20785.00 20805.00 20785.00 20800.00 2194.00
20170606  21:38:00 20800.00 20805.00 20790.00 20800.00 818.00
20170606  21:39:00 20800.00 20820.00 20800.00 20810.00 1352.00
20170606  21:40:00 20810.00 20815.00 20800.00 20810.00 494.00
20170606  21:41:00 20810.00 20810.00 20795.00 20805.00 648.00
20170606  21:42:00 20805.00 20825.00 20805.00 20825.00 598.00
20170606  21:43:00 20825.00 20835.00 20815.00 20825.00 1526.00
20170606  21:44:00 20825.00 20840.00 20825.00 20835.00 1050.00
20170606  21:45:00 20835.00 20850.00 20830.00 20830.00 1612.00
20170606  21:46:00 20830.00 20840.00 20830.00 20835.00 804.00
20170606  21:47:00 20835.00 20840.00 20830.00 20835.00 778.00
20170606  21:48:00 20835.00 20840.00 20830.00 20830.00 516.00
20170606  21:49:00 20835.00 20855.00 20835.00 20855.00 1158.00
20170606  21:50:00 20860.00 20860.00 20845.00 20855.00 770.00
20170606  21:51:00 20855.00 20875.00 20855.00 20865.00 1216.00
20170606  21:52:00 20865.00 20875.00 20850.00 20850.00 858.00
20170606  21:53:00 20850.00 20850.00 20830.00 20835.00 636.00
20170606  21:54:00 20835.00 20850.00 20835.00 20850.00 268.00
20170606  21:55:00 20850.00 20860.00 20850.00 20860.00 394.00
20170606  21:56:00 20860.00 20860.00 20855.00 20855.00 234.00
20170606  21:57:00 20860.00 20875.00 20855.00 20875.00 712.00
20170606  21:58:00 20875.00 20875.00 20860.00 20865.00 870.00
20170606  21:59:00 20865.00 20880.00 20865.00 20880.00 808.00
20170606  22:00:00 20880.00 20880.00 20865.00 20870.00 646.00
20170606  22:01:00 20870.00 20905.00 20870.00 20895.00 1186.00
20170606  22:02:00 20890.00 20910.00 20890.00 20900.00 1306.00
20170606  22:03:00 20905.00 20910.00 20895.00 20905.00 944.00
20170606  22:04:00 20905.00 20910.00 20900.00 20910.00 438.00
20170606  22:05:00 20910.00 20920.00 20895.00 20895.00 818.00
20170606  22:06:00 20895.00 20900.00 20885.00 20885.00 540.00
20170606  22:07:00 20885.00 20895.00 20870.00 20875.00 638.00
20170606  22:08:00 20875.00 20875.00 20865.00 20865.00 426.00
20170606  22:09:00 20865.00 20865.00 20845.00 20850.00 940.00
20170606  22:10:00 20850.00 20855.00 20845.00 20855.00 708.00
20170606  22:11:00 20855.00 20855.00 20850.00 20855.00 264.00
20170606  22:12:00 20855.00 20855.00 20845.00 20850.00 204.00
20170606  22:13:00 20850.00 20855.00 20850.00 20850.00 236.00
20170606  22:14:00 20850.00 20855.00 20845.00 20850.00 222.00
20170606  22:15:00 20850.00 20860.00 20850.00 20860.00 458.00
20170606  22:16:00 20860.00 20860.00 20840.00 20845.00 354.00
20170606  22:17:00 20840.00 20840.00 20830.00 20835.00 352.00
20170606  22:18:00 20835.00 20840.00 20835.00 20835.00 174.00
20170606  22:19:00 20835.00 20855.00 20835.00 20855.00 290.00
20170606  22:20:00 20850.00 20855.00 20835.00 20840.00 170.00
20170606  22:21:00 20840.00 20845.00 20835.00 20840.00 152.00
20170606  22:22:00 20840.00 20840.00 20835.00 20835.00  96.00
20170606  22:23:00 20835.00 20845.00 20835.00 20845.00  74.00
20170606  22:24:00 20845.00 20845.00 20835.00 20840.00 218.00
20170606  22:25:00 20840.00 20845.00 20835.00 20840.00 166.00
20170606  22:26:00 20840.00 20855.00 20840.00 20855.00 254.00
20170606  22:27:00 20855.00 20860.00 20850.00 20860.00 174.00
20170606  22:28:00 20860.00 20885.00 20860.00 20870.00 976.00
20170606  22:29:00 20875.00 20880.00 20870.00 20880.00 384.00
20170606  22:30:00 20880.00 20890.00 20875.00 20880.00 610.00
20170606  22:31:00 20885.00 20890.00 20875.00 20880.00 434.00
20170606  22:32:00 20880.00 20885.00 20870.00 20870.00 164.00
20170606  22:33:00 20870.00 20890.00 20870.00 20890.00 472.00
20170606  22:34:00 20890.00 20890.00 20880.00 20885.00 338.00
20170606  22:35:00 20885.00 20895.00 20885.00 20885.00 280.00
20170606  22:36:00 20885.00 20885.00 20875.00 20875.00 180.00
20170606  22:37:00 20875.00 20875.00 20865.00 20865.00 448.00
20170606  22:38:00 20860.00 20870.00 20860.00 20860.00 306.00
20170606  22:39:00 20860.00 20865.00 20830.00 20835.00 852.00
20170606  22:40:00 20835.00 20840.00 20820.00 20830.00 1194.00
20170606  22:41:00 20830.00 20835.00 20825.00 20825.00 388.00
20170606  22:42:00 20825.00 20830.00 20820.00 20830.00 304.00
20170606  22:43:00 20825.00 20845.00 20825.00 20835.00 334.00
20170606  22:44:00 20835.00 20845.00 20835.00 20845.00 118.00
20170606  22:45:00 20845.00 20850.00 20835.00 20835.00 368.00
20170606  22:46:00 20835.00 20850.00 20830.00 20850.00 194.00
20170606  22:47:00 20850.00 20850.00 20840.00 20850.00 100.00
20170606  22:48:00 20850.00 20855.00 20845.00 20850.00 250.00
20170606  22:49:00 20850.00 20855.00 20845.00 20855.00  82.00
20170606  22:50:00 20855.00 20855.00 20835.00 20835.00 256.00
20170606  22:51:00 20835.00 20835.00 20830.00 20830.00 176.00
20170606  22:52:00 20830.00 20840.00 20825.00 20840.00 400.00
20170606  22:53:00 20840.00 20840.00 20835.00 20835.00  58.00
20170606  22:54:00 20835.00 20835.00 20825.00 20825.00 174.00
20170606  22:55:00 20825.00 20825.00 20805.00 20810.00 538.00
20170606  22:56:00 20810.00 20815.00 20780.00 20790.00 998.00
20170606  22:57:00 20790.00 20800.00 20785.00 20795.00 258.00
20170606  22:58:00 20795.00 20800.00 20790.00 20795.00 210.00
20170606  22:59:00 20795.00 20800.00 20790.00 20795.00 198.00
20170606  23:00:00 20795.00 20795.00 20785.00 20785.00 372.00
20170606  23:01:00 20785.00 20800.00 20780.00 20795.00 268.00
20170606  23:02:00 20800.00 20805.00 20795.00 20805.00 356.00
20170606  23:03:00 20805.00 20805.00 20795.00 20800.00 470.00
20170606  23:04:00 20800.00 20805.00 20795.00 20805.00 582.00
20170606  23:05:00 20805.00 20805.00 20795.00 20805.00 462.00
20170606  23:06:00 20805.00 20805.00 20790.00 20795.00 482.00
20170606  23:07:00 20795.00 20795.00 20780.00 20790.00 528.00
20170606  23:08:00 20790.00 20790.00 20760.00 20765.00 742.00
20170606  23:09:00 20760.00 20760.00 20740.00 20745.00 1128.00
20170606  23:10:00 20745.00 20760.00 20735.00 20750.00 922.00
20170606  23:11:00 20755.00 20765.00 20750.00 20760.00 572.00
20170606  23:12:00 20760.00 20765.00 20755.00 20760.00 410.00
20170606  23:13:00 20760.00 20770.00 20760.00 20760.00 320.00
20170606  23:14:00 20760.00 20775.00 20760.00 20770.00 474.00
20170606  23:15:00 20770.00 20775.00 20755.00 20755.00 464.00
20170606  23:16:00 20755.00 20760.00 20750.00 20750.00 216.00
20170606  23:17:00 20750.00 20765.00 20750.00 20760.00 206.00
20170606  23:18:00 20760.00 20775.00 20755.00 20775.00 218.00
20170606  23:19:00 20775.00 20775.00 20760.00 20760.00 118.00
20170606  23:20:00 20760.00 20765.00 20755.00 20755.00 318.00
20170606  23:21:00 20755.00 20755.00 20740.00 20745.00 664.00
20170606  23:22:00 20745.00 20745.00 20720.00 20730.00 1038.00
20170606  23:23:00 20730.00 20735.00 20720.00 20730.00 284.00
20170606  23:24:00 20735.00 20735.00 20720.00 20725.00 410.00
20170606  23:25:00 20725.00 20730.00 20715.00 20720.00 562.00
20170606  23:26:00 20720.00 20740.00 20720.00 20735.00 388.00
20170606  23:27:00 20735.00 20745.00 20730.00 20740.00 308.00
20170606  23:28:00 20735.00 20740.00 20715.00 20720.00 586.00
20170606  23:29:00 20715.00 20725.00 20715.00 20725.00 118.00
20170606  23:30:00 20725.00 20725.00 20705.00 20715.00 616.00
20170606  23:31:00 20715.00 20720.00 20705.00 20715.00 304.00
20170606  23:32:00 20715.00 20720.00 20715.00 20720.00 254.00
20170606  23:33:00 20720.00 20720.00 20710.00 20720.00 128.00
20170606  23:34:00 20720.00 20725.00 20715.00 20720.00 172.00
20170606  23:35:00 20720.00 20720.00 20715.00 20720.00 150.00
20170606  23:36:00 20720.00 20720.00 20715.00 20720.00 100.00
20170606  23:37:00 20720.00 20735.00 20715.00 20730.00 238.00
20170606  23:38:00 20730.00 20740.00 20725.00 20735.00 532.00
20170606  23:39:00 20730.00 20740.00 20730.00 20735.00 298.00
20170606  23:40:00 20735.00 20750.00 20735.00 20750.00 304.00
20170606  23:41:00 20750.00 20750.00 20740.00 20740.00 202.00
20170606  23:42:00 20745.00 20745.00 20730.00 20730.00 402.00
20170606  23:43:00 20730.00 20730.00 20715.00 20725.00 146.00
20170606  23:44:00 20725.00 20730.00 20725.00 20725.00  98.00
20170606  23:45:00 20720.00 20720.00 20715.00 20720.00 228.00
20170606  23:46:00 20720.00 20720.00 20705.00 20715.00 476.00
20170606  23:47:00 20715.00 20715.00 20710.00 20710.00  82.00
20170606  23:48:00 20710.00 20720.00 20710.00 20710.00  86.00
20170606  23:49:00 20710.00 20720.00 20670.00 20670.00 1532.00
20170606  23:50:00 20665.00 20690.00 20650.00 20665.00 2490.00
20170606  23:51:00 20665.00 20675.00 20660.00 20665.00 694.00
20170606  23:52:00 20665.00 20670.00 20650.00 20655.00 1048.00
20170606  23:53:00 20655.00 20660.00 20635.00 20650.00 1206.00
20170606  23:54:00 20650.00 20660.00 20650.00 20655.00 686.00
20170606  23:55:00 20655.00 20670.00 20645.00 20665.00 598.00
20170606  23:56:00 20665.00 20685.00 20665.00 20685.00 678.00
20170606  23:57:00 20685.00 20690.00 20680.00 20690.00 500.00
20170606  23:58:00 20690.00 20695.00 20680.00 20680.00 628.00
20170606  23:59:00 20680.00 20685.00 20680.00 20680.00 158.00
20170607  00:00:00 20685.00 20685.00 20675.00 20680.00 260.00
20170607  00:01:00 20680.00 20685.00 20675.00 20680.00  94.00
20170607  00:02:00 20680.00 20690.00 20680.00 20685.00 158.00
20170607  00:03:00 20685.00 20690.00 20680.00 20680.00 164.00
20170607  00:04:00 20680.00 20700.00 20680.00 20690.00 444.00
20170607  00:05:00 20690.00 20700.00 20685.00 20690.00 172.00
20170607  00:06:00 20690.00 20690.00 20680.00 20680.00  90.00
20170607  00:07:00 20680.00 20685.00 20665.00 20670.00 444.00
20170607  00:08:00 20670.00 20675.00 20670.00 20675.00 212.00
20170607  00:09:00 20675.00 20680.00 20675.00 20680.00  46.00
20170607  00:10:00 20680.00 20680.00 20675.00 20680.00  22.00
20170607  00:11:00 20680.00 20680.00 20675.00 20675.00  48.00
20170607  00:12:00 20675.00 20690.00 20675.00 20690.00 156.00
20170607  00:13:00 20690.00 20695.00 20690.00 20695.00 208.00
20170607  00:14:00 20695.00 20705.00 20695.00 20705.00 296.00
20170607  00:15:00 20705.00 20710.00 20695.00 20695.00 460.00
20170607  00:16:00 20695.00 20700.00 20695.00 20700.00  30.00
20170607  00:17:00 20700.00 20700.00 20685.00 20690.00 120.00
20170607  00:18:00 20690.00 20695.00 20685.00 20695.00 102.00
20170607  00:19:00 20695.00 20695.00 20690.00 20690.00  84.00
20170607  00:20:00 20690.00 20690.00 20685.00 20685.00  38.00
20170607  00:21:00 20685.00 20690.00 20685.00 20690.00  66.00
20170607  00:22:00 20690.00 20690.00 20685.00 20690.00  28.00
20170607  00:23:00 20690.00 20695.00 20690.00 20695.00  38.00
20170607  00:24:00 20695.00 20695.00 20695.00 20695.00  78.00
20170607  00:25:00 20695.00 20695.00 20690.00 20695.00  32.00
20170607  00:26:00 20695.00 20695.00 20690.00 20690.00  10.00
20170607  00:27:00 20690.00 20695.00 20690.00 20695.00  38.00
20170607  00:28:00 20695.00 20700.00 20695.00 20700.00 222.00
20170607  00:29:00 20700.00 20700.00 20695.00 20695.00  62.00
20170607  00:30:00 20695.00 20695.00 20690.00 20695.00  50.00
20170607  00:31:00 20695.00 20695.00 20690.00 20690.00  48.00
20170607  00:32:00 20690.00 20690.00 20685.00 20685.00  16.00
20170607  00:33:00 20685.00 20690.00 20685.00 20690.00  36.00
20170607  00:34:00 20690.00 20695.00 20690.00 20695.00  60.00
20170607  00:35:00 20695.00 20700.00 20690.00 20690.00 136.00
20170607  00:36:00 20690.00 20695.00 20685.00 20685.00  62.00
20170607  00:37:00 20685.00 20685.00 20685.00 20685.00  80.00
20170607  00:38:00 20690.00 20690.00 20690.00 20690.00  42.00
20170607  00:39:00 20690.00 20710.00 20690.00 20710.00 146.00
20170607  00:40:00 20710.00 20710.00 20705.00 20705.00  88.00
20170607  00:41:00 20705.00 20720.00 20705.00 20710.00 264.00
20170607  00:42:00 20710.00 20710.00 20700.00 20700.00 172.00
20170607  00:43:00 20700.00 20700.00 20695.00 20695.00  94.00
20170607  00:44:00 20695.00 20705.00 20695.00 20705.00  92.00
20170607  00:45:00 20700.00 20705.00 20700.00 20700.00 150.00
20170607  00:46:00 20700.00 20700.00 20700.00 20700.00  28.00
20170607  00:47:00 20700.00 20710.00 20700.00 20710.00  62.00
20170607  00:48:00 20710.00 20710.00 20710.00 20710.00  16.00
20170607  00:49:00 20710.00 20710.00 20700.00 20700.00 110.00
20170607  00:50:00 20700.00 20705.00 20700.00 20700.00  90.00
20170607  00:51:00 20700.00 20705.00 20700.00 20700.00 130.00
20170607  00:52:00 20700.00 20700.00 20685.00 20685.00  76.00
20170607  00:53:00 20685.00 20685.00 20685.00 20685.00  80.00
20170607  00:54:00 20685.00 20685.00 20685.00 20685.00  30.00
20170607  00:55:00 20685.00 20690.00 20675.00 20675.00 112.00
20170607  00:56:00 20675.00 20675.00 20675.00 20675.00  76.00
20170607  00:57:00 20675.00 20680.00 20640.00 20665.00 580.00
20170607  00:58:00 20665.00 20670.00 20660.00 20670.00 200.00
20170607  00:59:00 20660.00 20670.00 20660.00 20665.00 220.00
20170607  01:00:00 20665.00 20665.00 20665.00 20665.00   6.00
20170607  09:00:00 20675.00 20755.00 20675.00 20740.00 2318.00
20170607  09:01:00 20740.00 20740.00 20715.00 20725.00 1168.00
20170607  09:02:00 20720.00 20720.00 20640.00 20645.00 2584.00
20170607  09:03:00 20645.00 20670.00 20640.00 20640.00 2290.00
20170607  09:04:00 20640.00 20700.00 20625.00 20685.00 3218.00
20170607  09:05:00 20685.00 20730.00 20680.00 20685.00 2220.00
20170607  09:06:00 20685.00 20700.00 20680.00 20685.00 562.00
20170607  09:07:00 20685.00 20685.00 20625.00 20630.00 2358.00
20170607  09:08:00 20635.00 20640.00 20600.00 20630.00 3484.00
20170607  09:09:00 20630.00 20660.00 20625.00 20660.00 1484.00
20170607  09:10:00 20660.00 20660.00 20615.00 20630.00 1766.00
20170607  09:11:00 20630.00 20635.00 20590.00 20600.00 2024.00
20170607  09:12:00 20600.00 20615.00 20600.00 20615.00 1276.00
20170607  09:13:00 20610.00 20635.00 20605.00 20630.00 1860.00
20170607  09:14:00 20635.00 20640.00 20615.00 20615.00 794.00
20170607  09:15:00 20610.00 20625.00 20605.00 20610.00 1450.00
20170607  09:16:00 20610.00 20630.00 20610.00 20620.00 846.00
20170607  09:17:00 20620.00 20620.00 20605.00 20620.00 488.00
20170607  09:18:00 20620.00 20625.00 20610.00 20620.00 872.00
20170607  09:19:00 20615.00 20695.00 20610.00 20675.00 2596.00
20170607  09:20:00 20675.00 20720.00 20675.00 20680.00 2628.00
20170607  09:21:00 20680.00 20715.00 20675.00 20710.00 1576.00
20170607  09:22:00 20710.00 20720.00 20690.00 20690.00 1096.00
20170607  09:23:00 20685.00 20695.00 20675.00 20690.00 478.00
20170607  09:24:00 20685.00 20705.00 20685.00 20695.00 652.00
20170607  09:25:00 20695.00 20700.00 20680.00 20690.00 544.00
20170607  09:26:00 20690.00 20705.00 20690.00 20705.00 668.00
20170607  09:27:00 20705.00 20705.00 20685.00 20695.00 680.00
20170607  09:28:00 20690.00 20695.00 20685.00 20695.00 118.00
20170607  09:29:00 20695.00 20735.00 20690.00 20735.00 904.00
20170607  09:30:00 20735.00 20735.00 20710.00 20710.00 1028.00
20170607  09:31:00 20710.00 20765.00 20710.00 20765.00 2106.00
20170607  09:32:00 20750.00 20760.00 20730.00 20740.00 1924.00
20170607  09:33:00 20740.00 20745.00 20730.00 20730.00 348.00
20170607  09:34:00 20730.00 20735.00 20730.00 20735.00 302.00
20170607  09:35:00 20730.00 20770.00 20725.00 20755.00 1134.00
20170607  09:36:00 20755.00 20755.00 20730.00 20730.00 466.00
20170607  09:37:00 20730.00 20735.00 20700.00 20710.00 612.00
20170607  09:38:00 20710.00 20725.00 20700.00 20700.00 1118.00
20170607  09:39:00 20705.00 20710.00 20690.00 20690.00 860.00
20170607  09:40:00 20695.00 20700.00 20680.00 20685.00 754.00
20170607  09:41:00 20685.00 20700.00 20685.00 20695.00 636.00
20170607  09:42:00 20695.00 20700.00 20690.00 20690.00 258.00
20170607  09:43:00 20690.00 20695.00 20685.00 20695.00 328.00
20170607  09:44:00 20695.00 20710.00 20695.00 20700.00 252.00
20170607  09:45:00 20700.00 20705.00 20695.00 20695.00 344.00
20170607  09:46:00 20695.00 20715.00 20695.00 20705.00 328.00
20170607  09:47:00 20705.00 20720.00 20700.00 20720.00 520.00
20170607  09:48:00 20720.00 20720.00 20710.00 20715.00 446.00
20170607  09:49:00 20715.00 20720.00 20710.00 20715.00 446.00
20170607  09:50:00 20715.00 20715.00 20705.00 20705.00 242.00
20170607  09:51:00 20705.00 20705.00 20690.00 20690.00 488.00
20170607  09:52:00 20690.00 20695.00 20685.00 20685.00 650.00
20170607  09:53:00 20685.00 20690.00 20685.00 20685.00 376.00
20170607  09:54:00 20685.00 20695.00 20685.00 20690.00 492.00
20170607  09:55:00 20690.00 20695.00 20685.00 20695.00 458.00
20170607  09:56:00 20695.00 20700.00 20690.00 20700.00 352.00
20170607  09:57:00 20700.00 20705.00 20690.00 20705.00 318.00
20170607  09:58:00 20705.00 20715.00 20700.00 20710.00 278.00
20170607  09:59:00 20710.00 20715.00 20705.00 20710.00 324.00
20170607  10:00:00 20710.00 20720.00 20705.00 20710.00 238.00
20170607  10:01:00 20710.00 20715.00 20700.00 20700.00 198.00
20170607  10:02:00 20700.00 20700.00 20680.00 20685.00 412.00
20170607  10:03:00 20680.00 20690.00 20670.00 20680.00 1036.00
20170607  10:04:00 20680.00 20685.00 20680.00 20680.00 226.00
20170607  10:05:00 20675.00 20680.00 20670.00 20670.00 916.00
20170607  10:06:00 20670.00 20680.00 20670.00 20670.00 302.00
20170607  10:07:00 20670.00 20680.00 20670.00 20680.00 256.00
20170607  10:08:00 20680.00 20695.00 20675.00 20685.00 222.00
20170607  10:09:00 20685.00 20685.00 20680.00 20685.00  88.00
20170607  10:10:00 20685.00 20690.00 20680.00 20690.00 162.00
20170607  10:11:00 20690.00 20710.00 20690.00 20705.00 300.00
20170607  10:12:00 20705.00 20705.00 20700.00 20700.00 268.00
20170607  10:13:00 20695.00 20695.00 20695.00 20695.00 170.00
20170607  10:14:00 20695.00 20705.00 20690.00 20700.00 248.00
20170607  10:30:00 20690.00 20720.00 20690.00 20710.00 640.00
20170607  10:31:00 20710.00 20715.00 20705.00 20715.00 406.00
20170607  10:32:00 20715.00 20720.00 20705.00 20715.00 362.00
20170607  10:33:00 20715.00 20720.00 20710.00 20715.00 328.00
20170607  10:34:00 20715.00 20735.00 20715.00 20730.00 424.00
20170607  10:35:00 20730.00 20730.00 20710.00 20720.00 768.00
20170607  10:36:00 20720.00 20720.00 20700.00 20700.00 446.00
20170607  10:37:00 20700.00 20710.00 20695.00 20705.00 752.00
20170607  10:38:00 20705.00 20720.00 20705.00 20720.00 480.00
20170607  10:39:00 20720.00 20750.00 20720.00 20750.00 706.00
20170607  10:40:00 20755.00 20765.00 20740.00 20740.00 796.00
20170607  10:41:00 20740.00 20750.00 20740.00 20740.00 452.00
20170607  10:42:00 20740.00 20755.00 20740.00 20740.00 350.00
20170607  10:43:00 20740.00 20745.00 20735.00 20740.00 284.00
20170607  10:44:00 20745.00 20770.00 20745.00 20760.00 784.00
20170607  10:45:00 20760.00 20765.00 20750.00 20750.00 510.00
20170607  10:46:00 20750.00 20755.00 20740.00 20740.00 334.00
20170607  10:47:00 20740.00 20745.00 20730.00 20740.00 400.00
20170607  10:48:00 20740.00 20740.00 20740.00 20740.00 108.00
20170607  10:49:00 20740.00 20740.00 20725.00 20730.00 366.00
20170607  10:50:00 20730.00 20735.00 20730.00 20730.00  40.00
20170607  10:51:00 20730.00 20735.00 20725.00 20725.00 130.00
20170607  10:52:00 20725.00 20730.00 20720.00 20725.00 184.00
20170607  10:53:00 20720.00 20730.00 20720.00 20725.00 270.00
20170607  10:54:00 20725.00 20735.00 20725.00 20730.00 532.00
20170607  10:55:00 20730.00 20730.00 20715.00 20715.00 146.00
20170607  10:56:00 20720.00 20730.00 20715.00 20725.00 204.00
20170607  10:57:00 20725.00 20730.00 20720.00 20730.00 152.00
20170607  10:58:00 20730.00 20730.00 20725.00 20730.00  20.00
20170607  10:59:00 20725.00 20745.00 20725.00 20745.00 198.00
20170607  11:00:00 20745.00 20760.00 20745.00 20760.00 692.00
20170607  11:01:00 20760.00 20765.00 20740.00 20740.00 580.00
20170607  11:02:00 20745.00 20750.00 20735.00 20750.00 306.00
20170607  11:03:00 20750.00 20755.00 20745.00 20745.00 164.00
20170607  11:04:00 20745.00 20750.00 20730.00 20735.00 242.00
20170607  11:05:00 20735.00 20740.00 20730.00 20740.00 208.00
20170607  11:06:00 20740.00 20740.00 20730.00 20730.00 104.00
20170607  11:07:00 20730.00 20735.00 20730.00 20730.00  72.00
20170607  11:08:00 20730.00 20735.00 20730.00 20735.00 116.00
20170607  11:09:00 20735.00 20735.00 20730.00 20735.00  78.00
20170607  11:10:00 20735.00 20735.00 20720.00 20725.00 294.00
20170607  11:11:00 20725.00 20730.00 20725.00 20725.00  84.00
20170607  11:12:00 20725.00 20740.00 20725.00 20735.00 150.00
20170607  11:13:00 20735.00 20755.00 20735.00 20750.00 528.00
20170607  11:14:00 20750.00 20755.00 20750.00 20750.00 372.00
20170607  11:15:00 20750.00 20755.00 20745.00 20750.00 290.00
20170607  11:16:00 20750.00 20770.00 20750.00 20760.00 916.00
20170607  11:17:00 20760.00 20765.00 20750.00 20755.00 256.00
20170607  11:18:00 20755.00 20755.00 20740.00 20740.00 268.00
20170607  11:19:00 20740.00 20740.00 20725.00 20735.00 408.00
20170607  11:20:00 20735.00 20735.00 20730.00 20735.00 142.00
20170607  11:21:00 20730.00 20735.00 20730.00 20730.00 224.00
20170607  11:22:00 20730.00 20755.00 20730.00 20755.00 576.00
20170607  11:23:00 20755.00 20765.00 20755.00 20765.00 492.00
20170607  11:24:00 20765.00 20765.00 20755.00 20765.00 534.00
20170607  11:25:00 20760.00 20765.00 20745.00 20750.00 294.00
20170607  11:26:00 20750.00 20755.00 20745.00 20750.00  98.00
20170607  11:27:00 20745.00 20755.00 20745.00 20750.00 216.00
20170607  11:28:00 20750.00 20755.00 20735.00 20740.00 300.00
20170607  11:29:00 20740.00 20740.00 20725.00 20740.00 622.00
20170607  13:30:00 20725.00 20740.00 20720.00 20740.00 1024.00
20170607  13:31:00 20735.00 20745.00 20730.00 20740.00 288.00
20170607  13:32:00 20740.00 20750.00 20740.00 20745.00 206.00
20170607  13:33:00 20745.00 20770.00 20745.00 20755.00 1498.00
20170607  13:34:00 20755.00 20775.00 20755.00 20770.00 896.00
20170607  13:35:00 20770.00 20795.00 20770.00 20790.00 1684.00
20170607  13:36:00 20790.00 20790.00 20770.00 20775.00 626.00
20170607  13:37:00 20775.00 20780.00 20765.00 20775.00 610.00
20170607  13:38:00 20775.00 20780.00 20765.00 20770.00 348.00
20170607  13:39:00 20770.00 20770.00 20765.00 20765.00 264.00
20170607  13:40:00 20765.00 20765.00 20755.00 20760.00 440.00
20170607  13:41:00 20760.00 20765.00 20755.00 20755.00 400.00
20170607  13:42:00 20755.00 20755.00 20740.00 20740.00 492.00
20170607  13:43:00 20740.00 20750.00 20740.00 20745.00 282.00
20170607  13:44:00 20745.00 20745.00 20730.00 20735.00 394.00
20170607  13:45:00 20735.00 20740.00 20730.00 20735.00 214.00
20170607  13:46:00 20735.00 20750.00 20735.00 20745.00 420.00
20170607  13:47:00 20745.00 20750.00 20740.00 20745.00 216.00
20170607  13:48:00 20745.00 20745.00 20735.00 20740.00 142.00
20170607  13:49:00 20750.00 20760.00 20745.00 20750.00 542.00
20170607  13:50:00 20750.00 20755.00 20735.00 20740.00 268.00
20170607  13:51:00 20740.00 20755.00 20740.00 20745.00 514.00
20170607  13:52:00 20745.00 20745.00 20740.00 20745.00 140.00
20170607  13:53:00 20745.00 20760.00 20740.00 20760.00 352.00
20170607  13:54:00 20760.00 20765.00 20745.00 20745.00 312.00
20170607  13:55:00 20745.00 20750.00 20740.00 20750.00 264.00
20170607  13:56:00 20750.00 20755.00 20745.00 20750.00 236.00
20170607  13:57:00 20750.00 20750.00 20725.00 20725.00 768.00
20170607  13:58:00 20725.00 20740.00 20725.00 20735.00 416.00
20170607  13:59:00 20735.00 20740.00 20720.00 20720.00 1116.00
20170607  14:00:00 20725.00 20725.00 20715.00 20720.00 546.00
20170607  14:01:00 20720.00 20735.00 20720.00 20725.00 354.00
20170607  14:02:00 20725.00 20730.00 20710.00 20710.00 492.00
20170607  14:03:00 20710.00 20720.00 20700.00 20710.00 618.00
20170607  14:04:00 20710.00 20715.00 20705.00 20710.00 238.00
20170607  14:05:00 20710.00 20720.00 20710.00 20710.00 150.00
20170607  14:06:00 20710.00 20715.00 20690.00 20690.00 654.00
20170607  14:07:00 20690.00 20690.00 20670.00 20675.00 1308.00
20170607  14:08:00 20670.00 20675.00 20640.00 20660.00 3124.00
20170607  14:09:00 20660.00 20660.00 20625.00 20640.00 2042.00
20170607  14:10:00 20640.00 20640.00 20620.00 20635.00 2410.00
20170607  14:11:00 20635.00 20640.00 20630.00 20630.00 1934.00
20170607  14:12:00 20630.00 20635.00 20620.00 20635.00 926.00
20170607  14:13:00 20635.00 20635.00 20615.00 20625.00 1740.00
20170607  14:14:00 20620.00 20625.00 20530.00 20540.00 9410.00
20170607  14:15:00 20535.00 20545.00 20530.00 20540.00 4062.00
20170607  14:16:00 20540.00 20545.00 20520.00 20520.00 2730.00
20170607  14:17:00 20525.00 20525.00 20475.00 20485.00 6304.00
20170607  14:18:00 20485.00 20500.00 20470.00 20490.00 2616.00
20170607  14:19:00 20490.00 20500.00 20490.00 20500.00 1322.00
20170607  14:20:00 20500.00 20510.00 20490.00 20500.00 2416.00
20170607  14:21:00 20500.00 20520.00 20495.00 20515.00 2310.00
20170607  14:22:00 20520.00 20530.00 20510.00 20530.00 1690.00
20170607  14:23:00 20530.00 20530.00 20505.00 20510.00 1070.00
20170607  14:24:00 20510.00 20515.00 20505.00 20510.00 512.00
20170607  14:25:00 20515.00 20525.00 20510.00 20515.00 1098.00
20170607  14:26:00 20515.00 20530.00 20515.00 20520.00 892.00
20170607  14:27:00 20520.00 20520.00 20510.00 20515.00 444.00
20170607  14:28:00 20515.00 20515.00 20495.00 20495.00 1084.00
20170607  14:29:00 20495.00 20495.00 20460.00 20465.00 3086.00
20170607  14:30:00 20470.00 20485.00 20455.00 20480.00 2440.00
20170607  14:31:00 20480.00 20480.00 20450.00 20460.00 1956.00
20170607  14:32:00 20460.00 20460.00 20435.00 20440.00 2352.00
20170607  14:33:00 20440.00 20470.00 20440.00 20460.00 2002.00
20170607  14:34:00 20460.00 20465.00 20455.00 20460.00 620.00
20170607  14:35:00 20465.00 20465.00 20455.00 20455.00 362.00
20170607  14:36:00 20450.00 20455.00 20445.00 20450.00 1690.00
20170607  14:37:00 20450.00 20465.00 20450.00 20460.00 1192.00
20170607  14:38:00 20460.00 20470.00 20445.00 20455.00 2274.00
20170607  14:39:00 20455.00 20465.00 20450.00 20460.00 1764.00
20170607  14:40:00 20460.00 20485.00 20455.00 20485.00 1238.00
20170607  14:41:00 20485.00 20500.00 20475.00 20490.00 1660.00
20170607  14:42:00 20495.00 20510.00 20490.00 20505.00 1374.00
20170607  14:43:00 20505.00 20520.00 20505.00 20510.00 1840.00
20170607  14:44:00 20510.00 20515.00 20500.00 20510.00 418.00
20170607  14:45:00 20510.00 20525.00 20510.00 20525.00 1022.00
20170607  14:46:00 20525.00 20530.00 20510.00 20510.00 1330.00
20170607  14:47:00 20510.00 20515.00 20505.00 20510.00 874.00
20170607  14:48:00 20510.00 20520.00 20505.00 20520.00 1192.00
20170607  14:49:00 20520.00 20525.00 20495.00 20500.00 890.00
20170607  14:50:00 20500.00 20500.00 20470.00 20475.00 1800.00
20170607  14:51:00 20480.00 20490.00 20475.00 20480.00 566.00
20170607  14:52:00 20480.00 20480.00 20460.00 20460.00 2090.00
20170607  14:53:00 20460.00 20465.00 20455.00 20460.00 980.00
20170607  14:54:00 20465.00 20480.00 20460.00 20475.00 1052.00
20170607  14:55:00 20470.00 20480.00 20465.00 20475.00 992.00
20170607  14:56:00 20475.00 20475.00 20460.00 20465.00 1206.00
20170607  14:57:00 20470.00 20480.00 20465.00 20480.00 1246.00
20170607  14:58:00 20485.00 20520.00 20475.00 20520.00 2938.00
20170607  14:59:00 20515.00 20560.00 20515.00 20545.00 4690.00
20170607  15:00:00 20540.00 20540.00 20540.00 20540.00  16.00
