20170710  21:00:00 22670.00 22695.00 22665.00 22670.00 3430.00
20170710  21:01:00 22670.00 22690.00 22665.00 22680.00 2138.00
20170710  21:02:00 22680.00 22680.00 22570.00 22575.00 4654.00
20170710  21:03:00 22575.00 22575.00 22535.00 22555.00 5220.00
20170710  21:04:00 22550.00 22565.00 22520.00 22545.00 3152.00
20170710  21:05:00 22540.00 22540.00 22485.00 22520.00 3970.00
20170710  21:06:00 22520.00 22555.00 22520.00 22550.00 2116.00
20170710  21:07:00 22550.00 22565.00 22545.00 22565.00 1756.00
20170710  21:08:00 22565.00 22565.00 22555.00 22555.00 920.00
20170710  21:09:00 22555.00 22565.00 22550.00 22555.00 996.00
20170710  21:10:00 22560.00 22565.00 22545.00 22545.00 1332.00
20170710  21:11:00 22545.00 22565.00 22540.00 22565.00 1054.00
20170710  21:12:00 22565.00 22565.00 22555.00 22560.00 784.00
20170710  21:13:00 22560.00 22565.00 22555.00 22560.00 666.00
20170710  21:14:00 22560.00 22560.00 22545.00 22545.00 1232.00
20170710  21:15:00 22545.00 22560.00 22540.00 22555.00 1022.00
20170710  21:16:00 22555.00 22560.00 22550.00 22555.00 1146.00
20170710  21:17:00 22555.00 22565.00 22555.00 22565.00 652.00
20170710  21:18:00 22565.00 22585.00 22565.00 22585.00 1152.00
20170710  21:19:00 22585.00 22655.00 22585.00 22655.00 4196.00
20170710  21:20:00 22655.00 22655.00 22625.00 22630.00 2262.00
20170710  21:21:00 22630.00 22645.00 22630.00 22645.00 1286.00
20170710  21:22:00 22645.00 22645.00 22625.00 22630.00 1376.00
20170710  21:23:00 22625.00 22640.00 22625.00 22630.00 680.00
20170710  21:24:00 22635.00 22640.00 22625.00 22630.00 1076.00
20170710  21:25:00 22630.00 22630.00 22615.00 22620.00 900.00
20170710  21:26:00 22620.00 22620.00 22610.00 22610.00 794.00
20170710  21:27:00 22610.00 22645.00 22610.00 22640.00 1130.00
20170710  21:28:00 22635.00 22645.00 22630.00 22635.00 1310.00
20170710  21:29:00 22640.00 22640.00 22620.00 22620.00 1064.00
20170710  21:30:00 22620.00 22620.00 22605.00 22605.00 1214.00
20170710  21:31:00 22605.00 22620.00 22605.00 22615.00 800.00
20170710  21:32:00 22615.00 22635.00 22615.00 22630.00 860.00
20170710  21:33:00 22630.00 22635.00 22625.00 22630.00 412.00
20170710  21:34:00 22635.00 22635.00 22620.00 22620.00 334.00
20170710  21:35:00 22620.00 22625.00 22615.00 22620.00 462.00
20170710  21:36:00 22620.00 22645.00 22620.00 22640.00 984.00
20170710  21:37:00 22640.00 22665.00 22640.00 22650.00 1330.00
20170710  21:38:00 22650.00 22650.00 22635.00 22640.00 566.00
20170710  21:39:00 22640.00 22640.00 22630.00 22635.00 696.00
20170710  21:40:00 22635.00 22640.00 22630.00 22635.00 144.00
20170710  21:41:00 22635.00 22645.00 22635.00 22645.00 272.00
20170710  21:42:00 22640.00 22645.00 22635.00 22645.00 562.00
20170710  21:43:00 22645.00 22650.00 22635.00 22650.00 994.00
20170710  21:44:00 22650.00 22660.00 22650.00 22660.00 918.00
20170710  21:45:00 22655.00 22660.00 22650.00 22650.00 518.00
20170710  21:46:00 22650.00 22655.00 22650.00 22655.00 176.00
20170710  21:47:00 22655.00 22660.00 22650.00 22650.00 688.00
20170710  21:48:00 22650.00 22655.00 22635.00 22645.00 1094.00
20170710  21:49:00 22645.00 22660.00 22640.00 22655.00 712.00
20170710  21:50:00 22655.00 22665.00 22645.00 22650.00 806.00
20170710  21:51:00 22655.00 22655.00 22645.00 22645.00 384.00
20170710  21:52:00 22645.00 22655.00 22640.00 22650.00 382.00
20170710  21:53:00 22650.00 22655.00 22645.00 22655.00 252.00
20170710  21:54:00 22655.00 22675.00 22650.00 22670.00 1210.00
20170710  21:55:00 22670.00 22680.00 22660.00 22675.00 1056.00
20170710  21:56:00 22675.00 22680.00 22665.00 22670.00 846.00
20170710  21:57:00 22670.00 22675.00 22655.00 22660.00 910.00
20170710  21:58:00 22660.00 22660.00 22650.00 22650.00 496.00
20170710  21:59:00 22650.00 22655.00 22650.00 22650.00 540.00
20170710  22:00:00 22650.00 22660.00 22650.00 22655.00 442.00
20170710  22:01:00 22655.00 22660.00 22650.00 22655.00 170.00
20170710  22:02:00 22655.00 22675.00 22655.00 22675.00 748.00
20170710  22:03:00 22675.00 22690.00 22670.00 22685.00 2042.00
20170710  22:04:00 22685.00 22700.00 22680.00 22695.00 1220.00
20170710  22:05:00 22700.00 22700.00 22680.00 22685.00 1582.00
20170710  22:06:00 22685.00 22685.00 22675.00 22675.00 340.00
20170710  22:07:00 22675.00 22680.00 22675.00 22675.00 486.00
20170710  22:08:00 22675.00 22685.00 22675.00 22680.00 370.00
20170710  22:09:00 22685.00 22685.00 22670.00 22675.00 1034.00
20170710  22:10:00 22680.00 22680.00 22665.00 22670.00 550.00
20170710  22:11:00 22670.00 22675.00 22665.00 22670.00 282.00
20170710  22:12:00 22670.00 22680.00 22665.00 22670.00 522.00
20170710  22:13:00 22670.00 22675.00 22665.00 22670.00 394.00
20170710  22:14:00 22670.00 22675.00 22670.00 22670.00 576.00
20170710  22:15:00 22670.00 22670.00 22655.00 22660.00 1304.00
20170710  22:16:00 22660.00 22665.00 22655.00 22660.00 1366.00
20170710  22:17:00 22660.00 22665.00 22655.00 22660.00 962.00
20170710  22:18:00 22660.00 22665.00 22655.00 22660.00 482.00
20170710  22:19:00 22660.00 22670.00 22660.00 22670.00 380.00
20170710  22:20:00 22670.00 22670.00 22665.00 22670.00 428.00
20170710  22:21:00 22670.00 22670.00 22665.00 22665.00 264.00
20170710  22:22:00 22665.00 22670.00 22665.00 22670.00 512.00
20170710  22:23:00 22670.00 22675.00 22660.00 22660.00 746.00
20170710  22:24:00 22660.00 22665.00 22655.00 22665.00 414.00
20170710  22:25:00 22665.00 22675.00 22665.00 22665.00 1332.00
20170710  22:26:00 22665.00 22680.00 22665.00 22670.00 1108.00
20170710  22:27:00 22670.00 22675.00 22650.00 22650.00 1206.00
20170710  22:28:00 22650.00 22655.00 22640.00 22645.00 878.00
20170710  22:29:00 22645.00 22650.00 22640.00 22645.00 752.00
20170710  22:30:00 22645.00 22660.00 22645.00 22660.00 1006.00
20170710  22:31:00 22660.00 22670.00 22660.00 22670.00 930.00
20170710  22:32:00 22670.00 22680.00 22665.00 22670.00 1110.00
20170710  22:33:00 22670.00 22670.00 22660.00 22660.00 1312.00
20170710  22:34:00 22660.00 22670.00 22655.00 22670.00 656.00
20170710  22:35:00 22670.00 22670.00 22655.00 22660.00 348.00
20170710  22:36:00 22660.00 22675.00 22660.00 22665.00 700.00
20170710  22:37:00 22665.00 22675.00 22665.00 22670.00 702.00
20170710  22:38:00 22670.00 22675.00 22665.00 22675.00 1066.00
20170710  22:39:00 22675.00 22675.00 22660.00 22665.00 630.00
20170710  22:40:00 22665.00 22675.00 22665.00 22675.00 668.00
20170710  22:41:00 22675.00 22675.00 22665.00 22665.00 820.00
20170710  22:42:00 22670.00 22675.00 22665.00 22675.00 402.00
20170710  22:43:00 22675.00 22680.00 22670.00 22680.00 1034.00
20170710  22:44:00 22680.00 22680.00 22670.00 22670.00 500.00
20170710  22:45:00 22670.00 22675.00 22670.00 22670.00  92.00
20170710  22:46:00 22670.00 22675.00 22665.00 22665.00 586.00
20170710  22:47:00 22670.00 22670.00 22665.00 22665.00 322.00
20170710  22:48:00 22665.00 22670.00 22660.00 22665.00 340.00
20170710  22:49:00 22665.00 22665.00 22660.00 22660.00 534.00
20170710  22:50:00 22660.00 22665.00 22655.00 22660.00 736.00
20170710  22:51:00 22660.00 22660.00 22655.00 22660.00 600.00
20170710  22:52:00 22660.00 22675.00 22660.00 22670.00 1216.00
20170710  22:53:00 22670.00 22680.00 22670.00 22675.00 1016.00
20170710  22:54:00 22675.00 22680.00 22665.00 22675.00 1092.00
20170710  22:55:00 22680.00 22725.00 22675.00 22725.00 3588.00
20170710  22:56:00 22730.00 22730.00 22705.00 22715.00 1752.00
20170710  22:57:00 22720.00 22725.00 22710.00 22715.00 1222.00
20170710  22:58:00 22715.00 22715.00 22710.00 22710.00 390.00
20170710  22:59:00 22710.00 22715.00 22695.00 22700.00 1350.00
20170710  23:00:00 22695.00 22705.00 22695.00 22695.00 674.00
20170710  23:01:00 22695.00 22700.00 22690.00 22695.00 496.00
20170710  23:02:00 22695.00 22700.00 22690.00 22700.00 232.00
20170710  23:03:00 22700.00 22720.00 22695.00 22720.00 928.00
20170710  23:04:00 22720.00 22730.00 22720.00 22725.00 1288.00
20170710  23:05:00 22725.00 22735.00 22725.00 22725.00 1144.00
20170710  23:06:00 22725.00 22740.00 22725.00 22730.00 810.00
20170710  23:07:00 22735.00 22755.00 22720.00 22750.00 2760.00
20170710  23:08:00 22750.00 22785.00 22750.00 22775.00 6208.00
20170710  23:09:00 22780.00 22785.00 22770.00 22775.00 1954.00
20170710  23:10:00 22775.00 22785.00 22775.00 22780.00 1092.00
20170710  23:11:00 22775.00 22790.00 22770.00 22785.00 1368.00
20170710  23:12:00 22785.00 22810.00 22785.00 22805.00 3154.00
20170710  23:13:00 22805.00 22825.00 22800.00 22810.00 2860.00
20170710  23:14:00 22810.00 22845.00 22805.00 22840.00 2526.00
20170710  23:15:00 22845.00 22850.00 22835.00 22840.00 3694.00
20170710  23:16:00 22835.00 22845.00 22830.00 22830.00 2192.00
20170710  23:17:00 22825.00 22830.00 22820.00 22825.00 1238.00
20170710  23:18:00 22820.00 22830.00 22820.00 22830.00 908.00
20170710  23:19:00 22830.00 22840.00 22825.00 22840.00 1072.00
20170710  23:20:00 22840.00 22860.00 22840.00 22860.00 2978.00
20170710  23:21:00 22860.00 22870.00 22830.00 22835.00 2404.00
20170710  23:22:00 22835.00 22845.00 22835.00 22840.00 766.00
20170710  23:23:00 22835.00 22840.00 22825.00 22830.00 640.00
20170710  23:24:00 22830.00 22835.00 22825.00 22825.00 560.00
20170710  23:25:00 22825.00 22830.00 22815.00 22820.00 724.00
20170710  23:26:00 22820.00 22825.00 22810.00 22820.00 894.00
20170710  23:27:00 22820.00 22840.00 22820.00 22835.00 776.00
20170710  23:28:00 22840.00 22850.00 22835.00 22835.00 1348.00
20170710  23:29:00 22835.00 22840.00 22825.00 22835.00 1140.00
20170710  23:30:00 22840.00 22855.00 22840.00 22850.00 1722.00
20170710  23:31:00 22845.00 22855.00 22820.00 22820.00 1862.00
20170710  23:32:00 22820.00 22825.00 22810.00 22820.00 1848.00
20170710  23:33:00 22825.00 22825.00 22820.00 22825.00 276.00
20170710  23:34:00 22825.00 22825.00 22810.00 22815.00 856.00
20170710  23:35:00 22815.00 22825.00 22810.00 22825.00 1076.00
20170710  23:36:00 22825.00 22825.00 22815.00 22825.00 932.00
20170710  23:37:00 22825.00 22825.00 22820.00 22820.00 264.00
20170710  23:38:00 22820.00 22830.00 22820.00 22820.00 240.00
20170710  23:39:00 22820.00 22830.00 22815.00 22830.00 430.00
20170710  23:40:00 22830.00 22840.00 22830.00 22830.00 868.00
20170710  23:41:00 22830.00 22835.00 22830.00 22835.00 144.00
20170710  23:42:00 22835.00 22835.00 22825.00 22825.00 482.00
20170710  23:43:00 22825.00 22830.00 22825.00 22825.00 304.00
20170710  23:44:00 22825.00 22840.00 22820.00 22840.00 928.00
20170710  23:45:00 22840.00 22845.00 22835.00 22840.00 756.00
20170710  23:46:00 22840.00 22850.00 22840.00 22850.00 1530.00
20170710  23:47:00 22850.00 22850.00 22835.00 22840.00 394.00
20170710  23:48:00 22840.00 22840.00 22830.00 22830.00 770.00
20170710  23:49:00 22830.00 22855.00 22830.00 22845.00 1126.00
20170710  23:50:00 22845.00 22850.00 22835.00 22835.00 518.00
20170710  23:51:00 22840.00 22845.00 22840.00 22840.00 272.00
20170710  23:52:00 22840.00 22840.00 22830.00 22835.00 238.00
20170710  23:53:00 22835.00 22835.00 22820.00 22820.00 736.00
20170710  23:54:00 22820.00 22835.00 22820.00 22835.00 446.00
20170710  23:55:00 22835.00 22835.00 22830.00 22830.00 288.00
20170710  23:56:00 22830.00 22835.00 22830.00 22835.00  50.00
20170710  23:57:00 22835.00 22835.00 22830.00 22830.00 198.00
20170710  23:58:00 22830.00 22840.00 22830.00 22835.00 104.00
20170710  23:59:00 22835.00 22840.00 22830.00 22840.00 238.00
20170711  00:00:00 22835.00 22840.00 22830.00 22835.00 100.00
20170711  00:01:00 22835.00 22840.00 22835.00 22835.00 148.00
20170711  00:02:00 22835.00 22845.00 22835.00 22845.00 174.00
20170711  00:03:00 22840.00 22845.00 22840.00 22840.00 242.00
20170711  00:04:00 22840.00 22840.00 22840.00 22840.00 278.00
20170711  00:05:00 22840.00 22845.00 22840.00 22840.00 784.00
20170711  00:06:00 22840.00 22850.00 22840.00 22850.00 404.00
20170711  00:07:00 22850.00 22850.00 22840.00 22845.00 260.00
20170711  00:08:00 22845.00 22845.00 22835.00 22835.00 216.00
20170711  00:09:00 22830.00 22840.00 22830.00 22840.00 112.00
20170711  00:10:00 22840.00 22850.00 22840.00 22840.00 266.00
20170711  00:11:00 22840.00 22840.00 22835.00 22840.00 224.00
20170711  00:12:00 22840.00 22840.00 22835.00 22840.00  60.00
20170711  00:13:00 22840.00 22845.00 22840.00 22840.00 102.00
20170711  00:14:00 22840.00 22840.00 22835.00 22840.00 186.00
20170711  00:15:00 22840.00 22840.00 22835.00 22840.00  28.00
20170711  00:16:00 22840.00 22845.00 22835.00 22840.00  80.00
20170711  00:17:00 22840.00 22840.00 22840.00 22840.00  32.00
20170711  00:18:00 22840.00 22840.00 22835.00 22840.00 184.00
20170711  00:19:00 22840.00 22840.00 22840.00 22840.00 122.00
20170711  00:20:00 22840.00 22845.00 22840.00 22840.00  52.00
20170711  00:21:00 22840.00 22845.00 22840.00 22840.00  28.00
20170711  00:22:00 22845.00 22855.00 22845.00 22845.00 824.00
20170711  00:23:00 22845.00 22850.00 22840.00 22845.00 178.00
20170711  00:24:00 22845.00 22845.00 22845.00 22845.00  32.00
20170711  00:25:00 22845.00 22850.00 22845.00 22850.00  86.00
20170711  00:26:00 22850.00 22850.00 22845.00 22850.00 128.00
20170711  00:27:00 22850.00 22855.00 22845.00 22845.00 232.00
20170711  00:28:00 22845.00 22850.00 22845.00 22850.00  34.00
20170711  00:29:00 22850.00 22850.00 22840.00 22840.00  62.00
20170711  00:30:00 22840.00 22845.00 22840.00 22845.00 176.00
20170711  00:31:00 22845.00 22850.00 22845.00 22850.00  48.00
20170711  00:32:00 22850.00 22850.00 22845.00 22850.00 112.00
20170711  00:33:00 22845.00 22845.00 22845.00 22845.00  92.00
20170711  00:34:00 22840.00 22850.00 22840.00 22845.00 270.00
20170711  00:35:00 22845.00 22850.00 22845.00 22845.00  90.00
20170711  00:36:00 22845.00 22845.00 22845.00 22845.00  80.00
20170711  00:37:00 22845.00 22845.00 22835.00 22835.00 350.00
20170711  00:38:00 22835.00 22840.00 22835.00 22840.00  48.00
20170711  00:39:00 22840.00 22840.00 22840.00 22840.00  16.00
20170711  00:40:00 22840.00 22840.00 22840.00 22840.00  36.00
20170711  00:41:00 22840.00 22840.00 22830.00 22835.00 342.00
20170711  00:42:00 22835.00 22840.00 22835.00 22840.00  18.00
20170711  00:43:00 22840.00 22845.00 22840.00 22840.00 142.00
20170711  00:44:00 22840.00 22850.00 22840.00 22850.00 204.00
20170711  00:45:00 22850.00 22855.00 22845.00 22850.00 316.00
20170711  00:46:00 22850.00 22855.00 22845.00 22855.00 264.00
20170711  00:47:00 22855.00 22855.00 22845.00 22850.00 244.00
20170711  00:48:00 22850.00 22850.00 22850.00 22850.00  92.00
20170711  00:49:00 22850.00 22850.00 22845.00 22845.00  66.00
20170711  00:50:00 22845.00 22845.00 22840.00 22840.00 160.00
20170711  00:51:00 22840.00 22845.00 22835.00 22840.00 264.00
20170711  00:52:00 22840.00 22845.00 22840.00 22840.00 316.00
20170711  00:53:00 22840.00 22845.00 22840.00 22845.00  66.00
20170711  00:54:00 22845.00 22850.00 22845.00 22845.00 202.00
20170711  00:55:00 22845.00 22850.00 22845.00 22850.00 174.00
20170711  00:56:00 22850.00 22850.00 22845.00 22850.00 242.00
20170711  00:57:00 22845.00 22850.00 22845.00 22850.00 194.00
20170711  00:58:00 22845.00 22860.00 22845.00 22855.00 478.00
20170711  00:59:00 22855.00 22855.00 22845.00 22845.00 546.00
20170711  01:00:00 22845.00 22845.00 22845.00 22845.00   2.00
20170711  09:00:00 22835.00 22850.00 22820.00 22830.00 2072.00
20170711  09:01:00 22830.00 22830.00 22810.00 22815.00 1434.00
20170711  09:02:00 22815.00 22835.00 22810.00 22815.00 2100.00
20170711  09:03:00 22815.00 22820.00 22770.00 22780.00 2580.00
20170711  09:04:00 22780.00 22805.00 22780.00 22800.00 1922.00
20170711  09:05:00 22800.00 22810.00 22785.00 22800.00 1690.00
20170711  09:06:00 22790.00 22800.00 22780.00 22785.00 918.00
20170711  09:07:00 22785.00 22795.00 22780.00 22790.00 1230.00
20170711  09:08:00 22790.00 22795.00 22780.00 22785.00 920.00
20170711  09:09:00 22785.00 22790.00 22765.00 22775.00 2054.00
20170711  09:10:00 22775.00 22775.00 22760.00 22770.00 1684.00
20170711  09:11:00 22770.00 22775.00 22755.00 22755.00 1602.00
20170711  09:12:00 22755.00 22775.00 22755.00 22770.00 940.00
20170711  09:13:00 22775.00 22785.00 22770.00 22785.00 790.00
20170711  09:14:00 22785.00 22790.00 22775.00 22785.00 1428.00
20170711  09:15:00 22785.00 22785.00 22770.00 22775.00 868.00
20170711  09:16:00 22770.00 22775.00 22760.00 22765.00 814.00
20170711  09:17:00 22765.00 22765.00 22750.00 22760.00 768.00
20170711  09:18:00 22760.00 22770.00 22760.00 22765.00 548.00
20170711  09:19:00 22765.00 22785.00 22765.00 22780.00 964.00
20170711  09:20:00 22780.00 22785.00 22770.00 22780.00 806.00
20170711  09:21:00 22780.00 22785.00 22750.00 22765.00 1508.00
20170711  09:22:00 22765.00 22775.00 22760.00 22770.00 850.00
20170711  09:23:00 22770.00 22785.00 22770.00 22775.00 940.00
20170711  09:24:00 22775.00 22775.00 22765.00 22765.00 960.00
20170711  09:25:00 22765.00 22775.00 22730.00 22745.00 1974.00
20170711  09:26:00 22750.00 22750.00 22735.00 22740.00 1520.00
20170711  09:27:00 22740.00 22745.00 22735.00 22735.00 844.00
20170711  09:28:00 22735.00 22750.00 22735.00 22750.00 810.00
20170711  09:29:00 22750.00 22750.00 22720.00 22735.00 2124.00
20170711  09:30:00 22735.00 22745.00 22730.00 22740.00 1238.00
20170711  09:31:00 22740.00 22750.00 22740.00 22745.00 374.00
20170711  09:32:00 22745.00 22765.00 22745.00 22765.00 1314.00
20170711  09:33:00 22765.00 22770.00 22750.00 22760.00 1182.00
20170711  09:34:00 22760.00 22765.00 22750.00 22760.00 834.00
20170711  09:35:00 22760.00 22765.00 22745.00 22760.00 1760.00
20170711  09:36:00 22755.00 22760.00 22750.00 22760.00 1414.00
20170711  09:37:00 22755.00 22760.00 22745.00 22750.00 524.00
20170711  09:38:00 22750.00 22755.00 22745.00 22745.00 482.00
20170711  09:39:00 22745.00 22745.00 22735.00 22735.00 620.00
20170711  09:40:00 22735.00 22755.00 22735.00 22750.00 802.00
20170711  09:41:00 22750.00 22755.00 22750.00 22750.00 350.00
20170711  09:42:00 22750.00 22760.00 22745.00 22755.00 680.00
20170711  09:43:00 22755.00 22760.00 22755.00 22760.00 284.00
20170711  09:44:00 22760.00 22765.00 22755.00 22760.00 270.00
20170711  09:45:00 22760.00 22760.00 22740.00 22755.00 1074.00
20170711  09:46:00 22750.00 22755.00 22740.00 22750.00 656.00
20170711  09:47:00 22750.00 22750.00 22740.00 22750.00 482.00
20170711  09:48:00 22750.00 22750.00 22735.00 22740.00 940.00
20170711  09:49:00 22745.00 22745.00 22730.00 22740.00 1272.00
20170711  09:50:00 22740.00 22755.00 22740.00 22745.00 694.00
20170711  09:51:00 22745.00 22750.00 22745.00 22750.00 428.00
20170711  09:52:00 22750.00 22755.00 22745.00 22750.00 228.00
20170711  09:53:00 22750.00 22755.00 22745.00 22750.00 206.00
20170711  09:54:00 22750.00 22750.00 22740.00 22750.00 484.00
20170711  09:55:00 22750.00 22755.00 22735.00 22745.00 756.00
20170711  09:56:00 22745.00 22765.00 22745.00 22760.00 1368.00
20170711  09:57:00 22760.00 22765.00 22755.00 22765.00 652.00
20170711  09:58:00 22765.00 22765.00 22760.00 22765.00 156.00
20170711  09:59:00 22765.00 22770.00 22755.00 22755.00 764.00
20170711  10:00:00 22755.00 22785.00 22745.00 22785.00 2238.00
20170711  10:01:00 22785.00 22815.00 22780.00 22805.00 2716.00
20170711  10:02:00 22800.00 22845.00 22800.00 22840.00 3092.00
20170711  10:03:00 22840.00 22840.00 22830.00 22835.00 1452.00
20170711  10:04:00 22835.00 22860.00 22830.00 22850.00 3198.00
20170711  10:05:00 22845.00 22850.00 22835.00 22850.00 1954.00
20170711  10:06:00 22850.00 22885.00 22850.00 22875.00 3990.00
20170711  10:07:00 22875.00 22880.00 22860.00 22875.00 1752.00
20170711  10:08:00 22880.00 22885.00 22860.00 22875.00 2094.00
20170711  10:09:00 22875.00 22880.00 22855.00 22875.00 1226.00
20170711  10:10:00 22875.00 22905.00 22875.00 22905.00 3586.00
20170711  10:11:00 22905.00 22930.00 22905.00 22910.00 2508.00
20170711  10:12:00 22910.00 22915.00 22885.00 22890.00 2254.00
20170711  10:13:00 22890.00 22895.00 22880.00 22880.00 1296.00
20170711  10:14:00 22880.00 22890.00 22875.00 22875.00 1638.00
20170711  10:30:00 22875.00 22880.00 22865.00 22880.00 1434.00
20170711  10:31:00 22875.00 22880.00 22865.00 22870.00 1372.00
20170711  10:32:00 22870.00 22870.00 22860.00 22860.00 674.00
20170711  10:33:00 22860.00 22870.00 22840.00 22845.00 2174.00
20170711  10:34:00 22845.00 22860.00 22845.00 22855.00 892.00
20170711  10:35:00 22855.00 22870.00 22850.00 22870.00 650.00
20170711  10:36:00 22870.00 22875.00 22855.00 22860.00 486.00
20170711  10:37:00 22860.00 22860.00 22780.00 22780.00 3806.00
20170711  10:38:00 22785.00 22790.00 22755.00 22755.00 3476.00
20170711  10:39:00 22755.00 22760.00 22735.00 22740.00 3228.00
20170711  10:40:00 22745.00 22745.00 22710.00 22740.00 4106.00
20170711  10:41:00 22735.00 22755.00 22735.00 22755.00 1290.00
20170711  10:42:00 22755.00 22765.00 22755.00 22765.00 724.00
20170711  10:43:00 22765.00 22770.00 22750.00 22765.00 1656.00
20170711  10:44:00 22770.00 22775.00 22760.00 22760.00 752.00
20170711  10:45:00 22760.00 22770.00 22760.00 22760.00 738.00
20170711  10:46:00 22760.00 22770.00 22755.00 22765.00 346.00
20170711  10:47:00 22765.00 22780.00 22760.00 22765.00 1306.00
20170711  10:48:00 22765.00 22770.00 22760.00 22770.00 334.00
20170711  10:49:00 22770.00 22775.00 22765.00 22775.00 318.00
20170711  10:50:00 22775.00 22785.00 22770.00 22775.00 594.00
20170711  10:51:00 22775.00 22780.00 22760.00 22765.00 574.00
20170711  10:52:00 22765.00 22770.00 22755.00 22755.00 490.00
20170711  10:53:00 22760.00 22765.00 22750.00 22760.00 598.00
20170711  10:54:00 22760.00 22775.00 22760.00 22765.00 902.00
20170711  10:55:00 22765.00 22770.00 22760.00 22765.00 534.00
20170711  10:56:00 22765.00 22765.00 22750.00 22760.00 1254.00
20170711  10:57:00 22760.00 22760.00 22755.00 22760.00 168.00
20170711  10:58:00 22760.00 22775.00 22760.00 22770.00 602.00
20170711  10:59:00 22770.00 22775.00 22765.00 22765.00 298.00
20170711  11:00:00 22765.00 22770.00 22760.00 22765.00 1010.00
20170711  11:01:00 22765.00 22770.00 22760.00 22765.00 658.00
20170711  11:02:00 22765.00 22765.00 22755.00 22760.00 266.00
20170711  11:03:00 22760.00 22775.00 22760.00 22765.00 796.00
20170711  11:04:00 22765.00 22795.00 22765.00 22785.00 1076.00
20170711  11:05:00 22790.00 22790.00 22785.00 22785.00 412.00
20170711  11:06:00 22785.00 22790.00 22775.00 22785.00 596.00
20170711  11:07:00 22785.00 22790.00 22780.00 22785.00 166.00
20170711  11:08:00 22785.00 22790.00 22780.00 22785.00 402.00
20170711  11:09:00 22785.00 22815.00 22785.00 22810.00 1930.00
20170711  11:10:00 22810.00 22825.00 22800.00 22820.00 898.00
20170711  11:11:00 22820.00 22825.00 22815.00 22820.00 824.00
20170711  11:12:00 22820.00 22840.00 22820.00 22835.00 892.00
20170711  11:13:00 22835.00 22845.00 22835.00 22840.00 742.00
20170711  11:14:00 22840.00 22840.00 22825.00 22840.00 542.00
20170711  11:15:00 22835.00 22840.00 22825.00 22830.00 500.00
20170711  11:16:00 22830.00 22860.00 22830.00 22860.00 1296.00
20170711  11:17:00 22860.00 22860.00 22840.00 22840.00 1184.00
20170711  11:18:00 22840.00 22850.00 22840.00 22840.00 658.00
20170711  11:19:00 22840.00 22860.00 22840.00 22855.00 1024.00
20170711  11:20:00 22855.00 22855.00 22810.00 22815.00 1996.00
20170711  11:21:00 22820.00 22830.00 22805.00 22810.00 1714.00
20170711  11:22:00 22815.00 22825.00 22810.00 22820.00 322.00
20170711  11:23:00 22820.00 22855.00 22820.00 22855.00 1306.00
20170711  11:24:00 22850.00 22860.00 22845.00 22845.00 1172.00
20170711  11:25:00 22845.00 22860.00 22840.00 22855.00 762.00
20170711  11:26:00 22855.00 22870.00 22840.00 22855.00 1144.00
20170711  11:27:00 22855.00 22860.00 22840.00 22850.00 530.00
20170711  11:28:00 22845.00 22890.00 22840.00 22880.00 2056.00
20170711  11:29:00 22885.00 22900.00 22875.00 22895.00 3286.00
20170711  13:30:00 22895.00 22915.00 22880.00 22900.00 2742.00
20170711  13:31:00 22900.00 22905.00 22890.00 22890.00 692.00
20170711  13:32:00 22890.00 22905.00 22890.00 22900.00 1374.00
20170711  13:33:00 22900.00 22905.00 22895.00 22905.00 860.00
20170711  13:34:00 22905.00 22915.00 22895.00 22895.00 800.00
20170711  13:35:00 22895.00 22905.00 22890.00 22895.00 1450.00
20170711  13:36:00 22895.00 22900.00 22880.00 22890.00 1160.00
20170711  13:37:00 22885.00 22890.00 22880.00 22880.00 926.00
20170711  13:38:00 22880.00 22895.00 22880.00 22890.00 1138.00
20170711  13:39:00 22890.00 22890.00 22835.00 22845.00 2542.00
20170711  13:40:00 22845.00 22850.00 22840.00 22840.00 750.00
20170711  13:41:00 22840.00 22855.00 22835.00 22845.00 1882.00
20170711  13:42:00 22845.00 22850.00 22835.00 22850.00 900.00
20170711  13:43:00 22850.00 22860.00 22845.00 22855.00 596.00
20170711  13:44:00 22855.00 22860.00 22835.00 22840.00 1272.00
20170711  13:45:00 22840.00 22860.00 22835.00 22855.00 714.00
20170711  13:46:00 22855.00 22875.00 22855.00 22870.00 1148.00
20170711  13:47:00 22870.00 22875.00 22860.00 22860.00 614.00
20170711  13:48:00 22865.00 22880.00 22860.00 22870.00 1514.00
20170711  13:49:00 22870.00 22875.00 22855.00 22860.00 592.00
20170711  13:50:00 22860.00 22865.00 22845.00 22855.00 1122.00
20170711  13:51:00 22855.00 22855.00 22810.00 22820.00 2088.00
20170711  13:52:00 22820.00 22820.00 22775.00 22775.00 2452.00
20170711  13:53:00 22775.00 22790.00 22765.00 22790.00 2462.00
20170711  13:54:00 22790.00 22795.00 22780.00 22785.00 772.00
20170711  13:55:00 22780.00 22785.00 22765.00 22775.00 1114.00
20170711  13:56:00 22775.00 22800.00 22770.00 22800.00 1208.00
20170711  13:57:00 22795.00 22810.00 22795.00 22800.00 1744.00
20170711  13:58:00 22800.00 22815.00 22795.00 22805.00 644.00
20170711  13:59:00 22805.00 22810.00 22800.00 22805.00 996.00
20170711  14:00:00 22805.00 22805.00 22785.00 22800.00 1092.00
20170711  14:01:00 22800.00 22810.00 22795.00 22805.00 742.00
20170711  14:02:00 22800.00 22805.00 22795.00 22800.00 474.00
20170711  14:03:00 22800.00 22800.00 22790.00 22795.00 594.00
20170711  14:04:00 22795.00 22810.00 22795.00 22810.00 718.00
20170711  14:05:00 22810.00 22810.00 22795.00 22805.00 890.00
20170711  14:06:00 22805.00 22805.00 22800.00 22800.00 390.00
20170711  14:07:00 22800.00 22805.00 22790.00 22795.00 732.00
20170711  14:08:00 22795.00 22810.00 22790.00 22805.00 812.00
20170711  14:09:00 22800.00 22810.00 22795.00 22810.00 472.00
20170711  14:10:00 22810.00 22825.00 22800.00 22825.00 1058.00
20170711  14:11:00 22830.00 22875.00 22830.00 22865.00 2892.00
20170711  14:12:00 22870.00 22885.00 22865.00 22880.00 1116.00
20170711  14:13:00 22880.00 22880.00 22855.00 22870.00 1402.00
20170711  14:14:00 22870.00 22885.00 22865.00 22885.00 1380.00
20170711  14:15:00 22890.00 22895.00 22865.00 22890.00 1684.00
20170711  14:16:00 22895.00 22900.00 22880.00 22900.00 1452.00
20170711  14:17:00 22895.00 22915.00 22885.00 22910.00 1860.00
20170711  14:18:00 22910.00 22915.00 22900.00 22910.00 1390.00
20170711  14:19:00 22910.00 22910.00 22890.00 22895.00 1794.00
20170711  14:20:00 22895.00 22895.00 22865.00 22870.00 1500.00
20170711  14:21:00 22865.00 22890.00 22865.00 22890.00 616.00
20170711  14:22:00 22890.00 22895.00 22880.00 22890.00 616.00
20170711  14:23:00 22890.00 22890.00 22865.00 22865.00 1862.00
20170711  14:24:00 22865.00 22880.00 22865.00 22875.00 662.00
20170711  14:25:00 22875.00 22885.00 22875.00 22875.00 720.00
20170711  14:26:00 22875.00 22905.00 22870.00 22905.00 892.00
20170711  14:27:00 22905.00 22905.00 22890.00 22890.00 1008.00
20170711  14:28:00 22890.00 22945.00 22885.00 22935.00 4164.00
20170711  14:29:00 22930.00 22945.00 22915.00 22925.00 2508.00
20170711  14:30:00 22925.00 22960.00 22925.00 22955.00 2788.00
20170711  14:31:00 22960.00 22970.00 22945.00 22965.00 3254.00
20170711  14:32:00 22965.00 22970.00 22950.00 22950.00 1926.00
20170711  14:33:00 22950.00 22955.00 22930.00 22935.00 2012.00
20170711  14:34:00 22930.00 22955.00 22930.00 22945.00 1140.00
20170711  14:35:00 22945.00 22955.00 22940.00 22945.00 878.00
20170711  14:36:00 22945.00 22955.00 22930.00 22940.00 1432.00
20170711  14:37:00 22940.00 22950.00 22935.00 22945.00 872.00
20170711  14:38:00 22945.00 22965.00 22945.00 22960.00 2260.00
20170711  14:39:00 22960.00 22980.00 22955.00 22980.00 2426.00
20170711  14:40:00 22980.00 22985.00 22970.00 22970.00 1650.00
20170711  14:41:00 22975.00 22980.00 22965.00 22980.00 668.00
20170711  14:42:00 22980.00 22980.00 22965.00 22965.00 1648.00
20170711  14:43:00 22970.00 22975.00 22965.00 22970.00 856.00
20170711  14:44:00 22970.00 22985.00 22965.00 22965.00 1094.00
20170711  14:45:00 22965.00 23020.00 22965.00 23015.00 4238.00
20170711  14:46:00 23020.00 23035.00 23005.00 23020.00 2938.00
20170711  14:47:00 23025.00 23050.00 23020.00 23035.00 3430.00
20170711  14:48:00 23040.00 23065.00 23035.00 23060.00 3666.00
20170711  14:49:00 23060.00 23080.00 23050.00 23075.00 2944.00
20170711  14:50:00 23075.00 23080.00 23050.00 23060.00 1968.00
20170711  14:51:00 23060.00 23065.00 23035.00 23035.00 2404.00
20170711  14:52:00 23035.00 23040.00 23025.00 23035.00 2260.00
20170711  14:53:00 23030.00 23035.00 23010.00 23025.00 2080.00
20170711  14:54:00 23020.00 23025.00 23015.00 23020.00 1600.00
20170711  14:55:00 23020.00 23025.00 23015.00 23020.00 816.00
20170711  14:56:00 23025.00 23025.00 23015.00 23020.00 1240.00
20170711  14:57:00 23015.00 23020.00 23000.00 23000.00 1916.00
20170711  14:58:00 22995.00 23000.00 22970.00 22985.00 3188.00
20170711  14:59:00 22990.00 23000.00 22975.00 22990.00 2412.00
20170711  15:00:00 22990.00 22990.00 22990.00 22990.00   8.00
