20170502  15:00:00 22230.00 22230.00 22230.00 22230.00   0.00
20170502  14:59:00 22215.00 22230.00 22210.00 22230.00 1992.00
20170502  14:58:00 22215.00 22215.00 22200.00 22215.00 944.00
20170502  14:57:00 22215.00 22225.00 22205.00 22210.00 1170.00
20170502  14:56:00 22205.00 22225.00 22205.00 22215.00 1462.00
20170502  14:55:00 22215.00 22220.00 22200.00 22205.00 1276.00
20170502  14:54:00 22220.00 22220.00 22205.00 22210.00 794.00
20170502  14:53:00 22220.00 22225.00 22215.00 22220.00 568.00
20170502  14:52:00 22230.00 22230.00 22215.00 22220.00 556.00
20170502  14:51:00 22230.00 22230.00 22220.00 22230.00 812.00
20170502  14:50:00 22230.00 22235.00 22225.00 22235.00 512.00
20170502  14:49:00 22230.00 22240.00 22225.00 22235.00 870.00
20170502  14:48:00 22240.00 22245.00 22225.00 22225.00 912.00
20170502  14:47:00 22235.00 22245.00 22230.00 22240.00 588.00
20170502  14:46:00 22225.00 22235.00 22220.00 22235.00 688.00
20170502  14:45:00 22230.00 22240.00 22220.00 22225.00 778.00
20170502  14:44:00 22225.00 22235.00 22225.00 22230.00 422.00
20170502  14:43:00 22245.00 22245.00 22225.00 22225.00 560.00
20170502  14:42:00 22245.00 22245.00 22235.00 22240.00 594.00
20170502  14:41:00 22215.00 22250.00 22215.00 22245.00 1906.00
20170502  14:40:00 22215.00 22225.00 22215.00 22215.00 756.00
20170502  14:39:00 22225.00 22225.00 22210.00 22215.00 582.00
20170502  14:38:00 22220.00 22240.00 22210.00 22225.00 1316.00
20170502  14:37:00 22220.00 22225.00 22220.00 22220.00 610.00
20170502  14:36:00 22225.00 22230.00 22215.00 22220.00 772.00
20170502  14:35:00 22215.00 22240.00 22215.00 22225.00 1466.00
20170502  14:34:00 22205.00 22230.00 22205.00 22215.00 1188.00
20170502  14:33:00 22205.00 22210.00 22200.00 22205.00 418.00
20170502  14:32:00 22210.00 22220.00 22200.00 22205.00 1128.00
20170502  14:31:00 22185.00 22220.00 22185.00 22210.00 1710.00
20170502  14:30:00 22175.00 22190.00 22165.00 22185.00 1252.00
20170502  14:29:00 22180.00 22180.00 22165.00 22175.00 772.00
20170502  14:28:00 22180.00 22185.00 22175.00 22180.00 564.00
20170502  14:27:00 22190.00 22190.00 22180.00 22180.00 178.00
20170502  14:26:00 22195.00 22195.00 22190.00 22190.00 138.00
20170502  14:25:00 22185.00 22195.00 22180.00 22195.00 500.00
20170502  14:24:00 22180.00 22190.00 22175.00 22185.00 934.00
20170502  14:23:00 22185.00 22185.00 22180.00 22180.00 500.00
20170502  14:22:00 22180.00 22185.00 22175.00 22185.00 314.00
20170502  14:21:00 22180.00 22190.00 22175.00 22180.00 432.00
20170502  14:20:00 22190.00 22190.00 22170.00 22180.00 714.00
20170502  14:19:00 22185.00 22190.00 22180.00 22190.00 482.00
20170502  14:18:00 22205.00 22205.00 22185.00 22185.00 994.00
20170502  14:17:00 22195.00 22220.00 22195.00 22205.00 1492.00
20170502  14:16:00 22200.00 22205.00 22195.00 22195.00 1010.00
20170502  14:15:00 22180.00 22215.00 22180.00 22200.00 3200.00
20170502  14:14:00 22170.00 22175.00 22165.00 22175.00 976.00
20170502  14:13:00 22170.00 22170.00 22165.00 22170.00 368.00
20170502  14:12:00 22175.00 22175.00 22165.00 22170.00 356.00
20170502  14:11:00 22170.00 22175.00 22155.00 22175.00 1010.00
20170502  14:10:00 22150.00 22175.00 22140.00 22170.00 1704.00
20170502  14:09:00 22150.00 22155.00 22145.00 22145.00 1232.00
20170502  14:08:00 22155.00 22165.00 22150.00 22150.00 1284.00
20170502  14:07:00 22160.00 22165.00 22145.00 22155.00 1214.00
20170502  14:06:00 22170.00 22170.00 22140.00 22150.00 2922.00
20170502  14:05:00 22200.00 22205.00 22165.00 22170.00 3866.00
20170502  14:04:00 22220.00 22220.00 22195.00 22200.00 2234.00
20170502  14:03:00 22235.00 22235.00 22215.00 22220.00 1254.00
20170502  14:02:00 22235.00 22240.00 22230.00 22235.00 480.00
20170502  14:01:00 22230.00 22235.00 22220.00 22230.00 738.00
20170502  14:00:00 22230.00 22245.00 22225.00 22230.00 1010.00
20170502  13:59:00 22225.00 22235.00 22205.00 22235.00 2160.00
20170502  13:58:00 22265.00 22265.00 22215.00 22225.00 2832.00
20170502  13:57:00 22260.00 22270.00 22260.00 22265.00 402.00
20170502  13:56:00 22265.00 22270.00 22255.00 22260.00 574.00
20170502  13:55:00 22260.00 22275.00 22260.00 22265.00 920.00
20170502  13:54:00 22265.00 22275.00 22255.00 22260.00 934.00
20170502  13:53:00 22265.00 22280.00 22265.00 22270.00 588.00
20170502  13:52:00 22265.00 22275.00 22260.00 22265.00 526.00
20170502  13:51:00 22255.00 22275.00 22255.00 22270.00 698.00
20170502  13:50:00 22265.00 22265.00 22255.00 22255.00 306.00
20170502  13:49:00 22260.00 22265.00 22255.00 22265.00 560.00
20170502  13:48:00 22250.00 22270.00 22250.00 22260.00 464.00
20170502  13:47:00 22265.00 22270.00 22250.00 22250.00 944.00
20170502  13:46:00 22270.00 22275.00 22255.00 22265.00 774.00
20170502  13:45:00 22260.00 22275.00 22260.00 22275.00 1388.00
20170502  13:44:00 22255.00 22260.00 22250.00 22255.00 430.00
20170502  13:43:00 22255.00 22260.00 22255.00 22255.00 314.00
20170502  13:42:00 22260.00 22260.00 22250.00 22255.00 370.00
20170502  13:41:00 22255.00 22265.00 22250.00 22260.00 622.00
20170502  13:40:00 22250.00 22260.00 22250.00 22255.00 328.00
20170502  13:39:00 22250.00 22250.00 22245.00 22250.00 548.00
20170502  13:38:00 22255.00 22260.00 22245.00 22245.00 292.00
20170502  13:37:00 22260.00 22260.00 22250.00 22255.00 382.00
20170502  13:36:00 22250.00 22265.00 22245.00 22260.00 804.00
20170502  13:35:00 22250.00 22260.00 22245.00 22245.00 908.00
20170502  13:34:00 22245.00 22255.00 22245.00 22250.00 1288.00
20170502  13:33:00 22255.00 22260.00 22240.00 22245.00 712.00
20170502  13:32:00 22255.00 22260.00 22245.00 22255.00 794.00
20170502  13:31:00 22255.00 22260.00 22230.00 22255.00 1754.00
20170502  13:30:00 22255.00 22270.00 22245.00 22255.00 2170.00
20170502  11:29:00 22270.00 22275.00 22255.00 22260.00 1446.00
20170502  11:28:00 22275.00 22275.00 22270.00 22275.00 692.00
20170502  11:27:00 22285.00 22290.00 22275.00 22275.00 1032.00
20170502  11:26:00 22295.00 22295.00 22280.00 22285.00 568.00
20170502  11:25:00 22290.00 22295.00 22285.00 22295.00 212.00
20170502  11:24:00 22295.00 22295.00 22285.00 22290.00 272.00
20170502  11:23:00 22285.00 22295.00 22280.00 22295.00 384.00
20170502  11:22:00 22295.00 22295.00 22280.00 22285.00 718.00
20170502  11:21:00 22295.00 22300.00 22290.00 22295.00 506.00
20170502  11:20:00 22305.00 22310.00 22295.00 22300.00 674.00
20170502  11:19:00 22290.00 22305.00 22285.00 22305.00 718.00
20170502  11:18:00 22290.00 22295.00 22285.00 22290.00 376.00
20170502  11:17:00 22290.00 22295.00 22285.00 22290.00 424.00
20170502  11:16:00 22300.00 22300.00 22290.00 22290.00 352.00
20170502  11:15:00 22290.00 22300.00 22290.00 22300.00 362.00
20170502  11:14:00 22295.00 22300.00 22290.00 22290.00 428.00
20170502  11:13:00 22310.00 22310.00 22290.00 22295.00 588.00
20170502  11:12:00 22305.00 22315.00 22305.00 22310.00 624.00
20170502  11:11:00 22310.00 22315.00 22305.00 22310.00 414.00
20170502  11:10:00 22310.00 22315.00 22310.00 22310.00 554.00
20170502  11:09:00 22290.00 22315.00 22290.00 22310.00 1032.00
20170502  11:08:00 22300.00 22300.00 22290.00 22290.00 804.00
20170502  11:07:00 22295.00 22315.00 22290.00 22300.00 1392.00
20170502  11:06:00 22280.00 22295.00 22275.00 22295.00 1384.00
20170502  11:05:00 22285.00 22290.00 22280.00 22280.00 412.00
20170502  11:04:00 22280.00 22290.00 22280.00 22285.00 648.00
20170502  11:03:00 22285.00 22285.00 22280.00 22285.00 830.00
20170502  11:02:00 22290.00 22295.00 22285.00 22285.00 450.00
20170502  11:01:00 22295.00 22295.00 22290.00 22290.00 250.00
20170502  11:00:00 22275.00 22295.00 22275.00 22290.00 912.00
20170502  10:59:00 22290.00 22290.00 22275.00 22275.00 730.00
20170502  10:58:00 22290.00 22290.00 22285.00 22290.00 480.00
20170502  10:57:00 22290.00 22290.00 22285.00 22285.00 166.00
20170502  10:56:00 22285.00 22290.00 22285.00 22290.00 170.00
20170502  10:55:00 22295.00 22300.00 22285.00 22285.00 878.00
20170502  10:54:00 22285.00 22305.00 22285.00 22295.00 1446.00
20170502  10:53:00 22290.00 22290.00 22280.00 22285.00 492.00
20170502  10:52:00 22280.00 22290.00 22280.00 22290.00 1490.00
20170502  10:51:00 22280.00 22285.00 22275.00 22280.00 474.00
20170502  10:50:00 22270.00 22280.00 22265.00 22280.00 984.00
20170502  10:49:00 22270.00 22275.00 22265.00 22270.00 618.00
20170502  10:48:00 22280.00 22280.00 22270.00 22270.00 632.00
20170502  10:47:00 22285.00 22290.00 22275.00 22280.00 688.00
20170502  10:46:00 22275.00 22290.00 22275.00 22285.00 564.00
20170502  10:45:00 22285.00 22285.00 22270.00 22275.00 1310.00
20170502  10:44:00 22285.00 22290.00 22280.00 22285.00 502.00
20170502  10:43:00 22290.00 22295.00 22280.00 22290.00 966.00
20170502  10:42:00 22285.00 22295.00 22285.00 22290.00 380.00
20170502  10:41:00 22285.00 22295.00 22285.00 22285.00 658.00
20170502  10:40:00 22300.00 22300.00 22285.00 22285.00 922.00
20170502  10:39:00 22295.00 22305.00 22295.00 22300.00 714.00
20170502  10:38:00 22290.00 22305.00 22285.00 22295.00 986.00
20170502  10:37:00 22300.00 22305.00 22285.00 22290.00 1098.00
20170502  10:36:00 22320.00 22320.00 22295.00 22295.00 1642.00
20170502  10:35:00 22325.00 22330.00 22315.00 22320.00 826.00
20170502  10:34:00 22335.00 22335.00 22320.00 22325.00 670.00
20170502  10:33:00 22330.00 22340.00 22330.00 22335.00 576.00
20170502  10:32:00 22330.00 22335.00 22325.00 22330.00 364.00
20170502  10:31:00 22315.00 22335.00 22315.00 22330.00 1300.00
20170502  10:30:00 22340.00 22340.00 22320.00 22320.00 1602.00
20170502  10:14:00 22340.00 22345.00 22330.00 22335.00 1054.00
20170502  10:13:00 22335.00 22345.00 22330.00 22340.00 732.00
20170502  10:12:00 22340.00 22345.00 22335.00 22340.00 432.00
20170502  10:11:00 22330.00 22340.00 22325.00 22340.00 286.00
20170502  10:10:00 22330.00 22335.00 22325.00 22330.00 518.00
20170502  10:09:00 22335.00 22340.00 22325.00 22330.00 1084.00
20170502  10:08:00 22335.00 22345.00 22335.00 22335.00 1218.00
20170502  10:07:00 22335.00 22345.00 22330.00 22335.00 1000.00
20170502  10:06:00 22320.00 22340.00 22320.00 22335.00 794.00
20170502  10:05:00 22325.00 22335.00 22315.00 22325.00 1308.00
20170502  10:04:00 22330.00 22335.00 22320.00 22325.00 750.00
20170502  10:03:00 22335.00 22340.00 22320.00 22330.00 1400.00
20170502  10:02:00 22335.00 22345.00 22335.00 22335.00 602.00
20170502  10:01:00 22360.00 22360.00 22335.00 22340.00 786.00
20170502  10:00:00 22365.00 22375.00 22350.00 22360.00 1682.00
20170502  09:59:00 22335.00 22365.00 22330.00 22365.00 1408.00
20170502  09:58:00 22335.00 22350.00 22335.00 22335.00 944.00
20170502  09:57:00 22345.00 22350.00 22330.00 22335.00 1130.00
20170502  09:56:00 22350.00 22360.00 22345.00 22345.00 1146.00
20170502  09:55:00 22355.00 22370.00 22350.00 22350.00 1588.00
20170502  09:54:00 22355.00 22365.00 22345.00 22355.00 382.00
20170502  09:53:00 22360.00 22365.00 22350.00 22355.00 812.00
20170502  09:52:00 22365.00 22370.00 22345.00 22360.00 1356.00
20170502  09:51:00 22375.00 22375.00 22360.00 22365.00 668.00
20170502  09:50:00 22375.00 22375.00 22370.00 22375.00 428.00
20170502  09:49:00 22380.00 22385.00 22370.00 22375.00 714.00
20170502  09:48:00 22370.00 22380.00 22370.00 22380.00 682.00
20170502  09:47:00 22380.00 22380.00 22370.00 22370.00 738.00
20170502  09:46:00 22380.00 22385.00 22375.00 22380.00 294.00
20170502  09:45:00 22370.00 22385.00 22370.00 22380.00 660.00
20170502  09:44:00 22385.00 22390.00 22370.00 22370.00 688.00
20170502  09:43:00 22385.00 22400.00 22380.00 22385.00 952.00
20170502  09:42:00 22395.00 22395.00 22370.00 22385.00 1038.00
20170502  09:41:00 22375.00 22400.00 22370.00 22395.00 1682.00
20170502  09:40:00 22355.00 22380.00 22355.00 22375.00 1216.00
20170502  09:39:00 22360.00 22370.00 22350.00 22355.00 1074.00
20170502  09:38:00 22355.00 22365.00 22355.00 22365.00 754.00
20170502  09:37:00 22375.00 22375.00 22355.00 22355.00 910.00
20170502  09:36:00 22370.00 22375.00 22365.00 22375.00 372.00
20170502  09:35:00 22355.00 22385.00 22355.00 22370.00 1550.00
20170502  09:34:00 22370.00 22375.00 22350.00 22355.00 2092.00
20170502  09:33:00 22370.00 22380.00 22370.00 22370.00 538.00
20170502  09:32:00 22375.00 22380.00 22370.00 22370.00 1000.00
20170502  09:31:00 22370.00 22385.00 22360.00 22375.00 1240.00
20170502  09:30:00 22405.00 22415.00 22365.00 22370.00 3028.00
20170502  09:29:00 22400.00 22415.00 22385.00 22415.00 1090.00
20170502  09:28:00 22385.00 22410.00 22380.00 22400.00 2686.00
20170502  09:27:00 22425.00 22430.00 22380.00 22380.00 1946.00
20170502  09:26:00 22425.00 22435.00 22410.00 22425.00 1140.00
20170502  09:25:00 22425.00 22435.00 22420.00 22425.00 1508.00
20170502  09:24:00 22425.00 22450.00 22415.00 22425.00 3108.00
20170502  09:23:00 22410.00 22430.00 22405.00 22425.00 1590.00
20170502  09:22:00 22440.00 22440.00 22395.00 22410.00 2484.00
20170502  09:21:00 22400.00 22435.00 22375.00 22435.00 4510.00
20170502  09:20:00 22395.00 22415.00 22380.00 22395.00 2422.00
20170502  09:19:00 22385.00 22400.00 22375.00 22395.00 2392.00
20170502  09:18:00 22410.00 22420.00 22380.00 22385.00 2874.00
20170502  09:17:00 22400.00 22410.00 22390.00 22405.00 1672.00
20170502  09:16:00 22400.00 22415.00 22385.00 22400.00 2714.00
20170502  09:15:00 22435.00 22435.00 22400.00 22400.00 4156.00
20170502  09:14:00 22435.00 22450.00 22430.00 22440.00 3350.00
20170502  09:13:00 22450.00 22465.00 22410.00 22440.00 6182.00
20170502  09:12:00 22460.00 22470.00 22435.00 22450.00 4328.00
20170502  09:11:00 22505.00 22505.00 22450.00 22460.00 6328.00
20170502  09:10:00 22540.00 22565.00 22480.00 22510.00 9648.00
20170502  09:09:00 22425.00 22540.00 22415.00 22540.00 9664.00
20170502  09:08:00 22360.00 22430.00 22360.00 22430.00 6884.00
20170502  09:07:00 22335.00 22395.00 22335.00 22365.00 7146.00
20170502  09:06:00 22280.00 22360.00 22280.00 22340.00 9696.00
20170502  09:05:00 22170.00 22305.00 22160.00 22280.00 8716.00
20170502  09:04:00 22170.00 22285.00 22150.00 22170.00 7804.00
20170502  09:03:00 22125.00 22170.00 22090.00 22170.00 4670.00
20170502  09:02:00 22130.00 22140.00 22110.00 22120.00 4448.00
20170502  09:01:00 22095.00 22150.00 22085.00 22140.00 3576.00
20170502  09:00:00 22045.00 22195.00 22045.00 22105.00 10970.00
