20170224  21:00:00 22935.00 22955.00 22930.00 22940.00 2428.00
20170224  21:01:00 22940.00 22950.00 22925.00 22925.00 1816.00
20170224  21:02:00 22925.00 22945.00 22920.00 22920.00 1690.00
20170224  21:03:00 22920.00 22925.00 22910.00 22920.00 1192.00
20170224  21:04:00 22920.00 22940.00 22920.00 22935.00 842.00
20170224  21:05:00 22935.00 22975.00 22935.00 22975.00 1764.00
20170224  21:06:00 22970.00 22975.00 22940.00 22940.00 1328.00
20170224  21:07:00 22935.00 22940.00 22920.00 22920.00 1372.00
20170224  21:08:00 22920.00 22925.00 22885.00 22885.00 2480.00
20170224  21:09:00 22885.00 22885.00 22850.00 22865.00 2846.00
20170224  21:10:00 22865.00 22875.00 22845.00 22850.00 2186.00
20170224  21:11:00 22850.00 22855.00 22815.00 22825.00 2394.00
20170224  21:12:00 22825.00 22835.00 22810.00 22825.00 1896.00
20170224  21:13:00 22820.00 22840.00 22820.00 22835.00 1338.00
20170224  21:14:00 22835.00 22835.00 22805.00 22815.00 2056.00
20170224  21:15:00 22815.00 22835.00 22810.00 22835.00 1854.00
20170224  21:16:00 22840.00 22840.00 22825.00 22835.00 930.00
20170224  21:17:00 22835.00 22840.00 22820.00 22820.00 548.00
20170224  21:18:00 22820.00 22830.00 22810.00 22810.00 850.00
20170224  21:19:00 22805.00 22810.00 22775.00 22780.00 3126.00
20170224  21:20:00 22780.00 22790.00 22755.00 22760.00 2600.00
20170224  21:21:00 22765.00 22790.00 22765.00 22785.00 1930.00
20170224  21:22:00 22785.00 22785.00 22775.00 22780.00 560.00
20170224  21:23:00 22780.00 22780.00 22760.00 22765.00 1192.00
20170224  21:24:00 22760.00 22780.00 22760.00 22770.00 1236.00
20170224  21:25:00 22770.00 22775.00 22745.00 22770.00 1852.00
20170224  21:26:00 22770.00 22780.00 22760.00 22765.00 1086.00
20170224  21:27:00 22765.00 22765.00 22735.00 22750.00 1846.00
20170224  21:28:00 22750.00 22785.00 22750.00 22780.00 1998.00
20170224  21:29:00 22780.00 22790.00 22775.00 22790.00 1200.00
20170224  21:30:00 22790.00 22795.00 22785.00 22790.00 836.00
20170224  21:31:00 22790.00 22795.00 22775.00 22775.00 886.00
20170224  21:32:00 22785.00 22785.00 22770.00 22770.00 666.00
20170224  21:33:00 22770.00 22770.00 22755.00 22760.00 826.00
20170224  21:34:00 22765.00 22785.00 22760.00 22780.00 670.00
20170224  21:35:00 22780.00 22780.00 22755.00 22765.00 1440.00
20170224  21:36:00 22765.00 22780.00 22765.00 22775.00 570.00
20170224  21:37:00 22775.00 22805.00 22775.00 22800.00 1088.00
20170224  21:38:00 22800.00 22805.00 22795.00 22795.00 810.00
20170224  21:39:00 22795.00 22795.00 22770.00 22770.00 862.00
20170224  21:40:00 22770.00 22790.00 22765.00 22780.00 710.00
20170224  21:41:00 22780.00 22795.00 22775.00 22795.00 526.00
20170224  21:42:00 22795.00 22825.00 22785.00 22820.00 1742.00
20170224  21:43:00 22820.00 22820.00 22810.00 22815.00 1148.00
20170224  21:44:00 22815.00 22820.00 22810.00 22815.00 552.00
20170224  21:45:00 22815.00 22820.00 22805.00 22810.00 764.00
20170224  21:46:00 22810.00 22820.00 22810.00 22820.00 590.00
20170224  21:47:00 22820.00 22830.00 22810.00 22820.00 972.00
20170224  21:48:00 22820.00 22820.00 22800.00 22810.00 594.00
20170224  21:49:00 22810.00 22820.00 22805.00 22815.00 520.00
20170224  21:50:00 22815.00 22835.00 22815.00 22830.00 1128.00
20170224  21:51:00 22835.00 22845.00 22830.00 22835.00 964.00
20170224  21:52:00 22835.00 22845.00 22830.00 22830.00 708.00
20170224  21:53:00 22825.00 22825.00 22815.00 22815.00 690.00
20170224  21:54:00 22815.00 22830.00 22815.00 22825.00 394.00
20170224  21:55:00 22825.00 22825.00 22820.00 22825.00 182.00
20170224  21:56:00 22830.00 22830.00 22805.00 22805.00 456.00
20170224  21:57:00 22805.00 22825.00 22805.00 22815.00 600.00
20170224  21:58:00 22820.00 22825.00 22815.00 22820.00 238.00
20170224  21:59:00 22815.00 22820.00 22810.00 22815.00 240.00
20170224  22:00:00 22815.00 22840.00 22815.00 22840.00 1050.00
20170224  22:01:00 22840.00 22845.00 22830.00 22835.00 800.00
20170224  22:02:00 22835.00 22835.00 22815.00 22815.00 644.00
20170224  22:03:00 22815.00 22820.00 22805.00 22815.00 672.00
20170224  22:04:00 22815.00 22820.00 22810.00 22820.00 374.00
20170224  22:05:00 22820.00 22820.00 22805.00 22805.00 530.00
20170224  22:06:00 22805.00 22810.00 22770.00 22775.00 1352.00
20170224  22:07:00 22780.00 22795.00 22775.00 22790.00 852.00
20170224  22:08:00 22790.00 22810.00 22790.00 22810.00 1164.00
20170224  22:09:00 22805.00 22815.00 22790.00 22805.00 1110.00
20170224  22:10:00 22805.00 22810.00 22805.00 22810.00 472.00
20170224  22:11:00 22810.00 22815.00 22800.00 22805.00 474.00
20170224  22:12:00 22805.00 22810.00 22805.00 22805.00 134.00
20170224  22:13:00 22800.00 22805.00 22795.00 22795.00 328.00
20170224  22:14:00 22795.00 22795.00 22785.00 22795.00 490.00
20170224  22:15:00 22795.00 22820.00 22795.00 22820.00 482.00
20170224  22:16:00 22820.00 22825.00 22810.00 22810.00 616.00
20170224  22:17:00 22810.00 22810.00 22800.00 22800.00 288.00
20170224  22:18:00 22800.00 22825.00 22800.00 22805.00 754.00
20170224  22:19:00 22810.00 22810.00 22790.00 22790.00 640.00
20170224  22:20:00 22790.00 22795.00 22760.00 22770.00 1558.00
20170224  22:21:00 22770.00 22770.00 22715.00 22735.00 4080.00
20170224  22:22:00 22735.00 22740.00 22725.00 22740.00 1104.00
20170224  22:23:00 22735.00 22740.00 22695.00 22710.00 2508.00
20170224  22:24:00 22710.00 22725.00 22705.00 22715.00 1200.00
20170224  22:25:00 22715.00 22730.00 22715.00 22725.00 1190.00
20170224  22:26:00 22725.00 22735.00 22720.00 22725.00 684.00
20170224  22:27:00 22725.00 22745.00 22725.00 22740.00 860.00
20170224  22:28:00 22740.00 22745.00 22720.00 22730.00 1896.00
20170224  22:29:00 22730.00 22730.00 22720.00 22720.00 444.00
20170224  22:30:00 22720.00 22745.00 22715.00 22735.00 1454.00
20170224  22:31:00 22730.00 22740.00 22725.00 22740.00 740.00
20170224  22:32:00 22740.00 22740.00 22720.00 22735.00 688.00
20170224  22:33:00 22735.00 22735.00 22715.00 22725.00 804.00
20170224  22:34:00 22730.00 22730.00 22720.00 22730.00 1094.00
20170224  22:35:00 22730.00 22755.00 22730.00 22730.00 1804.00
20170224  22:36:00 22730.00 22745.00 22715.00 22720.00 1254.00
20170224  22:37:00 22715.00 22720.00 22675.00 22685.00 2548.00
20170224  22:38:00 22685.00 22685.00 22670.00 22685.00 1602.00
20170224  22:39:00 22685.00 22690.00 22660.00 22665.00 1544.00
20170224  22:40:00 22665.00 22675.00 22655.00 22665.00 1756.00
20170224  22:41:00 22665.00 22675.00 22655.00 22670.00 1204.00
20170224  22:42:00 22670.00 22680.00 22660.00 22675.00 912.00
20170224  22:43:00 22675.00 22675.00 22650.00 22650.00 1440.00
20170224  22:44:00 22650.00 22690.00 22645.00 22680.00 2308.00
20170224  22:45:00 22675.00 22680.00 22660.00 22680.00 1052.00
20170224  22:46:00 22675.00 22690.00 22675.00 22685.00 794.00
20170224  22:47:00 22685.00 22685.00 22670.00 22680.00 694.00
20170224  22:48:00 22680.00 22690.00 22675.00 22685.00 466.00
20170224  22:49:00 22685.00 22685.00 22665.00 22665.00 688.00
20170224  22:50:00 22665.00 22675.00 22655.00 22670.00 646.00
20170224  22:51:00 22670.00 22670.00 22665.00 22665.00 560.00
20170224  22:52:00 22665.00 22670.00 22650.00 22660.00 906.00
20170224  22:53:00 22660.00 22660.00 22625.00 22630.00 1898.00
20170224  22:54:00 22635.00 22640.00 22620.00 22635.00 1424.00
20170224  22:55:00 22635.00 22670.00 22635.00 22665.00 1148.00
20170224  22:56:00 22665.00 22670.00 22655.00 22670.00 944.00
20170224  22:57:00 22670.00 22680.00 22665.00 22680.00 990.00
20170224  22:58:00 22680.00 22690.00 22670.00 22685.00 720.00
20170224  22:59:00 22685.00 22735.00 22680.00 22730.00 3344.00
20170224  23:00:00 22730.00 22770.00 22725.00 22760.00 4506.00
20170224  23:01:00 22755.00 22765.00 22750.00 22755.00 1550.00
20170224  23:02:00 22750.00 22815.00 22750.00 22805.00 4322.00
20170224  23:03:00 22810.00 22840.00 22800.00 22835.00 4400.00
20170224  23:04:00 22835.00 22870.00 22825.00 22865.00 3494.00
20170224  23:05:00 22870.00 22920.00 22870.00 22905.00 4928.00
20170224  23:06:00 22900.00 22915.00 22880.00 22890.00 2604.00
20170224  23:07:00 22890.00 22900.00 22865.00 22870.00 2494.00
20170224  23:08:00 22875.00 22890.00 22875.00 22880.00 1194.00
20170224  23:09:00 22880.00 22885.00 22865.00 22880.00 1584.00
20170224  23:10:00 22880.00 22890.00 22865.00 22865.00 922.00
20170224  23:11:00 22870.00 22890.00 22865.00 22890.00 1088.00
20170224  23:12:00 22890.00 22895.00 22875.00 22880.00 776.00
20170224  23:13:00 22880.00 22905.00 22875.00 22890.00 1148.00
20170224  23:14:00 22890.00 22895.00 22885.00 22890.00 718.00
20170224  23:15:00 22890.00 22960.00 22890.00 22950.00 4268.00
20170224  23:16:00 22950.00 22970.00 22940.00 22955.00 3574.00
20170224  23:17:00 22960.00 22965.00 22945.00 22950.00 2032.00
20170224  23:18:00 22950.00 22955.00 22925.00 22930.00 2418.00
20170224  23:19:00 22930.00 22945.00 22920.00 22940.00 1706.00
20170224  23:20:00 22945.00 22950.00 22935.00 22940.00 1404.00
20170224  23:21:00 22940.00 22945.00 22920.00 22920.00 1448.00
20170224  23:22:00 22925.00 22925.00 22910.00 22920.00 940.00
20170224  23:23:00 22920.00 22930.00 22915.00 22925.00 662.00
20170224  23:24:00 22925.00 22935.00 22915.00 22925.00 822.00
20170224  23:25:00 22925.00 22930.00 22905.00 22925.00 1646.00
20170224  23:26:00 22930.00 22950.00 22920.00 22945.00 1222.00
20170224  23:27:00 22950.00 22965.00 22950.00 22950.00 1420.00
20170224  23:28:00 22950.00 22960.00 22930.00 22930.00 1410.00
20170224  23:29:00 22930.00 22945.00 22930.00 22940.00 650.00
20170224  23:30:00 22940.00 23050.00 22940.00 23035.00 7342.00
20170224  23:31:00 23030.00 23075.00 23020.00 23055.00 5062.00
20170224  23:32:00 23055.00 23090.00 23050.00 23060.00 4664.00
20170224  23:33:00 23055.00 23095.00 23055.00 23090.00 3378.00
20170224  23:34:00 23090.00 23095.00 23065.00 23075.00 2520.00
20170224  23:35:00 23075.00 23115.00 23070.00 23105.00 4216.00
20170224  23:36:00 23110.00 23120.00 23080.00 23085.00 4288.00
20170224  23:37:00 23085.00 23090.00 23070.00 23080.00 3104.00
20170224  23:38:00 23080.00 23085.00 23050.00 23060.00 2644.00
20170224  23:39:00 23065.00 23085.00 23065.00 23085.00 1140.00
20170224  23:40:00 23085.00 23090.00 23065.00 23065.00 1340.00
20170224  23:41:00 23070.00 23075.00 23060.00 23070.00 1008.00
20170224  23:42:00 23070.00 23070.00 23050.00 23065.00 1506.00
20170224  23:43:00 23065.00 23065.00 23050.00 23065.00 1274.00
20170224  23:44:00 23065.00 23070.00 23020.00 23025.00 3228.00
20170224  23:45:00 23020.00 23035.00 23020.00 23035.00 1552.00
20170224  23:46:00 23035.00 23035.00 22990.00 22990.00 3480.00
20170224  23:47:00 22990.00 23015.00 22990.00 23010.00 1688.00
20170224  23:48:00 23010.00 23015.00 23000.00 23005.00 1044.00
20170224  23:49:00 23005.00 23010.00 22975.00 22985.00 1926.00
20170224  23:50:00 22980.00 23000.00 22980.00 23000.00 1150.00
20170224  23:51:00 23000.00 23000.00 22995.00 23000.00 754.00
20170224  23:52:00 23000.00 23015.00 22990.00 23005.00 1282.00
20170224  23:53:00 23005.00 23010.00 22985.00 23010.00 1206.00
20170224  23:54:00 23010.00 23010.00 23000.00 23005.00 384.00
20170224  23:55:00 23005.00 23010.00 22990.00 23000.00 674.00
20170224  23:56:00 23000.00 23030.00 23000.00 23025.00 1750.00
20170224  23:57:00 23025.00 23040.00 23015.00 23020.00 1836.00
20170224  23:58:00 23020.00 23035.00 23015.00 23035.00 888.00
20170224  23:59:00 23035.00 23045.00 23030.00 23040.00 1078.00
20170225  00:00:00 23040.00 23045.00 23020.00 23025.00 1090.00
20170225  00:01:00 23030.00 23035.00 22995.00 23005.00 1426.00
20170225  00:02:00 23005.00 23010.00 23000.00 23000.00 328.00
20170225  00:03:00 23000.00 23005.00 22995.00 23000.00 490.00
20170225  00:04:00 23000.00 23015.00 22995.00 23015.00 634.00
20170225  00:05:00 23020.00 23020.00 23005.00 23005.00 282.00
20170225  00:06:00 23005.00 23010.00 22995.00 23000.00 872.00
20170225  00:07:00 23000.00 23005.00 23000.00 23005.00 498.00
20170225  00:08:00 23005.00 23015.00 23005.00 23005.00 486.00
20170225  00:09:00 23005.00 23005.00 22995.00 23000.00 476.00
20170225  00:10:00 23000.00 23005.00 22995.00 23005.00 384.00
20170225  00:11:00 23005.00 23030.00 23000.00 23030.00 780.00
20170225  00:12:00 23030.00 23030.00 23015.00 23030.00 466.00
20170225  00:13:00 23030.00 23030.00 23020.00 23020.00 1272.00
20170225  00:14:00 23020.00 23025.00 23000.00 23020.00 880.00
20170225  00:15:00 23020.00 23020.00 23005.00 23005.00 742.00
20170225  00:16:00 23005.00 23015.00 23005.00 23010.00 408.00
20170225  00:17:00 23015.00 23015.00 22995.00 23000.00 724.00
20170225  00:18:00 23000.00 23005.00 22980.00 23000.00 1872.00
20170225  00:19:00 23005.00 23010.00 23000.00 23010.00 292.00
20170225  00:20:00 23005.00 23030.00 23005.00 23025.00 1128.00
20170225  00:21:00 23020.00 23020.00 22995.00 23020.00 1238.00
20170225  00:22:00 23015.00 23020.00 23010.00 23015.00 256.00
20170225  00:23:00 23015.00 23015.00 22990.00 23005.00 1284.00
20170225  00:24:00 23005.00 23015.00 22995.00 23005.00 778.00
20170225  00:25:00 23005.00 23010.00 23000.00 23005.00 330.00
20170225  00:26:00 23005.00 23005.00 23000.00 23000.00 196.00
20170225  00:27:00 23000.00 23015.00 23000.00 23010.00 326.00
20170225  00:28:00 23015.00 23015.00 23005.00 23010.00 130.00
20170225  00:29:00 23010.00 23010.00 22995.00 23000.00 584.00
20170225  00:30:00 23000.00 23015.00 23000.00 23010.00 702.00
20170225  00:31:00 23010.00 23010.00 23000.00 23000.00 350.00
20170225  00:32:00 22995.00 23005.00 22995.00 23000.00 422.00
20170225  00:33:00 23000.00 23005.00 23000.00 23005.00 200.00
20170225  00:34:00 23005.00 23010.00 23005.00 23005.00 304.00
20170225  00:35:00 23005.00 23010.00 23000.00 23000.00 516.00
20170225  00:36:00 23000.00 23000.00 22990.00 22995.00 642.00
20170225  00:37:00 22995.00 22995.00 22985.00 22990.00 830.00
20170225  00:38:00 22990.00 22995.00 22950.00 22955.00 2122.00
20170225  00:39:00 22960.00 22980.00 22950.00 22980.00 1032.00
20170225  00:40:00 22980.00 23005.00 22975.00 23005.00 1288.00
20170225  00:41:00 23005.00 23020.00 22995.00 23015.00 942.00
20170225  00:42:00 23015.00 23040.00 23005.00 23035.00 1674.00
20170225  00:43:00 23040.00 23040.00 23020.00 23030.00 844.00
20170225  00:44:00 23030.00 23035.00 23015.00 23015.00 708.00
20170225  00:45:00 23015.00 23035.00 23015.00 23025.00 798.00
20170225  00:46:00 23025.00 23025.00 23005.00 23010.00 934.00
20170225  00:47:00 23010.00 23025.00 23005.00 23020.00 502.00
20170225  00:48:00 23020.00 23040.00 23020.00 23040.00 694.00
20170225  00:49:00 23035.00 23045.00 23025.00 23030.00 828.00
20170225  00:50:00 23030.00 23035.00 23025.00 23025.00 358.00
20170225  00:51:00 23020.00 23020.00 23005.00 23015.00 790.00
20170225  00:52:00 23020.00 23020.00 23015.00 23015.00 398.00
20170225  00:53:00 23015.00 23020.00 23010.00 23015.00 338.00
20170225  00:54:00 23015.00 23020.00 23005.00 23005.00 474.00
20170225  00:55:00 23005.00 23020.00 23005.00 23015.00 342.00
20170225  00:56:00 23015.00 23030.00 23010.00 23015.00 782.00
20170225  00:57:00 23015.00 23025.00 23015.00 23015.00 614.00
20170225  00:58:00 23015.00 23025.00 23015.00 23015.00 1010.00
20170225  00:59:00 23020.00 23030.00 23015.00 23020.00 1774.00
20170225  01:00:00 23020.00 23020.00 23020.00 23020.00  18.00
20170227  09:00:00 23030.00 23170.00 23030.00 23140.00 6314.00
20170227  09:01:00 23140.00 23140.00 23015.00 23020.00 3636.00
20170227  09:02:00 23020.00 23020.00 22935.00 22990.00 3504.00
20170227  09:03:00 22990.00 23005.00 22970.00 22975.00 1466.00
20170227  09:04:00 22975.00 23020.00 22975.00 23015.00 2584.00
20170227  09:05:00 23020.00 23045.00 23015.00 23035.00 1410.00
20170227  09:06:00 23040.00 23065.00 23035.00 23060.00 1274.00
20170227  09:07:00 23055.00 23060.00 23020.00 23020.00 1404.00
20170227  09:08:00 23025.00 23045.00 23020.00 23035.00 720.00
20170227  09:09:00 23035.00 23035.00 22990.00 23015.00 1582.00
20170227  09:10:00 23015.00 23020.00 22995.00 23010.00 1082.00
20170227  09:11:00 23010.00 23025.00 22995.00 23000.00 1026.00
20170227  09:12:00 22995.00 23005.00 22960.00 23005.00 2106.00
20170227  09:13:00 23005.00 23005.00 22985.00 23000.00 1426.00
20170227  09:14:00 23000.00 23005.00 22985.00 23005.00 1142.00
20170227  09:15:00 23010.00 23010.00 22950.00 22955.00 2088.00
20170227  09:16:00 22950.00 22955.00 22905.00 22915.00 3112.00
20170227  09:17:00 22910.00 22920.00 22865.00 22905.00 3686.00
20170227  09:18:00 22905.00 22910.00 22895.00 22910.00 1016.00
20170227  09:19:00 22910.00 22925.00 22870.00 22880.00 1552.00
20170227  09:20:00 22885.00 22910.00 22885.00 22885.00 1086.00
20170227  09:21:00 22890.00 22900.00 22865.00 22865.00 1226.00
20170227  09:22:00 22870.00 22895.00 22865.00 22885.00 1344.00
20170227  09:23:00 22885.00 22915.00 22885.00 22910.00 1090.00
20170227  09:24:00 22905.00 22910.00 22880.00 22905.00 1178.00
20170227  09:25:00 22905.00 22910.00 22885.00 22890.00 1190.00
20170227  09:26:00 22890.00 22905.00 22890.00 22905.00 456.00
20170227  09:27:00 22905.00 22905.00 22895.00 22900.00 346.00
20170227  09:28:00 22900.00 22925.00 22900.00 22925.00 674.00
20170227  09:29:00 22925.00 22945.00 22920.00 22935.00 1480.00
20170227  09:30:00 22935.00 22940.00 22915.00 22920.00 1420.00
20170227  09:31:00 22920.00 22930.00 22915.00 22920.00 974.00
20170227  09:32:00 22920.00 22935.00 22915.00 22920.00 882.00
20170227  09:33:00 22920.00 22940.00 22920.00 22930.00 1262.00
20170227  09:34:00 22935.00 22935.00 22920.00 22925.00 396.00
20170227  09:35:00 22920.00 22925.00 22920.00 22920.00 482.00
20170227  09:36:00 22920.00 22935.00 22910.00 22925.00 1076.00
20170227  09:37:00 22920.00 22930.00 22910.00 22915.00 778.00
20170227  09:38:00 22915.00 22920.00 22895.00 22900.00 1490.00
20170227  09:39:00 22900.00 22910.00 22880.00 22895.00 1406.00
20170227  09:40:00 22900.00 22925.00 22900.00 22920.00 982.00
20170227  09:41:00 22920.00 22925.00 22915.00 22915.00 678.00
20170227  09:42:00 22920.00 22930.00 22915.00 22925.00 722.00
20170227  09:43:00 22920.00 22945.00 22920.00 22940.00 880.00
20170227  09:44:00 22935.00 22940.00 22925.00 22925.00 566.00
20170227  09:45:00 22925.00 22935.00 22925.00 22935.00 622.00
20170227  09:46:00 22935.00 22935.00 22920.00 22925.00 576.00
20170227  09:47:00 22925.00 22945.00 22925.00 22940.00 754.00
20170227  09:48:00 22940.00 22965.00 22935.00 22955.00 1478.00
20170227  09:49:00 22955.00 22985.00 22950.00 22985.00 1440.00
20170227  09:50:00 22985.00 23025.00 22985.00 23020.00 2606.00
20170227  09:51:00 23015.00 23030.00 23000.00 23005.00 1778.00
20170227  09:52:00 23005.00 23015.00 23000.00 23010.00 730.00
20170227  09:53:00 23005.00 23015.00 22995.00 22995.00 1042.00
20170227  09:54:00 22995.00 23015.00 22995.00 23015.00 510.00
20170227  09:55:00 23010.00 23020.00 23000.00 23005.00 474.00
20170227  09:56:00 23005.00 23030.00 23005.00 23020.00 1076.00
20170227  09:57:00 23020.00 23045.00 23010.00 23035.00 1354.00
20170227  09:58:00 23030.00 23045.00 23025.00 23040.00 1130.00
20170227  09:59:00 23045.00 23080.00 23035.00 23080.00 2698.00
20170227  10:00:00 23080.00 23100.00 23055.00 23055.00 2614.00
20170227  10:01:00 23055.00 23060.00 23035.00 23040.00 1228.00
20170227  10:02:00 23040.00 23045.00 23020.00 23025.00 974.00
20170227  10:03:00 23025.00 23030.00 22985.00 23000.00 2008.00
20170227  10:04:00 23000.00 23015.00 22995.00 22995.00 1348.00
20170227  10:05:00 23000.00 23005.00 22990.00 22995.00 928.00
20170227  10:06:00 22995.00 23005.00 22975.00 22980.00 1016.00
20170227  10:07:00 22975.00 22990.00 22960.00 22975.00 1242.00
20170227  10:08:00 22980.00 22990.00 22975.00 22985.00 342.00
20170227  10:09:00 22980.00 22985.00 22975.00 22985.00 326.00
20170227  10:10:00 22985.00 22985.00 22970.00 22975.00 520.00
20170227  10:11:00 22975.00 22985.00 22955.00 22960.00 692.00
20170227  10:12:00 22960.00 22985.00 22960.00 22985.00 532.00
20170227  10:13:00 22985.00 23010.00 22985.00 23005.00 904.00
20170227  10:14:00 23000.00 23015.00 23000.00 23005.00 716.00
20170227  10:30:00 23005.00 23020.00 22990.00 23015.00 1448.00
20170227  10:31:00 23010.00 23015.00 23000.00 23005.00 718.00
20170227  10:32:00 23005.00 23005.00 22990.00 23000.00 312.00
20170227  10:33:00 23000.00 23000.00 22985.00 22990.00 336.00
20170227  10:34:00 22995.00 23000.00 22990.00 22995.00 218.00
20170227  10:35:00 22995.00 23015.00 22995.00 23015.00 518.00
20170227  10:36:00 23010.00 23015.00 23005.00 23005.00 444.00
20170227  10:37:00 23005.00 23015.00 23005.00 23015.00 352.00
20170227  10:38:00 23015.00 23015.00 22995.00 23000.00 726.00
20170227  10:39:00 23005.00 23010.00 22995.00 23000.00 556.00
20170227  10:40:00 23000.00 23020.00 23000.00 23010.00 614.00
20170227  10:41:00 23010.00 23010.00 23005.00 23010.00 178.00
20170227  10:42:00 23010.00 23015.00 23005.00 23005.00 236.00
20170227  10:43:00 23005.00 23005.00 22990.00 22990.00 450.00
20170227  10:44:00 22990.00 23010.00 22985.00 23010.00 610.00
20170227  10:45:00 23010.00 23010.00 23000.00 23005.00 352.00
20170227  10:46:00 23005.00 23010.00 23000.00 23005.00 208.00
20170227  10:47:00 23010.00 23010.00 22990.00 22995.00 634.00
20170227  10:48:00 22995.00 22995.00 22985.00 22995.00 388.00
20170227  10:49:00 22995.00 23005.00 22995.00 23000.00 488.00
20170227  10:50:00 23000.00 23000.00 22980.00 22990.00 452.00
20170227  10:51:00 22985.00 23000.00 22985.00 22995.00 576.00
20170227  10:52:00 22990.00 22995.00 22975.00 22985.00 986.00
20170227  10:53:00 22985.00 23000.00 22985.00 22990.00 574.00
20170227  10:54:00 22990.00 23000.00 22985.00 23000.00 478.00
20170227  10:55:00 23000.00 23000.00 22985.00 22990.00 556.00
20170227  10:56:00 22990.00 22995.00 22990.00 22990.00 236.00
20170227  10:57:00 22990.00 22995.00 22990.00 22990.00  46.00
20170227  10:58:00 22990.00 22995.00 22985.00 22990.00 200.00
20170227  10:59:00 22990.00 23010.00 22990.00 23005.00 748.00
20170227  11:00:00 23005.00 23005.00 22990.00 22990.00 470.00
20170227  11:01:00 22990.00 22995.00 22980.00 22985.00 570.00
20170227  11:02:00 22985.00 22985.00 22965.00 22975.00 1008.00
20170227  11:03:00 22975.00 22980.00 22955.00 22965.00 1268.00
20170227  11:04:00 22960.00 22970.00 22950.00 22960.00 1238.00
20170227  11:05:00 22960.00 22960.00 22925.00 22930.00 2192.00
20170227  11:06:00 22930.00 22965.00 22920.00 22955.00 1734.00
20170227  11:07:00 22960.00 22965.00 22950.00 22960.00 814.00
20170227  11:08:00 22960.00 22965.00 22950.00 22955.00 658.00
20170227  11:09:00 22955.00 22955.00 22940.00 22940.00 620.00
20170227  11:10:00 22940.00 22955.00 22935.00 22940.00 924.00
20170227  11:11:00 22940.00 22950.00 22940.00 22940.00 456.00
20170227  11:12:00 22940.00 22955.00 22925.00 22935.00 1236.00
20170227  11:13:00 22940.00 22950.00 22935.00 22940.00 990.00
20170227  11:14:00 22940.00 22945.00 22935.00 22940.00 264.00
20170227  11:15:00 22940.00 22940.00 22925.00 22925.00 886.00
20170227  11:16:00 22925.00 22930.00 22905.00 22920.00 1378.00
20170227  11:17:00 22920.00 22940.00 22920.00 22940.00 862.00
20170227  11:18:00 22940.00 22955.00 22935.00 22950.00 1060.00
20170227  11:19:00 22950.00 22960.00 22930.00 22940.00 1334.00
20170227  11:20:00 22940.00 22945.00 22930.00 22940.00 356.00
20170227  11:21:00 22940.00 22945.00 22925.00 22925.00 480.00
20170227  11:22:00 22925.00 22930.00 22890.00 22900.00 2332.00
20170227  11:23:00 22895.00 22900.00 22855.00 22870.00 2666.00
20170227  11:24:00 22865.00 22885.00 22865.00 22885.00 1510.00
20170227  11:25:00 22880.00 22920.00 22860.00 22920.00 2476.00
20170227  11:26:00 22920.00 22925.00 22905.00 22905.00 1200.00
20170227  11:27:00 22905.00 22910.00 22880.00 22895.00 2468.00
20170227  11:28:00 22890.00 22900.00 22870.00 22895.00 1752.00
20170227  11:29:00 22890.00 22915.00 22885.00 22905.00 964.00
20170227  13:30:00 22895.00 22895.00 22850.00 22850.00 2376.00
20170227  13:31:00 22855.00 22890.00 22830.00 22885.00 2616.00
20170227  13:32:00 22885.00 22890.00 22860.00 22860.00 1060.00
20170227  13:33:00 22860.00 22875.00 22850.00 22860.00 858.00
20170227  13:34:00 22860.00 22885.00 22855.00 22875.00 968.00
20170227  13:35:00 22875.00 22910.00 22870.00 22900.00 1120.00
20170227  13:36:00 22895.00 22900.00 22875.00 22875.00 848.00
20170227  13:37:00 22875.00 22895.00 22865.00 22885.00 1868.00
20170227  13:38:00 22885.00 22895.00 22870.00 22870.00 1006.00
20170227  13:39:00 22870.00 22870.00 22835.00 22840.00 2446.00
20170227  13:40:00 22845.00 22845.00 22795.00 22800.00 3578.00
20170227  13:41:00 22805.00 22820.00 22785.00 22800.00 1732.00
20170227  13:42:00 22795.00 22815.00 22795.00 22810.00 1068.00
20170227  13:43:00 22810.00 22820.00 22805.00 22810.00 826.00
20170227  13:44:00 22810.00 22810.00 22775.00 22775.00 1482.00
20170227  13:45:00 22780.00 22810.00 22765.00 22800.00 1906.00
20170227  13:46:00 22805.00 22830.00 22800.00 22825.00 1294.00
20170227  13:47:00 22825.00 22825.00 22805.00 22815.00 846.00
20170227  13:48:00 22815.00 22815.00 22800.00 22800.00 582.00
20170227  13:49:00 22800.00 22810.00 22795.00 22805.00 480.00
20170227  13:50:00 22805.00 22815.00 22800.00 22810.00 672.00
20170227  13:51:00 22810.00 22815.00 22795.00 22805.00 656.00
20170227  13:52:00 22805.00 22805.00 22785.00 22795.00 536.00
20170227  13:53:00 22790.00 22810.00 22785.00 22810.00 526.00
20170227  13:54:00 22810.00 22810.00 22780.00 22795.00 568.00
20170227  13:55:00 22795.00 22810.00 22790.00 22810.00 328.00
20170227  13:56:00 22810.00 22815.00 22795.00 22815.00 396.00
20170227  13:57:00 22815.00 22820.00 22795.00 22800.00 444.00
20170227  13:58:00 22800.00 22805.00 22760.00 22770.00 1626.00
20170227  13:59:00 22770.00 22785.00 22765.00 22785.00 998.00
20170227  14:00:00 22785.00 22810.00 22780.00 22795.00 1588.00
20170227  14:01:00 22795.00 22795.00 22775.00 22785.00 532.00
20170227  14:02:00 22785.00 22800.00 22785.00 22795.00 370.00
20170227  14:03:00 22795.00 22820.00 22795.00 22820.00 584.00
20170227  14:04:00 22825.00 22830.00 22815.00 22830.00 1398.00
20170227  14:05:00 22830.00 22860.00 22820.00 22845.00 2124.00
20170227  14:06:00 22840.00 22840.00 22820.00 22820.00 636.00
20170227  14:07:00 22820.00 22830.00 22820.00 22825.00 386.00
20170227  14:08:00 22825.00 22825.00 22820.00 22825.00 190.00
20170227  14:09:00 22825.00 22840.00 22825.00 22835.00 354.00
20170227  14:10:00 22835.00 22835.00 22810.00 22810.00 652.00
20170227  14:11:00 22810.00 22825.00 22810.00 22825.00 224.00
20170227  14:12:00 22825.00 22830.00 22820.00 22825.00 340.00
20170227  14:13:00 22825.00 22830.00 22820.00 22825.00 258.00
20170227  14:14:00 22825.00 22845.00 22820.00 22845.00 628.00
20170227  14:15:00 22845.00 22880.00 22845.00 22860.00 1920.00
20170227  14:16:00 22860.00 22875.00 22860.00 22865.00 804.00
20170227  14:17:00 22870.00 22875.00 22855.00 22875.00 978.00
20170227  14:18:00 22870.00 22880.00 22860.00 22865.00 742.00
20170227  14:19:00 22865.00 22865.00 22850.00 22865.00 674.00
20170227  14:20:00 22865.00 22870.00 22840.00 22840.00 886.00
20170227  14:21:00 22840.00 22850.00 22835.00 22840.00 446.00
20170227  14:22:00 22835.00 22840.00 22820.00 22825.00 1136.00
20170227  14:23:00 22825.00 22835.00 22815.00 22820.00 612.00
20170227  14:24:00 22820.00 22825.00 22810.00 22815.00 618.00
20170227  14:25:00 22815.00 22835.00 22815.00 22835.00 732.00
20170227  14:26:00 22835.00 22835.00 22825.00 22830.00 436.00
20170227  14:27:00 22830.00 22835.00 22825.00 22835.00 236.00
20170227  14:28:00 22835.00 22835.00 22830.00 22830.00 186.00
20170227  14:29:00 22830.00 22860.00 22825.00 22860.00 914.00
20170227  14:30:00 22860.00 22860.00 22840.00 22850.00 514.00
20170227  14:31:00 22850.00 22850.00 22820.00 22825.00 788.00
20170227  14:32:00 22825.00 22835.00 22825.00 22830.00 210.00
20170227  14:33:00 22835.00 22835.00 22795.00 22795.00 1342.00
20170227  14:34:00 22790.00 22795.00 22765.00 22770.00 2048.00
20170227  14:35:00 22770.00 22770.00 22730.00 22740.00 3986.00
20170227  14:36:00 22740.00 22755.00 22730.00 22735.00 1572.00
20170227  14:37:00 22735.00 22765.00 22730.00 22730.00 1676.00
20170227  14:38:00 22730.00 22745.00 22715.00 22730.00 2108.00
20170227  14:39:00 22735.00 22745.00 22730.00 22735.00 1042.00
20170227  14:40:00 22735.00 22760.00 22735.00 22755.00 1284.00
20170227  14:41:00 22760.00 22760.00 22740.00 22740.00 1092.00
20170227  14:42:00 22740.00 22755.00 22735.00 22750.00 686.00
20170227  14:43:00 22750.00 22750.00 22730.00 22735.00 496.00
20170227  14:44:00 22735.00 22745.00 22720.00 22740.00 1248.00
20170227  14:45:00 22740.00 22740.00 22705.00 22710.00 2306.00
20170227  14:46:00 22710.00 22735.00 22710.00 22715.00 1264.00
20170227  14:47:00 22720.00 22725.00 22695.00 22705.00 1734.00
20170227  14:48:00 22710.00 22730.00 22705.00 22720.00 1380.00
20170227  14:49:00 22725.00 22735.00 22720.00 22735.00 866.00
20170227  14:50:00 22735.00 22735.00 22720.00 22720.00 742.00
20170227  14:51:00 22725.00 22780.00 22725.00 22775.00 1686.00
20170227  14:52:00 22775.00 22775.00 22755.00 22760.00 838.00
20170227  14:53:00 22760.00 22770.00 22755.00 22755.00 886.00
20170227  14:54:00 22760.00 22770.00 22755.00 22760.00 792.00
20170227  14:55:00 22755.00 22760.00 22750.00 22760.00 814.00
20170227  14:56:00 22765.00 22780.00 22760.00 22780.00 1016.00
20170227  14:57:00 22780.00 22800.00 22780.00 22790.00 1730.00
20170227  14:58:00 22780.00 22790.00 22760.00 22790.00 1856.00
20170227  14:59:00 22790.00 22795.00 22770.00 22775.00 1900.00
20170227  15:00:00 22780.00 22780.00 22780.00 22780.00  10.00
