20170619  21:00:00 21365.00 21440.00 21360.00 21380.00 8726.00
20170619  21:01:00 21375.00 21390.00 21360.00 21360.00 2586.00
20170619  21:02:00 21360.00 21370.00 21355.00 21360.00 1964.00
20170619  21:03:00 21355.00 21360.00 21330.00 21340.00 3130.00
20170619  21:04:00 21340.00 21375.00 21325.00 21360.00 4224.00
20170619  21:05:00 21360.00 21370.00 21335.00 21340.00 1502.00
20170619  21:06:00 21340.00 21350.00 21325.00 21335.00 1386.00
20170619  21:07:00 21335.00 21335.00 21310.00 21325.00 2530.00
20170619  21:08:00 21325.00 21335.00 21315.00 21315.00 1344.00
20170619  21:09:00 21315.00 21330.00 21315.00 21325.00 1002.00
20170619  21:10:00 21325.00 21335.00 21310.00 21330.00 1862.00
20170619  21:11:00 21330.00 21340.00 21330.00 21335.00 818.00
20170619  21:12:00 21330.00 21335.00 21320.00 21325.00 662.00
20170619  21:13:00 21325.00 21340.00 21325.00 21340.00 664.00
20170619  21:14:00 21340.00 21345.00 21330.00 21345.00 830.00
20170619  21:15:00 21345.00 21355.00 21345.00 21350.00 1816.00
20170619  21:16:00 21345.00 21350.00 21345.00 21350.00 672.00
20170619  21:17:00 21350.00 21350.00 21335.00 21340.00 974.00
20170619  21:18:00 21335.00 21345.00 21330.00 21330.00 1176.00
20170619  21:19:00 21330.00 21340.00 21325.00 21335.00 950.00
20170619  21:20:00 21335.00 21350.00 21335.00 21350.00 440.00
20170619  21:21:00 21345.00 21355.00 21345.00 21350.00 824.00
20170619  21:22:00 21350.00 21355.00 21345.00 21355.00 714.00
20170619  21:23:00 21355.00 21360.00 21345.00 21345.00 860.00
20170619  21:24:00 21345.00 21365.00 21345.00 21360.00 1772.00
20170619  21:25:00 21360.00 21385.00 21355.00 21385.00 2942.00
20170619  21:26:00 21385.00 21390.00 21380.00 21385.00 1200.00
20170619  21:27:00 21385.00 21385.00 21370.00 21370.00 864.00
20170619  21:28:00 21370.00 21375.00 21365.00 21370.00 802.00
20170619  21:29:00 21370.00 21385.00 21370.00 21380.00 1490.00
20170619  21:30:00 21385.00 21420.00 21380.00 21410.00 5166.00
20170619  21:31:00 21410.00 21425.00 21405.00 21420.00 2868.00
20170619  21:32:00 21420.00 21430.00 21415.00 21415.00 2244.00
20170619  21:33:00 21415.00 21425.00 21405.00 21415.00 1826.00
20170619  21:34:00 21415.00 21475.00 21415.00 21470.00 5026.00
20170619  21:35:00 21465.00 21475.00 21425.00 21425.00 4524.00
20170619  21:36:00 21425.00 21435.00 21420.00 21420.00 2046.00
20170619  21:37:00 21420.00 21430.00 21410.00 21410.00 1582.00
20170619  21:38:00 21410.00 21420.00 21405.00 21415.00 2090.00
20170619  21:39:00 21415.00 21425.00 21415.00 21420.00 1438.00
20170619  21:40:00 21420.00 21435.00 21415.00 21430.00 1984.00
20170619  21:41:00 21435.00 21435.00 21425.00 21425.00 402.00
20170619  21:42:00 21430.00 21430.00 21410.00 21410.00 904.00
20170619  21:43:00 21410.00 21420.00 21410.00 21410.00 378.00
20170619  21:44:00 21410.00 21420.00 21410.00 21415.00 262.00
20170619  21:45:00 21415.00 21435.00 21415.00 21430.00 880.00
20170619  21:46:00 21430.00 21430.00 21425.00 21425.00 568.00
20170619  21:47:00 21425.00 21425.00 21410.00 21420.00 592.00
20170619  21:48:00 21415.00 21425.00 21405.00 21405.00 1684.00
20170619  21:49:00 21405.00 21415.00 21405.00 21415.00 1124.00
20170619  21:50:00 21415.00 21420.00 21410.00 21415.00 696.00
20170619  21:51:00 21415.00 21425.00 21415.00 21415.00 554.00
20170619  21:52:00 21415.00 21420.00 21405.00 21405.00 978.00
20170619  21:53:00 21405.00 21415.00 21400.00 21410.00 802.00
20170619  21:54:00 21410.00 21410.00 21400.00 21400.00 594.00
20170619  21:55:00 21400.00 21400.00 21390.00 21395.00 1492.00
20170619  21:56:00 21400.00 21405.00 21395.00 21395.00 876.00
20170619  21:57:00 21395.00 21400.00 21395.00 21395.00 386.00
20170619  21:58:00 21395.00 21410.00 21390.00 21400.00 1458.00
20170619  21:59:00 21400.00 21410.00 21395.00 21405.00 574.00
20170619  22:00:00 21410.00 21410.00 21400.00 21400.00 906.00
20170619  22:01:00 21405.00 21415.00 21400.00 21410.00 720.00
20170619  22:02:00 21410.00 21415.00 21405.00 21415.00 212.00
20170619  22:03:00 21415.00 21425.00 21410.00 21420.00 690.00
20170619  22:04:00 21420.00 21430.00 21420.00 21430.00 690.00
20170619  22:05:00 21425.00 21430.00 21415.00 21415.00 996.00
20170619  22:06:00 21415.00 21435.00 21410.00 21425.00 1156.00
20170619  22:07:00 21425.00 21425.00 21410.00 21410.00 1226.00
20170619  22:08:00 21410.00 21415.00 21405.00 21410.00 656.00
20170619  22:09:00 21415.00 21415.00 21410.00 21415.00 716.00
20170619  22:10:00 21415.00 21415.00 21405.00 21405.00 510.00
20170619  22:11:00 21405.00 21410.00 21405.00 21410.00 430.00
20170619  22:12:00 21410.00 21425.00 21410.00 21425.00 748.00
20170619  22:13:00 21425.00 21425.00 21420.00 21425.00 530.00
20170619  22:14:00 21425.00 21430.00 21425.00 21430.00 716.00
20170619  22:15:00 21430.00 21430.00 21410.00 21415.00 804.00
20170619  22:16:00 21415.00 21420.00 21410.00 21415.00 910.00
20170619  22:17:00 21415.00 21420.00 21410.00 21415.00 298.00
20170619  22:18:00 21415.00 21415.00 21405.00 21410.00 876.00
20170619  22:19:00 21410.00 21430.00 21410.00 21430.00 784.00
20170619  22:20:00 21430.00 21435.00 21425.00 21430.00 946.00
20170619  22:21:00 21430.00 21450.00 21430.00 21440.00 1692.00
20170619  22:22:00 21440.00 21455.00 21440.00 21450.00 1244.00
20170619  22:23:00 21450.00 21455.00 21435.00 21440.00 1230.00
20170619  22:24:00 21440.00 21440.00 21425.00 21430.00 1732.00
20170619  22:25:00 21430.00 21430.00 21420.00 21425.00 730.00
20170619  22:26:00 21425.00 21430.00 21420.00 21425.00 586.00
20170619  22:27:00 21425.00 21430.00 21420.00 21420.00 374.00
20170619  22:28:00 21420.00 21425.00 21415.00 21420.00 436.00
20170619  22:29:00 21415.00 21425.00 21415.00 21425.00 228.00
20170619  22:30:00 21425.00 21425.00 21420.00 21425.00 288.00
20170619  22:31:00 21430.00 21435.00 21425.00 21430.00 752.00
20170619  22:32:00 21430.00 21435.00 21425.00 21430.00 332.00
20170619  22:33:00 21430.00 21440.00 21430.00 21440.00 426.00
20170619  22:34:00 21440.00 21450.00 21440.00 21445.00 1094.00
20170619  22:35:00 21440.00 21455.00 21435.00 21450.00 1180.00
20170619  22:36:00 21450.00 21470.00 21440.00 21445.00 2144.00
20170619  22:37:00 21450.00 21450.00 21440.00 21440.00 472.00
20170619  22:38:00 21440.00 21445.00 21435.00 21435.00 696.00
20170619  22:39:00 21435.00 21445.00 21430.00 21435.00 868.00
20170619  22:40:00 21435.00 21450.00 21435.00 21445.00 986.00
20170619  22:41:00 21450.00 21450.00 21440.00 21445.00 422.00
20170619  22:42:00 21445.00 21445.00 21440.00 21440.00 218.00
20170619  22:43:00 21440.00 21440.00 21435.00 21435.00 270.00
20170619  22:44:00 21435.00 21450.00 21430.00 21445.00 770.00
20170619  22:45:00 21445.00 21455.00 21440.00 21450.00 370.00
20170619  22:46:00 21450.00 21450.00 21445.00 21445.00 368.00
20170619  22:47:00 21445.00 21460.00 21445.00 21450.00 840.00
20170619  22:48:00 21450.00 21465.00 21450.00 21460.00 1172.00
20170619  22:49:00 21460.00 21460.00 21450.00 21455.00 920.00
20170619  22:50:00 21455.00 21460.00 21450.00 21455.00 456.00
20170619  22:51:00 21455.00 21465.00 21450.00 21455.00 1104.00
20170619  22:52:00 21455.00 21460.00 21445.00 21445.00 578.00
20170619  22:53:00 21445.00 21460.00 21445.00 21455.00 850.00
20170619  22:54:00 21455.00 21460.00 21450.00 21455.00 324.00
20170619  22:55:00 21455.00 21455.00 21450.00 21450.00 498.00
20170619  22:56:00 21450.00 21470.00 21450.00 21465.00 2084.00
20170619  22:57:00 21465.00 21475.00 21460.00 21465.00 1802.00
20170619  22:58:00 21465.00 21470.00 21450.00 21455.00 672.00
20170619  22:59:00 21455.00 21460.00 21455.00 21460.00 638.00
20170619  23:00:00 21460.00 21460.00 21435.00 21435.00 2216.00
20170619  23:01:00 21435.00 21440.00 21415.00 21420.00 2322.00
20170619  23:02:00 21420.00 21425.00 21410.00 21420.00 1542.00
20170619  23:03:00 21420.00 21430.00 21420.00 21430.00 642.00
20170619  23:04:00 21425.00 21425.00 21420.00 21425.00 1048.00
20170619  23:05:00 21430.00 21430.00 21420.00 21425.00 766.00
20170619  23:06:00 21425.00 21430.00 21420.00 21430.00 352.00
20170619  23:07:00 21430.00 21430.00 21420.00 21425.00 526.00
20170619  23:08:00 21425.00 21430.00 21415.00 21420.00 610.00
20170619  23:09:00 21420.00 21425.00 21415.00 21415.00 414.00
20170619  23:10:00 21415.00 21425.00 21415.00 21420.00 424.00
20170619  23:11:00 21420.00 21420.00 21415.00 21415.00 322.00
20170619  23:12:00 21420.00 21425.00 21420.00 21425.00 514.00
20170619  23:13:00 21425.00 21425.00 21420.00 21425.00 164.00
20170619  23:14:00 21430.00 21450.00 21425.00 21450.00 1882.00
20170619  23:15:00 21450.00 21460.00 21445.00 21450.00 1402.00
20170619  23:16:00 21450.00 21455.00 21445.00 21445.00 434.00
20170619  23:17:00 21445.00 21450.00 21440.00 21445.00 626.00
20170619  23:18:00 21445.00 21450.00 21445.00 21450.00 520.00
20170619  23:19:00 21450.00 21455.00 21445.00 21450.00 600.00
20170619  23:20:00 21450.00 21450.00 21445.00 21445.00 542.00
20170619  23:21:00 21445.00 21445.00 21440.00 21445.00 228.00
20170619  23:22:00 21445.00 21445.00 21440.00 21445.00 364.00
20170619  23:23:00 21445.00 21450.00 21440.00 21445.00 220.00
20170619  23:24:00 21445.00 21445.00 21435.00 21435.00 624.00
20170619  23:25:00 21440.00 21440.00 21425.00 21430.00 1248.00
20170619  23:26:00 21430.00 21440.00 21430.00 21435.00 576.00
20170619  23:27:00 21435.00 21435.00 21425.00 21425.00 850.00
20170619  23:28:00 21425.00 21425.00 21405.00 21415.00 1930.00
20170619  23:29:00 21415.00 21420.00 21390.00 21395.00 2246.00
20170619  23:30:00 21400.00 21415.00 21395.00 21410.00 1848.00
20170619  23:31:00 21415.00 21415.00 21400.00 21400.00 602.00
20170619  23:32:00 21400.00 21410.00 21395.00 21405.00 790.00
20170619  23:33:00 21405.00 21410.00 21400.00 21410.00 562.00
20170619  23:34:00 21410.00 21415.00 21405.00 21410.00 708.00
20170619  23:35:00 21410.00 21410.00 21400.00 21405.00 452.00
20170619  23:36:00 21405.00 21410.00 21400.00 21400.00 434.00
20170619  23:37:00 21400.00 21405.00 21395.00 21400.00 502.00
20170619  23:38:00 21400.00 21405.00 21395.00 21395.00 356.00
20170619  23:39:00 21395.00 21395.00 21370.00 21380.00 1876.00
20170619  23:40:00 21380.00 21395.00 21375.00 21395.00 1292.00
20170619  23:41:00 21395.00 21395.00 21385.00 21385.00 446.00
20170619  23:42:00 21385.00 21395.00 21385.00 21395.00 706.00
20170619  23:43:00 21395.00 21400.00 21390.00 21400.00 496.00
20170619  23:44:00 21400.00 21400.00 21380.00 21380.00 960.00
20170619  23:45:00 21380.00 21400.00 21380.00 21395.00 694.00
20170619  23:46:00 21395.00 21405.00 21390.00 21400.00 518.00
20170619  23:47:00 21400.00 21410.00 21400.00 21410.00 584.00
20170619  23:48:00 21410.00 21410.00 21400.00 21405.00 484.00
20170619  23:49:00 21400.00 21400.00 21390.00 21395.00 630.00
20170619  23:50:00 21390.00 21395.00 21390.00 21390.00 412.00
20170619  23:51:00 21390.00 21395.00 21390.00 21395.00 270.00
20170619  23:52:00 21390.00 21395.00 21390.00 21390.00 356.00
20170619  23:53:00 21390.00 21395.00 21385.00 21390.00 360.00
20170619  23:54:00 21390.00 21400.00 21385.00 21400.00 660.00
20170619  23:55:00 21400.00 21400.00 21395.00 21400.00 356.00
20170619  23:56:00 21405.00 21405.00 21395.00 21400.00 314.00
20170619  23:57:00 21400.00 21405.00 21390.00 21390.00 326.00
20170619  23:58:00 21390.00 21395.00 21390.00 21395.00  82.00
20170619  23:59:00 21395.00 21400.00 21395.00 21400.00 298.00
20170620  00:00:00 21400.00 21400.00 21395.00 21395.00 208.00
20170620  00:01:00 21395.00 21400.00 21390.00 21400.00 118.00
20170620  00:02:00 21400.00 21400.00 21395.00 21395.00 184.00
20170620  00:03:00 21395.00 21400.00 21395.00 21400.00  54.00
20170620  00:04:00 21400.00 21400.00 21395.00 21400.00 112.00
20170620  00:05:00 21400.00 21410.00 21400.00 21410.00 510.00
20170620  00:06:00 21410.00 21415.00 21405.00 21410.00 692.00
20170620  00:07:00 21410.00 21410.00 21405.00 21405.00 292.00
20170620  00:08:00 21405.00 21405.00 21400.00 21405.00 130.00
20170620  00:09:00 21405.00 21410.00 21405.00 21410.00 108.00
20170620  00:10:00 21410.00 21410.00 21405.00 21405.00  36.00
20170620  00:11:00 21405.00 21410.00 21400.00 21405.00 444.00
20170620  00:12:00 21405.00 21410.00 21405.00 21410.00 484.00
20170620  00:13:00 21410.00 21410.00 21410.00 21410.00 182.00
20170620  00:14:00 21410.00 21410.00 21410.00 21410.00  44.00
20170620  00:15:00 21410.00 21410.00 21405.00 21410.00  76.00
20170620  00:16:00 21410.00 21410.00 21400.00 21405.00 190.00
20170620  00:17:00 21405.00 21405.00 21400.00 21405.00  78.00
20170620  00:18:00 21405.00 21405.00 21400.00 21400.00 114.00
20170620  00:19:00 21400.00 21410.00 21400.00 21410.00 108.00
20170620  00:20:00 21410.00 21410.00 21405.00 21405.00 112.00
20170620  00:21:00 21405.00 21410.00 21405.00 21405.00 100.00
20170620  00:22:00 21405.00 21405.00 21405.00 21405.00  76.00
20170620  00:23:00 21405.00 21405.00 21400.00 21405.00  66.00
20170620  00:24:00 21405.00 21410.00 21400.00 21410.00 172.00
20170620  00:25:00 21410.00 21415.00 21405.00 21415.00 448.00
20170620  00:26:00 21415.00 21415.00 21410.00 21415.00  86.00
20170620  00:27:00 21415.00 21415.00 21410.00 21410.00 312.00
20170620  00:28:00 21410.00 21415.00 21410.00 21410.00  86.00
20170620  00:29:00 21410.00 21415.00 21410.00 21415.00   6.00
20170620  00:30:00 21415.00 21415.00 21395.00 21395.00 824.00
20170620  00:31:00 21395.00 21405.00 21395.00 21405.00  82.00
20170620  00:32:00 21405.00 21405.00 21400.00 21400.00  82.00
20170620  00:33:00 21400.00 21405.00 21400.00 21400.00  40.00
20170620  00:34:00 21400.00 21405.00 21400.00 21405.00 126.00
20170620  00:35:00 21405.00 21405.00 21400.00 21400.00 196.00
20170620  00:36:00 21400.00 21410.00 21400.00 21410.00 144.00
20170620  00:37:00 21410.00 21410.00 21405.00 21410.00  12.00
20170620  00:38:00 21410.00 21415.00 21410.00 21415.00 180.00
20170620  00:39:00 21415.00 21415.00 21405.00 21410.00 200.00
20170620  00:40:00 21410.00 21410.00 21405.00 21410.00 134.00
20170620  00:41:00 21410.00 21410.00 21405.00 21405.00  70.00
20170620  00:42:00 21405.00 21405.00 21405.00 21405.00  10.00
20170620  00:43:00 21405.00 21405.00 21400.00 21400.00  20.00
20170620  00:44:00 21400.00 21400.00 21400.00 21400.00 134.00
20170620  00:45:00 21400.00 21405.00 21395.00 21395.00 144.00
20170620  00:46:00 21400.00 21405.00 21395.00 21405.00 206.00
20170620  00:47:00 21405.00 21410.00 21400.00 21410.00 180.00
20170620  00:48:00 21410.00 21410.00 21405.00 21410.00  58.00
20170620  00:49:00 21410.00 21415.00 21410.00 21410.00 332.00
20170620  00:50:00 21410.00 21415.00 21410.00 21415.00 146.00
20170620  00:51:00 21415.00 21435.00 21415.00 21435.00 1066.00
20170620  00:52:00 21435.00 21435.00 21420.00 21425.00 366.00
20170620  00:53:00 21425.00 21425.00 21420.00 21420.00 254.00
20170620  00:54:00 21420.00 21420.00 21415.00 21415.00 148.00
20170620  00:55:00 21415.00 21425.00 21415.00 21425.00 376.00
20170620  00:56:00 21425.00 21425.00 21420.00 21425.00 214.00
20170620  00:57:00 21425.00 21425.00 21415.00 21425.00 268.00
20170620  00:58:00 21420.00 21425.00 21415.00 21415.00 572.00
20170620  00:59:00 21410.00 21425.00 21410.00 21420.00 516.00
20170620  01:00:00 21415.00 21415.00 21415.00 21415.00   2.00
20170620  09:00:00 21415.00 21435.00 21395.00 21400.00 2628.00
20170620  09:01:00 21400.00 21415.00 21385.00 21400.00 2190.00
20170620  09:02:00 21400.00 21425.00 21395.00 21400.00 1296.00
20170620  09:03:00 21395.00 21395.00 21370.00 21385.00 2784.00
20170620  09:04:00 21385.00 21395.00 21380.00 21380.00 1008.00
20170620  09:05:00 21380.00 21420.00 21375.00 21410.00 1784.00
20170620  09:06:00 21415.00 21440.00 21410.00 21430.00 1824.00
20170620  09:07:00 21430.00 21450.00 21430.00 21430.00 1590.00
20170620  09:08:00 21430.00 21430.00 21420.00 21425.00 772.00
20170620  09:09:00 21425.00 21445.00 21425.00 21440.00 800.00
20170620  09:10:00 21440.00 21445.00 21425.00 21425.00 1042.00
20170620  09:11:00 21425.00 21430.00 21400.00 21400.00 1338.00
20170620  09:12:00 21400.00 21410.00 21400.00 21410.00 704.00
20170620  09:13:00 21410.00 21425.00 21405.00 21420.00 896.00
20170620  09:14:00 21420.00 21425.00 21415.00 21420.00 126.00
20170620  09:15:00 21420.00 21445.00 21420.00 21440.00 1508.00
20170620  09:16:00 21445.00 21445.00 21425.00 21435.00 856.00
20170620  09:17:00 21435.00 21455.00 21435.00 21445.00 1438.00
20170620  09:18:00 21440.00 21445.00 21425.00 21435.00 1026.00
20170620  09:19:00 21430.00 21445.00 21430.00 21435.00 428.00
20170620  09:20:00 21435.00 21440.00 21430.00 21440.00 1042.00
20170620  09:21:00 21440.00 21445.00 21435.00 21435.00 788.00
20170620  09:22:00 21435.00 21440.00 21430.00 21435.00 1018.00
20170620  09:23:00 21435.00 21440.00 21430.00 21440.00 852.00
20170620  09:24:00 21445.00 21450.00 21435.00 21450.00 788.00
20170620  09:25:00 21450.00 21450.00 21435.00 21440.00 1134.00
20170620  09:26:00 21440.00 21440.00 21435.00 21435.00 156.00
20170620  09:27:00 21435.00 21440.00 21425.00 21435.00 1066.00
20170620  09:28:00 21435.00 21440.00 21435.00 21440.00 324.00
20170620  09:29:00 21440.00 21440.00 21425.00 21430.00 794.00
20170620  09:30:00 21430.00 21440.00 21425.00 21440.00 1140.00
20170620  09:31:00 21440.00 21440.00 21430.00 21435.00 682.00
20170620  09:32:00 21435.00 21440.00 21425.00 21430.00 602.00
20170620  09:33:00 21430.00 21440.00 21430.00 21435.00 590.00
20170620  09:34:00 21435.00 21450.00 21435.00 21440.00 1442.00
20170620  09:35:00 21440.00 21445.00 21430.00 21435.00 678.00
20170620  09:36:00 21430.00 21440.00 21415.00 21425.00 1432.00
20170620  09:37:00 21425.00 21430.00 21415.00 21420.00 1736.00
20170620  09:38:00 21420.00 21425.00 21415.00 21420.00 1146.00
20170620  09:39:00 21420.00 21425.00 21415.00 21415.00 608.00
20170620  09:40:00 21420.00 21430.00 21415.00 21425.00 1164.00
20170620  09:41:00 21425.00 21435.00 21425.00 21430.00 656.00
20170620  09:42:00 21430.00 21430.00 21420.00 21425.00 498.00
20170620  09:43:00 21425.00 21430.00 21420.00 21425.00 436.00
20170620  09:44:00 21425.00 21425.00 21415.00 21425.00 736.00
20170620  09:45:00 21425.00 21430.00 21420.00 21425.00 366.00
20170620  09:46:00 21425.00 21435.00 21420.00 21435.00 824.00
20170620  09:47:00 21435.00 21440.00 21430.00 21435.00 596.00
20170620  09:48:00 21435.00 21445.00 21430.00 21445.00 428.00
20170620  09:49:00 21445.00 21445.00 21435.00 21435.00 1112.00
20170620  09:50:00 21430.00 21435.00 21430.00 21430.00 558.00
20170620  09:51:00 21430.00 21430.00 21425.00 21430.00 444.00
20170620  09:52:00 21430.00 21435.00 21410.00 21415.00 2004.00
20170620  09:53:00 21415.00 21415.00 21400.00 21405.00 1924.00
20170620  09:54:00 21405.00 21415.00 21405.00 21410.00 778.00
20170620  09:55:00 21415.00 21415.00 21400.00 21400.00 1298.00
20170620  09:56:00 21405.00 21405.00 21390.00 21400.00 1390.00
20170620  09:57:00 21400.00 21405.00 21395.00 21400.00 858.00
20170620  09:58:00 21400.00 21400.00 21385.00 21390.00 1130.00
20170620  09:59:00 21390.00 21400.00 21390.00 21400.00 944.00
20170620  10:00:00 21400.00 21405.00 21400.00 21405.00 812.00
20170620  10:01:00 21405.00 21405.00 21400.00 21400.00 280.00
20170620  10:02:00 21400.00 21410.00 21400.00 21410.00 572.00
20170620  10:03:00 21410.00 21415.00 21405.00 21410.00 668.00
20170620  10:04:00 21410.00 21415.00 21405.00 21405.00 152.00
20170620  10:05:00 21405.00 21420.00 21400.00 21410.00 920.00
20170620  10:06:00 21410.00 21410.00 21390.00 21390.00 856.00
20170620  10:07:00 21390.00 21395.00 21390.00 21395.00 358.00
20170620  10:08:00 21395.00 21395.00 21375.00 21380.00 1850.00
20170620  10:09:00 21380.00 21380.00 21335.00 21340.00 4088.00
20170620  10:10:00 21335.00 21360.00 21335.00 21345.00 2790.00
20170620  10:11:00 21345.00 21350.00 21330.00 21330.00 1692.00
20170620  10:12:00 21320.00 21330.00 21315.00 21320.00 3840.00
20170620  10:13:00 21320.00 21325.00 21295.00 21295.00 3044.00
20170620  10:14:00 21295.00 21310.00 21285.00 21290.00 3056.00
20170620  10:30:00 21300.00 21310.00 21290.00 21305.00 3832.00
20170620  10:31:00 21300.00 21305.00 21295.00 21295.00 1132.00
20170620  10:32:00 21295.00 21305.00 21295.00 21300.00 872.00
20170620  10:33:00 21300.00 21315.00 21295.00 21310.00 1712.00
20170620  10:34:00 21310.00 21325.00 21305.00 21320.00 1718.00
20170620  10:35:00 21320.00 21325.00 21315.00 21315.00 994.00
20170620  10:36:00 21315.00 21320.00 21310.00 21310.00 866.00
20170620  10:37:00 21315.00 21320.00 21310.00 21320.00 528.00
20170620  10:38:00 21320.00 21320.00 21310.00 21315.00 358.00
20170620  10:39:00 21315.00 21320.00 21310.00 21315.00 408.00
20170620  10:40:00 21315.00 21320.00 21310.00 21315.00 190.00
20170620  10:41:00 21320.00 21320.00 21315.00 21320.00 288.00
20170620  10:42:00 21320.00 21325.00 21315.00 21325.00 598.00
20170620  10:43:00 21325.00 21325.00 21310.00 21310.00 930.00
20170620  10:44:00 21310.00 21315.00 21305.00 21310.00 434.00
20170620  10:45:00 21305.00 21320.00 21305.00 21320.00 1026.00
20170620  10:46:00 21320.00 21325.00 21320.00 21320.00 744.00
20170620  10:47:00 21325.00 21335.00 21320.00 21330.00 846.00
20170620  10:48:00 21330.00 21335.00 21325.00 21330.00 338.00
20170620  10:49:00 21330.00 21335.00 21325.00 21330.00 432.00
20170620  10:50:00 21330.00 21330.00 21325.00 21330.00 116.00
20170620  10:51:00 21330.00 21330.00 21320.00 21325.00 456.00
20170620  10:52:00 21325.00 21325.00 21320.00 21325.00 248.00
20170620  10:53:00 21325.00 21330.00 21315.00 21315.00 560.00
20170620  10:54:00 21315.00 21330.00 21315.00 21330.00 946.00
20170620  10:55:00 21330.00 21330.00 21325.00 21330.00 402.00
20170620  10:56:00 21330.00 21330.00 21315.00 21325.00 892.00
20170620  10:57:00 21325.00 21330.00 21320.00 21320.00 666.00
20170620  10:58:00 21320.00 21325.00 21315.00 21320.00 288.00
20170620  10:59:00 21320.00 21320.00 21315.00 21315.00 222.00
20170620  11:00:00 21320.00 21325.00 21315.00 21320.00 486.00
20170620  11:01:00 21320.00 21325.00 21320.00 21325.00 202.00
20170620  11:02:00 21325.00 21325.00 21310.00 21310.00 1150.00
20170620  11:03:00 21310.00 21310.00 21300.00 21310.00 1232.00
20170620  11:04:00 21310.00 21320.00 21305.00 21320.00 742.00
20170620  11:05:00 21320.00 21325.00 21315.00 21325.00 418.00
20170620  11:06:00 21325.00 21340.00 21320.00 21335.00 1552.00
20170620  11:07:00 21340.00 21355.00 21335.00 21350.00 2018.00
20170620  11:08:00 21350.00 21355.00 21345.00 21345.00 432.00
20170620  11:09:00 21350.00 21370.00 21345.00 21370.00 1316.00
20170620  11:10:00 21370.00 21370.00 21355.00 21355.00 1250.00
20170620  11:11:00 21355.00 21355.00 21345.00 21345.00 936.00
20170620  11:12:00 21345.00 21345.00 21340.00 21340.00 524.00
20170620  11:13:00 21340.00 21340.00 21330.00 21330.00 526.00
20170620  11:14:00 21330.00 21335.00 21315.00 21330.00 1632.00
20170620  11:15:00 21325.00 21330.00 21320.00 21330.00 816.00
20170620  11:16:00 21330.00 21330.00 21320.00 21325.00 634.00
20170620  11:17:00 21325.00 21325.00 21310.00 21320.00 916.00
20170620  11:18:00 21320.00 21320.00 21305.00 21320.00 1398.00
20170620  11:19:00 21320.00 21330.00 21310.00 21325.00 848.00
20170620  11:20:00 21325.00 21325.00 21310.00 21315.00 1028.00
20170620  11:21:00 21315.00 21325.00 21315.00 21320.00 688.00
20170620  11:22:00 21320.00 21340.00 21320.00 21330.00 1474.00
20170620  11:23:00 21330.00 21335.00 21320.00 21325.00 1088.00
20170620  11:24:00 21325.00 21335.00 21320.00 21335.00 728.00
20170620  11:25:00 21335.00 21340.00 21330.00 21340.00 222.00
20170620  11:26:00 21340.00 21340.00 21330.00 21335.00 570.00
20170620  11:27:00 21335.00 21340.00 21335.00 21335.00 470.00
20170620  11:28:00 21330.00 21340.00 21325.00 21340.00 650.00
20170620  11:29:00 21340.00 21345.00 21325.00 21335.00 1210.00
20170620  13:30:00 21340.00 21350.00 21330.00 21345.00 3458.00
20170620  13:31:00 21345.00 21345.00 21330.00 21335.00 1256.00
20170620  13:32:00 21335.00 21355.00 21335.00 21350.00 1516.00
20170620  13:33:00 21350.00 21360.00 21345.00 21350.00 604.00
20170620  13:34:00 21350.00 21355.00 21345.00 21350.00 870.00
20170620  13:35:00 21350.00 21350.00 21340.00 21345.00 1222.00
20170620  13:36:00 21345.00 21350.00 21335.00 21350.00 646.00
20170620  13:37:00 21345.00 21350.00 21335.00 21340.00 652.00
20170620  13:38:00 21340.00 21345.00 21330.00 21330.00 844.00
20170620  13:39:00 21335.00 21365.00 21330.00 21360.00 2034.00
20170620  13:40:00 21365.00 21365.00 21350.00 21350.00 1172.00
20170620  13:41:00 21355.00 21385.00 21350.00 21380.00 3002.00
20170620  13:42:00 21380.00 21385.00 21370.00 21375.00 1018.00
20170620  13:43:00 21375.00 21385.00 21365.00 21365.00 1284.00
20170620  13:44:00 21365.00 21370.00 21355.00 21355.00 906.00
20170620  13:45:00 21360.00 21380.00 21355.00 21370.00 1706.00
20170620  13:46:00 21370.00 21380.00 21365.00 21370.00 944.00
20170620  13:47:00 21370.00 21375.00 21365.00 21375.00 770.00
20170620  13:48:00 21375.00 21375.00 21365.00 21375.00 758.00
20170620  13:49:00 21375.00 21385.00 21370.00 21385.00 1318.00
20170620  13:50:00 21385.00 21435.00 21385.00 21415.00 4336.00
20170620  13:51:00 21415.00 21430.00 21410.00 21415.00 2410.00
20170620  13:52:00 21415.00 21425.00 21415.00 21415.00 1856.00
20170620  13:53:00 21420.00 21425.00 21415.00 21425.00 1334.00
20170620  13:54:00 21425.00 21430.00 21400.00 21405.00 2304.00
20170620  13:55:00 21405.00 21415.00 21395.00 21400.00 1408.00
20170620  13:56:00 21405.00 21405.00 21390.00 21395.00 1306.00
20170620  13:57:00 21400.00 21405.00 21390.00 21390.00 576.00
20170620  13:58:00 21390.00 21410.00 21390.00 21405.00 1292.00
20170620  13:59:00 21405.00 21405.00 21395.00 21405.00 824.00
20170620  14:00:00 21405.00 21420.00 21405.00 21415.00 1102.00
20170620  14:01:00 21415.00 21420.00 21405.00 21410.00 990.00
20170620  14:02:00 21410.00 21410.00 21400.00 21400.00 386.00
20170620  14:03:00 21405.00 21410.00 21390.00 21400.00 1380.00
20170620  14:04:00 21400.00 21405.00 21400.00 21400.00 620.00
20170620  14:05:00 21400.00 21410.00 21395.00 21410.00 770.00
20170620  14:06:00 21410.00 21410.00 21400.00 21400.00 608.00
20170620  14:07:00 21400.00 21405.00 21395.00 21400.00 318.00
20170620  14:08:00 21405.00 21410.00 21400.00 21405.00 488.00
20170620  14:09:00 21405.00 21410.00 21400.00 21405.00 390.00
20170620  14:10:00 21405.00 21410.00 21400.00 21405.00 774.00
20170620  14:11:00 21405.00 21420.00 21400.00 21410.00 1232.00
20170620  14:12:00 21410.00 21415.00 21400.00 21405.00 600.00
20170620  14:13:00 21410.00 21415.00 21400.00 21415.00 1444.00
20170620  14:14:00 21415.00 21430.00 21410.00 21415.00 1210.00
20170620  14:15:00 21420.00 21425.00 21410.00 21410.00 826.00
20170620  14:16:00 21415.00 21425.00 21415.00 21420.00 1072.00
20170620  14:17:00 21420.00 21420.00 21405.00 21405.00 1182.00
20170620  14:18:00 21405.00 21415.00 21405.00 21405.00 544.00
20170620  14:19:00 21410.00 21410.00 21405.00 21410.00 718.00
20170620  14:20:00 21410.00 21430.00 21405.00 21420.00 2414.00
20170620  14:21:00 21420.00 21420.00 21400.00 21400.00 1380.00
20170620  14:22:00 21400.00 21415.00 21400.00 21405.00 1338.00
20170620  14:23:00 21405.00 21410.00 21400.00 21410.00 1068.00
20170620  14:24:00 21410.00 21415.00 21395.00 21400.00 1444.00
20170620  14:25:00 21400.00 21405.00 21390.00 21390.00 1786.00
20170620  14:26:00 21395.00 21400.00 21390.00 21395.00 892.00
20170620  14:27:00 21395.00 21395.00 21385.00 21390.00 984.00
20170620  14:28:00 21390.00 21400.00 21390.00 21400.00 648.00
20170620  14:29:00 21400.00 21400.00 21395.00 21395.00 382.00
20170620  14:30:00 21400.00 21405.00 21395.00 21405.00 794.00
20170620  14:31:00 21405.00 21410.00 21400.00 21410.00 550.00
20170620  14:32:00 21410.00 21420.00 21405.00 21420.00 1038.00
20170620  14:33:00 21420.00 21420.00 21405.00 21410.00 830.00
20170620  14:34:00 21410.00 21415.00 21405.00 21405.00 1034.00
20170620  14:35:00 21405.00 21410.00 21405.00 21405.00 564.00
20170620  14:36:00 21405.00 21445.00 21405.00 21445.00 3368.00
20170620  14:37:00 21445.00 21445.00 21430.00 21430.00 2142.00
20170620  14:38:00 21435.00 21435.00 21410.00 21415.00 1798.00
20170620  14:39:00 21420.00 21420.00 21415.00 21415.00 792.00
20170620  14:40:00 21415.00 21430.00 21410.00 21430.00 934.00
20170620  14:41:00 21430.00 21430.00 21420.00 21425.00 712.00
20170620  14:42:00 21425.00 21440.00 21425.00 21430.00 1342.00
20170620  14:43:00 21430.00 21435.00 21430.00 21435.00 340.00
20170620  14:44:00 21435.00 21435.00 21415.00 21420.00 1026.00
20170620  14:45:00 21415.00 21425.00 21415.00 21420.00 1178.00
20170620  14:46:00 21420.00 21425.00 21415.00 21415.00 574.00
20170620  14:47:00 21420.00 21430.00 21415.00 21425.00 752.00
20170620  14:48:00 21425.00 21425.00 21415.00 21420.00 554.00
20170620  14:49:00 21420.00 21425.00 21415.00 21420.00 882.00
20170620  14:50:00 21420.00 21420.00 21405.00 21410.00 1058.00
20170620  14:51:00 21415.00 21415.00 21405.00 21415.00 1386.00
20170620  14:52:00 21415.00 21425.00 21415.00 21420.00 2112.00
20170620  14:53:00 21420.00 21430.00 21420.00 21430.00 2578.00
20170620  14:54:00 21430.00 21435.00 21420.00 21425.00 1480.00
20170620  14:55:00 21425.00 21430.00 21410.00 21415.00 1932.00
20170620  14:56:00 21410.00 21425.00 21405.00 21420.00 1838.00
20170620  14:57:00 21420.00 21425.00 21415.00 21420.00 1000.00
20170620  14:58:00 21425.00 21430.00 21420.00 21425.00 1210.00
20170620  14:59:00 21420.00 21430.00 21415.00 21420.00 2580.00
20170620  15:00:00 21420.00 21420.00 21420.00 21420.00   2.00
