20170829  21:00:00 25785.00 25795.00 25740.00 25755.00 4124.00
20170829  21:01:00 25755.00 25810.00 25745.00 25810.00 2588.00
20170829  21:02:00 25805.00 25815.00 25690.00 25715.00 3268.00
20170829  21:03:00 25715.00 25750.00 25715.00 25720.00 1854.00
20170829  21:04:00 25720.00 25765.00 25715.00 25760.00 998.00
20170829  21:05:00 25770.00 25780.00 25725.00 25730.00 1224.00
20170829  21:06:00 25730.00 25750.00 25720.00 25745.00 1044.00
20170829  21:07:00 25740.00 25775.00 25725.00 25745.00 1170.00
20170829  21:08:00 25745.00 25750.00 25725.00 25730.00 484.00
20170829  21:09:00 25725.00 25735.00 25700.00 25720.00 1188.00
20170829  21:10:00 25725.00 25735.00 25710.00 25710.00 1090.00
20170829  21:11:00 25715.00 25715.00 25675.00 25705.00 1766.00
20170829  21:12:00 25705.00 25705.00 25660.00 25660.00 1312.00
20170829  21:13:00 25665.00 25675.00 25655.00 25670.00 1172.00
20170829  21:14:00 25665.00 25685.00 25660.00 25685.00 1088.00
20170829  21:15:00 25685.00 25690.00 25680.00 25685.00 880.00
20170829  21:16:00 25680.00 25690.00 25675.00 25690.00 478.00
20170829  21:17:00 25690.00 25695.00 25680.00 25690.00 852.00
20170829  21:18:00 25690.00 25690.00 25675.00 25680.00 468.00
20170829  21:19:00 25680.00 25680.00 25670.00 25670.00 516.00
20170829  21:20:00 25670.00 25690.00 25665.00 25685.00 844.00
20170829  21:21:00 25685.00 25695.00 25660.00 25665.00 916.00
20170829  21:22:00 25665.00 25680.00 25665.00 25675.00 288.00
20170829  21:23:00 25675.00 25700.00 25675.00 25690.00 1094.00
20170829  21:24:00 25690.00 25700.00 25670.00 25695.00 916.00
20170829  21:25:00 25695.00 25695.00 25670.00 25675.00 826.00
20170829  21:26:00 25675.00 25675.00 25665.00 25670.00 488.00
20170829  21:27:00 25670.00 25695.00 25670.00 25675.00 700.00
20170829  21:28:00 25675.00 25680.00 25670.00 25675.00 348.00
20170829  21:29:00 25675.00 25695.00 25675.00 25695.00 392.00
20170829  21:30:00 25695.00 25695.00 25675.00 25690.00 614.00
20170829  21:31:00 25690.00 25690.00 25655.00 25675.00 1232.00
20170829  21:32:00 25670.00 25720.00 25670.00 25700.00 1378.00
20170829  21:33:00 25700.00 25710.00 25685.00 25690.00 654.00
20170829  21:34:00 25695.00 25705.00 25690.00 25700.00 494.00
20170829  21:35:00 25695.00 25710.00 25685.00 25705.00 738.00
20170829  21:36:00 25700.00 25710.00 25695.00 25705.00 400.00
20170829  21:37:00 25705.00 25705.00 25685.00 25690.00 340.00
20170829  21:38:00 25690.00 25710.00 25690.00 25710.00 674.00
20170829  21:39:00 25715.00 25730.00 25710.00 25725.00 796.00
20170829  21:40:00 25725.00 25725.00 25700.00 25715.00 512.00
20170829  21:41:00 25715.00 25720.00 25705.00 25710.00 324.00
20170829  21:42:00 25705.00 25710.00 25690.00 25700.00 730.00
20170829  21:43:00 25695.00 25700.00 25670.00 25675.00 722.00
20170829  21:44:00 25680.00 25685.00 25665.00 25675.00 752.00
20170829  21:45:00 25675.00 25675.00 25600.00 25630.00 3424.00
20170829  21:46:00 25630.00 25660.00 25620.00 25645.00 1242.00
20170829  21:47:00 25645.00 25655.00 25640.00 25650.00 810.00
20170829  21:48:00 25650.00 25665.00 25650.00 25650.00 714.00
20170829  21:49:00 25650.00 25665.00 25645.00 25655.00 1154.00
20170829  21:50:00 25655.00 25690.00 25655.00 25680.00 1200.00
20170829  21:51:00 25680.00 25685.00 25670.00 25675.00 444.00
20170829  21:52:00 25670.00 25675.00 25655.00 25665.00 502.00
20170829  21:53:00 25660.00 25660.00 25650.00 25655.00 314.00
20170829  21:54:00 25655.00 25675.00 25650.00 25675.00 700.00
20170829  21:55:00 25670.00 25675.00 25655.00 25660.00 250.00
20170829  21:56:00 25660.00 25670.00 25655.00 25665.00 290.00
20170829  21:57:00 25665.00 25670.00 25660.00 25665.00  80.00
20170829  21:58:00 25665.00 25680.00 25665.00 25680.00 124.00
20170829  21:59:00 25685.00 25690.00 25675.00 25680.00 548.00
20170829  22:00:00 25680.00 25690.00 25665.00 25665.00 548.00
20170829  22:01:00 25675.00 25675.00 25655.00 25660.00 336.00
20170829  22:02:00 25660.00 25665.00 25640.00 25640.00 594.00
20170829  22:03:00 25645.00 25645.00 25595.00 25595.00 2144.00
20170829  22:04:00 25595.00 25630.00 25595.00 25630.00 1210.00
20170829  22:05:00 25625.00 25655.00 25620.00 25650.00 932.00
20170829  22:06:00 25645.00 25650.00 25640.00 25650.00 370.00
20170829  22:07:00 25655.00 25675.00 25655.00 25670.00 1076.00
20170829  22:08:00 25675.00 25675.00 25645.00 25655.00 626.00
20170829  22:09:00 25660.00 25670.00 25655.00 25670.00 544.00
20170829  22:10:00 25670.00 25675.00 25665.00 25665.00 446.00
20170829  22:11:00 25665.00 25675.00 25665.00 25665.00 178.00
20170829  22:12:00 25670.00 25675.00 25670.00 25670.00 136.00
20170829  22:13:00 25670.00 25670.00 25650.00 25660.00 310.00
20170829  22:14:00 25660.00 25680.00 25660.00 25680.00 276.00
20170829  22:15:00 25680.00 25680.00 25665.00 25670.00 100.00
20170829  22:16:00 25670.00 25675.00 25665.00 25675.00  88.00
20170829  22:17:00 25675.00 25680.00 25665.00 25665.00 186.00
20170829  22:18:00 25670.00 25690.00 25670.00 25685.00 374.00
20170829  22:19:00 25690.00 25690.00 25675.00 25675.00 440.00
20170829  22:20:00 25675.00 25680.00 25665.00 25675.00 350.00
20170829  22:21:00 25675.00 25680.00 25670.00 25675.00 186.00
20170829  22:22:00 25675.00 25680.00 25670.00 25680.00 206.00
20170829  22:23:00 25680.00 25680.00 25675.00 25680.00  86.00
20170829  22:24:00 25680.00 25685.00 25660.00 25660.00 292.00
20170829  22:25:00 25665.00 25680.00 25655.00 25680.00 380.00
20170829  22:26:00 25680.00 25700.00 25680.00 25680.00 904.00
20170829  22:27:00 25685.00 25685.00 25650.00 25655.00 652.00
20170829  22:28:00 25650.00 25670.00 25640.00 25650.00 672.00
20170829  22:29:00 25655.00 25655.00 25650.00 25650.00 306.00
20170829  22:30:00 25650.00 25650.00 25625.00 25635.00 846.00
20170829  22:31:00 25635.00 25650.00 25630.00 25635.00 432.00
20170829  22:32:00 25635.00 25645.00 25630.00 25640.00 380.00
20170829  22:33:00 25640.00 25650.00 25635.00 25645.00 182.00
20170829  22:34:00 25645.00 25660.00 25645.00 25650.00 346.00
20170829  22:35:00 25650.00 25650.00 25635.00 25635.00 322.00
20170829  22:36:00 25635.00 25635.00 25615.00 25630.00 860.00
20170829  22:37:00 25630.00 25640.00 25625.00 25625.00 328.00
20170829  22:38:00 25625.00 25635.00 25625.00 25630.00 142.00
20170829  22:39:00 25630.00 25635.00 25625.00 25625.00 214.00
20170829  22:40:00 25625.00 25635.00 25620.00 25625.00 376.00
20170829  22:41:00 25625.00 25655.00 25625.00 25650.00 490.00
20170829  22:42:00 25650.00 25655.00 25635.00 25635.00 684.00
20170829  22:43:00 25635.00 25640.00 25630.00 25635.00 248.00
20170829  22:44:00 25635.00 25645.00 25635.00 25645.00 150.00
20170829  22:45:00 25640.00 25645.00 25625.00 25630.00 386.00
20170829  22:46:00 25630.00 25635.00 25620.00 25630.00 238.00
20170829  22:47:00 25630.00 25655.00 25625.00 25650.00 336.00
20170829  22:48:00 25650.00 25655.00 25645.00 25650.00 254.00
20170829  22:49:00 25650.00 25655.00 25650.00 25650.00  70.00
20170829  22:50:00 25650.00 25650.00 25630.00 25630.00 324.00
20170829  22:51:00 25635.00 25645.00 25630.00 25645.00 142.00
20170829  22:52:00 25645.00 25645.00 25625.00 25625.00 250.00
20170829  22:53:00 25625.00 25625.00 25600.00 25615.00 980.00
20170829  22:54:00 25610.00 25610.00 25590.00 25595.00 1872.00
20170829  22:55:00 25595.00 25635.00 25590.00 25605.00 876.00
20170829  22:56:00 25600.00 25615.00 25585.00 25600.00 1052.00
20170829  22:57:00 25590.00 25620.00 25590.00 25615.00 428.00
20170829  22:58:00 25615.00 25625.00 25615.00 25620.00 300.00
20170829  22:59:00 25620.00 25620.00 25605.00 25605.00 286.00
20170829  23:00:00 25605.00 25610.00 25530.00 25560.00 2634.00
20170829  23:01:00 25555.00 25560.00 25540.00 25555.00 1230.00
20170829  23:02:00 25555.00 25565.00 25540.00 25545.00 662.00
20170829  23:03:00 25545.00 25545.00 25515.00 25515.00 1678.00
20170829  23:04:00 25520.00 25540.00 25515.00 25540.00 718.00
20170829  23:05:00 25535.00 25550.00 25525.00 25545.00 530.00
20170829  23:06:00 25550.00 25550.00 25480.00 25490.00 2994.00
20170829  23:07:00 25495.00 25500.00 25425.00 25430.00 2964.00
20170829  23:08:00 25425.00 25460.00 25425.00 25455.00 1684.00
20170829  23:09:00 25455.00 25455.00 25390.00 25425.00 2108.00
20170829  23:10:00 25425.00 25470.00 25415.00 25460.00 1616.00
20170829  23:11:00 25465.00 25465.00 25450.00 25455.00 518.00
20170829  23:12:00 25455.00 25455.00 25450.00 25455.00 486.00
20170829  23:13:00 25455.00 25460.00 25435.00 25445.00 674.00
20170829  23:14:00 25450.00 25475.00 25440.00 25460.00 730.00
20170829  23:15:00 25460.00 25475.00 25455.00 25470.00 606.00
20170829  23:16:00 25470.00 25530.00 25470.00 25510.00 2350.00
20170829  23:17:00 25510.00 25510.00 25490.00 25490.00 818.00
20170829  23:18:00 25490.00 25510.00 25485.00 25505.00 566.00
20170829  23:19:00 25505.00 25505.00 25485.00 25495.00 414.00
20170829  23:20:00 25495.00 25510.00 25490.00 25500.00 410.00
20170829  23:21:00 25500.00 25540.00 25500.00 25525.00 846.00
20170829  23:22:00 25535.00 25535.00 25520.00 25525.00 754.00
20170829  23:23:00 25525.00 25535.00 25520.00 25535.00 688.00
20170829  23:24:00 25535.00 25550.00 25530.00 25530.00 902.00
20170829  23:25:00 25530.00 25535.00 25520.00 25525.00 364.00
20170829  23:26:00 25520.00 25525.00 25515.00 25515.00 228.00
20170829  23:27:00 25520.00 25520.00 25490.00 25500.00 764.00
20170829  23:28:00 25500.00 25505.00 25495.00 25495.00 408.00
20170829  23:29:00 25495.00 25510.00 25495.00 25510.00 256.00
20170829  23:30:00 25505.00 25520.00 25500.00 25515.00 524.00
20170829  23:31:00 25515.00 25520.00 25505.00 25510.00 460.00
20170829  23:32:00 25505.00 25510.00 25490.00 25500.00 592.00
20170829  23:33:00 25500.00 25505.00 25460.00 25480.00 1082.00
20170829  23:34:00 25475.00 25485.00 25475.00 25480.00 322.00
20170829  23:35:00 25480.00 25485.00 25465.00 25465.00 400.00
20170829  23:36:00 25465.00 25485.00 25465.00 25480.00 772.00
20170829  23:37:00 25485.00 25485.00 25475.00 25485.00 338.00
20170829  23:38:00 25485.00 25485.00 25475.00 25485.00 178.00
20170829  23:39:00 25485.00 25485.00 25475.00 25475.00 122.00
20170829  23:40:00 25475.00 25495.00 25470.00 25495.00 612.00
20170829  23:41:00 25495.00 25500.00 25485.00 25495.00 360.00
20170829  23:42:00 25490.00 25505.00 25490.00 25500.00 230.00
20170829  23:43:00 25500.00 25505.00 25490.00 25490.00 296.00
20170829  23:44:00 25490.00 25500.00 25485.00 25500.00 160.00
20170829  23:45:00 25495.00 25495.00 25490.00 25495.00  92.00
20170829  23:46:00 25495.00 25520.00 25490.00 25510.00 440.00
20170829  23:47:00 25510.00 25510.00 25490.00 25490.00 222.00
20170829  23:48:00 25490.00 25495.00 25490.00 25495.00  78.00
20170829  23:49:00 25495.00 25510.00 25480.00 25500.00 362.00
20170829  23:50:00 25500.00 25510.00 25485.00 25500.00 206.00
20170829  23:51:00 25500.00 25500.00 25485.00 25495.00 166.00
20170829  23:52:00 25490.00 25500.00 25490.00 25495.00 174.00
20170829  23:53:00 25495.00 25495.00 25485.00 25490.00 158.00
20170829  23:54:00 25495.00 25495.00 25480.00 25490.00  96.00
20170829  23:55:00 25490.00 25500.00 25490.00 25495.00 166.00
20170829  23:56:00 25495.00 25500.00 25490.00 25490.00  54.00
20170829  23:57:00 25490.00 25500.00 25485.00 25485.00 196.00
20170829  23:58:00 25485.00 25495.00 25485.00 25490.00  76.00
20170829  23:59:00 25490.00 25495.00 25485.00 25485.00 160.00
20170830  00:00:00 25485.00 25495.00 25485.00 25495.00 186.00
20170830  00:01:00 25495.00 25495.00 25480.00 25480.00 238.00
20170830  00:02:00 25480.00 25480.00 25470.00 25480.00 416.00
20170830  00:03:00 25480.00 25485.00 25480.00 25485.00 134.00
20170830  00:04:00 25485.00 25500.00 25480.00 25500.00 414.00
20170830  00:05:00 25505.00 25530.00 25500.00 25520.00 652.00
20170830  00:06:00 25520.00 25525.00 25510.00 25515.00 126.00
20170830  00:07:00 25515.00 25525.00 25515.00 25520.00 274.00
20170830  00:08:00 25525.00 25525.00 25515.00 25520.00 114.00
20170830  00:09:00 25515.00 25520.00 25500.00 25510.00 350.00
20170830  00:10:00 25500.00 25510.00 25500.00 25505.00 184.00
20170830  00:11:00 25505.00 25510.00 25500.00 25510.00 156.00
20170830  00:12:00 25505.00 25510.00 25505.00 25510.00  66.00
20170830  00:13:00 25510.00 25515.00 25500.00 25510.00 102.00
20170830  00:14:00 25510.00 25520.00 25505.00 25505.00 188.00
20170830  00:15:00 25510.00 25510.00 25495.00 25495.00 462.00
20170830  00:16:00 25495.00 25500.00 25490.00 25490.00 158.00
20170830  00:17:00 25490.00 25500.00 25485.00 25500.00 220.00
20170830  00:18:00 25500.00 25510.00 25495.00 25510.00 112.00
20170830  00:19:00 25510.00 25510.00 25500.00 25500.00 132.00
20170830  00:20:00 25500.00 25510.00 25500.00 25510.00 224.00
20170830  00:21:00 25510.00 25510.00 25505.00 25510.00  46.00
20170830  00:22:00 25510.00 25525.00 25510.00 25520.00 278.00
20170830  00:23:00 25520.00 25525.00 25510.00 25520.00 162.00
20170830  00:24:00 25520.00 25520.00 25500.00 25515.00 242.00
20170830  00:25:00 25515.00 25515.00 25505.00 25515.00  50.00
20170830  00:26:00 25515.00 25520.00 25515.00 25515.00  42.00
20170830  00:27:00 25515.00 25520.00 25505.00 25510.00 120.00
20170830  00:28:00 25510.00 25510.00 25500.00 25510.00  38.00
20170830  00:29:00 25510.00 25515.00 25500.00 25515.00  72.00
20170830  00:30:00 25515.00 25515.00 25510.00 25515.00  28.00
20170830  00:31:00 25515.00 25515.00 25515.00 25515.00  92.00
20170830  00:32:00 25510.00 25510.00 25500.00 25505.00 168.00
20170830  00:33:00 25505.00 25510.00 25505.00 25510.00  72.00
20170830  00:34:00 25510.00 25515.00 25505.00 25510.00  82.00
20170830  00:35:00 25515.00 25520.00 25510.00 25510.00  52.00
20170830  00:36:00 25510.00 25510.00 25505.00 25505.00 100.00
20170830  00:37:00 25505.00 25505.00 25500.00 25505.00  54.00
20170830  00:38:00 25505.00 25510.00 25505.00 25510.00  24.00
20170830  00:39:00 25510.00 25510.00 25500.00 25500.00  62.00
20170830  00:40:00 25505.00 25510.00 25505.00 25505.00  34.00
20170830  00:41:00 25505.00 25505.00 25495.00 25500.00 210.00
20170830  00:42:00 25500.00 25505.00 25500.00 25505.00  34.00
20170830  00:43:00 25505.00 25505.00 25500.00 25500.00  10.00
20170830  00:44:00 25500.00 25505.00 25500.00 25505.00  24.00
20170830  00:45:00 25505.00 25515.00 25505.00 25510.00  82.00
20170830  00:46:00 25515.00 25515.00 25510.00 25510.00 112.00
20170830  00:47:00 25510.00 25515.00 25510.00 25510.00  48.00
20170830  00:48:00 25515.00 25515.00 25510.00 25515.00  64.00
20170830  00:49:00 25515.00 25520.00 25510.00 25515.00  84.00
20170830  00:50:00 25515.00 25520.00 25515.00 25520.00  38.00
20170830  00:51:00 25520.00 25525.00 25520.00 25520.00 198.00
20170830  00:52:00 25520.00 25525.00 25520.00 25520.00  94.00
20170830  00:53:00 25520.00 25520.00 25515.00 25515.00  38.00
20170830  00:54:00 25520.00 25525.00 25520.00 25525.00 120.00
20170830  00:55:00 25525.00 25565.00 25525.00 25535.00 892.00
20170830  00:56:00 25530.00 25530.00 25520.00 25525.00 162.00
20170830  00:57:00 25520.00 25520.00 25505.00 25510.00 432.00
20170830  00:58:00 25520.00 25545.00 25510.00 25535.00 256.00
20170830  00:59:00 25535.00 25540.00 25530.00 25540.00 428.00
20170830  01:00:00 25545.00 25545.00 25545.00 25545.00  10.00
20170830  09:00:00 25535.00 25540.00 25500.00 25505.00 1616.00
20170830  09:01:00 25510.00 25555.00 25495.00 25555.00 1486.00
20170830  09:02:00 25545.00 25575.00 25535.00 25540.00 1292.00
20170830  09:03:00 25540.00 25555.00 25530.00 25545.00 538.00
20170830  09:04:00 25545.00 25550.00 25530.00 25545.00 414.00
20170830  09:05:00 25550.00 25560.00 25510.00 25510.00 716.00
20170830  09:06:00 25510.00 25525.00 25500.00 25515.00 748.00
20170830  09:07:00 25515.00 25515.00 25500.00 25510.00 646.00
20170830  09:08:00 25510.00 25515.00 25470.00 25475.00 960.00
20170830  09:09:00 25475.00 25475.00 25405.00 25415.00 2962.00
20170830  09:10:00 25415.00 25490.00 25415.00 25475.00 1690.00
20170830  09:11:00 25485.00 25525.00 25470.00 25505.00 1698.00
20170830  09:12:00 25505.00 25530.00 25500.00 25525.00 788.00
20170830  09:13:00 25530.00 25595.00 25525.00 25585.00 2448.00
20170830  09:14:00 25580.00 25590.00 25565.00 25580.00 1726.00
20170830  09:15:00 25575.00 25585.00 25560.00 25565.00 1080.00
20170830  09:16:00 25565.00 25575.00 25560.00 25570.00 482.00
20170830  09:17:00 25570.00 25580.00 25560.00 25575.00 798.00
20170830  09:18:00 25575.00 25580.00 25560.00 25560.00 580.00
20170830  09:19:00 25560.00 25575.00 25560.00 25570.00 384.00
20170830  09:20:00 25575.00 25580.00 25555.00 25560.00 512.00
20170830  09:21:00 25555.00 25570.00 25550.00 25555.00 650.00
20170830  09:22:00 25555.00 25575.00 25555.00 25570.00 326.00
20170830  09:23:00 25570.00 25575.00 25565.00 25575.00 360.00
20170830  09:24:00 25575.00 25580.00 25570.00 25580.00 398.00
20170830  09:25:00 25580.00 25590.00 25575.00 25590.00 760.00
20170830  09:26:00 25590.00 25645.00 25590.00 25630.00 3378.00
20170830  09:27:00 25630.00 25635.00 25610.00 25615.00 1348.00
20170830  09:28:00 25615.00 25655.00 25615.00 25645.00 1442.00
20170830  09:29:00 25645.00 25670.00 25625.00 25665.00 1758.00
20170830  09:30:00 25660.00 25670.00 25645.00 25650.00 1358.00
20170830  09:31:00 25650.00 25730.00 25650.00 25720.00 3900.00
20170830  09:32:00 25715.00 25730.00 25705.00 25725.00 2022.00
20170830  09:33:00 25730.00 25750.00 25725.00 25750.00 2956.00
20170830  09:34:00 25755.00 25755.00 25730.00 25735.00 1804.00
20170830  09:35:00 25730.00 25760.00 25730.00 25740.00 1514.00
20170830  09:36:00 25730.00 25760.00 25730.00 25740.00 1254.00
20170830  09:37:00 25740.00 25765.00 25740.00 25765.00 1560.00
20170830  09:38:00 25765.00 25765.00 25740.00 25745.00 1210.00
20170830  09:39:00 25745.00 25765.00 25745.00 25765.00 1320.00
20170830  09:40:00 25765.00 25770.00 25745.00 25750.00 1374.00
20170830  09:41:00 25755.00 25755.00 25745.00 25745.00 534.00
20170830  09:42:00 25745.00 25750.00 25730.00 25735.00 1448.00
20170830  09:43:00 25735.00 25740.00 25725.00 25725.00 906.00
20170830  09:44:00 25730.00 25745.00 25725.00 25745.00 716.00
20170830  09:45:00 25745.00 25755.00 25730.00 25740.00 872.00
20170830  09:46:00 25735.00 25745.00 25735.00 25740.00 342.00
20170830  09:47:00 25735.00 25740.00 25725.00 25725.00 398.00
20170830  09:48:00 25730.00 25750.00 25730.00 25740.00 746.00
20170830  09:49:00 25740.00 25770.00 25740.00 25765.00 994.00
20170830  09:50:00 25765.00 25765.00 25745.00 25745.00 638.00
20170830  09:51:00 25750.00 25750.00 25735.00 25740.00 578.00
20170830  09:52:00 25740.00 25750.00 25740.00 25750.00 510.00
20170830  09:53:00 25745.00 25745.00 25735.00 25745.00 374.00
20170830  09:54:00 25745.00 25750.00 25740.00 25740.00 210.00
20170830  09:55:00 25740.00 25760.00 25740.00 25745.00 634.00
20170830  09:56:00 25745.00 25750.00 25740.00 25745.00 472.00
20170830  09:57:00 25745.00 25750.00 25740.00 25740.00 298.00
20170830  09:58:00 25745.00 25750.00 25735.00 25740.00 298.00
20170830  09:59:00 25740.00 25750.00 25735.00 25750.00 606.00
20170830  10:00:00 25750.00 25755.00 25740.00 25755.00 766.00
20170830  10:01:00 25755.00 25830.00 25750.00 25800.00 4732.00
20170830  10:02:00 25805.00 25815.00 25790.00 25810.00 1442.00
20170830  10:03:00 25810.00 25840.00 25805.00 25835.00 1784.00
20170830  10:04:00 25835.00 25850.00 25815.00 25815.00 2350.00
20170830  10:05:00 25815.00 25820.00 25810.00 25815.00 764.00
20170830  10:06:00 25815.00 25820.00 25810.00 25810.00 428.00
20170830  10:07:00 25810.00 25830.00 25810.00 25830.00 630.00
20170830  10:08:00 25830.00 25835.00 25825.00 25825.00 960.00
20170830  10:09:00 25825.00 25835.00 25815.00 25820.00 964.00
20170830  10:10:00 25820.00 25830.00 25810.00 25810.00 674.00
20170830  10:11:00 25810.00 25825.00 25810.00 25815.00 608.00
20170830  10:12:00 25815.00 25820.00 25815.00 25815.00 204.00
20170830  10:13:00 25815.00 25820.00 25805.00 25810.00 616.00
20170830  10:14:00 25810.00 25825.00 25805.00 25825.00 604.00
20170830  10:30:00 25820.00 25820.00 25795.00 25795.00 1800.00
20170830  10:31:00 25795.00 25800.00 25785.00 25795.00 784.00
20170830  10:32:00 25795.00 25815.00 25790.00 25815.00 734.00
20170830  10:33:00 25810.00 25810.00 25795.00 25800.00 492.00
20170830  10:34:00 25800.00 25810.00 25795.00 25805.00 430.00
20170830  10:35:00 25805.00 25805.00 25790.00 25795.00 404.00
20170830  10:36:00 25795.00 25800.00 25785.00 25790.00 386.00
20170830  10:37:00 25790.00 25795.00 25775.00 25780.00 1086.00
20170830  10:38:00 25775.00 25790.00 25775.00 25785.00 580.00
20170830  10:39:00 25780.00 25780.00 25740.00 25750.00 1576.00
20170830  10:40:00 25750.00 25760.00 25725.00 25745.00 1284.00
20170830  10:41:00 25745.00 25770.00 25745.00 25765.00 790.00
20170830  10:42:00 25765.00 25765.00 25755.00 25760.00 288.00
20170830  10:43:00 25760.00 25765.00 25760.00 25765.00 206.00
20170830  10:44:00 25765.00 25770.00 25760.00 25765.00 262.00
20170830  10:45:00 25765.00 25780.00 25760.00 25775.00 586.00
20170830  10:46:00 25775.00 25775.00 25770.00 25775.00 218.00
20170830  10:47:00 25780.00 25785.00 25770.00 25780.00 542.00
20170830  10:48:00 25780.00 25780.00 25770.00 25775.00 210.00
20170830  10:49:00 25775.00 25780.00 25765.00 25765.00 386.00
20170830  10:50:00 25765.00 25775.00 25765.00 25770.00  86.00
20170830  10:51:00 25770.00 25775.00 25760.00 25760.00 126.00
20170830  10:52:00 25765.00 25770.00 25760.00 25760.00 192.00
20170830  10:53:00 25760.00 25765.00 25760.00 25765.00 358.00
20170830  10:54:00 25765.00 25770.00 25755.00 25770.00 314.00
20170830  10:55:00 25770.00 25775.00 25765.00 25765.00 340.00
20170830  10:56:00 25765.00 25770.00 25765.00 25765.00 168.00
20170830  10:57:00 25765.00 25770.00 25755.00 25760.00 318.00
20170830  10:58:00 25760.00 25760.00 25740.00 25740.00 694.00
20170830  10:59:00 25740.00 25760.00 25735.00 25755.00 614.00
20170830  11:00:00 25755.00 25755.00 25745.00 25755.00 212.00
20170830  11:01:00 25755.00 25755.00 25740.00 25750.00 292.00
20170830  11:02:00 25750.00 25755.00 25740.00 25745.00 254.00
20170830  11:03:00 25750.00 25750.00 25710.00 25730.00 1474.00
20170830  11:04:00 25730.00 25750.00 25725.00 25745.00 738.00
20170830  11:05:00 25740.00 25750.00 25740.00 25740.00 368.00
20170830  11:06:00 25740.00 25755.00 25740.00 25755.00 352.00
20170830  11:07:00 25755.00 25760.00 25750.00 25760.00 160.00
20170830  11:08:00 25760.00 25765.00 25755.00 25760.00 256.00
20170830  11:09:00 25760.00 25765.00 25755.00 25755.00 444.00
20170830  11:10:00 25755.00 25755.00 25745.00 25745.00 112.00
20170830  11:11:00 25745.00 25745.00 25740.00 25740.00 144.00
20170830  11:12:00 25740.00 25745.00 25735.00 25735.00 132.00
20170830  11:13:00 25735.00 25745.00 25730.00 25740.00 214.00
20170830  11:14:00 25740.00 25740.00 25730.00 25730.00 348.00
20170830  11:15:00 25730.00 25745.00 25730.00 25740.00 252.00
20170830  11:16:00 25740.00 25745.00 25735.00 25740.00 294.00
20170830  11:17:00 25740.00 25745.00 25740.00 25745.00  76.00
20170830  11:18:00 25745.00 25760.00 25745.00 25755.00 408.00
20170830  11:19:00 25760.00 25760.00 25750.00 25755.00 390.00
20170830  11:20:00 25755.00 25755.00 25745.00 25750.00 136.00
20170830  11:21:00 25745.00 25750.00 25740.00 25745.00 190.00
20170830  11:22:00 25750.00 25750.00 25735.00 25735.00 200.00
20170830  11:23:00 25735.00 25735.00 25720.00 25735.00 740.00
20170830  11:24:00 25730.00 25740.00 25730.00 25735.00 256.00
20170830  11:25:00 25735.00 25745.00 25735.00 25745.00 434.00
20170830  11:26:00 25745.00 25750.00 25745.00 25750.00 196.00
20170830  11:27:00 25750.00 25755.00 25745.00 25745.00 304.00
20170830  11:28:00 25745.00 25755.00 25745.00 25750.00 268.00
20170830  11:29:00 25750.00 25760.00 25745.00 25755.00 378.00
20170830  13:30:00 25735.00 25760.00 25735.00 25755.00 430.00
20170830  13:31:00 25760.00 25775.00 25755.00 25770.00 866.00
20170830  13:32:00 25770.00 25790.00 25770.00 25790.00 812.00
20170830  13:33:00 25785.00 25795.00 25785.00 25790.00 648.00
20170830  13:34:00 25795.00 25810.00 25795.00 25805.00 1030.00
20170830  13:35:00 25805.00 25810.00 25795.00 25805.00 866.00
20170830  13:36:00 25800.00 25820.00 25800.00 25820.00 966.00
20170830  13:37:00 25825.00 25850.00 25825.00 25840.00 2482.00
20170830  13:38:00 25840.00 25875.00 25840.00 25860.00 2232.00
20170830  13:39:00 25860.00 25860.00 25835.00 25840.00 1774.00
20170830  13:40:00 25840.00 25850.00 25825.00 25835.00 1308.00
20170830  13:41:00 25830.00 25845.00 25830.00 25835.00 672.00
20170830  13:42:00 25835.00 25845.00 25835.00 25835.00 334.00
20170830  13:43:00 25835.00 25845.00 25830.00 25840.00 508.00
20170830  13:44:00 25840.00 25845.00 25835.00 25840.00 546.00
20170830  13:45:00 25840.00 25850.00 25835.00 25845.00 870.00
20170830  13:46:00 25850.00 25900.00 25845.00 25895.00 2616.00
20170830  13:47:00 25890.00 25905.00 25880.00 25895.00 3042.00
20170830  13:48:00 25895.00 25915.00 25890.00 25900.00 1674.00
20170830  13:49:00 25900.00 25910.00 25890.00 25910.00 1340.00
20170830  13:50:00 25900.00 25910.00 25895.00 25895.00 1050.00
20170830  13:51:00 25895.00 25900.00 25890.00 25895.00 822.00
20170830  13:52:00 25900.00 25925.00 25895.00 25920.00 1502.00
20170830  13:53:00 25920.00 25940.00 25915.00 25920.00 1364.00
20170830  13:54:00 25920.00 25925.00 25900.00 25910.00 1246.00
20170830  13:55:00 25910.00 25915.00 25905.00 25915.00 598.00
20170830  13:56:00 25915.00 25920.00 25890.00 25905.00 1466.00
20170830  13:57:00 25910.00 25920.00 25895.00 25900.00 972.00
20170830  13:58:00 25900.00 25945.00 25900.00 25940.00 1492.00
20170830  13:59:00 25940.00 25950.00 25920.00 25935.00 2240.00
20170830  14:00:00 25935.00 25975.00 25935.00 25965.00 3258.00
20170830  14:01:00 25960.00 25960.00 25895.00 25900.00 2732.00
20170830  14:02:00 25900.00 25905.00 25880.00 25900.00 1938.00
20170830  14:03:00 25900.00 25900.00 25875.00 25890.00 1452.00
20170830  14:04:00 25890.00 25895.00 25880.00 25890.00 1268.00
20170830  14:05:00 25890.00 25910.00 25890.00 25900.00 1384.00
20170830  14:06:00 25900.00 25905.00 25890.00 25895.00 422.00
20170830  14:07:00 25890.00 25895.00 25885.00 25890.00 414.00
20170830  14:08:00 25885.00 25890.00 25875.00 25885.00 898.00
20170830  14:09:00 25885.00 25895.00 25880.00 25885.00 380.00
20170830  14:10:00 25885.00 25885.00 25870.00 25870.00 988.00
20170830  14:11:00 25870.00 25875.00 25860.00 25870.00 870.00
20170830  14:12:00 25870.00 25870.00 25840.00 25845.00 1248.00
20170830  14:13:00 25845.00 25860.00 25840.00 25850.00 1456.00
20170830  14:14:00 25850.00 25860.00 25845.00 25850.00 1352.00
20170830  14:15:00 25850.00 25880.00 25850.00 25880.00 510.00
20170830  14:16:00 25875.00 25875.00 25860.00 25865.00 544.00
20170830  14:17:00 25865.00 25870.00 25860.00 25870.00 120.00
20170830  14:18:00 25870.00 25870.00 25860.00 25865.00 254.00
20170830  14:19:00 25865.00 25885.00 25860.00 25880.00 602.00
20170830  14:20:00 25880.00 25895.00 25880.00 25895.00 472.00
20170830  14:21:00 25895.00 25900.00 25890.00 25895.00 542.00
20170830  14:22:00 25890.00 25895.00 25890.00 25895.00 288.00
20170830  14:23:00 25895.00 25910.00 25895.00 25910.00 748.00
20170830  14:24:00 25910.00 25915.00 25875.00 25875.00 1008.00
20170830  14:25:00 25880.00 25900.00 25880.00 25895.00 338.00
20170830  14:26:00 25895.00 25905.00 25890.00 25890.00 342.00
20170830  14:27:00 25895.00 25910.00 25895.00 25905.00 528.00
20170830  14:28:00 25900.00 25910.00 25880.00 25880.00 818.00
20170830  14:29:00 25880.00 25890.00 25880.00 25880.00 198.00
20170830  14:30:00 25880.00 25900.00 25880.00 25890.00 358.00
20170830  14:31:00 25890.00 25900.00 25890.00 25895.00 608.00
20170830  14:32:00 25900.00 25900.00 25885.00 25890.00 424.00
20170830  14:33:00 25890.00 25900.00 25885.00 25895.00 398.00
20170830  14:34:00 25895.00 25900.00 25895.00 25900.00 206.00
20170830  14:35:00 25895.00 25905.00 25895.00 25905.00 286.00
20170830  14:36:00 25905.00 25910.00 25900.00 25900.00 314.00
20170830  14:37:00 25900.00 25900.00 25875.00 25880.00 644.00
20170830  14:38:00 25875.00 25880.00 25870.00 25875.00 664.00
20170830  14:39:00 25875.00 25875.00 25870.00 25875.00 460.00
20170830  14:40:00 25875.00 25880.00 25865.00 25875.00 552.00
20170830  14:41:00 25875.00 25875.00 25845.00 25850.00 1754.00
20170830  14:42:00 25845.00 25860.00 25830.00 25845.00 1682.00
20170830  14:43:00 25845.00 25860.00 25845.00 25860.00 682.00
20170830  14:44:00 25860.00 25860.00 25840.00 25855.00 728.00
20170830  14:45:00 25855.00 25855.00 25820.00 25830.00 942.00
20170830  14:46:00 25830.00 25855.00 25825.00 25850.00 706.00
20170830  14:47:00 25850.00 25855.00 25845.00 25845.00 444.00
20170830  14:48:00 25845.00 25855.00 25830.00 25850.00 770.00
20170830  14:49:00 25850.00 25850.00 25835.00 25845.00 430.00
20170830  14:50:00 25845.00 25860.00 25840.00 25850.00 762.00
20170830  14:51:00 25855.00 25885.00 25850.00 25885.00 1158.00
20170830  14:52:00 25885.00 25885.00 25860.00 25870.00 776.00
20170830  14:53:00 25870.00 25900.00 25865.00 25900.00 934.00
20170830  14:54:00 25900.00 25910.00 25890.00 25890.00 1216.00
20170830  14:55:00 25890.00 25890.00 25870.00 25890.00 1426.00
20170830  14:56:00 25890.00 25900.00 25885.00 25895.00 826.00
20170830  14:57:00 25900.00 25920.00 25895.00 25910.00 1200.00
20170830  14:58:00 25905.00 25915.00 25900.00 25905.00 1170.00
20170830  14:59:00 25905.00 25910.00 25880.00 25880.00 2068.00
20170830  15:00:00 25900.00 25900.00 25900.00 25900.00   4.00
