20170504  21:00:00 21320.00 21395.00 21320.00 21360.00 5038.00
20170504  21:01:00 21360.00 21400.00 21360.00 21400.00 3048.00
20170504  21:02:00 21395.00 21430.00 21390.00 21415.00 3026.00
20170504  21:03:00 21415.00 21415.00 21380.00 21390.00 2458.00
20170504  21:04:00 21390.00 21400.00 21375.00 21400.00 2120.00
20170504  21:05:00 21405.00 21415.00 21385.00 21390.00 1970.00
20170504  21:06:00 21390.00 21435.00 21380.00 21430.00 2866.00
20170504  21:07:00 21430.00 21455.00 21420.00 21435.00 3238.00
20170504  21:08:00 21430.00 21440.00 21410.00 21440.00 1906.00
20170504  21:09:00 21440.00 21450.00 21415.00 21415.00 1612.00
20170504  21:10:00 21415.00 21415.00 21385.00 21395.00 3590.00
20170504  21:11:00 21395.00 21435.00 21395.00 21405.00 2522.00
20170504  21:12:00 21405.00 21415.00 21395.00 21400.00 1936.00
20170504  21:13:00 21400.00 21415.00 21395.00 21410.00 1670.00
20170504  21:14:00 21410.00 21410.00 21380.00 21385.00 2616.00
20170504  21:15:00 21385.00 21400.00 21375.00 21395.00 2050.00
20170504  21:16:00 21395.00 21420.00 21390.00 21415.00 2256.00
20170504  21:17:00 21415.00 21425.00 21405.00 21410.00 1880.00
20170504  21:18:00 21410.00 21420.00 21400.00 21410.00 1408.00
20170504  21:19:00 21410.00 21410.00 21380.00 21390.00 1600.00
20170504  21:20:00 21390.00 21410.00 21380.00 21400.00 1344.00
20170504  21:21:00 21400.00 21430.00 21400.00 21415.00 1882.00
20170504  21:22:00 21420.00 21450.00 21415.00 21450.00 1732.00
20170504  21:23:00 21450.00 21480.00 21435.00 21440.00 4196.00
20170504  21:24:00 21440.00 21470.00 21435.00 21470.00 2278.00
20170504  21:25:00 21475.00 21480.00 21445.00 21455.00 1910.00
20170504  21:26:00 21455.00 21470.00 21450.00 21460.00 1386.00
20170504  21:27:00 21460.00 21460.00 21435.00 21450.00 1458.00
20170504  21:28:00 21460.00 21460.00 21445.00 21455.00 1356.00
20170504  21:29:00 21455.00 21480.00 21455.00 21475.00 2114.00
20170504  21:30:00 21475.00 21480.00 21455.00 21465.00 2238.00
20170504  21:31:00 21465.00 21470.00 21440.00 21440.00 1628.00
20170504  21:32:00 21440.00 21450.00 21430.00 21440.00 2010.00
20170504  21:33:00 21440.00 21465.00 21440.00 21455.00 1584.00
20170504  21:34:00 21455.00 21460.00 21430.00 21440.00 1900.00
20170504  21:35:00 21440.00 21445.00 21425.00 21435.00 1230.00
20170504  21:36:00 21430.00 21430.00 21420.00 21425.00 1566.00
20170504  21:37:00 21425.00 21435.00 21420.00 21420.00 944.00
20170504  21:38:00 21420.00 21435.00 21415.00 21415.00 1390.00
20170504  21:39:00 21415.00 21445.00 21415.00 21440.00 1076.00
20170504  21:40:00 21440.00 21450.00 21430.00 21445.00 2066.00
20170504  21:41:00 21445.00 21460.00 21445.00 21450.00 1194.00
20170504  21:42:00 21450.00 21455.00 21435.00 21455.00 1458.00
20170504  21:43:00 21455.00 21460.00 21445.00 21450.00 1156.00
20170504  21:44:00 21450.00 21450.00 21440.00 21450.00 728.00
20170504  21:45:00 21450.00 21455.00 21445.00 21450.00 814.00
20170504  21:46:00 21450.00 21450.00 21435.00 21440.00 1066.00
20170504  21:47:00 21440.00 21445.00 21430.00 21430.00 728.00
20170504  21:48:00 21430.00 21440.00 21430.00 21435.00 780.00
20170504  21:49:00 21435.00 21445.00 21430.00 21445.00 786.00
20170504  21:50:00 21445.00 21445.00 21415.00 21415.00 1758.00
20170504  21:51:00 21415.00 21420.00 21410.00 21415.00 1984.00
20170504  21:52:00 21415.00 21420.00 21400.00 21405.00 1436.00
20170504  21:53:00 21405.00 21405.00 21395.00 21395.00 1386.00
20170504  21:54:00 21395.00 21410.00 21395.00 21395.00 868.00
20170504  21:55:00 21400.00 21410.00 21385.00 21405.00 1778.00
20170504  21:56:00 21400.00 21425.00 21400.00 21425.00 1572.00
20170504  21:57:00 21425.00 21440.00 21420.00 21430.00 1142.00
20170504  21:58:00 21430.00 21430.00 21410.00 21410.00 1028.00
20170504  21:59:00 21410.00 21415.00 21400.00 21410.00 1186.00
20170504  22:00:00 21410.00 21410.00 21400.00 21400.00 1002.00
20170504  22:01:00 21400.00 21425.00 21400.00 21415.00 1124.00
20170504  22:02:00 21415.00 21425.00 21415.00 21420.00 606.00
20170504  22:03:00 21420.00 21430.00 21420.00 21425.00 756.00
20170504  22:04:00 21425.00 21425.00 21410.00 21415.00 814.00
20170504  22:05:00 21415.00 21415.00 21410.00 21410.00 380.00
20170504  22:06:00 21410.00 21425.00 21395.00 21410.00 1440.00
20170504  22:07:00 21410.00 21410.00 21395.00 21405.00 658.00
20170504  22:08:00 21410.00 21410.00 21400.00 21400.00 446.00
20170504  22:09:00 21400.00 21405.00 21370.00 21370.00 1658.00
20170504  22:10:00 21365.00 21405.00 21365.00 21405.00 3268.00
20170504  22:11:00 21405.00 21405.00 21390.00 21400.00 984.00
20170504  22:12:00 21400.00 21425.00 21395.00 21415.00 1178.00
20170504  22:13:00 21420.00 21420.00 21410.00 21415.00 914.00
20170504  22:14:00 21415.00 21420.00 21410.00 21410.00 718.00
20170504  22:15:00 21410.00 21420.00 21400.00 21410.00 914.00
20170504  22:16:00 21410.00 21410.00 21400.00 21405.00 492.00
20170504  22:17:00 21405.00 21405.00 21395.00 21400.00 508.00
20170504  22:18:00 21400.00 21405.00 21385.00 21390.00 1692.00
20170504  22:19:00 21395.00 21410.00 21390.00 21395.00 1430.00
20170504  22:20:00 21395.00 21405.00 21390.00 21400.00 768.00
20170504  22:21:00 21400.00 21415.00 21395.00 21410.00 950.00
20170504  22:22:00 21410.00 21415.00 21400.00 21410.00 530.00
20170504  22:23:00 21410.00 21425.00 21405.00 21420.00 806.00
20170504  22:24:00 21420.00 21425.00 21405.00 21415.00 962.00
20170504  22:25:00 21415.00 21415.00 21410.00 21415.00 338.00
20170504  22:26:00 21415.00 21445.00 21415.00 21445.00 1948.00
20170504  22:27:00 21445.00 21490.00 21445.00 21470.00 5256.00
20170504  22:28:00 21470.00 21520.00 21450.00 21520.00 5096.00
20170504  22:29:00 21525.00 21530.00 21500.00 21500.00 4518.00
20170504  22:30:00 21505.00 21510.00 21470.00 21490.00 2950.00
20170504  22:31:00 21490.00 21495.00 21485.00 21485.00 1536.00
20170504  22:32:00 21485.00 21490.00 21475.00 21480.00 1736.00
20170504  22:33:00 21480.00 21490.00 21475.00 21480.00 1186.00
20170504  22:34:00 21480.00 21485.00 21465.00 21465.00 1350.00
20170504  22:35:00 21470.00 21475.00 21460.00 21470.00 1030.00
20170504  22:36:00 21470.00 21475.00 21460.00 21470.00 944.00
20170504  22:37:00 21465.00 21475.00 21455.00 21465.00 996.00
20170504  22:38:00 21465.00 21465.00 21460.00 21460.00 744.00
20170504  22:39:00 21460.00 21470.00 21460.00 21465.00 806.00
20170504  22:40:00 21465.00 21480.00 21460.00 21475.00 940.00
20170504  22:41:00 21480.00 21480.00 21470.00 21470.00 674.00
20170504  22:42:00 21470.00 21475.00 21460.00 21460.00 512.00
20170504  22:43:00 21460.00 21470.00 21455.00 21460.00 1042.00
20170504  22:44:00 21460.00 21465.00 21455.00 21460.00 534.00
20170504  22:45:00 21460.00 21485.00 21455.00 21480.00 1562.00
20170504  22:46:00 21480.00 21505.00 21475.00 21495.00 2470.00
20170504  22:47:00 21490.00 21495.00 21485.00 21485.00 666.00
20170504  22:48:00 21490.00 21490.00 21475.00 21480.00 450.00
20170504  22:49:00 21480.00 21485.00 21440.00 21445.00 2756.00
20170504  22:50:00 21440.00 21450.00 21430.00 21430.00 1806.00
20170504  22:51:00 21435.00 21440.00 21425.00 21435.00 1570.00
20170504  22:52:00 21435.00 21450.00 21435.00 21435.00 1152.00
20170504  22:53:00 21440.00 21450.00 21430.00 21450.00 1358.00
20170504  22:54:00 21450.00 21465.00 21445.00 21445.00 2660.00
20170504  22:55:00 21445.00 21455.00 21440.00 21445.00 1868.00
20170504  22:56:00 21445.00 21450.00 21435.00 21440.00 980.00
20170504  22:57:00 21440.00 21445.00 21430.00 21435.00 750.00
20170504  22:58:00 21435.00 21450.00 21435.00 21445.00 522.00
20170504  22:59:00 21445.00 21445.00 21435.00 21440.00 630.00
20170504  23:00:00 21440.00 21440.00 21415.00 21420.00 1492.00
20170504  23:01:00 21420.00 21435.00 21415.00 21425.00 1466.00
20170504  23:02:00 21425.00 21445.00 21425.00 21435.00 1296.00
20170504  23:03:00 21435.00 21445.00 21430.00 21440.00 1000.00
20170504  23:04:00 21435.00 21445.00 21430.00 21430.00 746.00
20170504  23:05:00 21430.00 21435.00 21425.00 21435.00 620.00
20170504  23:06:00 21435.00 21435.00 21420.00 21435.00 640.00
20170504  23:07:00 21435.00 21440.00 21415.00 21425.00 944.00
20170504  23:08:00 21425.00 21425.00 21420.00 21425.00 294.00
20170504  23:09:00 21420.00 21425.00 21415.00 21420.00 514.00
20170504  23:10:00 21420.00 21425.00 21415.00 21415.00 770.00
20170504  23:11:00 21415.00 21430.00 21415.00 21430.00 488.00
20170504  23:12:00 21430.00 21440.00 21420.00 21440.00 904.00
20170504  23:13:00 21440.00 21445.00 21430.00 21440.00 1508.00
20170504  23:14:00 21445.00 21465.00 21445.00 21460.00 2120.00
20170504  23:15:00 21460.00 21465.00 21450.00 21455.00 778.00
20170504  23:16:00 21455.00 21465.00 21450.00 21450.00 950.00
20170504  23:17:00 21450.00 21455.00 21445.00 21450.00 400.00
20170504  23:18:00 21450.00 21460.00 21445.00 21445.00 880.00
20170504  23:19:00 21445.00 21450.00 21435.00 21440.00 994.00
20170504  23:20:00 21440.00 21450.00 21440.00 21450.00 402.00
20170504  23:21:00 21450.00 21450.00 21435.00 21440.00 362.00
20170504  23:22:00 21440.00 21440.00 21425.00 21425.00 1136.00
20170504  23:23:00 21425.00 21430.00 21415.00 21420.00 1366.00
20170504  23:24:00 21415.00 21425.00 21410.00 21420.00 516.00
20170504  23:25:00 21420.00 21420.00 21410.00 21415.00 600.00
20170504  23:26:00 21415.00 21425.00 21415.00 21420.00 568.00
20170504  23:27:00 21420.00 21420.00 21400.00 21410.00 1250.00
20170504  23:28:00 21410.00 21420.00 21405.00 21405.00 736.00
20170504  23:29:00 21405.00 21415.00 21390.00 21405.00 2354.00
20170504  23:30:00 21405.00 21415.00 21405.00 21410.00 576.00
20170504  23:31:00 21405.00 21420.00 21405.00 21415.00 800.00
20170504  23:32:00 21410.00 21410.00 21400.00 21400.00 542.00
20170504  23:33:00 21400.00 21430.00 21400.00 21430.00 1336.00
20170504  23:34:00 21430.00 21435.00 21425.00 21430.00 836.00
20170504  23:35:00 21425.00 21440.00 21425.00 21440.00 730.00
20170504  23:36:00 21440.00 21445.00 21430.00 21430.00 866.00
20170504  23:37:00 21430.00 21430.00 21425.00 21425.00 714.00
20170504  23:38:00 21425.00 21425.00 21420.00 21420.00 250.00
20170504  23:39:00 21420.00 21435.00 21420.00 21425.00 702.00
20170504  23:40:00 21425.00 21435.00 21425.00 21425.00 222.00
20170504  23:41:00 21425.00 21430.00 21415.00 21420.00 622.00
20170504  23:42:00 21420.00 21425.00 21420.00 21425.00 100.00
20170504  23:43:00 21425.00 21430.00 21420.00 21430.00 386.00
20170504  23:44:00 21430.00 21435.00 21425.00 21435.00 452.00
20170504  23:45:00 21435.00 21435.00 21420.00 21420.00 462.00
20170504  23:46:00 21415.00 21425.00 21415.00 21420.00 574.00
20170504  23:47:00 21420.00 21425.00 21415.00 21420.00 404.00
20170504  23:48:00 21420.00 21430.00 21420.00 21425.00 422.00
20170504  23:49:00 21425.00 21450.00 21425.00 21450.00 1326.00
20170504  23:50:00 21450.00 21465.00 21445.00 21450.00 1950.00
20170504  23:51:00 21450.00 21455.00 21445.00 21450.00 616.00
20170504  23:52:00 21445.00 21450.00 21445.00 21445.00 256.00
20170504  23:53:00 21445.00 21475.00 21445.00 21465.00 1504.00
20170504  23:54:00 21465.00 21475.00 21465.00 21465.00 846.00
20170504  23:55:00 21465.00 21470.00 21455.00 21465.00 492.00
20170504  23:56:00 21465.00 21475.00 21455.00 21460.00 758.00
20170504  23:57:00 21460.00 21465.00 21450.00 21455.00 1026.00
20170504  23:58:00 21455.00 21460.00 21450.00 21455.00 326.00
20170504  23:59:00 21455.00 21460.00 21450.00 21460.00 210.00
20170505  00:00:00 21460.00 21465.00 21455.00 21460.00 344.00
20170505  00:01:00 21460.00 21460.00 21455.00 21455.00 182.00
20170505  00:02:00 21455.00 21460.00 21450.00 21450.00 220.00
20170505  00:03:00 21450.00 21465.00 21450.00 21460.00 246.00
20170505  00:04:00 21460.00 21465.00 21450.00 21455.00 294.00
20170505  00:05:00 21455.00 21460.00 21455.00 21460.00 168.00
20170505  00:06:00 21460.00 21460.00 21455.00 21460.00  78.00
20170505  00:07:00 21455.00 21465.00 21455.00 21460.00 798.00
20170505  00:08:00 21460.00 21460.00 21455.00 21460.00 192.00
20170505  00:09:00 21460.00 21465.00 21455.00 21465.00 390.00
20170505  00:10:00 21465.00 21470.00 21465.00 21465.00 162.00
20170505  00:11:00 21465.00 21475.00 21460.00 21470.00 594.00
20170505  00:12:00 21470.00 21470.00 21465.00 21470.00 146.00
20170505  00:13:00 21470.00 21475.00 21465.00 21470.00 384.00
20170505  00:14:00 21470.00 21470.00 21460.00 21470.00 364.00
20170505  00:15:00 21465.00 21475.00 21465.00 21470.00 190.00
20170505  00:16:00 21470.00 21510.00 21470.00 21490.00 1838.00
20170505  00:17:00 21490.00 21490.00 21470.00 21470.00 352.00
20170505  00:18:00 21470.00 21480.00 21470.00 21475.00 296.00
20170505  00:19:00 21475.00 21480.00 21470.00 21475.00 238.00
20170505  00:20:00 21475.00 21495.00 21475.00 21490.00 852.00
20170505  00:21:00 21495.00 21510.00 21490.00 21495.00 906.00
20170505  00:22:00 21495.00 21505.00 21490.00 21490.00 650.00
20170505  00:23:00 21490.00 21500.00 21490.00 21500.00 382.00
20170505  00:24:00 21500.00 21505.00 21490.00 21490.00 766.00
20170505  00:25:00 21490.00 21495.00 21485.00 21490.00 188.00
20170505  00:26:00 21490.00 21505.00 21490.00 21505.00 212.00
20170505  00:27:00 21505.00 21510.00 21495.00 21505.00 616.00
20170505  00:28:00 21505.00 21505.00 21495.00 21495.00 410.00
20170505  00:29:00 21495.00 21500.00 21495.00 21500.00 182.00
20170505  00:30:00 21500.00 21515.00 21495.00 21505.00 812.00
20170505  00:31:00 21505.00 21510.00 21500.00 21505.00 364.00
20170505  00:32:00 21505.00 21515.00 21505.00 21510.00 460.00
20170505  00:33:00 21510.00 21560.00 21510.00 21540.00 3520.00
20170505  00:34:00 21540.00 21545.00 21540.00 21545.00 574.00
20170505  00:35:00 21545.00 21560.00 21540.00 21545.00 1326.00
20170505  00:36:00 21545.00 21550.00 21540.00 21545.00 458.00
20170505  00:37:00 21550.00 21560.00 21540.00 21550.00 866.00
20170505  00:38:00 21550.00 21550.00 21545.00 21545.00 350.00
20170505  00:39:00 21545.00 21545.00 21540.00 21540.00 484.00
20170505  00:40:00 21540.00 21555.00 21535.00 21550.00 656.00
20170505  00:41:00 21550.00 21550.00 21540.00 21545.00 218.00
20170505  00:42:00 21545.00 21555.00 21545.00 21550.00 268.00
20170505  00:43:00 21550.00 21550.00 21540.00 21545.00 340.00
20170505  00:44:00 21545.00 21545.00 21520.00 21525.00 1044.00
20170505  00:45:00 21525.00 21535.00 21525.00 21535.00 410.00
20170505  00:46:00 21535.00 21555.00 21535.00 21550.00 1460.00
20170505  00:47:00 21550.00 21550.00 21540.00 21540.00 340.00
20170505  00:48:00 21540.00 21550.00 21540.00 21545.00 246.00
20170505  00:49:00 21545.00 21545.00 21530.00 21530.00 572.00
20170505  00:50:00 21530.00 21540.00 21530.00 21535.00 184.00
20170505  00:51:00 21535.00 21540.00 21535.00 21535.00 114.00
20170505  00:52:00 21535.00 21540.00 21530.00 21540.00 180.00
20170505  00:53:00 21540.00 21545.00 21540.00 21545.00 364.00
20170505  00:54:00 21545.00 21545.00 21535.00 21545.00 248.00
20170505  00:55:00 21540.00 21550.00 21540.00 21545.00 598.00
20170505  00:56:00 21545.00 21545.00 21540.00 21540.00  78.00
20170505  00:57:00 21545.00 21550.00 21540.00 21540.00 314.00
20170505  00:58:00 21540.00 21555.00 21535.00 21550.00 738.00
20170505  00:59:00 21545.00 21550.00 21540.00 21550.00 1220.00
20170505  01:00:00 21550.00 21550.00 21550.00 21550.00   0.00
20170505  09:00:00 21540.00 21545.00 21470.00 21485.00 4708.00
20170505  09:01:00 21490.00 21515.00 21480.00 21510.00 2874.00
20170505  09:02:00 21510.00 21530.00 21495.00 21520.00 2428.00
20170505  09:03:00 21515.00 21520.00 21495.00 21500.00 1638.00
20170505  09:04:00 21500.00 21500.00 21470.00 21490.00 2108.00
20170505  09:05:00 21490.00 21490.00 21460.00 21485.00 2322.00
20170505  09:06:00 21480.00 21495.00 21475.00 21485.00 1094.00
20170505  09:07:00 21485.00 21490.00 21475.00 21485.00 1812.00
20170505  09:08:00 21490.00 21490.00 21475.00 21475.00 1756.00
20170505  09:09:00 21475.00 21475.00 21455.00 21455.00 1946.00
20170505  09:10:00 21460.00 21485.00 21455.00 21475.00 2096.00
20170505  09:11:00 21470.00 21475.00 21460.00 21465.00 1952.00
20170505  09:12:00 21465.00 21470.00 21460.00 21470.00 932.00
20170505  09:13:00 21470.00 21475.00 21460.00 21475.00 1444.00
20170505  09:14:00 21475.00 21490.00 21470.00 21485.00 1318.00
20170505  09:15:00 21485.00 21485.00 21460.00 21460.00 890.00
20170505  09:16:00 21460.00 21470.00 21455.00 21470.00 1074.00
20170505  09:17:00 21470.00 21475.00 21460.00 21465.00 1156.00
20170505  09:18:00 21465.00 21470.00 21440.00 21460.00 2232.00
20170505  09:19:00 21460.00 21460.00 21445.00 21450.00 1858.00
20170505  09:20:00 21455.00 21465.00 21450.00 21455.00 1818.00
20170505  09:21:00 21455.00 21485.00 21445.00 21480.00 2226.00
20170505  09:22:00 21480.00 21500.00 21480.00 21490.00 2038.00
20170505  09:23:00 21495.00 21525.00 21495.00 21510.00 2710.00
20170505  09:24:00 21505.00 21520.00 21505.00 21515.00 1366.00
20170505  09:25:00 21515.00 21595.00 21510.00 21595.00 5256.00
20170505  09:26:00 21595.00 21600.00 21565.00 21570.00 3336.00
20170505  09:27:00 21575.00 21580.00 21555.00 21555.00 2058.00
20170505  09:28:00 21555.00 21570.00 21550.00 21570.00 1852.00
20170505  09:29:00 21570.00 21595.00 21565.00 21595.00 1814.00
20170505  09:30:00 21590.00 21630.00 21570.00 21620.00 3920.00
20170505  09:31:00 21620.00 21625.00 21575.00 21580.00 2928.00
20170505  09:32:00 21580.00 21605.00 21580.00 21585.00 1490.00
20170505  09:33:00 21585.00 21600.00 21585.00 21590.00 1082.00
20170505  09:34:00 21590.00 21595.00 21570.00 21575.00 1004.00
20170505  09:35:00 21575.00 21600.00 21575.00 21600.00 1008.00
20170505  09:36:00 21600.00 21620.00 21585.00 21595.00 1740.00
20170505  09:37:00 21590.00 21595.00 21575.00 21575.00 910.00
20170505  09:38:00 21575.00 21595.00 21575.00 21585.00 878.00
20170505  09:39:00 21585.00 21590.00 21575.00 21575.00 806.00
20170505  09:40:00 21580.00 21590.00 21575.00 21585.00 340.00
20170505  09:41:00 21585.00 21585.00 21575.00 21580.00 688.00
20170505  09:42:00 21580.00 21580.00 21570.00 21570.00 636.00
20170505  09:43:00 21570.00 21580.00 21565.00 21565.00 484.00
20170505  09:44:00 21565.00 21570.00 21565.00 21570.00 202.00
20170505  09:45:00 21570.00 21575.00 21565.00 21570.00 580.00
20170505  09:46:00 21570.00 21580.00 21570.00 21575.00 518.00
20170505  09:47:00 21575.00 21605.00 21575.00 21600.00 1994.00
20170505  09:48:00 21600.00 21620.00 21595.00 21620.00 2482.00
20170505  09:49:00 21615.00 21630.00 21610.00 21615.00 2316.00
20170505  09:50:00 21615.00 21615.00 21605.00 21605.00 660.00
20170505  09:51:00 21605.00 21605.00 21580.00 21580.00 1756.00
20170505  09:52:00 21580.00 21595.00 21580.00 21590.00 854.00
20170505  09:53:00 21585.00 21595.00 21580.00 21585.00 800.00
20170505  09:54:00 21585.00 21595.00 21580.00 21585.00 944.00
20170505  09:55:00 21585.00 21590.00 21580.00 21585.00 952.00
20170505  09:56:00 21585.00 21590.00 21580.00 21585.00 654.00
20170505  09:57:00 21585.00 21585.00 21575.00 21575.00 542.00
20170505  09:58:00 21575.00 21585.00 21575.00 21585.00 742.00
20170505  09:59:00 21585.00 21585.00 21575.00 21575.00 380.00
20170505  10:00:00 21575.00 21575.00 21550.00 21555.00 2158.00
20170505  10:01:00 21555.00 21565.00 21550.00 21555.00 1308.00
20170505  10:02:00 21555.00 21565.00 21545.00 21545.00 766.00
20170505  10:03:00 21545.00 21570.00 21545.00 21565.00 1510.00
20170505  10:04:00 21570.00 21570.00 21560.00 21565.00 522.00
20170505  10:05:00 21565.00 21565.00 21555.00 21560.00 268.00
20170505  10:06:00 21560.00 21560.00 21550.00 21550.00 588.00
20170505  10:07:00 21550.00 21550.00 21540.00 21545.00 476.00
20170505  10:08:00 21545.00 21550.00 21540.00 21540.00 484.00
20170505  10:09:00 21540.00 21545.00 21530.00 21535.00 836.00
20170505  10:10:00 21535.00 21555.00 21530.00 21550.00 1210.00
20170505  10:11:00 21545.00 21550.00 21535.00 21540.00 712.00
20170505  10:12:00 21540.00 21540.00 21530.00 21530.00 456.00
20170505  10:13:00 21530.00 21540.00 21520.00 21535.00 902.00
20170505  10:14:00 21535.00 21550.00 21530.00 21550.00 1054.00
20170505  10:30:00 21550.00 21555.00 21540.00 21545.00 1078.00
20170505  10:31:00 21545.00 21555.00 21545.00 21550.00 772.00
20170505  10:32:00 21550.00 21550.00 21535.00 21545.00 736.00
20170505  10:33:00 21545.00 21550.00 21540.00 21550.00 400.00
20170505  10:34:00 21550.00 21555.00 21545.00 21550.00 450.00
20170505  10:35:00 21550.00 21560.00 21540.00 21560.00 752.00
20170505  10:36:00 21555.00 21575.00 21550.00 21575.00 966.00
20170505  10:37:00 21575.00 21575.00 21565.00 21570.00 680.00
20170505  10:38:00 21570.00 21570.00 21550.00 21555.00 650.00
20170505  10:39:00 21555.00 21560.00 21535.00 21540.00 1636.00
20170505  10:40:00 21535.00 21555.00 21535.00 21550.00 890.00
20170505  10:41:00 21550.00 21555.00 21545.00 21550.00 282.00
20170505  10:42:00 21550.00 21555.00 21550.00 21550.00 298.00
20170505  10:43:00 21545.00 21555.00 21545.00 21545.00 188.00
20170505  10:44:00 21545.00 21555.00 21545.00 21550.00 258.00
20170505  10:45:00 21550.00 21555.00 21550.00 21550.00 214.00
20170505  10:46:00 21550.00 21560.00 21550.00 21550.00 696.00
20170505  10:47:00 21555.00 21570.00 21555.00 21570.00 744.00
20170505  10:48:00 21570.00 21570.00 21560.00 21565.00 322.00
20170505  10:49:00 21565.00 21570.00 21560.00 21560.00 334.00
20170505  10:50:00 21560.00 21565.00 21560.00 21565.00 262.00
20170505  10:51:00 21560.00 21570.00 21560.00 21565.00 382.00
20170505  10:52:00 21560.00 21565.00 21560.00 21565.00 296.00
20170505  10:53:00 21565.00 21570.00 21560.00 21565.00 382.00
20170505  10:54:00 21565.00 21570.00 21560.00 21565.00 330.00
20170505  10:55:00 21565.00 21565.00 21560.00 21560.00 234.00
20170505  10:56:00 21560.00 21565.00 21555.00 21555.00 544.00
20170505  10:57:00 21555.00 21555.00 21550.00 21555.00 254.00
20170505  10:58:00 21555.00 21560.00 21550.00 21560.00 612.00
20170505  10:59:00 21560.00 21565.00 21560.00 21565.00 278.00
20170505  11:00:00 21565.00 21565.00 21515.00 21515.00 2564.00
20170505  11:01:00 21515.00 21530.00 21515.00 21515.00 1558.00
20170505  11:02:00 21515.00 21525.00 21515.00 21520.00 494.00
20170505  11:03:00 21525.00 21525.00 21500.00 21505.00 1662.00
20170505  11:04:00 21500.00 21510.00 21495.00 21510.00 2456.00
20170505  11:05:00 21510.00 21515.00 21500.00 21510.00 1612.00
20170505  11:06:00 21515.00 21520.00 21510.00 21515.00 420.00
20170505  11:07:00 21515.00 21515.00 21500.00 21500.00 736.00
20170505  11:08:00 21500.00 21520.00 21500.00 21515.00 1074.00
20170505  11:09:00 21515.00 21520.00 21510.00 21515.00 324.00
20170505  11:10:00 21515.00 21545.00 21515.00 21530.00 3038.00
20170505  11:11:00 21530.00 21530.00 21515.00 21520.00 866.00
20170505  11:12:00 21520.00 21520.00 21495.00 21505.00 1440.00
20170505  11:13:00 21500.00 21515.00 21500.00 21510.00 792.00
20170505  11:14:00 21510.00 21530.00 21505.00 21515.00 852.00
20170505  11:15:00 21510.00 21510.00 21500.00 21510.00 432.00
20170505  11:16:00 21510.00 21525.00 21505.00 21515.00 1146.00
20170505  11:17:00 21515.00 21520.00 21510.00 21510.00 622.00
20170505  11:18:00 21510.00 21515.00 21500.00 21510.00 734.00
20170505  11:19:00 21510.00 21515.00 21495.00 21500.00 1604.00
20170505  11:20:00 21500.00 21515.00 21500.00 21515.00 244.00
20170505  11:21:00 21515.00 21515.00 21505.00 21505.00 276.00
20170505  11:22:00 21505.00 21525.00 21495.00 21520.00 2270.00
20170505  11:23:00 21520.00 21520.00 21505.00 21510.00 316.00
20170505  11:24:00 21510.00 21510.00 21465.00 21485.00 2496.00
20170505  11:25:00 21480.00 21495.00 21470.00 21485.00 2312.00
20170505  11:26:00 21485.00 21485.00 21465.00 21470.00 1516.00
20170505  11:27:00 21470.00 21475.00 21450.00 21450.00 1948.00
20170505  11:28:00 21450.00 21455.00 21425.00 21435.00 2012.00
20170505  11:29:00 21435.00 21440.00 21410.00 21425.00 2434.00
20170505  13:30:00 21415.00 21415.00 21375.00 21380.00 4854.00
20170505  13:31:00 21375.00 21410.00 21375.00 21410.00 2036.00
20170505  13:32:00 21405.00 21460.00 21405.00 21450.00 3050.00
20170505  13:33:00 21450.00 21470.00 21445.00 21455.00 3080.00
20170505  13:34:00 21460.00 21510.00 21450.00 21490.00 3182.00
20170505  13:35:00 21485.00 21490.00 21470.00 21475.00 1892.00
20170505  13:36:00 21475.00 21485.00 21470.00 21470.00 586.00
20170505  13:37:00 21470.00 21475.00 21460.00 21470.00 1072.00
20170505  13:38:00 21470.00 21495.00 21465.00 21480.00 2228.00
20170505  13:39:00 21480.00 21495.00 21470.00 21495.00 1250.00
20170505  13:40:00 21495.00 21550.00 21495.00 21520.00 3464.00
20170505  13:41:00 21520.00 21520.00 21505.00 21505.00 694.00
20170505  13:42:00 21510.00 21520.00 21505.00 21510.00 722.00
20170505  13:43:00 21510.00 21530.00 21510.00 21525.00 1214.00
20170505  13:44:00 21525.00 21535.00 21510.00 21530.00 2264.00
20170505  13:45:00 21530.00 21535.00 21500.00 21505.00 2172.00
20170505  13:46:00 21510.00 21515.00 21500.00 21505.00 952.00
20170505  13:47:00 21505.00 21515.00 21500.00 21505.00 582.00
20170505  13:48:00 21505.00 21520.00 21505.00 21515.00 772.00
20170505  13:49:00 21515.00 21515.00 21485.00 21490.00 2084.00
20170505  13:50:00 21495.00 21500.00 21485.00 21485.00 1110.00
20170505  13:51:00 21485.00 21500.00 21480.00 21500.00 1240.00
20170505  13:52:00 21500.00 21500.00 21470.00 21470.00 1016.00
20170505  13:53:00 21470.00 21475.00 21460.00 21470.00 1628.00
20170505  13:54:00 21470.00 21485.00 21460.00 21465.00 1592.00
20170505  13:55:00 21465.00 21480.00 21465.00 21465.00 876.00
20170505  13:56:00 21465.00 21470.00 21465.00 21470.00 506.00
20170505  13:57:00 21470.00 21485.00 21470.00 21475.00 806.00
20170505  13:58:00 21475.00 21480.00 21470.00 21470.00 400.00
20170505  13:59:00 21475.00 21480.00 21470.00 21470.00 434.00
20170505  14:00:00 21470.00 21470.00 21460.00 21460.00 1240.00
20170505  14:01:00 21460.00 21470.00 21460.00 21465.00 700.00
20170505  14:02:00 21465.00 21465.00 21445.00 21450.00 1238.00
20170505  14:03:00 21455.00 21455.00 21435.00 21440.00 1168.00
20170505  14:04:00 21440.00 21450.00 21440.00 21445.00 566.00
20170505  14:05:00 21445.00 21460.00 21440.00 21455.00 1238.00
20170505  14:06:00 21460.00 21460.00 21450.00 21460.00 624.00
20170505  14:07:00 21460.00 21460.00 21450.00 21455.00 764.00
20170505  14:08:00 21455.00 21475.00 21455.00 21470.00 1354.00
20170505  14:09:00 21465.00 21480.00 21465.00 21480.00 1208.00
20170505  14:10:00 21475.00 21475.00 21460.00 21465.00 1046.00
20170505  14:11:00 21465.00 21465.00 21460.00 21460.00 354.00
20170505  14:12:00 21460.00 21480.00 21460.00 21470.00 1150.00
20170505  14:13:00 21470.00 21485.00 21460.00 21480.00 1390.00
20170505  14:14:00 21480.00 21480.00 21450.00 21450.00 1548.00
20170505  14:15:00 21450.00 21455.00 21440.00 21445.00 1450.00
20170505  14:16:00 21450.00 21450.00 21425.00 21440.00 1930.00
20170505  14:17:00 21440.00 21445.00 21435.00 21440.00 766.00
20170505  14:18:00 21440.00 21445.00 21435.00 21440.00 490.00
20170505  14:19:00 21440.00 21450.00 21440.00 21445.00 260.00
20170505  14:20:00 21445.00 21445.00 21430.00 21435.00 1034.00
20170505  14:21:00 21430.00 21440.00 21425.00 21440.00 1042.00
20170505  14:22:00 21440.00 21455.00 21435.00 21455.00 1078.00
20170505  14:23:00 21455.00 21465.00 21445.00 21455.00 1032.00
20170505  14:24:00 21460.00 21465.00 21445.00 21460.00 824.00
20170505  14:25:00 21460.00 21465.00 21445.00 21450.00 734.00
20170505  14:26:00 21450.00 21465.00 21450.00 21465.00 424.00
20170505  14:27:00 21465.00 21480.00 21445.00 21450.00 1534.00
20170505  14:28:00 21445.00 21450.00 21430.00 21440.00 1956.00
20170505  14:29:00 21440.00 21440.00 21435.00 21440.00 372.00
20170505  14:30:00 21435.00 21450.00 21435.00 21450.00 1448.00
20170505  14:31:00 21450.00 21450.00 21440.00 21445.00 656.00
20170505  14:32:00 21445.00 21450.00 21430.00 21435.00 1276.00
20170505  14:33:00 21435.00 21435.00 21425.00 21435.00 1650.00
20170505  14:34:00 21435.00 21445.00 21425.00 21435.00 1430.00
20170505  14:35:00 21435.00 21435.00 21420.00 21430.00 2154.00
20170505  14:36:00 21425.00 21440.00 21425.00 21440.00 940.00
20170505  14:37:00 21440.00 21475.00 21440.00 21470.00 2116.00
20170505  14:38:00 21475.00 21485.00 21465.00 21475.00 2178.00
20170505  14:39:00 21470.00 21480.00 21455.00 21460.00 1276.00
20170505  14:40:00 21455.00 21470.00 21455.00 21455.00 674.00
20170505  14:41:00 21455.00 21460.00 21455.00 21460.00 290.00
20170505  14:42:00 21460.00 21460.00 21440.00 21450.00 858.00
20170505  14:43:00 21450.00 21450.00 21440.00 21440.00 478.00
20170505  14:44:00 21440.00 21450.00 21440.00 21440.00 282.00
20170505  14:45:00 21440.00 21445.00 21440.00 21440.00 312.00
20170505  14:46:00 21440.00 21445.00 21435.00 21435.00 382.00
20170505  14:47:00 21440.00 21440.00 21430.00 21440.00 700.00
20170505  14:48:00 21440.00 21445.00 21430.00 21430.00 672.00
20170505  14:49:00 21435.00 21440.00 21425.00 21425.00 1336.00
20170505  14:50:00 21430.00 21445.00 21425.00 21440.00 1272.00
20170505  14:51:00 21440.00 21440.00 21425.00 21425.00 1026.00
20170505  14:52:00 21425.00 21425.00 21415.00 21420.00 1718.00
20170505  14:53:00 21415.00 21420.00 21380.00 21385.00 2984.00
20170505  14:54:00 21385.00 21400.00 21370.00 21390.00 2338.00
20170505  14:55:00 21390.00 21400.00 21375.00 21385.00 1730.00
20170505  14:56:00 21390.00 21395.00 21370.00 21375.00 1512.00
20170505  14:57:00 21380.00 21380.00 21350.00 21355.00 2420.00
20170505  14:58:00 21355.00 21360.00 21315.00 21315.00 4036.00
20170505  14:59:00 21315.00 21330.00 21280.00 21305.00 4840.00
20170505  15:00:00 21305.00 21305.00 21305.00 21305.00  26.00
