20170915  15:00:00 24620.00 24620.00 24620.00 24620.00   2.00
20170915  14:59:00 24615.00 24620.00 24600.00 24620.00 1722.00
20170915  14:58:00 24620.00 24635.00 24600.00 24615.00 1212.00
20170915  14:57:00 24640.00 24645.00 24615.00 24630.00 1198.00
20170915  14:56:00 24665.00 24680.00 24645.00 24645.00 934.00
20170915  14:55:00 24660.00 24665.00 24655.00 24665.00 742.00
20170915  14:54:00 24660.00 24675.00 24655.00 24660.00 606.00
20170915  14:53:00 24640.00 24665.00 24635.00 24660.00 1160.00
20170915  14:52:00 24655.00 24660.00 24630.00 24640.00 530.00
20170915  14:51:00 24680.00 24680.00 24655.00 24655.00 794.00
20170915  14:50:00 24650.00 24680.00 24645.00 24680.00 1214.00
20170915  14:49:00 24620.00 24650.00 24620.00 24650.00 632.00
20170915  14:48:00 24605.00 24630.00 24605.00 24620.00 476.00
20170915  14:47:00 24630.00 24630.00 24605.00 24605.00 258.00
20170915  14:46:00 24620.00 24630.00 24600.00 24630.00 454.00
20170915  14:45:00 24650.00 24655.00 24600.00 24620.00 1060.00
20170915  14:44:00 24665.00 24675.00 24650.00 24650.00 758.00
20170915  14:43:00 24655.00 24675.00 24650.00 24670.00 852.00
20170915  14:42:00 24665.00 24670.00 24650.00 24655.00 880.00
20170915  14:41:00 24605.00 24680.00 24605.00 24670.00 1930.00
20170915  14:40:00 24620.00 24625.00 24595.00 24605.00 800.00
20170915  14:39:00 24585.00 24620.00 24575.00 24615.00 1342.00
20170915  14:38:00 24595.00 24595.00 24545.00 24585.00 2184.00
20170915  14:37:00 24585.00 24595.00 24575.00 24595.00 1156.00
20170915  14:36:00 24600.00 24605.00 24580.00 24585.00 1164.00
20170915  14:35:00 24595.00 24615.00 24590.00 24600.00 794.00
20170915  14:34:00 24595.00 24620.00 24580.00 24595.00 1670.00
20170915  14:33:00 24670.00 24670.00 24585.00 24590.00 2288.00
20170915  14:32:00 24670.00 24670.00 24660.00 24670.00 258.00
20170915  14:31:00 24665.00 24675.00 24660.00 24670.00 312.00
20170915  14:30:00 24685.00 24695.00 24660.00 24670.00 508.00
20170915  14:29:00 24655.00 24695.00 24650.00 24685.00 680.00
20170915  14:28:00 24715.00 24725.00 24650.00 24660.00 1216.00
20170915  14:27:00 24670.00 24715.00 24665.00 24710.00 650.00
20170915  14:26:00 24705.00 24705.00 24665.00 24665.00 660.00
20170915  14:25:00 24730.00 24730.00 24620.00 24700.00 2464.00
20170915  14:24:00 24730.00 24745.00 24725.00 24735.00 396.00
20170915  14:23:00 24725.00 24730.00 24710.00 24730.00 210.00
20170915  14:22:00 24725.00 24735.00 24720.00 24725.00 244.00
20170915  14:21:00 24730.00 24735.00 24725.00 24725.00  62.00
20170915  14:20:00 24730.00 24740.00 24730.00 24735.00 118.00
20170915  14:19:00 24740.00 24740.00 24720.00 24730.00 248.00
20170915  14:18:00 24715.00 24740.00 24710.00 24735.00 262.00
20170915  14:17:00 24740.00 24740.00 24710.00 24720.00 316.00
20170915  14:16:00 24700.00 24740.00 24700.00 24740.00 408.00
20170915  14:15:00 24715.00 24720.00 24700.00 24705.00 378.00
20170915  14:14:00 24745.00 24745.00 24705.00 24715.00 590.00
20170915  14:13:00 24740.00 24750.00 24740.00 24745.00 104.00
20170915  14:12:00 24755.00 24755.00 24740.00 24740.00 152.00
20170915  14:11:00 24730.00 24760.00 24725.00 24755.00 448.00
20170915  14:10:00 24735.00 24740.00 24720.00 24730.00 396.00
20170915  14:09:00 24745.00 24745.00 24730.00 24735.00 198.00
20170915  14:08:00 24730.00 24745.00 24730.00 24745.00 132.00
20170915  14:07:00 24745.00 24755.00 24730.00 24730.00 254.00
20170915  14:06:00 24765.00 24765.00 24745.00 24745.00 256.00
20170915  14:05:00 24765.00 24765.00 24750.00 24760.00 300.00
20170915  14:04:00 24755.00 24765.00 24750.00 24765.00 250.00
20170915  14:03:00 24740.00 24755.00 24730.00 24755.00 460.00
20170915  14:02:00 24750.00 24755.00 24740.00 24745.00 312.00
20170915  14:01:00 24735.00 24760.00 24730.00 24750.00 524.00
20170915  14:00:00 24755.00 24765.00 24730.00 24735.00 802.00
20170915  13:59:00 24770.00 24775.00 24755.00 24755.00 286.00
20170915  13:58:00 24785.00 24785.00 24770.00 24770.00 360.00
20170915  13:57:00 24775.00 24790.00 24770.00 24785.00 376.00
20170915  13:56:00 24765.00 24780.00 24765.00 24775.00 284.00
20170915  13:55:00 24790.00 24790.00 24760.00 24765.00 672.00
20170915  13:54:00 24775.00 24790.00 24770.00 24790.00 346.00
20170915  13:53:00 24785.00 24790.00 24775.00 24775.00 388.00
20170915  13:52:00 24780.00 24800.00 24780.00 24785.00 482.00
20170915  13:51:00 24800.00 24800.00 24770.00 24780.00 762.00
20170915  13:50:00 24795.00 24825.00 24785.00 24800.00 1078.00
20170915  13:49:00 24790.00 24800.00 24780.00 24795.00 632.00
20170915  13:48:00 24820.00 24820.00 24775.00 24790.00 1648.00
20170915  13:47:00 24760.00 24830.00 24755.00 24820.00 3124.00
20170915  13:46:00 24725.00 24770.00 24725.00 24760.00 1892.00
20170915  13:45:00 24715.00 24725.00 24705.00 24720.00 418.00
20170915  13:44:00 24715.00 24725.00 24715.00 24720.00 164.00
20170915  13:43:00 24690.00 24720.00 24690.00 24720.00 512.00
20170915  13:42:00 24715.00 24720.00 24690.00 24690.00 528.00
20170915  13:41:00 24715.00 24725.00 24705.00 24715.00 542.00
20170915  13:40:00 24700.00 24730.00 24695.00 24715.00 1284.00
20170915  13:39:00 24695.00 24710.00 24675.00 24695.00 890.00
20170915  13:38:00 24670.00 24695.00 24655.00 24695.00 442.00
20170915  13:37:00 24670.00 24690.00 24670.00 24675.00 734.00
20170915  13:36:00 24650.00 24675.00 24650.00 24670.00 500.00
20170915  13:35:00 24655.00 24670.00 24640.00 24650.00 752.00
20170915  13:34:00 24595.00 24680.00 24585.00 24655.00 1812.00
20170915  13:33:00 24615.00 24620.00 24565.00 24595.00 1946.00
20170915  13:32:00 24650.00 24650.00 24600.00 24615.00 2552.00
20170915  13:31:00 24665.00 24665.00 24635.00 24650.00 1660.00
20170915  13:30:00 24720.00 24725.00 24665.00 24665.00 1800.00
20170915  11:29:00 24720.00 24725.00 24685.00 24705.00 1016.00
20170915  11:28:00 24690.00 24720.00 24680.00 24720.00 504.00
20170915  11:27:00 24670.00 24695.00 24660.00 24690.00 402.00
20170915  11:26:00 24685.00 24690.00 24670.00 24670.00 508.00
20170915  11:25:00 24700.00 24700.00 24670.00 24680.00 456.00
20170915  11:24:00 24710.00 24710.00 24685.00 24695.00 340.00
20170915  11:23:00 24725.00 24725.00 24710.00 24710.00 388.00
20170915  11:22:00 24725.00 24730.00 24720.00 24725.00 474.00
20170915  11:21:00 24710.00 24740.00 24710.00 24725.00 1506.00
20170915  11:20:00 24690.00 24715.00 24680.00 24710.00 634.00
20170915  11:19:00 24665.00 24705.00 24660.00 24685.00 1054.00
20170915  11:18:00 24670.00 24675.00 24655.00 24665.00 808.00
20170915  11:17:00 24665.00 24690.00 24660.00 24670.00 1256.00
20170915  11:16:00 24660.00 24665.00 24640.00 24665.00 708.00
20170915  11:15:00 24635.00 24660.00 24625.00 24660.00 2402.00
20170915  11:14:00 24670.00 24690.00 24630.00 24635.00 2228.00
20170915  11:13:00 24700.00 24700.00 24665.00 24665.00 1796.00
20170915  11:12:00 24685.00 24705.00 24680.00 24700.00 1092.00
20170915  11:11:00 24710.00 24710.00 24680.00 24700.00 1200.00
20170915  11:10:00 24725.00 24730.00 24700.00 24710.00 692.00
20170915  11:09:00 24735.00 24735.00 24710.00 24715.00 924.00
20170915  11:08:00 24715.00 24740.00 24715.00 24735.00 914.00
20170915  11:07:00 24710.00 24735.00 24690.00 24715.00 1224.00
20170915  11:06:00 24735.00 24740.00 24700.00 24715.00 1710.00
20170915  11:05:00 24695.00 24760.00 24685.00 24735.00 3868.00
20170915  11:04:00 24755.00 24765.00 24680.00 24680.00 2570.00
20170915  11:03:00 24790.00 24800.00 24740.00 24750.00 2044.00
20170915  11:02:00 24810.00 24815.00 24790.00 24790.00 528.00
20170915  11:01:00 24815.00 24820.00 24810.00 24810.00 294.00
20170915  11:00:00 24825.00 24830.00 24815.00 24815.00 444.00
20170915  10:59:00 24840.00 24840.00 24825.00 24830.00 238.00
20170915  10:58:00 24830.00 24845.00 24825.00 24835.00 476.00
20170915  10:57:00 24835.00 24840.00 24825.00 24830.00 504.00
20170915  10:56:00 24850.00 24850.00 24835.00 24835.00 186.00
20170915  10:55:00 24845.00 24845.00 24840.00 24845.00 448.00
20170915  10:54:00 24840.00 24845.00 24840.00 24845.00 318.00
20170915  10:53:00 24845.00 24845.00 24830.00 24840.00 372.00
20170915  10:52:00 24835.00 24850.00 24835.00 24845.00 496.00
20170915  10:51:00 24830.00 24835.00 24825.00 24835.00 650.00
20170915  10:50:00 24835.00 24835.00 24820.00 24830.00 700.00
20170915  10:49:00 24830.00 24850.00 24830.00 24835.00 1318.00
20170915  10:48:00 24860.00 24870.00 24830.00 24830.00 1182.00
20170915  10:47:00 24860.00 24880.00 24855.00 24865.00 1686.00
20170915  10:46:00 24835.00 24870.00 24835.00 24865.00 1332.00
20170915  10:45:00 24780.00 24835.00 24760.00 24835.00 1706.00
20170915  10:44:00 24800.00 24810.00 24780.00 24780.00 886.00
20170915  10:43:00 24810.00 24810.00 24780.00 24800.00 912.00
20170915  10:42:00 24785.00 24820.00 24780.00 24805.00 1126.00
20170915  10:41:00 24800.00 24800.00 24770.00 24790.00 2176.00
20170915  10:40:00 24840.00 24845.00 24790.00 24800.00 1532.00
20170915  10:39:00 24850.00 24850.00 24815.00 24840.00 1662.00
20170915  10:38:00 24815.00 24855.00 24790.00 24845.00 2010.00
20170915  10:37:00 24830.00 24830.00 24810.00 24815.00 1334.00
20170915  10:36:00 24860.00 24860.00 24805.00 24820.00 2760.00
20170915  10:35:00 24840.00 24875.00 24830.00 24860.00 3260.00
20170915  10:34:00 24935.00 24940.00 24835.00 24835.00 4322.00
20170915  10:33:00 24950.00 24960.00 24935.00 24940.00 812.00
20170915  10:32:00 24965.00 24965.00 24950.00 24950.00 228.00
20170915  10:31:00 24960.00 24970.00 24955.00 24965.00 516.00
20170915  10:30:00 24960.00 24965.00 24960.00 24960.00 250.00
20170915  10:14:00 24970.00 24970.00 24960.00 24960.00 486.00
20170915  10:13:00 24965.00 24970.00 24965.00 24970.00 346.00
20170915  10:12:00 24970.00 24980.00 24965.00 24970.00 544.00
20170915  10:11:00 24965.00 24975.00 24960.00 24970.00 282.00
20170915  10:10:00 24980.00 24980.00 24960.00 24965.00 326.00
20170915  10:09:00 24980.00 24980.00 24970.00 24980.00 348.00
20170915  10:08:00 24970.00 24985.00 24965.00 24980.00 544.00
20170915  10:07:00 24960.00 24970.00 24960.00 24965.00 202.00
20170915  10:06:00 24970.00 24975.00 24960.00 24960.00 312.00
20170915  10:05:00 24950.00 24970.00 24945.00 24970.00 430.00
20170915  10:04:00 24945.00 24955.00 24940.00 24950.00 328.00
20170915  10:03:00 24955.00 24955.00 24940.00 24945.00 328.00
20170915  10:02:00 24970.00 24975.00 24955.00 24955.00 404.00
20170915  10:01:00 24950.00 24970.00 24950.00 24960.00 552.00
20170915  10:00:00 24940.00 24955.00 24935.00 24955.00 342.00
20170915  09:59:00 24930.00 24950.00 24925.00 24940.00 828.00
20170915  09:58:00 24935.00 24940.00 24925.00 24930.00 972.00
20170915  09:57:00 24950.00 24950.00 24930.00 24940.00 822.00
20170915  09:56:00 24955.00 24955.00 24940.00 24945.00 314.00
20170915  09:55:00 24955.00 24965.00 24945.00 24955.00 558.00
20170915  09:54:00 24960.00 24965.00 24950.00 24955.00 274.00
20170915  09:53:00 24960.00 24965.00 24950.00 24960.00 216.00
20170915  09:52:00 24960.00 24965.00 24950.00 24960.00 344.00
20170915  09:51:00 24970.00 24975.00 24960.00 24960.00 360.00
20170915  09:50:00 24950.00 24965.00 24945.00 24965.00 1024.00
20170915  09:49:00 24975.00 24980.00 24945.00 24950.00 1028.00
20170915  09:48:00 24975.00 24980.00 24970.00 24970.00 270.00
20170915  09:47:00 24975.00 24980.00 24970.00 24970.00 254.00
20170915  09:46:00 24980.00 24980.00 24965.00 24975.00 600.00
20170915  09:45:00 24990.00 24990.00 24975.00 24975.00 674.00
20170915  09:44:00 24980.00 24995.00 24980.00 24990.00 446.00
20170915  09:43:00 24980.00 24985.00 24975.00 24980.00 240.00
20170915  09:42:00 24980.00 24990.00 24975.00 24985.00 690.00
20170915  09:41:00 24975.00 24985.00 24970.00 24985.00 340.00
20170915  09:40:00 24975.00 24980.00 24965.00 24975.00 328.00
20170915  09:39:00 24970.00 24990.00 24965.00 24970.00 1130.00
20170915  09:38:00 24990.00 24990.00 24960.00 24965.00 1296.00
20170915  09:37:00 24995.00 25005.00 24985.00 24990.00 578.00
20170915  09:36:00 24990.00 25000.00 24990.00 24995.00 392.00
20170915  09:35:00 24990.00 25005.00 24990.00 24990.00 858.00
20170915  09:34:00 25005.00 25005.00 24985.00 24990.00 866.00
20170915  09:33:00 25005.00 25015.00 25005.00 25010.00 1006.00
20170915  09:32:00 25015.00 25020.00 25005.00 25005.00 840.00
20170915  09:31:00 25045.00 25050.00 25015.00 25015.00 1546.00
20170915  09:30:00 25055.00 25060.00 25035.00 25045.00 2174.00
20170915  09:29:00 25020.00 25065.00 25015.00 25055.00 3670.00
20170915  09:28:00 24990.00 25030.00 24980.00 25020.00 3738.00
20170915  09:27:00 24970.00 24995.00 24970.00 24990.00 1380.00
20170915  09:26:00 24965.00 24975.00 24965.00 24970.00 478.00
20170915  09:25:00 24955.00 24970.00 24950.00 24965.00 672.00
20170915  09:24:00 24955.00 24955.00 24945.00 24955.00 392.00
20170915  09:23:00 24955.00 24960.00 24950.00 24955.00 288.00
20170915  09:22:00 24945.00 24960.00 24945.00 24950.00 464.00
20170915  09:21:00 24955.00 24965.00 24945.00 24945.00 418.00
20170915  09:20:00 24960.00 24970.00 24945.00 24955.00 944.00
20170915  09:19:00 24955.00 24980.00 24935.00 24965.00 2224.00
20170915  09:18:00 24935.00 24960.00 24935.00 24955.00 1906.00
20170915  09:17:00 24965.00 24975.00 24940.00 24940.00 1916.00
20170915  09:16:00 24965.00 24970.00 24955.00 24960.00 1168.00
20170915  09:15:00 24975.00 24985.00 24955.00 24965.00 1940.00
20170915  09:14:00 24970.00 24990.00 24960.00 24975.00 3440.00
20170915  09:13:00 24960.00 24975.00 24955.00 24970.00 2640.00
20170915  09:12:00 24945.00 24975.00 24935.00 24960.00 5030.00
20170915  09:11:00 24870.00 24970.00 24865.00 24950.00 5100.00
20170915  09:10:00 24825.00 24875.00 24820.00 24865.00 2996.00
20170915  09:09:00 24805.00 24825.00 24805.00 24825.00 930.00
20170915  09:08:00 24815.00 24815.00 24795.00 24805.00 588.00
20170915  09:07:00 24790.00 24825.00 24790.00 24810.00 1530.00
20170915  09:06:00 24765.00 24825.00 24760.00 24790.00 2682.00
20170915  09:05:00 24740.00 24770.00 24740.00 24765.00 1054.00
20170915  09:04:00 24780.00 24780.00 24710.00 24745.00 1538.00
20170915  09:03:00 24775.00 24790.00 24775.00 24785.00 1322.00
20170915  09:02:00 24775.00 24780.00 24775.00 24775.00 582.00
20170915  09:01:00 24780.00 24790.00 24760.00 24785.00 1544.00
20170915  09:00:00 24755.00 24790.00 24750.00 24785.00 2772.00
20170915  01:00:00 24715.00 24715.00 24715.00 24715.00   6.00
20170915  00:59:00 24715.00 24725.00 24710.00 24715.00 340.00
20170915  00:58:00 24735.00 24740.00 24715.00 24715.00 362.00
20170915  00:57:00 24730.00 24740.00 24730.00 24730.00 138.00
20170915  00:56:00 24730.00 24730.00 24730.00 24730.00  54.00
20170915  00:55:00 24725.00 24735.00 24720.00 24730.00 190.00
20170915  00:54:00 24730.00 24740.00 24725.00 24725.00 206.00
20170915  00:53:00 24725.00 24730.00 24720.00 24730.00 136.00
20170915  00:52:00 24715.00 24725.00 24715.00 24725.00 130.00
20170915  00:51:00 24715.00 24720.00 24715.00 24720.00  40.00
20170915  00:50:00 24715.00 24715.00 24710.00 24715.00 204.00
20170915  00:49:00 24720.00 24720.00 24715.00 24720.00  84.00
20170915  00:48:00 24725.00 24725.00 24720.00 24720.00 100.00
20170915  00:47:00 24730.00 24730.00 24725.00 24725.00  56.00
20170915  00:46:00 24720.00 24730.00 24715.00 24730.00  42.00
20170915  00:45:00 24720.00 24725.00 24715.00 24720.00  58.00
20170915  00:44:00 24720.00 24720.00 24720.00 24720.00  32.00
20170915  00:43:00 24730.00 24730.00 24720.00 24720.00  30.00
20170915  00:42:00 24725.00 24730.00 24720.00 24730.00  58.00
20170915  00:41:00 24725.00 24730.00 24715.00 24725.00 164.00
20170915  00:40:00 24720.00 24730.00 24720.00 24730.00  56.00
20170915  00:39:00 24725.00 24730.00 24720.00 24720.00  62.00
20170915  00:38:00 24725.00 24730.00 24725.00 24730.00  30.00
20170915  00:37:00 24725.00 24730.00 24725.00 24725.00 154.00
20170915  00:36:00 24740.00 24740.00 24730.00 24730.00 102.00
20170915  00:35:00 24745.00 24745.00 24735.00 24740.00  80.00
20170915  00:34:00 24730.00 24745.00 24725.00 24735.00 200.00
20170915  00:33:00 24730.00 24730.00 24725.00 24730.00   6.00
20170915  00:32:00 24725.00 24730.00 24725.00 24730.00  32.00
20170915  00:31:00 24730.00 24730.00 24725.00 24725.00  18.00
20170915  00:30:00 24740.00 24740.00 24730.00 24730.00  66.00
20170915  00:29:00 24735.00 24740.00 24735.00 24740.00  90.00
20170915  00:28:00 24725.00 24735.00 24725.00 24735.00  52.00
20170915  00:27:00 24735.00 24750.00 24725.00 24725.00 138.00
20170915  00:26:00 24715.00 24735.00 24715.00 24735.00 246.00
20170915  00:25:00 24730.00 24730.00 24715.00 24715.00 180.00
20170915  00:24:00 24735.00 24740.00 24730.00 24730.00 150.00
20170915  00:23:00 24745.00 24755.00 24735.00 24735.00 284.00
20170915  00:22:00 24740.00 24750.00 24735.00 24745.00 320.00
20170915  00:21:00 24750.00 24755.00 24740.00 24740.00 158.00
20170915  00:20:00 24730.00 24755.00 24730.00 24755.00 652.00
20170915  00:19:00 24730.00 24740.00 24730.00 24730.00 384.00
20170915  00:18:00 24725.00 24730.00 24725.00 24730.00 108.00
20170915  00:17:00 24720.00 24725.00 24720.00 24725.00  20.00
20170915  00:16:00 24720.00 24725.00 24720.00 24720.00  44.00
20170915  00:15:00 24715.00 24725.00 24715.00 24720.00  76.00
20170915  00:14:00 24710.00 24715.00 24710.00 24715.00  34.00
20170915  00:13:00 24715.00 24720.00 24710.00 24710.00 108.00
20170915  00:12:00 24720.00 24720.00 24715.00 24715.00  10.00
20170915  00:11:00 24725.00 24725.00 24720.00 24720.00  66.00
20170915  00:10:00 24715.00 24725.00 24710.00 24725.00 350.00
20170915  00:09:00 24720.00 24720.00 24715.00 24715.00  58.00
20170915  00:08:00 24725.00 24725.00 24720.00 24720.00  92.00
20170915  00:07:00 24720.00 24730.00 24715.00 24725.00 230.00
20170915  00:06:00 24725.00 24730.00 24720.00 24720.00 384.00
20170915  00:05:00 24720.00 24730.00 24720.00 24730.00 364.00
20170915  00:04:00 24720.00 24725.00 24715.00 24720.00 170.00
20170915  00:03:00 24705.00 24725.00 24705.00 24720.00 624.00
20170915  00:02:00 24695.00 24710.00 24695.00 24705.00 238.00
20170915  00:01:00 24695.00 24700.00 24685.00 24700.00 150.00
20170915  00:00:00 24685.00 24700.00 24685.00 24695.00 366.00
20170914  23:59:00 24695.00 24695.00 24680.00 24685.00 220.00
20170914  23:58:00 24705.00 24705.00 24685.00 24695.00 208.00
20170914  23:57:00 24690.00 24705.00 24680.00 24705.00 262.00
20170914  23:56:00 24665.00 24690.00 24660.00 24690.00 654.00
20170914  23:55:00 24660.00 24670.00 24660.00 24665.00 148.00
20170914  23:54:00 24675.00 24675.00 24655.00 24660.00 370.00
20170914  23:53:00 24675.00 24680.00 24670.00 24675.00 114.00
20170914  23:52:00 24670.00 24690.00 24665.00 24675.00 692.00
20170914  23:51:00 24660.00 24670.00 24650.00 24670.00 316.00
20170914  23:50:00 24670.00 24670.00 24660.00 24660.00 170.00
20170914  23:49:00 24650.00 24670.00 24645.00 24670.00 332.00
20170914  23:48:00 24660.00 24660.00 24645.00 24650.00 308.00
20170914  23:47:00 24645.00 24660.00 24645.00 24655.00 376.00
20170914  23:46:00 24630.00 24645.00 24625.00 24645.00 294.00
20170914  23:45:00 24645.00 24645.00 24620.00 24630.00 1054.00
20170914  23:44:00 24655.00 24660.00 24640.00 24640.00 602.00
20170914  23:43:00 24670.00 24670.00 24645.00 24655.00 626.00
20170914  23:42:00 24665.00 24670.00 24665.00 24670.00 242.00
20170914  23:41:00 24685.00 24690.00 24660.00 24670.00 538.00
20170914  23:40:00 24700.00 24700.00 24685.00 24690.00  70.00
20170914  23:39:00 24695.00 24700.00 24695.00 24700.00  72.00
20170914  23:38:00 24700.00 24700.00 24695.00 24695.00 180.00
20170914  23:37:00 24680.00 24705.00 24680.00 24700.00 474.00
20170914  23:36:00 24685.00 24685.00 24675.00 24680.00 134.00
20170914  23:35:00 24675.00 24690.00 24675.00 24685.00 262.00
20170914  23:34:00 24685.00 24690.00 24670.00 24675.00 468.00
20170914  23:33:00 24690.00 24690.00 24680.00 24685.00 260.00
20170914  23:32:00 24685.00 24690.00 24685.00 24690.00 242.00
20170914  23:31:00 24695.00 24700.00 24680.00 24685.00 420.00
20170914  23:30:00 24685.00 24700.00 24680.00 24700.00 708.00
20170914  23:29:00 24695.00 24705.00 24685.00 24685.00 384.00
20170914  23:28:00 24710.00 24710.00 24695.00 24695.00 304.00
20170914  23:27:00 24720.00 24720.00 24705.00 24705.00 308.00
20170914  23:26:00 24725.00 24725.00 24715.00 24715.00  88.00
20170914  23:25:00 24720.00 24730.00 24720.00 24725.00 144.00
20170914  23:24:00 24725.00 24730.00 24720.00 24720.00  72.00
20170914  23:23:00 24715.00 24735.00 24715.00 24735.00 178.00
20170914  23:22:00 24735.00 24735.00 24710.00 24715.00 234.00
20170914  23:21:00 24730.00 24745.00 24730.00 24735.00 526.00
20170914  23:20:00 24720.00 24735.00 24715.00 24730.00 162.00
20170914  23:19:00 24735.00 24735.00 24715.00 24720.00 272.00
20170914  23:18:00 24725.00 24735.00 24720.00 24735.00 334.00
20170914  23:17:00 24710.00 24730.00 24710.00 24725.00 250.00
20170914  23:16:00 24710.00 24720.00 24705.00 24710.00 352.00
20170914  23:15:00 24705.00 24715.00 24700.00 24710.00 176.00
20170914  23:14:00 24685.00 24705.00 24685.00 24705.00 322.00
20170914  23:13:00 24690.00 24690.00 24680.00 24680.00 312.00
20170914  23:12:00 24695.00 24695.00 24690.00 24690.00 104.00
20170914  23:11:00 24705.00 24710.00 24695.00 24695.00  88.00
20170914  23:10:00 24705.00 24715.00 24700.00 24705.00 214.00
20170914  23:09:00 24700.00 24715.00 24700.00 24705.00 254.00
20170914  23:08:00 24705.00 24710.00 24695.00 24700.00  92.00
20170914  23:07:00 24700.00 24710.00 24695.00 24705.00 248.00
20170914  23:06:00 24710.00 24710.00 24695.00 24700.00 196.00
20170914  23:05:00 24710.00 24715.00 24710.00 24710.00 100.00
20170914  23:04:00 24720.00 24720.00 24705.00 24710.00 246.00
20170914  23:03:00 24715.00 24720.00 24715.00 24720.00  42.00
20170914  23:02:00 24725.00 24725.00 24715.00 24715.00 178.00
20170914  23:01:00 24715.00 24730.00 24715.00 24725.00 204.00
20170914  23:00:00 24735.00 24735.00 24715.00 24715.00 376.00
20170914  22:59:00 24745.00 24745.00 24730.00 24735.00 256.00
20170914  22:58:00 24735.00 24745.00 24725.00 24745.00 440.00
20170914  22:57:00 24730.00 24735.00 24730.00 24735.00 472.00
20170914  22:56:00 24705.00 24730.00 24705.00 24730.00 426.00
20170914  22:55:00 24695.00 24705.00 24685.00 24705.00 352.00
20170914  22:54:00 24685.00 24700.00 24685.00 24695.00 312.00
20170914  22:53:00 24690.00 24700.00 24685.00 24690.00 208.00
20170914  22:52:00 24690.00 24695.00 24685.00 24690.00 262.00
20170914  22:51:00 24700.00 24705.00 24680.00 24690.00 430.00
20170914  22:50:00 24710.00 24715.00 24700.00 24700.00 150.00
20170914  22:49:00 24705.00 24715.00 24705.00 24710.00 182.00
20170914  22:48:00 24700.00 24705.00 24695.00 24705.00 196.00
20170914  22:47:00 24690.00 24700.00 24685.00 24695.00 316.00
20170914  22:46:00 24700.00 24705.00 24685.00 24690.00 236.00
20170914  22:45:00 24705.00 24705.00 24690.00 24700.00 414.00
20170914  22:44:00 24705.00 24710.00 24700.00 24705.00 144.00
20170914  22:43:00 24705.00 24710.00 24695.00 24705.00 542.00
20170914  22:42:00 24685.00 24710.00 24685.00 24710.00 546.00
20170914  22:41:00 24680.00 24700.00 24680.00 24685.00 584.00
20170914  22:40:00 24670.00 24690.00 24655.00 24680.00 1542.00
20170914  22:39:00 24730.00 24735.00 24675.00 24675.00 1890.00
20170914  22:38:00 24760.00 24770.00 24720.00 24730.00 828.00
20170914  22:37:00 24755.00 24765.00 24750.00 24760.00 444.00
20170914  22:36:00 24760.00 24780.00 24755.00 24755.00 602.00
20170914  22:35:00 24765.00 24770.00 24760.00 24760.00 224.00
20170914  22:34:00 24750.00 24775.00 24750.00 24765.00 514.00
20170914  22:33:00 24740.00 24745.00 24735.00 24745.00 126.00
20170914  22:32:00 24740.00 24750.00 24740.00 24740.00  60.00
20170914  22:31:00 24750.00 24750.00 24740.00 24745.00 134.00
20170914  22:30:00 24755.00 24765.00 24745.00 24750.00 320.00
20170914  22:29:00 24740.00 24755.00 24740.00 24755.00 140.00
20170914  22:28:00 24735.00 24745.00 24735.00 24740.00 118.00
20170914  22:27:00 24745.00 24745.00 24735.00 24735.00 206.00
20170914  22:26:00 24745.00 24750.00 24740.00 24745.00  76.00
20170914  22:25:00 24760.00 24760.00 24750.00 24750.00 158.00
20170914  22:24:00 24755.00 24760.00 24755.00 24755.00 132.00
20170914  22:23:00 24740.00 24755.00 24735.00 24755.00 282.00
20170914  22:22:00 24740.00 24740.00 24730.00 24740.00 350.00
20170914  22:21:00 24745.00 24750.00 24740.00 24740.00  90.00
20170914  22:20:00 24730.00 24755.00 24730.00 24745.00 472.00
20170914  22:19:00 24765.00 24765.00 24730.00 24730.00 502.00
20170914  22:18:00 24760.00 24765.00 24755.00 24765.00 394.00
20170914  22:17:00 24760.00 24765.00 24755.00 24760.00 186.00
20170914  22:16:00 24760.00 24760.00 24755.00 24760.00 128.00
20170914  22:15:00 24760.00 24770.00 24755.00 24760.00 106.00
20170914  22:14:00 24775.00 24775.00 24755.00 24755.00 256.00
20170914  22:13:00 24755.00 24775.00 24750.00 24775.00 364.00
20170914  22:12:00 24755.00 24765.00 24750.00 24750.00 252.00
20170914  22:11:00 24775.00 24775.00 24750.00 24755.00 214.00
20170914  22:10:00 24760.00 24780.00 24760.00 24775.00 472.00
20170914  22:09:00 24755.00 24765.00 24750.00 24760.00 234.00
20170914  22:08:00 24765.00 24770.00 24750.00 24750.00 334.00
20170914  22:07:00 24770.00 24770.00 24760.00 24765.00 176.00
20170914  22:06:00 24770.00 24770.00 24760.00 24770.00 392.00
20170914  22:05:00 24775.00 24775.00 24770.00 24775.00 206.00
20170914  22:04:00 24795.00 24795.00 24765.00 24775.00 588.00
20170914  22:03:00 24760.00 24800.00 24760.00 24800.00 1294.00
20170914  22:02:00 24750.00 24770.00 24745.00 24760.00 296.00
20170914  22:01:00 24755.00 24760.00 24740.00 24750.00 298.00
20170914  22:00:00 24750.00 24775.00 24745.00 24755.00 766.00
20170914  21:59:00 24735.00 24750.00 24730.00 24750.00 160.00
20170914  21:58:00 24730.00 24735.00 24730.00 24735.00  58.00
20170914  21:57:00 24735.00 24735.00 24730.00 24730.00  64.00
20170914  21:56:00 24720.00 24735.00 24720.00 24735.00 248.00
20170914  21:55:00 24735.00 24740.00 24725.00 24725.00 226.00
20170914  21:54:00 24735.00 24740.00 24730.00 24740.00 232.00
20170914  21:53:00 24730.00 24740.00 24725.00 24735.00 116.00
20170914  21:52:00 24725.00 24735.00 24725.00 24730.00 224.00
20170914  21:51:00 24740.00 24745.00 24720.00 24725.00 554.00
20170914  21:50:00 24740.00 24755.00 24735.00 24740.00 458.00
20170914  21:49:00 24730.00 24745.00 24725.00 24740.00 472.00
20170914  21:48:00 24715.00 24730.00 24715.00 24725.00 132.00
20170914  21:47:00 24725.00 24735.00 24710.00 24710.00 472.00
20170914  21:46:00 24735.00 24735.00 24720.00 24725.00 374.00
20170914  21:45:00 24720.00 24730.00 24710.00 24730.00 1030.00
20170914  21:44:00 24730.00 24735.00 24720.00 24720.00 812.00
20170914  21:43:00 24740.00 24755.00 24730.00 24730.00 640.00
20170914  21:42:00 24750.00 24755.00 24735.00 24740.00 574.00
20170914  21:41:00 24755.00 24760.00 24745.00 24750.00 370.00
20170914  21:40:00 24765.00 24775.00 24755.00 24755.00 506.00
20170914  21:39:00 24760.00 24765.00 24755.00 24765.00 298.00
20170914  21:38:00 24760.00 24765.00 24750.00 24760.00 404.00
20170914  21:37:00 24775.00 24775.00 24750.00 24760.00 666.00
20170914  21:36:00 24755.00 24775.00 24750.00 24775.00 584.00
20170914  21:35:00 24755.00 24760.00 24750.00 24755.00 406.00
20170914  21:34:00 24750.00 24755.00 24750.00 24750.00 486.00
20170914  21:33:00 24770.00 24775.00 24750.00 24755.00 576.00
20170914  21:32:00 24755.00 24770.00 24755.00 24770.00 412.00
20170914  21:31:00 24760.00 24765.00 24750.00 24755.00 888.00
20170914  21:30:00 24775.00 24785.00 24760.00 24765.00 896.00
20170914  21:29:00 24775.00 24785.00 24770.00 24775.00 750.00
20170914  21:28:00 24785.00 24790.00 24770.00 24775.00 1386.00
20170914  21:27:00 24765.00 24780.00 24760.00 24780.00 1376.00
20170914  21:26:00 24720.00 24775.00 24720.00 24765.00 2786.00
20170914  21:25:00 24710.00 24730.00 24705.00 24720.00 1302.00
20170914  21:24:00 24710.00 24715.00 24695.00 24710.00 722.00
20170914  21:23:00 24690.00 24710.00 24685.00 24710.00 688.00
20170914  21:22:00 24685.00 24690.00 24675.00 24690.00 168.00
20170914  21:21:00 24690.00 24695.00 24685.00 24685.00 390.00
20170914  21:20:00 24705.00 24705.00 24685.00 24690.00 838.00
20170914  21:19:00 24700.00 24710.00 24695.00 24705.00 1080.00
20170914  21:18:00 24685.00 24700.00 24675.00 24700.00 950.00
20170914  21:17:00 24680.00 24685.00 24665.00 24680.00 530.00
20170914  21:16:00 24665.00 24690.00 24660.00 24680.00 1058.00
20170914  21:15:00 24630.00 24665.00 24605.00 24665.00 1686.00
20170914  21:14:00 24650.00 24660.00 24625.00 24625.00 1144.00
20170914  21:13:00 24665.00 24665.00 24645.00 24655.00 748.00
20170914  21:12:00 24665.00 24685.00 24660.00 24665.00 660.00
20170914  21:11:00 24695.00 24705.00 24650.00 24665.00 754.00
20170914  21:10:00 24665.00 24710.00 24655.00 24695.00 962.00
20170914  21:09:00 24685.00 24690.00 24655.00 24665.00 572.00
20170914  21:08:00 24680.00 24695.00 24675.00 24680.00 430.00
20170914  21:07:00 24680.00 24690.00 24670.00 24680.00 412.00
20170914  21:06:00 24685.00 24685.00 24650.00 24680.00 928.00
20170914  21:05:00 24650.00 24695.00 24650.00 24685.00 1384.00
20170914  21:04:00 24700.00 24705.00 24625.00 24650.00 1570.00
20170914  21:03:00 24715.00 24715.00 24680.00 24700.00 1388.00
20170914  21:02:00 24630.00 24710.00 24630.00 24705.00 2282.00
20170914  21:01:00 24640.00 24655.00 24625.00 24635.00 1520.00
20170914  21:00:00 24650.00 24660.00 24620.00 24650.00 2492.00
