20171020  21:00:00 25495.00 25495.00 25425.00 25485.00 3168.00
20171020  21:01:00 25485.00 25505.00 25455.00 25470.00 1718.00
20171020  21:02:00 25470.00 25475.00 25435.00 25445.00 1792.00
20171020  21:03:00 25445.00 25495.00 25430.00 25495.00 1990.00
20171020  21:04:00 25490.00 25515.00 25475.00 25495.00 1422.00
20171020  21:05:00 25490.00 25500.00 25480.00 25500.00 736.00
20171020  21:06:00 25505.00 25510.00 25475.00 25475.00 940.00
20171020  21:07:00 25475.00 25530.00 25475.00 25505.00 1380.00
20171020  21:08:00 25505.00 25515.00 25505.00 25510.00 584.00
20171020  21:09:00 25505.00 25515.00 25490.00 25510.00 1220.00
20171020  21:10:00 25510.00 25515.00 25470.00 25480.00 1498.00
20171020  21:11:00 25480.00 25505.00 25470.00 25505.00 804.00
20171020  21:12:00 25500.00 25500.00 25470.00 25480.00 906.00
20171020  21:13:00 25475.00 25475.00 25450.00 25455.00 936.00
20171020  21:14:00 25455.00 25475.00 25435.00 25470.00 1564.00
20171020  21:15:00 25465.00 25465.00 25400.00 25425.00 2302.00
20171020  21:16:00 25425.00 25430.00 25390.00 25410.00 1840.00
20171020  21:17:00 25410.00 25445.00 25405.00 25430.00 1228.00
20171020  21:18:00 25430.00 25435.00 25415.00 25425.00 580.00
20171020  21:19:00 25425.00 25430.00 25415.00 25420.00 678.00
20171020  21:20:00 25420.00 25440.00 25415.00 25435.00 686.00
20171020  21:21:00 25435.00 25440.00 25415.00 25420.00 692.00
20171020  21:22:00 25420.00 25440.00 25415.00 25425.00 1048.00
20171020  21:23:00 25415.00 25425.00 25395.00 25395.00 856.00
20171020  21:24:00 25395.00 25395.00 25365.00 25375.00 2110.00
20171020  21:25:00 25370.00 25375.00 25350.00 25360.00 2096.00
20171020  21:26:00 25360.00 25395.00 25355.00 25370.00 1454.00
20171020  21:27:00 25365.00 25385.00 25340.00 25385.00 1698.00
20171020  21:28:00 25380.00 25390.00 25360.00 25380.00 1004.00
20171020  21:29:00 25380.00 25385.00 25370.00 25370.00 654.00
20171020  21:30:00 25370.00 25415.00 25370.00 25415.00 1528.00
20171020  21:31:00 25410.00 25415.00 25380.00 25390.00 1610.00
20171020  21:32:00 25390.00 25415.00 25380.00 25405.00 448.00
20171020  21:33:00 25405.00 25405.00 25380.00 25380.00 654.00
20171020  21:34:00 25380.00 25410.00 25380.00 25400.00 774.00
20171020  21:35:00 25400.00 25400.00 25375.00 25380.00 494.00
20171020  21:36:00 25380.00 25395.00 25375.00 25390.00 432.00
20171020  21:37:00 25390.00 25420.00 25385.00 25410.00 1022.00
20171020  21:38:00 25415.00 25415.00 25395.00 25400.00 670.00
20171020  21:39:00 25400.00 25425.00 25400.00 25415.00 542.00
20171020  21:40:00 25415.00 25435.00 25405.00 25430.00 538.00
20171020  21:41:00 25435.00 25440.00 25420.00 25425.00 546.00
20171020  21:42:00 25425.00 25425.00 25415.00 25415.00 360.00
20171020  21:43:00 25415.00 25435.00 25405.00 25415.00 806.00
20171020  21:44:00 25415.00 25420.00 25390.00 25395.00 482.00
20171020  21:45:00 25395.00 25405.00 25375.00 25400.00 1214.00
20171020  21:46:00 25400.00 25405.00 25390.00 25400.00 390.00
20171020  21:47:00 25400.00 25425.00 25395.00 25420.00 394.00
20171020  21:48:00 25415.00 25435.00 25400.00 25405.00 664.00
20171020  21:49:00 25405.00 25420.00 25405.00 25405.00 300.00
20171020  21:50:00 25410.00 25425.00 25400.00 25420.00 570.00
20171020  21:51:00 25420.00 25440.00 25410.00 25420.00 760.00
20171020  21:52:00 25425.00 25430.00 25415.00 25420.00 620.00
20171020  21:53:00 25430.00 25430.00 25415.00 25420.00 362.00
20171020  21:54:00 25420.00 25440.00 25415.00 25435.00 606.00
20171020  21:55:00 25435.00 25510.00 25425.00 25485.00 2416.00
20171020  21:56:00 25485.00 25490.00 25455.00 25460.00 938.00
20171020  21:57:00 25460.00 25495.00 25460.00 25475.00 806.00
20171020  21:58:00 25480.00 25485.00 25455.00 25460.00 540.00
20171020  21:59:00 25455.00 25475.00 25455.00 25470.00 922.00
20171020  22:00:00 25470.00 25485.00 25450.00 25450.00 840.00
20171020  22:01:00 25450.00 25470.00 25445.00 25460.00 590.00
20171020  22:02:00 25455.00 25470.00 25450.00 25450.00 288.00
20171020  22:03:00 25450.00 25465.00 25430.00 25435.00 594.00
20171020  22:04:00 25435.00 25435.00 25400.00 25400.00 1186.00
20171020  22:05:00 25400.00 25435.00 25390.00 25390.00 1380.00
20171020  22:06:00 25390.00 25425.00 25390.00 25415.00 856.00
20171020  22:07:00 25415.00 25415.00 25400.00 25400.00 258.00
20171020  22:08:00 25410.00 25425.00 25400.00 25425.00 570.00
20171020  22:09:00 25425.00 25425.00 25400.00 25400.00 582.00
20171020  22:10:00 25400.00 25425.00 25400.00 25415.00 434.00
20171020  22:11:00 25415.00 25450.00 25415.00 25440.00 588.00
20171020  22:12:00 25440.00 25440.00 25420.00 25435.00 248.00
20171020  22:13:00 25435.00 25440.00 25430.00 25435.00  76.00
20171020  22:14:00 25435.00 25460.00 25435.00 25450.00 522.00
20171020  22:15:00 25450.00 25450.00 25435.00 25445.00 304.00
20171020  22:16:00 25440.00 25440.00 25430.00 25430.00 376.00
20171020  22:17:00 25430.00 25445.00 25425.00 25440.00 260.00
20171020  22:18:00 25440.00 25440.00 25415.00 25420.00 296.00
20171020  22:19:00 25420.00 25435.00 25415.00 25420.00 228.00
20171020  22:20:00 25420.00 25420.00 25355.00 25370.00 2566.00
20171020  22:21:00 25370.00 25400.00 25370.00 25380.00 920.00
20171020  22:22:00 25380.00 25395.00 25375.00 25375.00 688.00
20171020  22:23:00 25370.00 25390.00 25360.00 25380.00 856.00
20171020  22:24:00 25390.00 25390.00 25340.00 25360.00 2078.00
20171020  22:25:00 25355.00 25410.00 25355.00 25385.00 918.00
20171020  22:26:00 25385.00 25410.00 25370.00 25395.00 732.00
20171020  22:27:00 25395.00 25395.00 25375.00 25390.00 380.00
20171020  22:28:00 25390.00 25410.00 25380.00 25410.00 482.00
20171020  22:29:00 25410.00 25410.00 25365.00 25365.00 524.00
20171020  22:30:00 25365.00 25390.00 25360.00 25385.00 676.00
20171020  22:31:00 25385.00 25400.00 25385.00 25390.00 346.00
20171020  22:32:00 25390.00 25400.00 25385.00 25400.00 362.00
20171020  22:33:00 25400.00 25425.00 25395.00 25415.00 820.00
20171020  22:34:00 25410.00 25415.00 25395.00 25405.00 244.00
20171020  22:35:00 25405.00 25410.00 25385.00 25390.00 230.00
20171020  22:36:00 25390.00 25390.00 25370.00 25375.00 314.00
20171020  22:37:00 25380.00 25395.00 25375.00 25390.00 250.00
20171020  22:38:00 25390.00 25405.00 25385.00 25405.00 266.00
20171020  22:39:00 25405.00 25415.00 25400.00 25405.00 352.00
20171020  22:40:00 25410.00 25415.00 25375.00 25395.00 846.00
20171020  22:41:00 25395.00 25400.00 25385.00 25395.00 146.00
20171020  22:42:00 25390.00 25390.00 25380.00 25390.00 396.00
20171020  22:43:00 25385.00 25385.00 25315.00 25315.00 1930.00
20171020  22:44:00 25315.00 25315.00 25285.00 25295.00 3852.00
20171020  22:45:00 25295.00 25320.00 25290.00 25315.00 2252.00
20171020  22:46:00 25320.00 25330.00 25315.00 25320.00 776.00
20171020  22:47:00 25320.00 25330.00 25305.00 25305.00 666.00
20171020  22:48:00 25305.00 25310.00 25265.00 25295.00 2100.00
20171020  22:49:00 25290.00 25315.00 25285.00 25295.00 1276.00
20171020  22:50:00 25295.00 25295.00 25270.00 25270.00 1492.00
20171020  22:51:00 25270.00 25295.00 25260.00 25280.00 1056.00
20171020  22:52:00 25275.00 25290.00 25270.00 25275.00 524.00
20171020  22:53:00 25280.00 25305.00 25270.00 25280.00 894.00
20171020  22:54:00 25280.00 25280.00 25230.00 25235.00 1922.00
20171020  22:55:00 25235.00 25250.00 25225.00 25235.00 1498.00
20171020  22:56:00 25235.00 25270.00 25230.00 25255.00 1000.00
20171020  22:57:00 25255.00 25255.00 25210.00 25225.00 1806.00
20171020  22:58:00 25220.00 25230.00 25205.00 25220.00 1188.00
20171020  22:59:00 25220.00 25230.00 25210.00 25220.00 1586.00
20171020  23:00:00 25220.00 25220.00 25155.00 25175.00 3566.00
20171020  23:01:00 25175.00 25200.00 25170.00 25185.00 1078.00
20171020  23:02:00 25185.00 25210.00 25185.00 25205.00 786.00
20171020  23:03:00 25205.00 25225.00 25195.00 25220.00 1042.00
20171020  23:04:00 25220.00 25225.00 25200.00 25215.00 694.00
20171020  23:05:00 25215.00 25220.00 25205.00 25210.00 540.00
20171020  23:06:00 25210.00 25215.00 25205.00 25215.00 474.00
20171020  23:07:00 25215.00 25250.00 25210.00 25250.00 1004.00
20171020  23:08:00 25250.00 25255.00 25225.00 25230.00 1060.00
20171020  23:09:00 25225.00 25235.00 25225.00 25235.00 434.00
20171020  23:10:00 25235.00 25235.00 25205.00 25210.00 538.00
20171020  23:11:00 25210.00 25235.00 25210.00 25230.00 568.00
20171020  23:12:00 25230.00 25235.00 25220.00 25230.00 372.00
20171020  23:13:00 25230.00 25230.00 25190.00 25195.00 1156.00
20171020  23:14:00 25195.00 25200.00 25110.00 25110.00 3100.00
20171020  23:15:00 25115.00 25125.00 25100.00 25115.00 2680.00
20171020  23:16:00 25110.00 25115.00 25080.00 25105.00 3158.00
20171020  23:17:00 25105.00 25115.00 25055.00 25085.00 2588.00
20171020  23:18:00 25085.00 25125.00 25075.00 25115.00 1976.00
20171020  23:19:00 25115.00 25135.00 25090.00 25130.00 1420.00
20171020  23:20:00 25130.00 25135.00 25115.00 25125.00 934.00
20171020  23:21:00 25130.00 25145.00 25120.00 25145.00 712.00
20171020  23:22:00 25145.00 25155.00 25140.00 25150.00 1660.00
20171020  23:23:00 25150.00 25150.00 25135.00 25135.00 798.00
20171020  23:24:00 25130.00 25165.00 25130.00 25165.00 918.00
20171020  23:25:00 25170.00 25180.00 25165.00 25165.00 1454.00
20171020  23:26:00 25165.00 25175.00 25155.00 25160.00 456.00
20171020  23:27:00 25155.00 25195.00 25155.00 25185.00 1356.00
20171020  23:28:00 25180.00 25295.00 25180.00 25295.00 3846.00
20171020  23:29:00 25295.00 25300.00 25240.00 25245.00 2624.00
20171020  23:30:00 25240.00 25270.00 25235.00 25270.00 1384.00
20171020  23:31:00 25270.00 25270.00 25235.00 25235.00 972.00
20171020  23:32:00 25235.00 25240.00 25235.00 25235.00 378.00
20171020  23:33:00 25235.00 25240.00 25205.00 25210.00 1502.00
20171020  23:34:00 25210.00 25220.00 25205.00 25215.00 344.00
20171020  23:35:00 25215.00 25220.00 25205.00 25210.00 332.00
20171020  23:36:00 25205.00 25215.00 25205.00 25210.00 340.00
20171020  23:37:00 25205.00 25215.00 25195.00 25215.00 678.00
20171020  23:38:00 25215.00 25220.00 25205.00 25205.00 298.00
20171020  23:39:00 25210.00 25235.00 25200.00 25230.00 550.00
20171020  23:40:00 25230.00 25250.00 25230.00 25240.00 944.00
20171020  23:41:00 25240.00 25240.00 25220.00 25220.00 320.00
20171020  23:42:00 25220.00 25225.00 25200.00 25205.00 608.00
20171020  23:43:00 25200.00 25215.00 25195.00 25195.00 476.00
20171020  23:44:00 25190.00 25190.00 25175.00 25180.00 878.00
20171020  23:45:00 25180.00 25185.00 25165.00 25180.00 828.00
20171020  23:46:00 25180.00 25195.00 25175.00 25195.00 728.00
20171020  23:47:00 25195.00 25210.00 25190.00 25200.00 722.00
20171020  23:48:00 25205.00 25210.00 25195.00 25205.00 438.00
20171020  23:49:00 25205.00 25220.00 25200.00 25210.00 334.00
20171020  23:50:00 25215.00 25215.00 25180.00 25190.00 596.00
20171020  23:51:00 25190.00 25190.00 25165.00 25165.00 570.00
20171020  23:52:00 25165.00 25195.00 25165.00 25190.00 330.00
20171020  23:53:00 25190.00 25195.00 25175.00 25175.00 614.00
20171020  23:54:00 25175.00 25185.00 25170.00 25175.00 556.00
20171020  23:55:00 25175.00 25195.00 25170.00 25185.00 354.00
20171020  23:56:00 25185.00 25215.00 25180.00 25215.00 702.00
20171020  23:57:00 25215.00 25215.00 25205.00 25205.00 286.00
20171020  23:58:00 25205.00 25205.00 25190.00 25190.00 344.00
20171020  23:59:00 25190.00 25215.00 25190.00 25205.00 550.00
20171021  00:00:00 25210.00 25225.00 25200.00 25220.00 532.00
20171021  00:01:00 25225.00 25235.00 25220.00 25230.00 720.00
20171021  00:02:00 25230.00 25235.00 25220.00 25235.00 580.00
20171021  00:03:00 25235.00 25240.00 25230.00 25235.00 478.00
20171021  00:04:00 25235.00 25235.00 25220.00 25220.00 620.00
20171021  00:05:00 25220.00 25225.00 25215.00 25215.00 332.00
20171021  00:06:00 25215.00 25230.00 25215.00 25225.00 368.00
20171021  00:07:00 25225.00 25225.00 25225.00 25225.00  70.00
20171021  00:08:00 25225.00 25230.00 25220.00 25225.00 154.00
20171021  00:09:00 25225.00 25225.00 25215.00 25220.00 130.00
20171021  00:10:00 25220.00 25240.00 25215.00 25240.00 378.00
20171021  00:11:00 25240.00 25240.00 25225.00 25235.00 170.00
20171021  00:12:00 25235.00 25235.00 25225.00 25225.00  94.00
20171021  00:13:00 25225.00 25230.00 25220.00 25220.00  78.00
20171021  00:14:00 25220.00 25230.00 25220.00 25225.00 116.00
20171021  00:15:00 25225.00 25225.00 25195.00 25200.00 468.00
20171021  00:16:00 25200.00 25200.00 25190.00 25195.00 262.00
20171021  00:17:00 25200.00 25200.00 25190.00 25190.00 256.00
20171021  00:18:00 25190.00 25205.00 25190.00 25205.00 168.00
20171021  00:19:00 25205.00 25205.00 25195.00 25195.00  98.00
20171021  00:20:00 25195.00 25200.00 25190.00 25190.00 236.00
20171021  00:21:00 25190.00 25195.00 25185.00 25195.00 182.00
20171021  00:22:00 25200.00 25215.00 25200.00 25210.00 294.00
20171021  00:23:00 25210.00 25215.00 25205.00 25210.00 242.00
20171021  00:24:00 25210.00 25215.00 25205.00 25210.00  70.00
20171021  00:25:00 25210.00 25240.00 25205.00 25240.00 348.00
20171021  00:26:00 25240.00 25245.00 25230.00 25235.00 450.00
20171021  00:27:00 25235.00 25245.00 25235.00 25235.00 154.00
20171021  00:28:00 25235.00 25240.00 25235.00 25235.00 146.00
20171021  00:29:00 25235.00 25240.00 25230.00 25230.00 102.00
20171021  00:30:00 25230.00 25235.00 25230.00 25235.00  84.00
20171021  00:31:00 25240.00 25250.00 25230.00 25235.00 296.00
20171021  00:32:00 25235.00 25235.00 25230.00 25230.00  82.00
20171021  00:33:00 25230.00 25235.00 25225.00 25230.00 234.00
20171021  00:34:00 25230.00 25230.00 25225.00 25230.00  76.00
20171021  00:35:00 25230.00 25230.00 25225.00 25225.00  24.00
20171021  00:36:00 25225.00 25235.00 25225.00 25235.00  88.00
20171021  00:37:00 25235.00 25235.00 25230.00 25230.00  86.00
20171021  00:38:00 25230.00 25235.00 25230.00 25235.00 104.00
20171021  00:39:00 25235.00 25240.00 25225.00 25225.00 252.00
20171021  00:40:00 25230.00 25235.00 25230.00 25235.00  92.00
20171021  00:41:00 25235.00 25235.00 25230.00 25235.00  34.00
20171021  00:42:00 25235.00 25240.00 25235.00 25240.00 104.00
20171021  00:43:00 25240.00 25245.00 25235.00 25240.00 200.00
20171021  00:44:00 25240.00 25240.00 25240.00 25240.00 136.00
20171021  00:45:00 25240.00 25250.00 25240.00 25250.00 354.00
20171021  00:46:00 25250.00 25255.00 25245.00 25255.00 258.00
20171021  00:47:00 25255.00 25280.00 25250.00 25270.00 708.00
20171021  00:48:00 25275.00 25275.00 25260.00 25265.00 254.00
20171021  00:49:00 25260.00 25265.00 25255.00 25255.00 200.00
20171021  00:50:00 25255.00 25265.00 25255.00 25255.00  62.00
20171021  00:51:00 25255.00 25260.00 25255.00 25260.00 182.00
20171021  00:52:00 25260.00 25260.00 25250.00 25250.00 134.00
20171021  00:53:00 25250.00 25255.00 25245.00 25255.00 260.00
20171021  00:54:00 25255.00 25255.00 25245.00 25250.00 120.00
20171021  00:55:00 25245.00 25250.00 25245.00 25245.00 170.00
20171021  00:56:00 25245.00 25265.00 25240.00 25260.00 588.00
20171021  00:57:00 25255.00 25275.00 25250.00 25275.00 728.00
20171021  00:58:00 25275.00 25285.00 25265.00 25275.00 388.00
20171021  00:59:00 25265.00 25285.00 25265.00 25280.00 564.00
20171021  01:00:00 25280.00 25280.00 25280.00 25280.00   4.00
20171023  09:00:00 25285.00 25345.00 25275.00 25300.00 3576.00
20171023  09:01:00 25295.00 25305.00 25250.00 25295.00 1642.00
20171023  09:02:00 25295.00 25305.00 25255.00 25275.00 1432.00
20171023  09:03:00 25275.00 25280.00 25245.00 25280.00 768.00
20171023  09:04:00 25270.00 25280.00 25225.00 25240.00 1078.00
20171023  09:05:00 25245.00 25245.00 25225.00 25225.00 968.00
20171023  09:06:00 25225.00 25295.00 25220.00 25295.00 964.00
20171023  09:07:00 25290.00 25345.00 25290.00 25320.00 2312.00
20171023  09:08:00 25320.00 25385.00 25320.00 25350.00 2288.00
20171023  09:09:00 25350.00 25360.00 25335.00 25355.00 912.00
20171023  09:10:00 25355.00 25370.00 25355.00 25355.00 1340.00
20171023  09:11:00 25355.00 25360.00 25330.00 25350.00 858.00
20171023  09:12:00 25350.00 25370.00 25345.00 25360.00 826.00
20171023  09:13:00 25360.00 25360.00 25335.00 25340.00 566.00
20171023  09:14:00 25335.00 25440.00 25335.00 25440.00 1804.00
20171023  09:15:00 25440.00 25480.00 25420.00 25440.00 3546.00
20171023  09:16:00 25440.00 25485.00 25435.00 25460.00 1864.00
20171023  09:17:00 25465.00 25470.00 25425.00 25425.00 842.00
20171023  09:18:00 25420.00 25480.00 25420.00 25480.00 832.00
20171023  09:19:00 25480.00 25520.00 25460.00 25520.00 2534.00
20171023  09:20:00 25520.00 25550.00 25505.00 25525.00 3628.00
20171023  09:21:00 25520.00 25535.00 25510.00 25535.00 1444.00
20171023  09:22:00 25535.00 25535.00 25510.00 25520.00 1100.00
20171023  09:23:00 25520.00 25520.00 25490.00 25490.00 846.00
20171023  09:24:00 25500.00 25515.00 25485.00 25500.00 956.00
20171023  09:25:00 25500.00 25525.00 25495.00 25500.00 680.00
20171023  09:26:00 25500.00 25500.00 25480.00 25485.00 516.00
20171023  09:27:00 25490.00 25525.00 25480.00 25505.00 826.00
20171023  09:28:00 25505.00 25520.00 25500.00 25515.00 362.00
20171023  09:29:00 25510.00 25540.00 25500.00 25530.00 994.00
20171023  09:30:00 25535.00 25535.00 25490.00 25505.00 924.00
20171023  09:31:00 25505.00 25510.00 25495.00 25495.00 430.00
20171023  09:32:00 25495.00 25500.00 25480.00 25480.00 420.00
20171023  09:33:00 25480.00 25495.00 25480.00 25495.00 260.00
20171023  09:34:00 25495.00 25510.00 25475.00 25480.00 476.00
20171023  09:35:00 25480.00 25505.00 25480.00 25505.00 324.00
20171023  09:36:00 25505.00 25515.00 25490.00 25490.00 368.00
20171023  09:37:00 25490.00 25495.00 25480.00 25480.00 290.00
20171023  09:38:00 25480.00 25490.00 25470.00 25485.00 404.00
20171023  09:39:00 25490.00 25490.00 25465.00 25470.00 402.00
20171023  09:40:00 25470.00 25485.00 25470.00 25480.00 404.00
20171023  09:41:00 25480.00 25480.00 25460.00 25465.00 318.00
20171023  09:42:00 25465.00 25470.00 25455.00 25455.00 356.00
20171023  09:43:00 25455.00 25460.00 25445.00 25445.00 540.00
20171023  09:44:00 25445.00 25465.00 25445.00 25465.00 320.00
20171023  09:45:00 25465.00 25465.00 25445.00 25450.00 292.00
20171023  09:46:00 25445.00 25450.00 25430.00 25435.00 694.00
20171023  09:47:00 25430.00 25450.00 25425.00 25450.00 584.00
20171023  09:48:00 25450.00 25465.00 25445.00 25450.00 708.00
20171023  09:49:00 25450.00 25450.00 25440.00 25445.00 260.00
20171023  09:50:00 25445.00 25445.00 25425.00 25430.00 452.00
20171023  09:51:00 25425.00 25445.00 25420.00 25430.00 556.00
20171023  09:52:00 25430.00 25445.00 25430.00 25440.00 186.00
20171023  09:53:00 25440.00 25440.00 25435.00 25440.00  78.00
20171023  09:54:00 25435.00 25465.00 25435.00 25460.00 334.00
20171023  09:55:00 25460.00 25460.00 25440.00 25450.00 104.00
20171023  09:56:00 25450.00 25460.00 25445.00 25445.00 216.00
20171023  09:57:00 25445.00 25485.00 25445.00 25480.00 728.00
20171023  09:58:00 25480.00 25480.00 25455.00 25460.00 252.00
20171023  09:59:00 25455.00 25515.00 25455.00 25505.00 964.00
20171023  10:00:00 25505.00 25510.00 25480.00 25485.00 688.00
20171023  10:01:00 25485.00 25485.00 25460.00 25470.00 542.00
20171023  10:02:00 25470.00 25475.00 25455.00 25460.00 212.00
20171023  10:03:00 25460.00 25470.00 25450.00 25465.00 362.00
20171023  10:04:00 25465.00 25470.00 25445.00 25445.00 246.00
20171023  10:05:00 25445.00 25460.00 25445.00 25455.00 486.00
20171023  10:06:00 25455.00 25455.00 25445.00 25450.00 132.00
20171023  10:07:00 25450.00 25450.00 25440.00 25445.00 164.00
20171023  10:08:00 25445.00 25450.00 25440.00 25445.00 116.00
20171023  10:09:00 25440.00 25465.00 25440.00 25455.00 270.00
20171023  10:10:00 25455.00 25455.00 25450.00 25450.00  76.00
20171023  10:11:00 25455.00 25460.00 25450.00 25455.00  90.00
20171023  10:12:00 25455.00 25460.00 25445.00 25445.00  80.00
20171023  10:13:00 25445.00 25450.00 25440.00 25450.00 186.00
20171023  10:14:00 25450.00 25470.00 25450.00 25455.00 238.00
20171023  10:30:00 25460.00 25465.00 25420.00 25420.00 904.00
20171023  10:31:00 25425.00 25430.00 25420.00 25430.00 392.00
20171023  10:32:00 25430.00 25435.00 25405.00 25410.00 762.00
20171023  10:33:00 25415.00 25425.00 25415.00 25420.00 360.00
20171023  10:34:00 25420.00 25435.00 25420.00 25435.00 256.00
20171023  10:35:00 25425.00 25450.00 25425.00 25435.00 206.00
20171023  10:36:00 25435.00 25445.00 25435.00 25440.00 268.00
20171023  10:37:00 25440.00 25450.00 25435.00 25435.00 274.00
20171023  10:38:00 25440.00 25455.00 25435.00 25445.00 172.00
20171023  10:39:00 25445.00 25450.00 25430.00 25450.00 1002.00
20171023  10:40:00 25450.00 25455.00 25430.00 25455.00 642.00
20171023  10:41:00 25455.00 25455.00 25435.00 25440.00 482.00
20171023  10:42:00 25440.00 25445.00 25430.00 25435.00 236.00
20171023  10:43:00 25435.00 25440.00 25420.00 25420.00 414.00
20171023  10:44:00 25425.00 25435.00 25420.00 25430.00 162.00
20171023  10:45:00 25425.00 25440.00 25420.00 25420.00 338.00
20171023  10:46:00 25420.00 25435.00 25420.00 25425.00 212.00
20171023  10:47:00 25420.00 25440.00 25420.00 25430.00 160.00
20171023  10:48:00 25435.00 25435.00 25420.00 25420.00 118.00
20171023  10:49:00 25420.00 25435.00 25415.00 25425.00 148.00
20171023  10:50:00 25425.00 25455.00 25425.00 25440.00 436.00
20171023  10:51:00 25440.00 25450.00 25430.00 25430.00 166.00
20171023  10:52:00 25430.00 25440.00 25425.00 25430.00 126.00
20171023  10:53:00 25430.00 25450.00 25430.00 25450.00  92.00
20171023  10:54:00 25450.00 25450.00 25440.00 25440.00 108.00
20171023  10:55:00 25440.00 25440.00 25435.00 25440.00 120.00
20171023  10:56:00 25440.00 25445.00 25435.00 25440.00  72.00
20171023  10:57:00 25440.00 25440.00 25435.00 25440.00  44.00
20171023  10:58:00 25445.00 25445.00 25425.00 25430.00 260.00
20171023  10:59:00 25430.00 25455.00 25430.00 25450.00 258.00
20171023  11:00:00 25455.00 25480.00 25455.00 25470.00 680.00
20171023  11:01:00 25475.00 25475.00 25450.00 25455.00 190.00
20171023  11:02:00 25455.00 25455.00 25450.00 25455.00 150.00
20171023  11:03:00 25455.00 25460.00 25435.00 25450.00 276.00
20171023  11:04:00 25455.00 25455.00 25435.00 25440.00 188.00
20171023  11:05:00 25435.00 25445.00 25435.00 25445.00  30.00
20171023  11:06:00 25445.00 25450.00 25440.00 25450.00 114.00
20171023  11:07:00 25450.00 25450.00 25430.00 25440.00 344.00
20171023  11:08:00 25440.00 25440.00 25430.00 25440.00 128.00
20171023  11:09:00 25440.00 25445.00 25435.00 25445.00 120.00
20171023  11:10:00 25445.00 25445.00 25435.00 25440.00 332.00
20171023  11:11:00 25440.00 25450.00 25430.00 25435.00 952.00
20171023  11:12:00 25435.00 25440.00 25425.00 25425.00 260.00
20171023  11:13:00 25425.00 25430.00 25380.00 25395.00 1054.00
20171023  11:14:00 25395.00 25415.00 25380.00 25405.00 1020.00
20171023  11:15:00 25405.00 25420.00 25400.00 25400.00 492.00
20171023  11:16:00 25400.00 25410.00 25395.00 25405.00 500.00
20171023  11:17:00 25405.00 25415.00 25400.00 25410.00 282.00
20171023  11:18:00 25410.00 25420.00 25405.00 25420.00 122.00
20171023  11:19:00 25420.00 25425.00 25415.00 25420.00 262.00
20171023  11:20:00 25420.00 25420.00 25400.00 25400.00 400.00
20171023  11:21:00 25400.00 25410.00 25395.00 25405.00 214.00
20171023  11:22:00 25405.00 25410.00 25390.00 25395.00 554.00
20171023  11:23:00 25390.00 25405.00 25385.00 25400.00 176.00
20171023  11:24:00 25400.00 25410.00 25390.00 25405.00 306.00
20171023  11:25:00 25405.00 25415.00 25400.00 25415.00 106.00
20171023  11:26:00 25415.00 25420.00 25405.00 25415.00 246.00
20171023  11:27:00 25415.00 25420.00 25405.00 25405.00 126.00
20171023  11:28:00 25405.00 25420.00 25405.00 25415.00  86.00
20171023  11:29:00 25420.00 25435.00 25410.00 25425.00 464.00
20171023  13:30:00 25425.00 25445.00 25405.00 25415.00 574.00
20171023  13:31:00 25415.00 25420.00 25410.00 25415.00  66.00
20171023  13:32:00 25425.00 25430.00 25420.00 25430.00 270.00
20171023  13:33:00 25430.00 25445.00 25425.00 25445.00 330.00
20171023  13:34:00 25445.00 25475.00 25440.00 25465.00 776.00
20171023  13:35:00 25465.00 25470.00 25450.00 25450.00 416.00
20171023  13:36:00 25450.00 25450.00 25430.00 25450.00 818.00
20171023  13:37:00 25450.00 25450.00 25435.00 25440.00 450.00
20171023  13:38:00 25435.00 25470.00 25435.00 25470.00 688.00
20171023  13:39:00 25465.00 25470.00 25455.00 25465.00 356.00
20171023  13:40:00 25465.00 25490.00 25465.00 25465.00 1000.00
20171023  13:41:00 25465.00 25470.00 25455.00 25470.00 236.00
20171023  13:42:00 25470.00 25475.00 25465.00 25470.00 218.00
20171023  13:43:00 25470.00 25480.00 25470.00 25470.00 278.00
20171023  13:44:00 25470.00 25480.00 25455.00 25480.00 416.00
20171023  13:45:00 25480.00 25505.00 25475.00 25500.00 1100.00
20171023  13:46:00 25500.00 25525.00 25500.00 25505.00 1220.00
20171023  13:47:00 25505.00 25515.00 25495.00 25510.00 456.00
20171023  13:48:00 25510.00 25515.00 25495.00 25495.00 216.00
20171023  13:49:00 25495.00 25520.00 25495.00 25520.00 542.00
20171023  13:50:00 25515.00 25530.00 25505.00 25510.00 892.00
20171023  13:51:00 25515.00 25515.00 25495.00 25495.00 414.00
20171023  13:52:00 25495.00 25505.00 25495.00 25495.00 206.00
20171023  13:53:00 25495.00 25495.00 25480.00 25490.00 358.00
20171023  13:54:00 25490.00 25490.00 25475.00 25480.00 188.00
20171023  13:55:00 25480.00 25490.00 25480.00 25485.00 182.00
20171023  13:56:00 25485.00 25485.00 25450.00 25460.00 720.00
20171023  13:57:00 25460.00 25470.00 25455.00 25460.00 324.00
20171023  13:58:00 25460.00 25465.00 25450.00 25465.00 506.00
20171023  13:59:00 25465.00 25465.00 25440.00 25450.00 268.00
20171023  14:00:00 25450.00 25475.00 25435.00 25445.00 852.00
20171023  14:01:00 25445.00 25460.00 25440.00 25450.00 584.00
20171023  14:02:00 25450.00 25460.00 25450.00 25455.00 312.00
20171023  14:03:00 25455.00 25480.00 25455.00 25480.00 502.00
20171023  14:04:00 25475.00 25475.00 25455.00 25455.00 422.00
20171023  14:05:00 25455.00 25460.00 25450.00 25450.00 210.00
20171023  14:06:00 25450.00 25460.00 25440.00 25455.00 274.00
20171023  14:07:00 25455.00 25465.00 25450.00 25460.00 388.00
20171023  14:08:00 25460.00 25480.00 25460.00 25475.00 330.00
20171023  14:09:00 25475.00 25480.00 25465.00 25465.00 192.00
20171023  14:10:00 25465.00 25470.00 25450.00 25455.00 442.00
20171023  14:11:00 25455.00 25470.00 25455.00 25470.00 162.00
20171023  14:12:00 25470.00 25480.00 25470.00 25475.00 118.00
20171023  14:13:00 25480.00 25485.00 25470.00 25470.00 336.00
20171023  14:14:00 25470.00 25470.00 25430.00 25440.00 598.00
20171023  14:15:00 25445.00 25460.00 25430.00 25460.00 736.00
20171023  14:16:00 25460.00 25475.00 25460.00 25465.00 270.00
20171023  14:17:00 25465.00 25475.00 25445.00 25455.00 470.00
20171023  14:18:00 25455.00 25470.00 25450.00 25450.00 496.00
20171023  14:19:00 25450.00 25455.00 25440.00 25445.00 194.00
20171023  14:20:00 25440.00 25460.00 25440.00 25455.00 272.00
20171023  14:21:00 25455.00 25455.00 25445.00 25455.00 130.00
20171023  14:22:00 25460.00 25480.00 25455.00 25470.00 322.00
20171023  14:23:00 25470.00 25470.00 25465.00 25465.00  94.00
20171023  14:24:00 25465.00 25495.00 25465.00 25495.00 418.00
20171023  14:25:00 25495.00 25495.00 25475.00 25480.00 472.00
20171023  14:26:00 25480.00 25480.00 25465.00 25470.00 174.00
20171023  14:27:00 25470.00 25470.00 25455.00 25460.00 132.00
20171023  14:28:00 25460.00 25460.00 25455.00 25460.00  96.00
20171023  14:29:00 25455.00 25465.00 25455.00 25465.00 166.00
20171023  14:30:00 25460.00 25460.00 25450.00 25455.00 106.00
20171023  14:31:00 25455.00 25460.00 25450.00 25460.00 180.00
20171023  14:32:00 25460.00 25460.00 25455.00 25455.00  52.00
20171023  14:33:00 25455.00 25480.00 25455.00 25480.00 380.00
20171023  14:34:00 25480.00 25575.00 25480.00 25560.00 3990.00
20171023  14:35:00 25550.00 25555.00 25515.00 25530.00 1442.00
20171023  14:36:00 25525.00 25550.00 25525.00 25535.00 936.00
20171023  14:37:00 25535.00 25540.00 25530.00 25535.00 340.00
20171023  14:38:00 25535.00 25560.00 25535.00 25545.00 980.00
20171023  14:39:00 25545.00 25550.00 25525.00 25525.00 828.00
20171023  14:40:00 25525.00 25530.00 25490.00 25490.00 1130.00
20171023  14:41:00 25490.00 25500.00 25480.00 25485.00 726.00
20171023  14:42:00 25485.00 25490.00 25440.00 25440.00 1270.00
20171023  14:43:00 25445.00 25460.00 25440.00 25445.00 1066.00
20171023  14:44:00 25450.00 25465.00 25445.00 25465.00 434.00
20171023  14:45:00 25465.00 25480.00 25450.00 25455.00 654.00
20171023  14:46:00 25450.00 25475.00 25450.00 25470.00 480.00
20171023  14:47:00 25475.00 25475.00 25440.00 25440.00 642.00
20171023  14:48:00 25440.00 25450.00 25425.00 25430.00 1074.00
20171023  14:49:00 25435.00 25455.00 25430.00 25455.00 814.00
20171023  14:50:00 25455.00 25455.00 25445.00 25450.00 340.00
20171023  14:51:00 25450.00 25450.00 25435.00 25445.00 390.00
20171023  14:52:00 25445.00 25460.00 25440.00 25450.00 296.00
20171023  14:53:00 25455.00 25460.00 25440.00 25450.00 384.00
20171023  14:54:00 25450.00 25455.00 25445.00 25450.00 342.00
20171023  14:55:00 25450.00 25485.00 25450.00 25460.00 1072.00
20171023  14:56:00 25460.00 25465.00 25440.00 25445.00 726.00
20171023  14:57:00 25445.00 25450.00 25430.00 25435.00 736.00
20171023  14:58:00 25435.00 25445.00 25430.00 25435.00 960.00
20171023  14:59:00 25435.00 25445.00 25430.00 25430.00 1334.00
20171023  15:00:00 25430.00 25430.00 25430.00 25430.00   8.00
