20170223  21:00:00 23135.00 23155.00 23110.00 23135.00 5860.00
20170223  21:01:00 23130.00 23135.00 23100.00 23115.00 2440.00
20170223  21:02:00 23115.00 23125.00 23105.00 23105.00 1058.00
20170223  21:03:00 23105.00 23115.00 23095.00 23105.00 1738.00
20170223  21:04:00 23105.00 23110.00 23075.00 23075.00 1234.00
20170223  21:05:00 23075.00 23090.00 23060.00 23065.00 1580.00
20170223  21:06:00 23070.00 23075.00 23055.00 23065.00 2356.00
20170223  21:07:00 23065.00 23080.00 23060.00 23070.00 1586.00
20170223  21:08:00 23070.00 23080.00 23065.00 23080.00 1402.00
20170223  21:09:00 23075.00 23105.00 23065.00 23105.00 2602.00
20170223  21:10:00 23105.00 23120.00 23100.00 23100.00 1690.00
20170223  21:11:00 23095.00 23105.00 23095.00 23100.00 996.00
20170223  21:12:00 23100.00 23105.00 23090.00 23100.00 974.00
20170223  21:13:00 23095.00 23105.00 23090.00 23095.00 878.00
20170223  21:14:00 23095.00 23105.00 23090.00 23100.00 918.00
20170223  21:15:00 23100.00 23125.00 23090.00 23100.00 1624.00
20170223  21:16:00 23095.00 23100.00 23070.00 23080.00 2636.00
20170223  21:17:00 23080.00 23095.00 23080.00 23090.00 676.00
20170223  21:18:00 23090.00 23100.00 23090.00 23095.00 368.00
20170223  21:19:00 23095.00 23140.00 23090.00 23140.00 1652.00
20170223  21:20:00 23140.00 23170.00 23130.00 23150.00 2952.00
20170223  21:21:00 23150.00 23150.00 23125.00 23130.00 1102.00
20170223  21:22:00 23130.00 23135.00 23120.00 23125.00 682.00
20170223  21:23:00 23125.00 23140.00 23115.00 23120.00 1044.00
20170223  21:24:00 23120.00 23130.00 23115.00 23125.00 398.00
20170223  21:25:00 23125.00 23130.00 23120.00 23120.00 492.00
20170223  21:26:00 23125.00 23125.00 23110.00 23115.00 496.00
20170223  21:27:00 23110.00 23120.00 23090.00 23100.00 876.00
20170223  21:28:00 23100.00 23100.00 23075.00 23085.00 1032.00
20170223  21:29:00 23085.00 23090.00 23060.00 23065.00 1500.00
20170223  21:30:00 23065.00 23085.00 23065.00 23085.00 1196.00
20170223  21:31:00 23085.00 23095.00 23080.00 23090.00 988.00
20170223  21:32:00 23090.00 23090.00 23050.00 23050.00 2060.00
20170223  21:33:00 23050.00 23050.00 23020.00 23025.00 2480.00
20170223  21:34:00 23025.00 23055.00 23025.00 23045.00 1438.00
20170223  21:35:00 23045.00 23055.00 23025.00 23050.00 1662.00
20170223  21:36:00 23050.00 23050.00 23005.00 23020.00 1796.00
20170223  21:37:00 23015.00 23035.00 23015.00 23025.00 1510.00
20170223  21:38:00 23025.00 23035.00 23015.00 23015.00 970.00
20170223  21:39:00 23020.00 23030.00 23020.00 23025.00 912.00
20170223  21:40:00 23025.00 23025.00 22985.00 22990.00 3084.00
20170223  21:41:00 22990.00 23005.00 22985.00 23000.00 1456.00
20170223  21:42:00 23005.00 23010.00 22995.00 23000.00 752.00
20170223  21:43:00 23000.00 23025.00 23000.00 23020.00 1128.00
20170223  21:44:00 23015.00 23050.00 23015.00 23045.00 1716.00
20170223  21:45:00 23045.00 23050.00 23020.00 23030.00 1078.00
20170223  21:46:00 23030.00 23040.00 23030.00 23040.00 422.00
20170223  21:47:00 23040.00 23040.00 23025.00 23035.00 380.00
20170223  21:48:00 23030.00 23035.00 23000.00 23005.00 1138.00
20170223  21:49:00 23005.00 23005.00 22945.00 22950.00 3972.00
20170223  21:50:00 22950.00 22950.00 22900.00 22930.00 4452.00
20170223  21:51:00 22930.00 22930.00 22890.00 22895.00 2688.00
20170223  21:52:00 22895.00 22930.00 22895.00 22930.00 2050.00
20170223  21:53:00 22930.00 22935.00 22915.00 22930.00 1272.00
20170223  21:54:00 22930.00 22930.00 22880.00 22890.00 2058.00
20170223  21:55:00 22890.00 22895.00 22860.00 22880.00 2746.00
20170223  21:56:00 22885.00 22885.00 22855.00 22885.00 1864.00
20170223  21:57:00 22885.00 22910.00 22885.00 22900.00 1580.00
20170223  21:58:00 22900.00 22910.00 22895.00 22905.00 718.00
20170223  21:59:00 22900.00 22905.00 22895.00 22900.00 838.00
20170223  22:00:00 22900.00 22900.00 22855.00 22880.00 1964.00
20170223  22:01:00 22880.00 22915.00 22880.00 22915.00 1544.00
20170223  22:02:00 22915.00 22940.00 22910.00 22935.00 1932.00
20170223  22:03:00 22935.00 22950.00 22930.00 22940.00 1068.00
20170223  22:04:00 22935.00 22945.00 22925.00 22925.00 974.00
20170223  22:05:00 22925.00 22945.00 22925.00 22935.00 770.00
20170223  22:06:00 22935.00 22940.00 22920.00 22940.00 748.00
20170223  22:07:00 22940.00 22945.00 22935.00 22940.00 394.00
20170223  22:08:00 22940.00 22945.00 22930.00 22940.00 698.00
20170223  22:09:00 22940.00 22940.00 22920.00 22930.00 1102.00
20170223  22:10:00 22930.00 22930.00 22900.00 22900.00 1156.00
20170223  22:11:00 22900.00 22910.00 22875.00 22880.00 1244.00
20170223  22:12:00 22875.00 22900.00 22870.00 22895.00 1256.00
20170223  22:13:00 22895.00 22900.00 22855.00 22865.00 1494.00
20170223  22:14:00 22870.00 22890.00 22865.00 22875.00 1002.00
20170223  22:15:00 22875.00 22935.00 22825.00 22925.00 3760.00
20170223  22:16:00 22920.00 22940.00 22920.00 22925.00 1244.00
20170223  22:17:00 22925.00 22950.00 22925.00 22940.00 1078.00
20170223  22:18:00 22935.00 22955.00 22935.00 22940.00 1434.00
20170223  22:19:00 22940.00 22945.00 22920.00 22925.00 1072.00
20170223  22:20:00 22920.00 22930.00 22910.00 22910.00 1118.00
20170223  22:21:00 22915.00 22920.00 22900.00 22910.00 624.00
20170223  22:22:00 22910.00 22920.00 22885.00 22920.00 1236.00
20170223  22:23:00 22915.00 22930.00 22915.00 22925.00 518.00
20170223  22:24:00 22925.00 22940.00 22920.00 22940.00 554.00
20170223  22:25:00 22940.00 22945.00 22930.00 22940.00 834.00
20170223  22:26:00 22935.00 22955.00 22935.00 22940.00 1304.00
20170223  22:27:00 22940.00 22940.00 22935.00 22935.00 466.00
20170223  22:28:00 22935.00 22940.00 22925.00 22940.00 434.00
20170223  22:29:00 22940.00 22950.00 22935.00 22940.00 578.00
20170223  22:30:00 22940.00 22940.00 22915.00 22920.00 974.00
20170223  22:31:00 22915.00 22920.00 22895.00 22895.00 716.00
20170223  22:32:00 22895.00 22930.00 22895.00 22925.00 740.00
20170223  22:33:00 22925.00 22925.00 22915.00 22925.00 226.00
20170223  22:34:00 22925.00 22930.00 22905.00 22920.00 362.00
20170223  22:35:00 22920.00 22920.00 22895.00 22900.00 604.00
20170223  22:36:00 22900.00 22935.00 22895.00 22930.00 970.00
20170223  22:37:00 22930.00 22950.00 22930.00 22945.00 1298.00
20170223  22:38:00 22950.00 22975.00 22945.00 22965.00 2236.00
20170223  22:39:00 22960.00 22965.00 22945.00 22950.00 1106.00
20170223  22:40:00 22950.00 22960.00 22945.00 22955.00 594.00
20170223  22:41:00 22955.00 22955.00 22945.00 22950.00 342.00
20170223  22:42:00 22950.00 22955.00 22935.00 22950.00 634.00
20170223  22:43:00 22945.00 22955.00 22940.00 22945.00 380.00
20170223  22:44:00 22945.00 22945.00 22930.00 22935.00 730.00
20170223  22:45:00 22935.00 22935.00 22925.00 22930.00 712.00
20170223  22:46:00 22930.00 22955.00 22925.00 22955.00 590.00
20170223  22:47:00 22950.00 22960.00 22940.00 22945.00 838.00
20170223  22:48:00 22945.00 22945.00 22905.00 22905.00 1024.00
20170223  22:49:00 22905.00 22905.00 22885.00 22890.00 1658.00
20170223  22:50:00 22890.00 22890.00 22870.00 22885.00 1376.00
20170223  22:51:00 22890.00 22910.00 22885.00 22905.00 1030.00
20170223  22:52:00 22905.00 22910.00 22885.00 22900.00 788.00
20170223  22:53:00 22900.00 22925.00 22895.00 22920.00 1192.00
20170223  22:54:00 22915.00 22920.00 22915.00 22915.00 408.00
20170223  22:55:00 22910.00 22915.00 22900.00 22910.00 430.00
20170223  22:56:00 22910.00 22940.00 22910.00 22930.00 898.00
20170223  22:57:00 22930.00 22945.00 22925.00 22945.00 818.00
20170223  22:58:00 22945.00 22945.00 22930.00 22940.00 426.00
20170223  22:59:00 22935.00 22945.00 22930.00 22935.00 356.00
20170223  23:00:00 22935.00 22935.00 22920.00 22920.00 534.00
20170223  23:01:00 22920.00 22925.00 22910.00 22910.00 426.00
20170223  23:02:00 22910.00 22920.00 22875.00 22885.00 1540.00
20170223  23:03:00 22880.00 22895.00 22880.00 22890.00 800.00
20170223  23:04:00 22890.00 22890.00 22850.00 22850.00 2070.00
20170223  23:05:00 22845.00 22860.00 22815.00 22835.00 3712.00
20170223  23:06:00 22835.00 22850.00 22830.00 22835.00 1362.00
20170223  23:07:00 22835.00 22860.00 22830.00 22860.00 1142.00
20170223  23:08:00 22860.00 22865.00 22830.00 22835.00 1354.00
20170223  23:09:00 22840.00 22840.00 22815.00 22830.00 1372.00
20170223  23:10:00 22830.00 22835.00 22770.00 22770.00 3768.00
20170223  23:11:00 22770.00 22815.00 22770.00 22800.00 1986.00
20170223  23:12:00 22800.00 22810.00 22780.00 22805.00 1562.00
20170223  23:13:00 22800.00 22810.00 22785.00 22795.00 1200.00
20170223  23:14:00 22795.00 22795.00 22770.00 22790.00 1602.00
20170223  23:15:00 22790.00 22825.00 22785.00 22820.00 1878.00
20170223  23:16:00 22820.00 22830.00 22805.00 22810.00 1392.00
20170223  23:17:00 22810.00 22815.00 22800.00 22800.00 694.00
20170223  23:18:00 22800.00 22800.00 22750.00 22800.00 3266.00
20170223  23:19:00 22795.00 22805.00 22680.00 22735.00 6864.00
20170223  23:20:00 22730.00 22730.00 22675.00 22705.00 4620.00
20170223  23:21:00 22705.00 22705.00 22670.00 22670.00 2858.00
20170223  23:22:00 22670.00 22705.00 22640.00 22690.00 3128.00
20170223  23:23:00 22685.00 22700.00 22685.00 22700.00 1078.00
20170223  23:24:00 22700.00 22715.00 22685.00 22710.00 1774.00
20170223  23:25:00 22705.00 22710.00 22670.00 22685.00 2496.00
20170223  23:26:00 22690.00 22705.00 22670.00 22670.00 1326.00
20170223  23:27:00 22675.00 22705.00 22660.00 22695.00 1456.00
20170223  23:28:00 22695.00 22725.00 22690.00 22725.00 1260.00
20170223  23:29:00 22725.00 22725.00 22675.00 22675.00 1702.00
20170223  23:30:00 22675.00 22680.00 22615.00 22660.00 4218.00
20170223  23:31:00 22660.00 22695.00 22655.00 22665.00 2482.00
20170223  23:32:00 22660.00 22685.00 22660.00 22675.00 1148.00
20170223  23:33:00 22670.00 22685.00 22665.00 22675.00 800.00
20170223  23:34:00 22675.00 22690.00 22670.00 22685.00 994.00
20170223  23:35:00 22685.00 22685.00 22670.00 22670.00 1248.00
20170223  23:36:00 22670.00 22680.00 22640.00 22655.00 1770.00
20170223  23:37:00 22655.00 22670.00 22650.00 22655.00 1074.00
20170223  23:38:00 22655.00 22670.00 22650.00 22655.00 1136.00
20170223  23:39:00 22650.00 22660.00 22640.00 22650.00 1198.00
20170223  23:40:00 22650.00 22650.00 22595.00 22595.00 3814.00
20170223  23:41:00 22595.00 22620.00 22585.00 22590.00 2850.00
20170223  23:42:00 22595.00 22610.00 22570.00 22590.00 1940.00
20170223  23:43:00 22595.00 22605.00 22585.00 22585.00 1312.00
20170223  23:44:00 22585.00 22590.00 22555.00 22570.00 2588.00
20170223  23:45:00 22580.00 22580.00 22565.00 22570.00 1458.00
20170223  23:46:00 22570.00 22570.00 22520.00 22535.00 3548.00
20170223  23:47:00 22535.00 22575.00 22525.00 22565.00 2110.00
20170223  23:48:00 22570.00 22570.00 22550.00 22565.00 1934.00
20170223  23:49:00 22565.00 22595.00 22560.00 22590.00 2070.00
20170223  23:50:00 22590.00 22605.00 22580.00 22595.00 1310.00
20170223  23:51:00 22595.00 22595.00 22585.00 22590.00 1228.00
20170223  23:52:00 22590.00 22595.00 22580.00 22580.00 986.00
20170223  23:53:00 22585.00 22605.00 22580.00 22600.00 1066.00
20170223  23:54:00 22605.00 22605.00 22585.00 22585.00 778.00
20170223  23:55:00 22585.00 22600.00 22580.00 22600.00 1278.00
20170223  23:56:00 22600.00 22610.00 22590.00 22600.00 1522.00
20170223  23:57:00 22600.00 22600.00 22570.00 22585.00 1432.00
20170223  23:58:00 22580.00 22585.00 22555.00 22580.00 1352.00
20170223  23:59:00 22585.00 22610.00 22570.00 22585.00 1286.00
20170224  00:00:00 22580.00 22610.00 22575.00 22595.00 1534.00
20170224  00:01:00 22595.00 22620.00 22595.00 22605.00 1530.00
20170224  00:02:00 22605.00 22610.00 22590.00 22590.00 1182.00
20170224  00:03:00 22585.00 22595.00 22575.00 22595.00 1080.00
20170224  00:04:00 22585.00 22605.00 22550.00 22565.00 2042.00
20170224  00:05:00 22570.00 22585.00 22545.00 22565.00 1426.00
20170224  00:06:00 22570.00 22590.00 22560.00 22580.00 954.00
20170224  00:07:00 22575.00 22585.00 22565.00 22575.00 850.00
20170224  00:08:00 22575.00 22580.00 22545.00 22555.00 1260.00
20170224  00:09:00 22555.00 22570.00 22540.00 22560.00 1120.00
20170224  00:10:00 22560.00 22565.00 22550.00 22555.00 358.00
20170224  00:11:00 22555.00 22555.00 22510.00 22545.00 1940.00
20170224  00:12:00 22545.00 22545.00 22515.00 22530.00 1554.00
20170224  00:13:00 22540.00 22555.00 22530.00 22550.00 1076.00
20170224  00:14:00 22550.00 22555.00 22530.00 22550.00 1352.00
20170224  00:15:00 22550.00 22550.00 22515.00 22540.00 1004.00
20170224  00:16:00 22540.00 22545.00 22525.00 22535.00 634.00
20170224  00:17:00 22535.00 22545.00 22530.00 22540.00 456.00
20170224  00:18:00 22540.00 22540.00 22515.00 22520.00 792.00
20170224  00:19:00 22525.00 22530.00 22485.00 22495.00 1876.00
20170224  00:20:00 22490.00 22500.00 22465.00 22485.00 2024.00
20170224  00:21:00 22490.00 22510.00 22480.00 22505.00 1720.00
20170224  00:22:00 22510.00 22535.00 22505.00 22530.00 1612.00
20170224  00:23:00 22535.00 22535.00 22525.00 22525.00 936.00
20170224  00:24:00 22525.00 22535.00 22520.00 22530.00 852.00
20170224  00:25:00 22530.00 22530.00 22515.00 22520.00 582.00
20170224  00:26:00 22515.00 22535.00 22505.00 22510.00 1250.00
20170224  00:27:00 22510.00 22520.00 22505.00 22505.00 560.00
20170224  00:28:00 22505.00 22525.00 22485.00 22510.00 1152.00
20170224  00:29:00 22520.00 22545.00 22515.00 22540.00 1504.00
20170224  00:30:00 22540.00 22545.00 22525.00 22545.00 1016.00
20170224  00:31:00 22545.00 22550.00 22530.00 22540.00 1090.00
20170224  00:32:00 22540.00 22550.00 22530.00 22535.00 812.00
20170224  00:33:00 22535.00 22535.00 22520.00 22530.00 656.00
20170224  00:34:00 22525.00 22535.00 22505.00 22505.00 1172.00
20170224  00:35:00 22505.00 22535.00 22505.00 22520.00 750.00
20170224  00:36:00 22520.00 22535.00 22515.00 22525.00 474.00
20170224  00:37:00 22525.00 22535.00 22515.00 22525.00 514.00
20170224  00:38:00 22525.00 22535.00 22525.00 22535.00 614.00
20170224  00:39:00 22530.00 22530.00 22520.00 22520.00 414.00
20170224  00:40:00 22520.00 22530.00 22520.00 22525.00 392.00
20170224  00:41:00 22525.00 22545.00 22525.00 22535.00 726.00
20170224  00:42:00 22540.00 22545.00 22525.00 22540.00 878.00
20170224  00:43:00 22540.00 22545.00 22530.00 22535.00 688.00
20170224  00:44:00 22535.00 22540.00 22515.00 22515.00 614.00
20170224  00:45:00 22515.00 22530.00 22515.00 22525.00 548.00
20170224  00:46:00 22525.00 22525.00 22515.00 22520.00 328.00
20170224  00:47:00 22520.00 22525.00 22515.00 22520.00 244.00
20170224  00:48:00 22525.00 22525.00 22520.00 22520.00 294.00
20170224  00:49:00 22520.00 22520.00 22505.00 22520.00 980.00
20170224  00:50:00 22520.00 22535.00 22515.00 22525.00 1082.00
20170224  00:51:00 22525.00 22525.00 22500.00 22510.00 640.00
20170224  00:52:00 22510.00 22520.00 22510.00 22510.00 260.00
20170224  00:53:00 22510.00 22515.00 22505.00 22515.00 422.00
20170224  00:54:00 22515.00 22515.00 22500.00 22510.00 566.00
20170224  00:55:00 22515.00 22520.00 22510.00 22515.00 640.00
20170224  00:56:00 22515.00 22515.00 22500.00 22505.00 578.00
20170224  00:57:00 22510.00 22515.00 22505.00 22515.00 486.00
20170224  00:58:00 22515.00 22530.00 22505.00 22530.00 650.00
20170224  00:59:00 22520.00 22530.00 22495.00 22495.00 1446.00
20170224  01:00:00 22500.00 22500.00 22500.00 22500.00  10.00
20170224  09:00:00 22510.00 22555.00 22480.00 22535.00 3374.00
20170224  09:01:00 22535.00 22595.00 22535.00 22595.00 2640.00
20170224  09:02:00 22595.00 22615.00 22585.00 22610.00 3190.00
20170224  09:03:00 22605.00 22615.00 22585.00 22595.00 1658.00
20170224  09:04:00 22595.00 22605.00 22575.00 22575.00 1564.00
20170224  09:05:00 22575.00 22610.00 22575.00 22605.00 1472.00
20170224  09:06:00 22610.00 22625.00 22565.00 22575.00 2262.00
20170224  09:07:00 22575.00 22605.00 22575.00 22590.00 1436.00
20170224  09:08:00 22595.00 22600.00 22580.00 22590.00 1446.00
20170224  09:09:00 22600.00 22605.00 22580.00 22580.00 740.00
20170224  09:10:00 22585.00 22620.00 22580.00 22620.00 964.00
20170224  09:11:00 22625.00 22645.00 22620.00 22645.00 2512.00
20170224  09:12:00 22635.00 22665.00 22630.00 22635.00 2542.00
20170224  09:13:00 22635.00 22655.00 22630.00 22640.00 1156.00
20170224  09:14:00 22640.00 22655.00 22640.00 22655.00 1122.00
20170224  09:15:00 22655.00 22660.00 22645.00 22650.00 1294.00
20170224  09:16:00 22650.00 22655.00 22630.00 22640.00 1552.00
20170224  09:17:00 22640.00 22650.00 22635.00 22640.00 668.00
20170224  09:18:00 22645.00 22650.00 22630.00 22630.00 466.00
20170224  09:19:00 22635.00 22635.00 22615.00 22630.00 1324.00
20170224  09:20:00 22630.00 22635.00 22600.00 22600.00 1242.00
20170224  09:21:00 22605.00 22615.00 22595.00 22610.00 1208.00
20170224  09:22:00 22610.00 22620.00 22605.00 22615.00 614.00
20170224  09:23:00 22615.00 22620.00 22605.00 22615.00 492.00
20170224  09:24:00 22620.00 22625.00 22615.00 22620.00 492.00
20170224  09:25:00 22620.00 22625.00 22600.00 22600.00 1022.00
20170224  09:26:00 22600.00 22620.00 22595.00 22615.00 816.00
20170224  09:27:00 22615.00 22615.00 22595.00 22595.00 636.00
20170224  09:28:00 22595.00 22605.00 22580.00 22600.00 1280.00
20170224  09:29:00 22600.00 22620.00 22595.00 22600.00 1256.00
20170224  09:30:00 22600.00 22600.00 22575.00 22580.00 1470.00
20170224  09:31:00 22580.00 22610.00 22580.00 22605.00 1112.00
20170224  09:32:00 22610.00 22635.00 22600.00 22625.00 1520.00
20170224  09:33:00 22625.00 22650.00 22610.00 22650.00 1324.00
20170224  09:34:00 22645.00 22650.00 22630.00 22645.00 954.00
20170224  09:35:00 22645.00 22650.00 22640.00 22645.00 894.00
20170224  09:36:00 22640.00 22650.00 22635.00 22640.00 848.00
20170224  09:37:00 22635.00 22655.00 22635.00 22655.00 754.00
20170224  09:38:00 22655.00 22655.00 22630.00 22630.00 496.00
20170224  09:39:00 22635.00 22645.00 22630.00 22635.00 314.00
20170224  09:40:00 22635.00 22640.00 22630.00 22630.00 278.00
20170224  09:41:00 22630.00 22655.00 22630.00 22655.00 758.00
20170224  09:42:00 22655.00 22660.00 22640.00 22650.00 824.00
20170224  09:43:00 22650.00 22655.00 22645.00 22650.00 238.00
20170224  09:44:00 22650.00 22650.00 22640.00 22640.00 150.00
20170224  09:45:00 22640.00 22650.00 22635.00 22645.00 668.00
20170224  09:46:00 22645.00 22665.00 22645.00 22655.00 1040.00
20170224  09:47:00 22655.00 22665.00 22650.00 22655.00 528.00
20170224  09:48:00 22655.00 22655.00 22645.00 22650.00 590.00
20170224  09:49:00 22650.00 22650.00 22645.00 22650.00 348.00
20170224  09:50:00 22650.00 22650.00 22640.00 22640.00 370.00
20170224  09:51:00 22640.00 22650.00 22630.00 22645.00 762.00
20170224  09:52:00 22650.00 22660.00 22650.00 22650.00 522.00
20170224  09:53:00 22650.00 22675.00 22650.00 22670.00 792.00
20170224  09:54:00 22670.00 22675.00 22660.00 22675.00 994.00
20170224  09:55:00 22675.00 22680.00 22660.00 22660.00 822.00
20170224  09:56:00 22660.00 22660.00 22650.00 22650.00 504.00
20170224  09:57:00 22650.00 22655.00 22650.00 22655.00 100.00
20170224  09:58:00 22655.00 22660.00 22650.00 22660.00 316.00
20170224  09:59:00 22660.00 22660.00 22645.00 22650.00 870.00
20170224  10:00:00 22645.00 22665.00 22640.00 22650.00 852.00
20170224  10:01:00 22655.00 22660.00 22650.00 22655.00 214.00
20170224  10:02:00 22655.00 22665.00 22650.00 22655.00 646.00
20170224  10:03:00 22655.00 22660.00 22650.00 22655.00 296.00
20170224  10:04:00 22655.00 22660.00 22655.00 22655.00 236.00
20170224  10:05:00 22655.00 22665.00 22655.00 22665.00 272.00
20170224  10:06:00 22665.00 22665.00 22655.00 22660.00 212.00
20170224  10:07:00 22660.00 22685.00 22660.00 22675.00 746.00
20170224  10:08:00 22680.00 22680.00 22650.00 22660.00 1034.00
20170224  10:09:00 22655.00 22655.00 22645.00 22645.00 570.00
20170224  10:10:00 22645.00 22650.00 22645.00 22645.00 394.00
20170224  10:11:00 22645.00 22650.00 22625.00 22625.00 788.00
20170224  10:12:00 22630.00 22635.00 22620.00 22625.00 748.00
20170224  10:13:00 22625.00 22635.00 22620.00 22630.00 716.00
20170224  10:14:00 22630.00 22630.00 22600.00 22615.00 1272.00
20170224  10:30:00 22615.00 22625.00 22605.00 22610.00 2522.00
20170224  10:31:00 22610.00 22615.00 22605.00 22610.00 772.00
20170224  10:32:00 22610.00 22620.00 22605.00 22615.00 642.00
20170224  10:33:00 22615.00 22620.00 22610.00 22620.00 452.00
20170224  10:34:00 22620.00 22620.00 22610.00 22620.00 246.00
20170224  10:35:00 22620.00 22625.00 22615.00 22625.00 354.00
20170224  10:36:00 22625.00 22625.00 22620.00 22625.00 526.00
20170224  10:37:00 22625.00 22625.00 22610.00 22615.00 716.00
20170224  10:38:00 22620.00 22625.00 22620.00 22625.00 378.00
20170224  10:39:00 22625.00 22625.00 22615.00 22620.00 352.00
20170224  10:40:00 22620.00 22625.00 22615.00 22620.00 474.00
20170224  10:41:00 22620.00 22620.00 22615.00 22620.00 184.00
20170224  10:42:00 22620.00 22630.00 22620.00 22625.00 390.00
20170224  10:43:00 22620.00 22630.00 22620.00 22625.00 294.00
20170224  10:44:00 22625.00 22630.00 22620.00 22620.00 630.00
20170224  10:45:00 22620.00 22635.00 22620.00 22635.00 588.00
20170224  10:46:00 22635.00 22650.00 22630.00 22650.00 1136.00
20170224  10:47:00 22650.00 22655.00 22640.00 22650.00 736.00
20170224  10:48:00 22650.00 22650.00 22640.00 22645.00 738.00
20170224  10:49:00 22645.00 22655.00 22645.00 22650.00 502.00
20170224  10:50:00 22650.00 22665.00 22645.00 22650.00 968.00
20170224  10:51:00 22655.00 22660.00 22650.00 22655.00 410.00
20170224  10:52:00 22650.00 22660.00 22645.00 22655.00 598.00
20170224  10:53:00 22655.00 22655.00 22650.00 22650.00 154.00
20170224  10:54:00 22650.00 22655.00 22645.00 22645.00 570.00
20170224  10:55:00 22645.00 22655.00 22640.00 22650.00 782.00
20170224  10:56:00 22650.00 22655.00 22640.00 22645.00 340.00
20170224  10:57:00 22645.00 22655.00 22645.00 22650.00 294.00
20170224  10:58:00 22650.00 22660.00 22650.00 22660.00 388.00
20170224  10:59:00 22655.00 22660.00 22650.00 22655.00 346.00
20170224  11:00:00 22655.00 22670.00 22655.00 22665.00 526.00
20170224  11:01:00 22665.00 22675.00 22660.00 22660.00 754.00
20170224  11:02:00 22660.00 22660.00 22650.00 22650.00 694.00
20170224  11:03:00 22650.00 22655.00 22635.00 22645.00 1490.00
20170224  11:04:00 22645.00 22650.00 22640.00 22645.00 500.00
20170224  11:05:00 22645.00 22655.00 22640.00 22650.00 318.00
20170224  11:06:00 22650.00 22650.00 22630.00 22635.00 480.00
20170224  11:07:00 22635.00 22640.00 22630.00 22635.00 538.00
20170224  11:08:00 22635.00 22635.00 22620.00 22620.00 678.00
20170224  11:09:00 22620.00 22630.00 22620.00 22625.00 432.00
20170224  11:10:00 22625.00 22645.00 22625.00 22630.00 976.00
20170224  11:11:00 22630.00 22635.00 22630.00 22635.00 208.00
20170224  11:12:00 22635.00 22650.00 22635.00 22645.00 446.00
20170224  11:13:00 22645.00 22645.00 22635.00 22640.00 242.00
20170224  11:14:00 22645.00 22650.00 22645.00 22650.00 454.00
20170224  11:15:00 22650.00 22660.00 22645.00 22655.00 1142.00
20170224  11:16:00 22655.00 22655.00 22645.00 22650.00 654.00
20170224  11:17:00 22650.00 22655.00 22645.00 22650.00 122.00
20170224  11:18:00 22650.00 22655.00 22650.00 22650.00 144.00
20170224  11:19:00 22650.00 22660.00 22650.00 22660.00 346.00
20170224  11:20:00 22655.00 22660.00 22655.00 22660.00 400.00
20170224  11:21:00 22660.00 22660.00 22655.00 22655.00  74.00
20170224  11:22:00 22655.00 22665.00 22655.00 22660.00 548.00
20170224  11:23:00 22665.00 22670.00 22660.00 22670.00 462.00
20170224  11:24:00 22670.00 22675.00 22660.00 22665.00 724.00
20170224  11:25:00 22665.00 22680.00 22665.00 22670.00 784.00
20170224  11:26:00 22665.00 22675.00 22660.00 22675.00 336.00
20170224  11:27:00 22675.00 22690.00 22670.00 22690.00 1170.00
20170224  11:28:00 22690.00 22720.00 22690.00 22705.00 2078.00
20170224  11:29:00 22705.00 22730.00 22700.00 22725.00 1424.00
20170224  13:30:00 22720.00 22750.00 22720.00 22735.00 2670.00
20170224  13:31:00 22735.00 22760.00 22720.00 22755.00 1642.00
20170224  13:32:00 22755.00 22760.00 22740.00 22750.00 1494.00
20170224  13:33:00 22750.00 22765.00 22745.00 22750.00 982.00
20170224  13:34:00 22750.00 22750.00 22735.00 22740.00 834.00
20170224  13:35:00 22740.00 22755.00 22740.00 22755.00 810.00
20170224  13:36:00 22755.00 22775.00 22745.00 22775.00 1982.00
20170224  13:37:00 22770.00 22780.00 22765.00 22765.00 936.00
20170224  13:38:00 22775.00 22775.00 22750.00 22760.00 1236.00
20170224  13:39:00 22755.00 22765.00 22755.00 22755.00 754.00
20170224  13:40:00 22755.00 22765.00 22745.00 22750.00 1112.00
20170224  13:41:00 22750.00 22755.00 22730.00 22740.00 1256.00
20170224  13:42:00 22740.00 22745.00 22735.00 22735.00 534.00
20170224  13:43:00 22735.00 22765.00 22735.00 22750.00 1260.00
20170224  13:44:00 22750.00 22760.00 22740.00 22760.00 520.00
20170224  13:45:00 22755.00 22775.00 22745.00 22775.00 1458.00
20170224  13:46:00 22775.00 22825.00 22775.00 22810.00 4240.00
20170224  13:47:00 22810.00 22825.00 22800.00 22815.00 1958.00
20170224  13:48:00 22810.00 22810.00 22795.00 22805.00 824.00
20170224  13:49:00 22805.00 22820.00 22800.00 22805.00 906.00
20170224  13:50:00 22805.00 22810.00 22790.00 22795.00 1184.00
20170224  13:51:00 22795.00 22810.00 22795.00 22805.00 644.00
20170224  13:52:00 22810.00 22815.00 22800.00 22805.00 580.00
20170224  13:53:00 22805.00 22805.00 22795.00 22795.00 1032.00
20170224  13:54:00 22795.00 22815.00 22790.00 22815.00 856.00
20170224  13:55:00 22815.00 22825.00 22800.00 22805.00 1508.00
20170224  13:56:00 22805.00 22825.00 22800.00 22815.00 968.00
20170224  13:57:00 22815.00 22825.00 22810.00 22810.00 456.00
20170224  13:58:00 22815.00 22845.00 22815.00 22840.00 1378.00
20170224  13:59:00 22840.00 22840.00 22825.00 22830.00 1052.00
20170224  14:00:00 22825.00 22830.00 22805.00 22820.00 1530.00
20170224  14:01:00 22820.00 22820.00 22810.00 22820.00 444.00
20170224  14:02:00 22825.00 22825.00 22810.00 22810.00 556.00
20170224  14:03:00 22810.00 22825.00 22810.00 22815.00 484.00
20170224  14:04:00 22820.00 22820.00 22805.00 22820.00 838.00
20170224  14:05:00 22820.00 22820.00 22795.00 22795.00 904.00
20170224  14:06:00 22795.00 22810.00 22790.00 22800.00 1684.00
20170224  14:07:00 22795.00 22805.00 22795.00 22795.00 760.00
20170224  14:08:00 22795.00 22800.00 22785.00 22785.00 550.00
20170224  14:09:00 22790.00 22795.00 22785.00 22790.00 484.00
20170224  14:10:00 22790.00 22800.00 22785.00 22795.00 802.00
20170224  14:11:00 22795.00 22810.00 22795.00 22800.00 1082.00
20170224  14:12:00 22800.00 22805.00 22790.00 22795.00 698.00
20170224  14:13:00 22795.00 22795.00 22780.00 22785.00 570.00
20170224  14:14:00 22785.00 22795.00 22780.00 22790.00 818.00
20170224  14:15:00 22795.00 22805.00 22790.00 22795.00 952.00
20170224  14:16:00 22795.00 22800.00 22790.00 22790.00 370.00
20170224  14:17:00 22790.00 22795.00 22790.00 22790.00 134.00
20170224  14:18:00 22790.00 22795.00 22785.00 22790.00 286.00
20170224  14:19:00 22790.00 22805.00 22790.00 22805.00 440.00
20170224  14:20:00 22805.00 22810.00 22805.00 22810.00 622.00
20170224  14:21:00 22810.00 22820.00 22805.00 22815.00 594.00
20170224  14:22:00 22815.00 22820.00 22800.00 22805.00 554.00
20170224  14:23:00 22805.00 22810.00 22805.00 22805.00 168.00
20170224  14:24:00 22805.00 22815.00 22800.00 22800.00 454.00
20170224  14:25:00 22800.00 22805.00 22795.00 22800.00 576.00
20170224  14:26:00 22800.00 22820.00 22800.00 22815.00 836.00
20170224  14:27:00 22815.00 22815.00 22805.00 22815.00 1008.00
20170224  14:28:00 22820.00 22820.00 22815.00 22815.00 404.00
20170224  14:29:00 22815.00 22820.00 22785.00 22785.00 1228.00
20170224  14:30:00 22785.00 22820.00 22785.00 22815.00 1084.00
20170224  14:31:00 22820.00 22820.00 22805.00 22810.00 512.00
20170224  14:32:00 22810.00 22815.00 22810.00 22815.00 448.00
20170224  14:33:00 22815.00 22815.00 22805.00 22805.00 380.00
20170224  14:34:00 22805.00 22815.00 22805.00 22810.00 254.00
20170224  14:35:00 22810.00 22850.00 22810.00 22835.00 1998.00
20170224  14:36:00 22835.00 22845.00 22825.00 22840.00 918.00
20170224  14:37:00 22845.00 22845.00 22825.00 22840.00 770.00
20170224  14:38:00 22840.00 22850.00 22835.00 22850.00 916.00
20170224  14:39:00 22850.00 22915.00 22850.00 22905.00 4316.00
20170224  14:40:00 22905.00 22915.00 22895.00 22900.00 1716.00
20170224  14:41:00 22900.00 22900.00 22885.00 22895.00 1162.00
20170224  14:42:00 22895.00 22905.00 22885.00 22905.00 1538.00
20170224  14:43:00 22900.00 22905.00 22885.00 22900.00 1480.00
20170224  14:44:00 22900.00 22910.00 22895.00 22905.00 862.00
20170224  14:45:00 22900.00 22930.00 22900.00 22915.00 2802.00
20170224  14:46:00 22915.00 22920.00 22905.00 22910.00 1096.00
20170224  14:47:00 22910.00 22920.00 22905.00 22905.00 590.00
20170224  14:48:00 22905.00 22930.00 22890.00 22930.00 1432.00
20170224  14:49:00 22930.00 23000.00 22925.00 22975.00 4862.00
20170224  14:50:00 22980.00 22995.00 22970.00 22985.00 1774.00
20170224  14:51:00 22985.00 23005.00 22980.00 22990.00 1920.00
20170224  14:52:00 22990.00 22995.00 22950.00 22960.00 2030.00
20170224  14:53:00 22955.00 22960.00 22940.00 22950.00 1360.00
20170224  14:54:00 22950.00 22960.00 22930.00 22940.00 1412.00
20170224  14:55:00 22940.00 22940.00 22925.00 22930.00 1198.00
20170224  14:56:00 22930.00 22930.00 22900.00 22920.00 1710.00
20170224  14:57:00 22920.00 22925.00 22910.00 22915.00 988.00
20170224  14:58:00 22910.00 22920.00 22900.00 22920.00 1570.00
20170224  14:59:00 22915.00 22925.00 22905.00 22925.00 2292.00
20170224  15:00:00 22925.00 22925.00 22925.00 22925.00  10.00
