20141217  21:00:00 16200.00 16200.00 16165.00 16190.00 5464.00
20141217  21:01:00 16185.00 16195.00 16180.00 16195.00 1208.00
20141217  21:02:00 16195.00 16195.00 16185.00 16190.00 1210.00
20141217  21:03:00 16190.00 16195.00 16180.00 16185.00 848.00
20141217  21:04:00 16185.00 16210.00 16185.00 16205.00 1986.00
20141217  21:05:00 16205.00 16215.00 16195.00 16200.00 1324.00
20141217  21:06:00 16195.00 16210.00 16180.00 16200.00 2104.00
20141217  21:07:00 16200.00 16205.00 16195.00 16195.00 996.00
20141217  21:08:00 16195.00 16195.00 16185.00 16190.00 1358.00
20141217  21:09:00 16185.00 16190.00 16175.00 16175.00 1812.00
20141217  21:10:00 16175.00 16185.00 16175.00 16180.00 1072.00
20141217  21:11:00 16185.00 16190.00 16180.00 16185.00 1106.00
20141217  21:12:00 16185.00 16195.00 16180.00 16195.00 728.00
20141217  21:13:00 16195.00 16200.00 16190.00 16190.00 678.00
20141217  21:14:00 16190.00 16200.00 16185.00 16190.00 462.00
20141217  21:15:00 16195.00 16200.00 16195.00 16200.00 260.00
20141217  21:16:00 16200.00 16210.00 16195.00 16200.00 1500.00
20141217  21:17:00 16205.00 16210.00 16200.00 16205.00 1140.00
20141217  21:18:00 16205.00 16215.00 16200.00 16210.00 836.00
20141217  21:19:00 16210.00 16220.00 16205.00 16215.00 734.00
20141217  21:20:00 16215.00 16215.00 16200.00 16210.00 1196.00
20141217  21:21:00 16210.00 16210.00 16200.00 16205.00 452.00
20141217  21:22:00 16200.00 16205.00 16200.00 16200.00 122.00
20141217  21:23:00 16200.00 16200.00 16190.00 16190.00 808.00
20141217  21:24:00 16190.00 16200.00 16185.00 16185.00 892.00
20141217  21:25:00 16185.00 16190.00 16180.00 16185.00 752.00
20141217  21:26:00 16185.00 16190.00 16185.00 16190.00 182.00
20141217  21:27:00 16190.00 16200.00 16190.00 16200.00 212.00
20141217  21:28:00 16200.00 16205.00 16190.00 16195.00 638.00
20141217  21:29:00 16195.00 16200.00 16190.00 16195.00 388.00
20141217  21:30:00 16190.00 16195.00 16190.00 16190.00 416.00
20141217  21:31:00 16190.00 16195.00 16190.00 16190.00 344.00
20141217  21:32:00 16190.00 16195.00 16185.00 16190.00 286.00
20141217  21:33:00 16190.00 16195.00 16180.00 16185.00 468.00
20141217  21:34:00 16185.00 16190.00 16180.00 16185.00 376.00
20141217  21:35:00 16185.00 16190.00 16185.00 16185.00 386.00
20141217  21:36:00 16185.00 16190.00 16175.00 16175.00 2056.00
20141217  21:37:00 16175.00 16190.00 16170.00 16185.00 840.00
20141217  21:38:00 16185.00 16195.00 16180.00 16180.00 872.00
20141217  21:39:00 16180.00 16190.00 16180.00 16190.00 604.00
20141217  21:40:00 16190.00 16195.00 16175.00 16185.00 652.00
20141217  21:41:00 16185.00 16185.00 16180.00 16185.00 138.00
20141217  21:42:00 16185.00 16190.00 16180.00 16180.00 172.00
20141217  21:43:00 16180.00 16190.00 16180.00 16180.00 282.00
20141217  21:44:00 16180.00 16185.00 16175.00 16180.00 242.00
20141217  21:45:00 16185.00 16185.00 16175.00 16175.00 382.00
20141217  21:46:00 16175.00 16175.00 16170.00 16175.00 266.00
20141217  21:47:00 16175.00 16175.00 16130.00 16135.00 3760.00
20141217  21:48:00 16140.00 16150.00 16135.00 16140.00 1576.00
20141217  21:49:00 16145.00 16145.00 16130.00 16130.00 1364.00
20141217  21:50:00 16130.00 16135.00 16115.00 16125.00 3684.00
20141217  21:51:00 16125.00 16140.00 16125.00 16135.00 980.00
20141217  21:52:00 16135.00 16135.00 16120.00 16125.00 832.00
20141217  21:53:00 16125.00 16125.00 16110.00 16110.00 2736.00
20141217  21:54:00 16110.00 16120.00 16110.00 16120.00 1368.00
20141217  21:55:00 16120.00 16120.00 16110.00 16115.00 792.00
20141217  21:56:00 16115.00 16115.00 16110.00 16115.00 886.00
20141217  21:57:00 16115.00 16115.00 16090.00 16095.00 2444.00
20141217  21:58:00 16090.00 16100.00 16055.00 16065.00 3940.00
20141217  21:59:00 16065.00 16070.00 16060.00 16070.00 2094.00
20141217  22:00:00 16070.00 16100.00 16060.00 16085.00 3504.00
20141217  22:01:00 16085.00 16095.00 16075.00 16075.00 1090.00
20141217  22:02:00 16075.00 16085.00 16075.00 16085.00 954.00
20141217  22:03:00 16085.00 16085.00 16075.00 16075.00 790.00
20141217  22:04:00 16075.00 16085.00 16075.00 16080.00 512.00
20141217  22:05:00 16080.00 16080.00 16060.00 16060.00 1444.00
20141217  22:06:00 16060.00 16065.00 16055.00 16055.00 1324.00
20141217  22:07:00 16055.00 16060.00 16045.00 16050.00 1424.00
20141217  22:08:00 16050.00 16050.00 16005.00 16010.00 3618.00
20141217  22:09:00 16005.00 16020.00 15985.00 16015.00 4620.00
20141217  22:10:00 16015.00 16025.00 16010.00 16025.00 2464.00
20141217  22:11:00 16025.00 16040.00 16025.00 16040.00 1970.00
20141217  22:12:00 16035.00 16040.00 16030.00 16035.00 998.00
20141217  22:13:00 16035.00 16035.00 16025.00 16025.00 432.00
20141217  22:14:00 16025.00 16035.00 16025.00 16030.00 1326.00
20141217  22:15:00 16030.00 16035.00 16025.00 16025.00 700.00
20141217  22:16:00 16030.00 16035.00 16020.00 16030.00 1482.00
20141217  22:17:00 16030.00 16030.00 16020.00 16020.00 878.00
20141217  22:18:00 16020.00 16025.00 16020.00 16025.00 782.00
20141217  22:19:00 16025.00 16025.00 16020.00 16025.00 596.00
20141217  22:20:00 16030.00 16035.00 16025.00 16030.00 622.00
20141217  22:21:00 16030.00 16045.00 16030.00 16045.00 956.00
20141217  22:22:00 16045.00 16055.00 16040.00 16055.00 1762.00
20141217  22:23:00 16050.00 16060.00 16045.00 16060.00 1340.00
20141217  22:24:00 16060.00 16060.00 16045.00 16045.00 1138.00
20141217  22:25:00 16045.00 16060.00 16045.00 16060.00 668.00
20141217  22:26:00 16060.00 16065.00 16055.00 16060.00 1070.00
20141217  22:27:00 16060.00 16060.00 16050.00 16050.00 484.00
20141217  22:28:00 16050.00 16075.00 16050.00 16070.00 1830.00
20141217  22:29:00 16070.00 16070.00 16065.00 16065.00 888.00
20141217  22:30:00 16065.00 16075.00 16065.00 16075.00 752.00
20141217  22:31:00 16075.00 16080.00 16070.00 16070.00 894.00
20141217  22:32:00 16070.00 16075.00 16065.00 16070.00 506.00
20141217  22:33:00 16070.00 16080.00 16070.00 16080.00 448.00
20141217  22:34:00 16080.00 16080.00 16065.00 16065.00 534.00
20141217  22:35:00 16065.00 16075.00 16065.00 16065.00 424.00
20141217  22:36:00 16065.00 16065.00 16060.00 16060.00 416.00
20141217  22:37:00 16065.00 16065.00 16055.00 16060.00 564.00
20141217  22:38:00 16060.00 16065.00 16055.00 16065.00 650.00
20141217  22:39:00 16065.00 16065.00 16060.00 16065.00 182.00
20141217  22:40:00 16065.00 16065.00 16055.00 16055.00 460.00
20141217  22:41:00 16055.00 16060.00 16055.00 16060.00 310.00
20141217  22:42:00 16060.00 16065.00 16060.00 16060.00 200.00
20141217  22:43:00 16060.00 16070.00 16060.00 16065.00 446.00
20141217  22:44:00 16065.00 16070.00 16060.00 16065.00 452.00
20141217  22:45:00 16065.00 16070.00 16065.00 16070.00 184.00
20141217  22:46:00 16070.00 16070.00 16065.00 16070.00 222.00
20141217  22:47:00 16070.00 16080.00 16070.00 16075.00 374.00
20141217  22:48:00 16075.00 16075.00 16070.00 16070.00  98.00
20141217  22:49:00 16070.00 16085.00 16070.00 16080.00 1018.00
20141217  22:50:00 16080.00 16095.00 16075.00 16075.00 1572.00
20141217  22:51:00 16075.00 16080.00 16075.00 16075.00  82.00
20141217  22:52:00 16075.00 16095.00 16075.00 16090.00 1110.00
20141217  22:53:00 16090.00 16090.00 16085.00 16085.00 144.00
20141217  22:54:00 16085.00 16090.00 16080.00 16090.00 530.00
20141217  22:55:00 16090.00 16110.00 16085.00 16100.00 1512.00
20141217  22:56:00 16100.00 16105.00 16090.00 16095.00 694.00
20141217  22:57:00 16095.00 16100.00 16085.00 16090.00 962.00
20141217  22:58:00 16090.00 16090.00 16085.00 16085.00 310.00
20141217  22:59:00 16085.00 16090.00 16085.00 16090.00 464.00
20141217  23:00:00 16090.00 16095.00 16085.00 16090.00 272.00
20141217  23:01:00 16090.00 16090.00 16085.00 16090.00 244.00
20141217  23:02:00 16090.00 16095.00 16085.00 16095.00 322.00
20141217  23:03:00 16095.00 16095.00 16090.00 16090.00 368.00
20141217  23:04:00 16090.00 16090.00 16075.00 16085.00 986.00
20141217  23:05:00 16085.00 16085.00 16075.00 16080.00 416.00
20141217  23:06:00 16080.00 16080.00 16070.00 16075.00 308.00
20141217  23:07:00 16075.00 16080.00 16070.00 16080.00 454.00
20141217  23:08:00 16080.00 16080.00 16075.00 16080.00 204.00
20141217  23:09:00 16080.00 16080.00 16075.00 16075.00 212.00
20141217  23:10:00 16075.00 16080.00 16075.00 16075.00 484.00
20141217  23:11:00 16075.00 16075.00 16070.00 16075.00 154.00
20141217  23:12:00 16075.00 16075.00 16070.00 16070.00 250.00
20141217  23:13:00 16065.00 16070.00 16060.00 16065.00 332.00
20141217  23:14:00 16065.00 16070.00 16060.00 16060.00 298.00
20141217  23:15:00 16060.00 16065.00 16050.00 16050.00 944.00
20141217  23:16:00 16050.00 16065.00 16050.00 16060.00 452.00
20141217  23:17:00 16060.00 16065.00 16055.00 16060.00 276.00
20141217  23:18:00 16065.00 16070.00 16055.00 16065.00 384.00
20141217  23:19:00 16065.00 16070.00 16060.00 16060.00 168.00
20141217  23:20:00 16060.00 16070.00 16060.00 16065.00 140.00
20141217  23:21:00 16065.00 16065.00 16055.00 16055.00 348.00
20141217  23:22:00 16055.00 16055.00 16055.00 16055.00 182.00
20141217  23:23:00 16055.00 16065.00 16055.00 16065.00 302.00
20141217  23:24:00 16060.00 16065.00 16055.00 16055.00 246.00
20141217  23:25:00 16060.00 16060.00 16045.00 16055.00 594.00
20141217  23:26:00 16055.00 16055.00 16050.00 16050.00 382.00
20141217  23:27:00 16050.00 16055.00 16045.00 16055.00 514.00
20141217  23:28:00 16055.00 16060.00 16045.00 16050.00 460.00
20141217  23:29:00 16050.00 16050.00 16040.00 16045.00 1066.00
20141217  23:30:00 16045.00 16050.00 16040.00 16040.00 520.00
20141217  23:31:00 16040.00 16050.00 16035.00 16035.00 652.00
20141217  23:32:00 16035.00 16045.00 16030.00 16045.00 600.00
20141217  23:33:00 16050.00 16050.00 16045.00 16045.00 128.00
20141217  23:34:00 16045.00 16045.00 16025.00 16025.00 1296.00
20141217  23:35:00 16025.00 16035.00 16020.00 16030.00 718.00
20141217  23:36:00 16030.00 16035.00 16030.00 16030.00 284.00
20141217  23:37:00 16030.00 16040.00 16030.00 16035.00 542.00
20141217  23:38:00 16035.00 16035.00 16025.00 16025.00 248.00
20141217  23:39:00 16025.00 16035.00 16025.00 16035.00 598.00
20141217  23:40:00 16035.00 16035.00 16015.00 16015.00 1452.00
20141217  23:41:00 16020.00 16020.00 16010.00 16015.00 630.00
20141217  23:42:00 16020.00 16035.00 16020.00 16035.00 844.00
20141217  23:43:00 16035.00 16035.00 16030.00 16035.00 226.00
20141217  23:44:00 16035.00 16035.00 16030.00 16035.00  92.00
20141217  23:45:00 16035.00 16060.00 16035.00 16060.00 854.00
20141217  23:46:00 16060.00 16090.00 16055.00 16085.00 2044.00
20141217  23:47:00 16080.00 16105.00 16080.00 16095.00 2672.00
20141217  23:48:00 16100.00 16160.00 16090.00 16155.00 4934.00
20141217  23:49:00 16155.00 16160.00 16140.00 16160.00 3634.00
20141217  23:50:00 16160.00 16235.00 16160.00 16205.00 6424.00
20141217  23:51:00 16210.00 16245.00 16185.00 16185.00 4788.00
20141217  23:52:00 16185.00 16210.00 16185.00 16195.00 2198.00
20141217  23:53:00 16195.00 16200.00 16180.00 16180.00 1344.00
20141217  23:54:00 16180.00 16230.00 16175.00 16220.00 2618.00
20141217  23:55:00 16210.00 16230.00 16190.00 16215.00 1706.00
20141217  23:56:00 16210.00 16220.00 16205.00 16205.00 522.00
20141217  23:57:00 16205.00 16245.00 16205.00 16235.00 3212.00
20141217  23:58:00 16240.00 16240.00 16210.00 16230.00 1516.00
20141217  23:59:00 16230.00 16235.00 16215.00 16215.00 386.00
20141218  00:00:00 16215.00 16230.00 16215.00 16230.00 974.00
20141218  00:01:00 16230.00 16240.00 16220.00 16220.00 1672.00
20141218  00:02:00 16220.00 16225.00 16210.00 16215.00 1384.00
20141218  00:03:00 16215.00 16235.00 16210.00 16235.00 1652.00
20141218  00:04:00 16235.00 16240.00 16225.00 16230.00 1278.00
20141218  00:05:00 16230.00 16235.00 16220.00 16220.00 504.00
20141218  00:06:00 16220.00 16230.00 16220.00 16230.00 418.00
20141218  00:07:00 16230.00 16230.00 16220.00 16225.00 444.00
20141218  00:08:00 16230.00 16230.00 16220.00 16220.00 474.00
20141218  00:09:00 16220.00 16240.00 16220.00 16240.00 1680.00
20141218  00:10:00 16240.00 16270.00 16230.00 16255.00 3116.00
20141218  00:11:00 16255.00 16260.00 16245.00 16250.00 716.00
20141218  00:12:00 16250.00 16255.00 16230.00 16230.00 1228.00
20141218  00:13:00 16230.00 16235.00 16230.00 16235.00 658.00
20141218  00:14:00 16235.00 16235.00 16230.00 16235.00 536.00
20141218  00:15:00 16235.00 16245.00 16235.00 16235.00 546.00
20141218  00:16:00 16235.00 16235.00 16215.00 16215.00 1318.00
20141218  00:17:00 16220.00 16225.00 16215.00 16220.00 1190.00
20141218  00:18:00 16220.00 16225.00 16215.00 16225.00 208.00
20141218  00:19:00 16225.00 16245.00 16225.00 16245.00 984.00
20141218  00:20:00 16240.00 16245.00 16230.00 16235.00 638.00
20141218  00:21:00 16235.00 16240.00 16225.00 16225.00 406.00
20141218  00:22:00 16230.00 16230.00 16220.00 16225.00 384.00
20141218  00:23:00 16225.00 16245.00 16225.00 16240.00 328.00
20141218  00:24:00 16245.00 16250.00 16230.00 16240.00 1128.00
20141218  00:25:00 16240.00 16245.00 16235.00 16235.00 152.00
20141218  00:26:00 16235.00 16240.00 16235.00 16240.00 246.00
20141218  00:27:00 16240.00 16240.00 16230.00 16235.00 252.00
20141218  00:28:00 16235.00 16245.00 16235.00 16245.00 298.00
20141218  00:29:00 16245.00 16255.00 16245.00 16245.00 600.00
20141218  00:30:00 16245.00 16265.00 16245.00 16260.00 1290.00
20141218  00:31:00 16260.00 16260.00 16245.00 16245.00 572.00
20141218  00:32:00 16245.00 16250.00 16240.00 16245.00 144.00
20141218  00:33:00 16245.00 16245.00 16240.00 16245.00 352.00
20141218  00:34:00 16245.00 16250.00 16245.00 16250.00  90.00
20141218  00:35:00 16250.00 16255.00 16245.00 16255.00 132.00
20141218  00:36:00 16255.00 16255.00 16245.00 16255.00 404.00
20141218  00:37:00 16255.00 16275.00 16255.00 16275.00 650.00
20141218  00:38:00 16270.00 16280.00 16260.00 16280.00 944.00
20141218  00:39:00 16280.00 16285.00 16270.00 16275.00 688.00
20141218  00:40:00 16275.00 16285.00 16270.00 16285.00 496.00
20141218  00:41:00 16280.00 16285.00 16265.00 16270.00 814.00
20141218  00:42:00 16270.00 16275.00 16270.00 16270.00 382.00
20141218  00:43:00 16270.00 16275.00 16270.00 16275.00  66.00
20141218  00:44:00 16275.00 16275.00 16260.00 16260.00 554.00
20141218  00:45:00 16260.00 16270.00 16255.00 16265.00 358.00
20141218  00:46:00 16265.00 16265.00 16245.00 16250.00 722.00
20141218  00:47:00 16250.00 16255.00 16250.00 16255.00 228.00
20141218  00:48:00 16250.00 16260.00 16245.00 16255.00 384.00
20141218  00:49:00 16255.00 16260.00 16250.00 16250.00 114.00
20141218  00:50:00 16250.00 16270.00 16250.00 16265.00 354.00
20141218  00:51:00 16260.00 16265.00 16260.00 16260.00 218.00
20141218  00:52:00 16260.00 16265.00 16255.00 16255.00  40.00
20141218  00:53:00 16255.00 16265.00 16250.00 16260.00 356.00
20141218  00:54:00 16260.00 16260.00 16250.00 16260.00 308.00
20141218  00:55:00 16260.00 16270.00 16260.00 16265.00 264.00
20141218  00:56:00 16265.00 16285.00 16265.00 16285.00 520.00
20141218  00:57:00 16275.00 16300.00 16275.00 16300.00 1734.00
20141218  00:58:00 16300.00 16305.00 16295.00 16295.00 1094.00
20141218  00:59:00 16290.00 16300.00 16285.00 16300.00 464.00
20141218  01:00:00 16300.00 16300.00 16300.00 16300.00   6.00
20141218  09:00:00 16300.00 16300.00 16260.00 16260.00 3338.00
20141218  09:01:00 16260.00 16265.00 16245.00 16260.00 1874.00
20141218  09:02:00 16260.00 16260.00 16220.00 16225.00 2796.00
20141218  09:03:00 16225.00 16245.00 16220.00 16240.00 1220.00
20141218  09:04:00 16235.00 16250.00 16235.00 16240.00 848.00
20141218  09:05:00 16240.00 16250.00 16235.00 16235.00 340.00
20141218  09:06:00 16235.00 16250.00 16225.00 16250.00 1314.00
20141218  09:07:00 16250.00 16270.00 16245.00 16260.00 990.00
20141218  09:08:00 16265.00 16265.00 16245.00 16250.00 386.00
20141218  09:09:00 16250.00 16260.00 16250.00 16255.00 638.00
20141218  09:10:00 16255.00 16255.00 16250.00 16255.00 174.00
20141218  09:11:00 16255.00 16270.00 16255.00 16260.00 640.00
20141218  09:12:00 16260.00 16270.00 16255.00 16260.00 606.00
20141218  09:13:00 16260.00 16270.00 16260.00 16270.00 616.00
20141218  09:14:00 16270.00 16270.00 16260.00 16265.00 250.00
20141218  09:15:00 16265.00 16265.00 16260.00 16260.00 148.00
20141218  09:16:00 16260.00 16265.00 16245.00 16250.00 784.00
20141218  09:17:00 16250.00 16255.00 16245.00 16250.00 248.00
20141218  09:18:00 16250.00 16255.00 16250.00 16255.00 192.00
20141218  09:19:00 16255.00 16265.00 16255.00 16260.00 292.00
20141218  09:20:00 16260.00 16260.00 16255.00 16255.00  20.00
20141218  09:21:00 16255.00 16260.00 16255.00 16255.00  62.00
20141218  09:22:00 16260.00 16260.00 16255.00 16260.00  64.00
20141218  09:23:00 16260.00 16260.00 16245.00 16250.00 564.00
20141218  09:24:00 16250.00 16250.00 16235.00 16245.00 528.00
20141218  09:25:00 16245.00 16245.00 16235.00 16245.00 216.00
20141218  09:26:00 16245.00 16250.00 16245.00 16245.00 216.00
20141218  09:27:00 16245.00 16250.00 16240.00 16250.00 576.00
20141218  09:28:00 16250.00 16255.00 16245.00 16250.00 188.00
20141218  09:29:00 16250.00 16255.00 16245.00 16255.00 252.00
20141218  09:30:00 16255.00 16255.00 16250.00 16255.00  26.00
20141218  09:31:00 16255.00 16260.00 16250.00 16260.00 144.00
20141218  09:32:00 16260.00 16270.00 16255.00 16265.00 420.00
20141218  09:33:00 16265.00 16270.00 16260.00 16260.00 152.00
20141218  09:34:00 16265.00 16275.00 16260.00 16275.00 314.00
20141218  09:35:00 16275.00 16280.00 16270.00 16270.00 760.00
20141218  09:36:00 16270.00 16280.00 16270.00 16280.00 230.00
20141218  09:37:00 16280.00 16285.00 16275.00 16285.00 236.00
20141218  09:38:00 16285.00 16285.00 16275.00 16280.00 322.00
20141218  09:39:00 16280.00 16285.00 16275.00 16280.00 298.00
20141218  09:40:00 16280.00 16280.00 16275.00 16280.00  66.00
20141218  09:41:00 16280.00 16280.00 16270.00 16270.00 102.00
20141218  09:42:00 16270.00 16275.00 16265.00 16265.00 148.00
20141218  09:43:00 16265.00 16275.00 16265.00 16275.00 104.00
20141218  09:44:00 16275.00 16275.00 16265.00 16270.00 170.00
20141218  09:45:00 16275.00 16275.00 16265.00 16270.00 436.00
20141218  09:46:00 16270.00 16275.00 16270.00 16275.00  46.00
20141218  09:47:00 16275.00 16275.00 16270.00 16270.00 216.00
20141218  09:48:00 16275.00 16275.00 16270.00 16270.00  38.00
20141218  09:49:00 16270.00 16270.00 16265.00 16265.00 126.00
20141218  09:50:00 16265.00 16270.00 16265.00 16265.00  32.00
20141218  09:51:00 16265.00 16270.00 16265.00 16265.00 110.00
20141218  09:52:00 16265.00 16270.00 16255.00 16255.00 646.00
20141218  09:53:00 16255.00 16270.00 16255.00 16265.00 722.00
20141218  09:54:00 16265.00 16265.00 16260.00 16260.00 188.00
20141218  09:55:00 16260.00 16260.00 16255.00 16255.00 118.00
20141218  09:56:00 16255.00 16260.00 16255.00 16255.00 150.00
20141218  09:57:00 16255.00 16265.00 16255.00 16260.00  44.00
20141218  09:58:00 16260.00 16260.00 16255.00 16255.00 128.00
20141218  09:59:00 16255.00 16260.00 16250.00 16255.00 206.00
20141218  10:00:00 16255.00 16260.00 16255.00 16255.00  56.00
20141218  10:01:00 16260.00 16260.00 16255.00 16255.00 174.00
20141218  10:02:00 16255.00 16260.00 16255.00 16255.00  70.00
20141218  10:03:00 16255.00 16260.00 16255.00 16255.00  18.00
20141218  10:04:00 16255.00 16255.00 16255.00 16255.00  28.00
20141218  10:05:00 16255.00 16255.00 16250.00 16250.00 214.00
20141218  10:06:00 16255.00 16255.00 16250.00 16255.00  34.00
20141218  10:07:00 16255.00 16260.00 16255.00 16255.00 198.00
20141218  10:08:00 16255.00 16255.00 16255.00 16255.00  80.00
20141218  10:09:00 16255.00 16260.00 16255.00 16260.00  14.00
20141218  10:10:00 16260.00 16260.00 16255.00 16255.00 128.00
20141218  10:11:00 16255.00 16260.00 16255.00 16255.00  46.00
20141218  10:12:00 16255.00 16260.00 16255.00 16255.00  76.00
20141218  10:13:00 16255.00 16260.00 16255.00 16260.00 152.00
20141218  10:14:00 16260.00 16270.00 16260.00 16265.00 434.00
20141218  10:30:00 16265.00 16265.00 16255.00 16255.00 310.00
20141218  10:31:00 16255.00 16260.00 16250.00 16260.00 262.00
20141218  10:32:00 16260.00 16265.00 16260.00 16260.00 244.00
20141218  10:33:00 16260.00 16265.00 16260.00 16260.00  62.00
20141218  10:34:00 16260.00 16260.00 16255.00 16260.00 220.00
20141218  10:35:00 16260.00 16260.00 16255.00 16255.00 142.00
20141218  10:36:00 16255.00 16260.00 16255.00 16255.00  78.00
20141218  10:37:00 16255.00 16260.00 16255.00 16260.00 300.00
20141218  10:38:00 16260.00 16265.00 16260.00 16260.00  58.00
20141218  10:39:00 16260.00 16265.00 16260.00 16260.00  26.00
20141218  10:40:00 16260.00 16260.00 16260.00 16260.00 106.00
20141218  10:41:00 16260.00 16265.00 16255.00 16260.00 168.00
20141218  10:42:00 16260.00 16260.00 16255.00 16260.00 180.00
20141218  10:43:00 16260.00 16260.00 16255.00 16255.00 220.00
20141218  10:44:00 16255.00 16260.00 16250.00 16250.00 528.00
20141218  10:45:00 16250.00 16250.00 16240.00 16245.00 660.00
20141218  10:46:00 16240.00 16245.00 16240.00 16245.00 326.00
20141218  10:47:00 16245.00 16245.00 16225.00 16225.00 962.00
20141218  10:48:00 16225.00 16230.00 16220.00 16225.00 708.00
20141218  10:49:00 16230.00 16230.00 16225.00 16225.00 298.00
20141218  10:50:00 16225.00 16230.00 16215.00 16225.00 828.00
20141218  10:51:00 16225.00 16235.00 16225.00 16230.00 158.00
20141218  10:52:00 16230.00 16235.00 16225.00 16235.00 138.00
20141218  10:53:00 16235.00 16235.00 16230.00 16235.00 164.00
20141218  10:54:00 16235.00 16240.00 16230.00 16230.00 260.00
20141218  10:55:00 16230.00 16240.00 16230.00 16240.00 142.00
20141218  10:56:00 16240.00 16245.00 16240.00 16245.00 184.00
20141218  10:57:00 16245.00 16245.00 16240.00 16245.00 190.00
20141218  10:58:00 16245.00 16245.00 16240.00 16245.00  22.00
20141218  10:59:00 16245.00 16245.00 16235.00 16235.00 150.00
20141218  11:00:00 16245.00 16245.00 16240.00 16240.00 158.00
20141218  11:01:00 16240.00 16240.00 16230.00 16240.00 404.00
20141218  11:02:00 16240.00 16240.00 16235.00 16240.00 154.00
20141218  11:03:00 16240.00 16245.00 16235.00 16245.00  66.00
20141218  11:04:00 16245.00 16245.00 16245.00 16245.00   2.00
20141218  11:05:00 16240.00 16250.00 16240.00 16250.00 398.00
20141218  11:06:00 16250.00 16255.00 16250.00 16255.00 166.00
20141218  11:07:00 16255.00 16260.00 16250.00 16260.00 230.00
20141218  11:08:00 16255.00 16265.00 16255.00 16265.00 448.00
20141218  11:09:00 16265.00 16265.00 16260.00 16265.00 182.00
20141218  11:10:00 16265.00 16265.00 16260.00 16265.00  48.00
20141218  11:11:00 16265.00 16275.00 16260.00 16270.00 606.00
20141218  11:12:00 16270.00 16275.00 16270.00 16275.00 188.00
20141218  11:13:00 16275.00 16275.00 16265.00 16270.00 290.00
20141218  11:14:00 16270.00 16280.00 16270.00 16280.00 354.00
20141218  11:15:00 16280.00 16280.00 16270.00 16270.00 206.00
20141218  11:16:00 16270.00 16275.00 16265.00 16270.00 278.00
20141218  11:17:00 16270.00 16275.00 16270.00 16270.00 130.00
20141218  11:18:00 16270.00 16280.00 16270.00 16280.00 314.00
20141218  11:19:00 16280.00 16280.00 16270.00 16275.00 330.00
20141218  11:20:00 16275.00 16280.00 16270.00 16280.00 204.00
20141218  11:21:00 16280.00 16280.00 16275.00 16280.00 156.00
20141218  11:22:00 16280.00 16280.00 16275.00 16280.00 106.00
20141218  11:23:00 16280.00 16280.00 16275.00 16275.00  40.00
20141218  11:24:00 16280.00 16280.00 16275.00 16275.00 172.00
20141218  11:25:00 16275.00 16275.00 16270.00 16275.00  56.00
20141218  11:26:00 16275.00 16275.00 16260.00 16265.00 270.00
20141218  11:27:00 16265.00 16265.00 16255.00 16255.00 172.00
20141218  11:28:00 16255.00 16260.00 16255.00 16260.00  32.00
20141218  11:29:00 16260.00 16260.00 16255.00 16260.00 232.00
20141218  13:30:00 16230.00 16240.00 16225.00 16230.00 2254.00
20141218  13:31:00 16230.00 16230.00 16220.00 16225.00 508.00
20141218  13:32:00 16225.00 16230.00 16220.00 16225.00 286.00
20141218  13:33:00 16225.00 16230.00 16220.00 16225.00 170.00
20141218  13:34:00 16225.00 16230.00 16220.00 16225.00 170.00
20141218  13:35:00 16225.00 16225.00 16220.00 16220.00 198.00
20141218  13:36:00 16225.00 16225.00 16220.00 16225.00 310.00
20141218  13:37:00 16225.00 16230.00 16220.00 16225.00 582.00
20141218  13:38:00 16225.00 16230.00 16225.00 16230.00 180.00
20141218  13:39:00 16230.00 16230.00 16225.00 16230.00 134.00
20141218  13:40:00 16230.00 16235.00 16230.00 16230.00 240.00
20141218  13:41:00 16230.00 16235.00 16225.00 16230.00 246.00
20141218  13:42:00 16230.00 16230.00 16225.00 16230.00  94.00
20141218  13:43:00 16230.00 16230.00 16200.00 16200.00 1486.00
20141218  13:44:00 16200.00 16205.00 16200.00 16200.00 694.00
20141218  13:45:00 16200.00 16205.00 16170.00 16170.00 2476.00
20141218  13:46:00 16170.00 16175.00 16150.00 16150.00 2138.00
20141218  13:47:00 16145.00 16155.00 16105.00 16115.00 2796.00
20141218  13:48:00 16115.00 16135.00 16110.00 16130.00 1756.00
20141218  13:49:00 16130.00 16145.00 16125.00 16140.00 870.00
20141218  13:50:00 16140.00 16145.00 16130.00 16130.00 1380.00
20141218  13:51:00 16130.00 16135.00 16130.00 16135.00 352.00
20141218  13:52:00 16135.00 16135.00 16125.00 16125.00 888.00
20141218  13:53:00 16125.00 16135.00 16125.00 16130.00 498.00
20141218  13:54:00 16125.00 16130.00 16120.00 16125.00 632.00
20141218  13:55:00 16125.00 16130.00 16115.00 16115.00 858.00
20141218  13:56:00 16115.00 16120.00 16105.00 16110.00 1242.00
20141218  13:57:00 16110.00 16120.00 16105.00 16115.00 1210.00
20141218  13:58:00 16115.00 16130.00 16110.00 16130.00 912.00
20141218  13:59:00 16130.00 16135.00 16120.00 16120.00 480.00
20141218  14:00:00 16125.00 16135.00 16115.00 16125.00 950.00
20141218  14:01:00 16125.00 16130.00 16125.00 16130.00 280.00
20141218  14:02:00 16130.00 16180.00 16125.00 16160.00 3162.00
20141218  14:03:00 16160.00 16160.00 16155.00 16155.00 488.00
20141218  14:04:00 16155.00 16160.00 16145.00 16145.00 496.00
20141218  14:05:00 16145.00 16150.00 16145.00 16150.00 136.00
20141218  14:06:00 16145.00 16155.00 16145.00 16150.00 220.00
20141218  14:07:00 16155.00 16155.00 16145.00 16150.00 152.00
20141218  14:08:00 16150.00 16155.00 16145.00 16150.00 130.00
20141218  14:09:00 16150.00 16155.00 16150.00 16150.00 166.00
20141218  14:10:00 16150.00 16160.00 16150.00 16160.00 570.00
20141218  14:11:00 16160.00 16175.00 16155.00 16170.00 894.00
20141218  14:12:00 16170.00 16170.00 16160.00 16160.00 490.00
20141218  14:13:00 16160.00 16165.00 16150.00 16155.00 312.00
20141218  14:14:00 16155.00 16155.00 16145.00 16150.00 266.00
20141218  14:15:00 16145.00 16150.00 16140.00 16145.00 320.00
20141218  14:16:00 16140.00 16140.00 16130.00 16130.00 672.00
20141218  14:17:00 16130.00 16135.00 16125.00 16130.00 484.00
20141218  14:18:00 16130.00 16145.00 16125.00 16145.00 742.00
20141218  14:19:00 16145.00 16155.00 16135.00 16150.00 436.00
20141218  14:20:00 16150.00 16150.00 16140.00 16145.00 170.00
20141218  14:21:00 16145.00 16145.00 16140.00 16140.00  12.00
20141218  14:22:00 16140.00 16145.00 16135.00 16135.00 330.00
20141218  14:23:00 16135.00 16135.00 16125.00 16130.00 520.00
20141218  14:24:00 16130.00 16135.00 16125.00 16135.00 336.00
20141218  14:25:00 16135.00 16135.00 16120.00 16130.00 434.00
20141218  14:26:00 16130.00 16135.00 16130.00 16135.00 248.00
20141218  14:27:00 16135.00 16135.00 16135.00 16135.00  36.00
20141218  14:28:00 16135.00 16140.00 16130.00 16135.00 338.00
20141218  14:29:00 16135.00 16135.00 16130.00 16135.00  68.00
20141218  14:30:00 16135.00 16135.00 16130.00 16135.00  78.00
20141218  14:31:00 16135.00 16135.00 16130.00 16130.00  98.00
20141218  14:32:00 16130.00 16135.00 16130.00 16135.00 172.00
20141218  14:33:00 16135.00 16135.00 16130.00 16135.00  54.00
20141218  14:34:00 16135.00 16135.00 16130.00 16135.00  34.00
20141218  14:35:00 16135.00 16140.00 16135.00 16135.00 248.00
20141218  14:36:00 16140.00 16140.00 16135.00 16140.00 176.00
20141218  14:37:00 16140.00 16140.00 16130.00 16130.00 134.00
20141218  14:38:00 16130.00 16135.00 16125.00 16130.00 472.00
20141218  14:39:00 16130.00 16130.00 16125.00 16130.00 138.00
20141218  14:40:00 16130.00 16130.00 16120.00 16125.00 208.00
20141218  14:41:00 16125.00 16130.00 16115.00 16115.00 412.00
20141218  14:42:00 16115.00 16125.00 16110.00 16115.00 586.00
20141218  14:43:00 16120.00 16120.00 16100.00 16105.00 1708.00
20141218  14:44:00 16105.00 16115.00 16100.00 16110.00 1408.00
20141218  14:45:00 16110.00 16115.00 16105.00 16110.00 644.00
20141218  14:46:00 16110.00 16110.00 16105.00 16110.00 354.00
20141218  14:47:00 16110.00 16110.00 16100.00 16100.00 546.00
20141218  14:48:00 16100.00 16100.00 16070.00 16075.00 2886.00
20141218  14:49:00 16075.00 16080.00 16070.00 16075.00 1120.00
20141218  14:50:00 16075.00 16075.00 16050.00 16050.00 1504.00
20141218  14:51:00 16050.00 16055.00 16035.00 16040.00 3048.00
20141218  14:52:00 16045.00 16045.00 16030.00 16040.00 1302.00
20141218  14:53:00 16040.00 16040.00 16020.00 16025.00 1696.00
20141218  14:54:00 16025.00 16025.00 16015.00 16020.00 1916.00
20141218  14:55:00 16020.00 16030.00 16010.00 16015.00 2442.00
20141218  14:56:00 16020.00 16025.00 16010.00 16015.00 936.00
20141218  14:57:00 16015.00 16015.00 15980.00 15990.00 3406.00
20141218  14:58:00 15985.00 15990.00 15915.00 15915.00 8090.00
20141218  14:59:00 15915.00 15950.00 15905.00 15920.00 4392.00
20141218  15:00:00 15905.00 15905.00 15905.00 15905.00   6.00
