20151202  21:00:00 12510.00 12515.00 12485.00 12495.00 9804.00
20151202  21:01:00 12490.00 12505.00 12445.00 12455.00 6242.00
20151202  21:02:00 12455.00 12460.00 12425.00 12440.00 9324.00
20151202  21:03:00 12440.00 12455.00 12430.00 12435.00 5884.00
20151202  21:04:00 12435.00 12455.00 12430.00 12450.00 3976.00
20151202  21:05:00 12450.00 12455.00 12440.00 12445.00 2438.00
20151202  21:06:00 12450.00 12455.00 12445.00 12455.00 1678.00
20151202  21:07:00 12455.00 12460.00 12445.00 12455.00 3754.00
20151202  21:08:00 12455.00 12475.00 12455.00 12470.00 4756.00
20151202  21:09:00 12475.00 12475.00 12455.00 12460.00 3176.00
20151202  21:10:00 12460.00 12465.00 12450.00 12450.00 2732.00
20151202  21:11:00 12450.00 12460.00 12450.00 12455.00 2180.00
20151202  21:12:00 12455.00 12485.00 12455.00 12480.00 4244.00
20151202  21:13:00 12480.00 12520.00 12480.00 12520.00 6372.00
20151202  21:14:00 12515.00 12535.00 12505.00 12535.00 6688.00
20151202  21:15:00 12530.00 12530.00 12510.00 12515.00 5140.00
20151202  21:16:00 12515.00 12535.00 12505.00 12525.00 4008.00
20151202  21:17:00 12525.00 12550.00 12520.00 12525.00 5346.00
20151202  21:18:00 12525.00 12535.00 12515.00 12525.00 2820.00
20151202  21:19:00 12525.00 12545.00 12525.00 12535.00 3798.00
20151202  21:20:00 12535.00 12550.00 12530.00 12545.00 3966.00
20151202  21:21:00 12545.00 12550.00 12530.00 12540.00 2356.00
20151202  21:22:00 12540.00 12550.00 12530.00 12530.00 1532.00
20151202  21:23:00 12530.00 12550.00 12530.00 12545.00 2272.00
20151202  21:24:00 12540.00 12560.00 12535.00 12555.00 4256.00
20151202  21:25:00 12555.00 12555.00 12535.00 12540.00 2294.00
20151202  21:26:00 12540.00 12540.00 12530.00 12530.00 1164.00
20151202  21:27:00 12530.00 12530.00 12525.00 12530.00 1374.00
20151202  21:28:00 12530.00 12540.00 12525.00 12535.00 1216.00
20151202  21:29:00 12540.00 12540.00 12520.00 12520.00 1930.00
20151202  21:30:00 12520.00 12525.00 12510.00 12515.00 2242.00
20151202  21:31:00 12515.00 12525.00 12515.00 12525.00 1982.00
20151202  21:32:00 12525.00 12525.00 12515.00 12520.00 1436.00
20151202  21:33:00 12520.00 12540.00 12515.00 12540.00 2050.00
20151202  21:34:00 12545.00 12545.00 12530.00 12545.00 1922.00
20151202  21:35:00 12545.00 12575.00 12540.00 12565.00 4932.00
20151202  21:36:00 12565.00 12570.00 12555.00 12570.00 2772.00
20151202  21:37:00 12575.00 12605.00 12570.00 12600.00 7372.00
20151202  21:38:00 12600.00 12625.00 12590.00 12605.00 7346.00
20151202  21:39:00 12605.00 12610.00 12595.00 12595.00 3350.00
20151202  21:40:00 12595.00 12620.00 12595.00 12600.00 3662.00
20151202  21:41:00 12605.00 12605.00 12590.00 12590.00 2152.00
20151202  21:42:00 12590.00 12605.00 12590.00 12595.00 2050.00
20151202  21:43:00 12600.00 12605.00 12585.00 12600.00 3274.00
20151202  21:44:00 12605.00 12605.00 12585.00 12590.00 2132.00
20151202  21:45:00 12590.00 12610.00 12590.00 12595.00 2462.00
20151202  21:46:00 12595.00 12600.00 12585.00 12585.00 2590.00
20151202  21:47:00 12585.00 12595.00 12580.00 12580.00 1926.00
20151202  21:48:00 12580.00 12595.00 12580.00 12590.00 1058.00
20151202  21:49:00 12590.00 12595.00 12585.00 12590.00 916.00
20151202  21:50:00 12590.00 12595.00 12585.00 12590.00 1262.00
20151202  21:51:00 12590.00 12590.00 12580.00 12585.00 1438.00
20151202  21:52:00 12585.00 12590.00 12580.00 12580.00 888.00
20151202  21:53:00 12580.00 12585.00 12575.00 12580.00 1396.00
20151202  21:54:00 12585.00 12595.00 12580.00 12585.00 1492.00
20151202  21:55:00 12585.00 12595.00 12585.00 12590.00 838.00
20151202  21:56:00 12590.00 12600.00 12590.00 12595.00 1360.00
20151202  21:57:00 12595.00 12610.00 12595.00 12610.00 3062.00
20151202  21:58:00 12610.00 12615.00 12595.00 12595.00 1466.00
20151202  21:59:00 12595.00 12615.00 12595.00 12610.00 1792.00
20151202  22:00:00 12610.00 12615.00 12595.00 12600.00 1784.00
20151202  22:01:00 12600.00 12600.00 12590.00 12595.00 1194.00
20151202  22:02:00 12595.00 12620.00 12595.00 12615.00 1708.00
20151202  22:03:00 12615.00 12615.00 12600.00 12600.00 1166.00
20151202  22:04:00 12600.00 12615.00 12595.00 12615.00 1378.00
20151202  22:05:00 12615.00 12625.00 12610.00 12620.00 3098.00
20151202  22:06:00 12615.00 12620.00 12610.00 12610.00 1292.00
20151202  22:07:00 12610.00 12615.00 12600.00 12605.00 1106.00
20151202  22:08:00 12600.00 12610.00 12600.00 12605.00 1084.00
20151202  22:09:00 12605.00 12610.00 12600.00 12605.00 1222.00
20151202  22:10:00 12600.00 12605.00 12590.00 12595.00 1696.00
20151202  22:11:00 12595.00 12610.00 12595.00 12605.00 1476.00
20151202  22:12:00 12605.00 12605.00 12595.00 12595.00 1258.00
20151202  22:13:00 12595.00 12615.00 12595.00 12615.00 1988.00
20151202  22:14:00 12615.00 12620.00 12610.00 12615.00 1376.00
20151202  22:15:00 12615.00 12620.00 12605.00 12615.00 1676.00
20151202  22:16:00 12615.00 12620.00 12610.00 12610.00 2310.00
20151202  22:17:00 12610.00 12615.00 12605.00 12610.00 1598.00
20151202  22:18:00 12615.00 12640.00 12610.00 12630.00 4884.00
20151202  22:19:00 12635.00 12635.00 12625.00 12630.00 1720.00
20151202  22:20:00 12630.00 12640.00 12625.00 12630.00 1340.00
20151202  22:21:00 12630.00 12640.00 12625.00 12635.00 2100.00
20151202  22:22:00 12635.00 12635.00 12615.00 12620.00 2150.00
20151202  22:23:00 12625.00 12645.00 12620.00 12640.00 2870.00
20151202  22:24:00 12640.00 12640.00 12630.00 12635.00 2750.00
20151202  22:25:00 12640.00 12645.00 12635.00 12640.00 2620.00
20151202  22:26:00 12640.00 12660.00 12635.00 12650.00 3494.00
20151202  22:27:00 12650.00 12685.00 12645.00 12670.00 5890.00
20151202  22:28:00 12670.00 12670.00 12655.00 12655.00 2882.00
20151202  22:29:00 12655.00 12675.00 12655.00 12675.00 3310.00
20151202  22:30:00 12675.00 12675.00 12650.00 12655.00 2548.00
20151202  22:31:00 12655.00 12660.00 12645.00 12645.00 2508.00
20151202  22:32:00 12645.00 12650.00 12635.00 12640.00 3310.00
20151202  22:33:00 12635.00 12650.00 12635.00 12645.00 2212.00
20151202  22:34:00 12640.00 12655.00 12640.00 12655.00 2228.00
20151202  22:35:00 12650.00 12650.00 12625.00 12630.00 3424.00
20151202  22:36:00 12630.00 12640.00 12630.00 12630.00 1408.00
20151202  22:37:00 12630.00 12635.00 12620.00 12625.00 2098.00
20151202  22:38:00 12625.00 12630.00 12615.00 12620.00 2542.00
20151202  22:39:00 12620.00 12625.00 12610.00 12610.00 2756.00
20151202  22:40:00 12610.00 12625.00 12610.00 12625.00 2706.00
20151202  22:41:00 12625.00 12625.00 12620.00 12620.00 1320.00
20151202  22:42:00 12620.00 12625.00 12605.00 12605.00 1686.00
20151202  22:43:00 12605.00 12615.00 12600.00 12600.00 2326.00
20151202  22:44:00 12600.00 12605.00 12595.00 12605.00 2734.00
20151202  22:45:00 12605.00 12605.00 12595.00 12595.00 2608.00
20151202  22:46:00 12595.00 12605.00 12590.00 12595.00 2770.00
20151202  22:47:00 12595.00 12600.00 12590.00 12590.00 2368.00
20151202  22:48:00 12590.00 12600.00 12585.00 12600.00 1670.00
20151202  22:49:00 12600.00 12605.00 12595.00 12605.00 770.00
20151202  22:50:00 12605.00 12610.00 12600.00 12610.00 1610.00
20151202  22:51:00 12610.00 12610.00 12605.00 12605.00 1772.00
20151202  22:52:00 12605.00 12615.00 12605.00 12615.00 1888.00
20151202  22:53:00 12610.00 12615.00 12605.00 12610.00 1988.00
20151202  22:54:00 12610.00 12615.00 12600.00 12605.00 1114.00
20151202  22:55:00 12605.00 12610.00 12600.00 12605.00 1318.00
20151202  22:56:00 12610.00 12610.00 12600.00 12600.00 1238.00
20151202  22:57:00 12600.00 12605.00 12595.00 12600.00 434.00
20151202  22:58:00 12600.00 12615.00 12600.00 12610.00 922.00
20151202  22:59:00 12610.00 12630.00 12605.00 12625.00 2520.00
20151202  23:00:00 12625.00 12630.00 12615.00 12625.00 1302.00
20151202  23:01:00 12625.00 12630.00 12615.00 12615.00 1126.00
20151202  23:02:00 12620.00 12625.00 12615.00 12625.00 770.00
20151202  23:03:00 12620.00 12620.00 12610.00 12610.00 1524.00
20151202  23:04:00 12610.00 12610.00 12570.00 12575.00 4378.00
20151202  23:05:00 12570.00 12575.00 12545.00 12550.00 6256.00
20151202  23:06:00 12550.00 12560.00 12550.00 12560.00 2492.00
20151202  23:07:00 12560.00 12560.00 12545.00 12550.00 2794.00
20151202  23:08:00 12555.00 12555.00 12540.00 12545.00 3250.00
20151202  23:09:00 12545.00 12555.00 12530.00 12535.00 3084.00
20151202  23:10:00 12535.00 12550.00 12530.00 12545.00 2128.00
20151202  23:11:00 12550.00 12550.00 12545.00 12550.00 856.00
20151202  23:12:00 12550.00 12550.00 12545.00 12550.00 866.00
20151202  23:13:00 12550.00 12550.00 12540.00 12545.00 496.00
20151202  23:14:00 12545.00 12555.00 12545.00 12555.00 672.00
20151202  23:15:00 12555.00 12555.00 12540.00 12540.00 1210.00
20151202  23:16:00 12540.00 12545.00 12535.00 12545.00 1060.00
20151202  23:17:00 12545.00 12565.00 12545.00 12565.00 3224.00
20151202  23:18:00 12565.00 12570.00 12560.00 12565.00 1696.00
20151202  23:19:00 12565.00 12565.00 12555.00 12560.00 1650.00
20151202  23:20:00 12560.00 12575.00 12555.00 12575.00 1274.00
20151202  23:21:00 12575.00 12580.00 12570.00 12580.00 2202.00
20151202  23:22:00 12580.00 12590.00 12575.00 12575.00 2466.00
20151202  23:23:00 12580.00 12585.00 12575.00 12580.00 1558.00
20151202  23:24:00 12585.00 12605.00 12580.00 12605.00 2970.00
20151202  23:25:00 12600.00 12610.00 12595.00 12605.00 3142.00
20151202  23:26:00 12605.00 12610.00 12600.00 12600.00 1136.00
20151202  23:27:00 12600.00 12605.00 12600.00 12600.00 1104.00
20151202  23:28:00 12600.00 12605.00 12590.00 12595.00 1108.00
20151202  23:29:00 12595.00 12600.00 12590.00 12595.00 806.00
20151202  23:30:00 12595.00 12600.00 12585.00 12590.00 1456.00
20151202  23:31:00 12585.00 12590.00 12585.00 12585.00 1066.00
20151202  23:32:00 12585.00 12585.00 12575.00 12580.00 1718.00
20151202  23:33:00 12580.00 12585.00 12575.00 12580.00 632.00
20151202  23:34:00 12580.00 12590.00 12575.00 12575.00 1274.00
20151202  23:35:00 12575.00 12580.00 12570.00 12570.00 1128.00
20151202  23:36:00 12570.00 12590.00 12570.00 12585.00 1090.00
20151202  23:37:00 12590.00 12595.00 12585.00 12595.00 1208.00
20151202  23:38:00 12595.00 12595.00 12585.00 12590.00 652.00
20151202  23:39:00 12590.00 12595.00 12590.00 12590.00 210.00
20151202  23:40:00 12590.00 12605.00 12590.00 12600.00 1102.00
20151202  23:41:00 12600.00 12600.00 12585.00 12590.00 712.00
20151202  23:42:00 12590.00 12595.00 12590.00 12590.00 698.00
20151202  23:43:00 12590.00 12600.00 12590.00 12595.00 428.00
20151202  23:44:00 12595.00 12600.00 12595.00 12595.00 288.00
20151202  23:45:00 12600.00 12600.00 12590.00 12595.00 254.00
20151202  23:46:00 12595.00 12605.00 12590.00 12605.00 1244.00
20151202  23:47:00 12605.00 12620.00 12600.00 12610.00 2620.00
20151202  23:48:00 12610.00 12620.00 12605.00 12615.00 1976.00
20151202  23:49:00 12620.00 12625.00 12610.00 12615.00 2586.00
20151202  23:50:00 12615.00 12620.00 12610.00 12610.00 1428.00
20151202  23:51:00 12610.00 12625.00 12610.00 12615.00 1544.00
20151202  23:52:00 12615.00 12645.00 12615.00 12640.00 2708.00
20151202  23:53:00 12635.00 12640.00 12620.00 12625.00 1398.00
20151202  23:54:00 12625.00 12635.00 12615.00 12620.00 1532.00
20151202  23:55:00 12620.00 12625.00 12610.00 12615.00 1242.00
20151202  23:56:00 12615.00 12625.00 12615.00 12620.00 684.00
20151202  23:57:00 12620.00 12630.00 12615.00 12625.00 580.00
20151202  23:58:00 12625.00 12630.00 12620.00 12625.00 1024.00
20151202  23:59:00 12625.00 12625.00 12620.00 12620.00 596.00
20151203  00:00:00 12625.00 12640.00 12625.00 12630.00 2046.00
20151203  00:01:00 12630.00 12635.00 12625.00 12630.00 282.00
20151203  00:02:00 12625.00 12630.00 12625.00 12625.00 468.00
20151203  00:03:00 12625.00 12640.00 12625.00 12635.00 1014.00
20151203  00:04:00 12635.00 12635.00 12625.00 12630.00 1056.00
20151203  00:05:00 12630.00 12635.00 12615.00 12620.00 1356.00
20151203  00:06:00 12620.00 12625.00 12615.00 12620.00 842.00
20151203  00:07:00 12620.00 12635.00 12620.00 12630.00 888.00
20151203  00:08:00 12630.00 12640.00 12630.00 12640.00 656.00
20151203  00:09:00 12640.00 12645.00 12635.00 12645.00 1328.00
20151203  00:10:00 12640.00 12650.00 12635.00 12640.00 1632.00
20151203  00:11:00 12645.00 12645.00 12630.00 12635.00 952.00
20151203  00:12:00 12635.00 12645.00 12635.00 12640.00 404.00
20151203  00:13:00 12640.00 12645.00 12640.00 12645.00 370.00
20151203  00:14:00 12645.00 12645.00 12620.00 12620.00 1478.00
20151203  00:15:00 12620.00 12630.00 12620.00 12620.00 1222.00
20151203  00:16:00 12620.00 12625.00 12620.00 12625.00 414.00
20151203  00:17:00 12625.00 12630.00 12620.00 12620.00 408.00
20151203  00:18:00 12620.00 12630.00 12620.00 12625.00 332.00
20151203  00:19:00 12625.00 12625.00 12610.00 12615.00 1298.00
20151203  00:20:00 12610.00 12615.00 12610.00 12610.00 708.00
20151203  00:21:00 12610.00 12625.00 12610.00 12620.00 756.00
20151203  00:22:00 12620.00 12620.00 12615.00 12620.00 170.00
20151203  00:23:00 12620.00 12620.00 12615.00 12620.00 244.00
20151203  00:24:00 12620.00 12620.00 12620.00 12620.00 406.00
20151203  00:25:00 12615.00 12615.00 12610.00 12610.00 204.00
20151203  00:26:00 12610.00 12615.00 12605.00 12610.00 1076.00
20151203  00:27:00 12610.00 12615.00 12605.00 12610.00 632.00
20151203  00:28:00 12610.00 12610.00 12605.00 12610.00 510.00
20151203  00:29:00 12610.00 12610.00 12605.00 12605.00 304.00
20151203  00:30:00 12605.00 12615.00 12605.00 12610.00 696.00
20151203  00:31:00 12610.00 12610.00 12605.00 12610.00 204.00
20151203  00:32:00 12610.00 12610.00 12605.00 12610.00 410.00
20151203  00:33:00 12610.00 12615.00 12605.00 12610.00 458.00
20151203  00:34:00 12610.00 12615.00 12610.00 12615.00 130.00
20151203  00:35:00 12615.00 12615.00 12610.00 12615.00  88.00
20151203  00:36:00 12615.00 12620.00 12610.00 12620.00 972.00
20151203  00:37:00 12620.00 12625.00 12615.00 12620.00 344.00
20151203  00:38:00 12620.00 12620.00 12610.00 12615.00 426.00
20151203  00:39:00 12615.00 12615.00 12610.00 12615.00 260.00
20151203  00:40:00 12615.00 12620.00 12615.00 12615.00 258.00
20151203  00:41:00 12615.00 12615.00 12605.00 12605.00 342.00
20151203  00:42:00 12605.00 12615.00 12605.00 12610.00 492.00
20151203  00:43:00 12610.00 12610.00 12605.00 12610.00 470.00
20151203  00:44:00 12610.00 12610.00 12605.00 12610.00 272.00
20151203  00:45:00 12610.00 12610.00 12605.00 12610.00 192.00
20151203  00:46:00 12605.00 12605.00 12600.00 12605.00 1818.00
20151203  00:47:00 12605.00 12605.00 12600.00 12605.00 494.00
20151203  00:48:00 12605.00 12605.00 12595.00 12595.00 602.00
20151203  00:49:00 12595.00 12595.00 12590.00 12590.00 962.00
20151203  00:50:00 12590.00 12595.00 12580.00 12585.00 1054.00
20151203  00:51:00 12585.00 12590.00 12580.00 12585.00 830.00
20151203  00:52:00 12580.00 12585.00 12580.00 12580.00 1866.00
20151203  00:53:00 12580.00 12590.00 12575.00 12585.00 1136.00
20151203  00:54:00 12590.00 12590.00 12585.00 12585.00 148.00
20151203  00:55:00 12590.00 12605.00 12580.00 12600.00 2056.00
20151203  00:56:00 12605.00 12615.00 12600.00 12610.00 1844.00
20151203  00:57:00 12610.00 12610.00 12605.00 12605.00 438.00
20151203  00:58:00 12605.00 12610.00 12600.00 12605.00 878.00
20151203  00:59:00 12610.00 12615.00 12605.00 12615.00 1152.00
20151203  01:00:00 12615.00 12615.00 12615.00 12615.00  12.00
20151203  09:00:00 12580.00 12600.00 12570.00 12595.00 4280.00
20151203  09:01:00 12595.00 12600.00 12585.00 12600.00 2294.00
20151203  09:02:00 12600.00 12645.00 12595.00 12630.00 3996.00
20151203  09:03:00 12630.00 12635.00 12615.00 12620.00 2482.00
20151203  09:04:00 12620.00 12625.00 12610.00 12610.00 1488.00
20151203  09:05:00 12610.00 12615.00 12575.00 12580.00 3276.00
20151203  09:06:00 12580.00 12585.00 12550.00 12570.00 4826.00
20151203  09:07:00 12570.00 12590.00 12570.00 12580.00 1842.00
20151203  09:08:00 12580.00 12585.00 12535.00 12540.00 6350.00
20151203  09:09:00 12540.00 12560.00 12535.00 12550.00 2784.00
20151203  09:10:00 12560.00 12565.00 12540.00 12555.00 3482.00
20151203  09:11:00 12560.00 12565.00 12550.00 12565.00 1292.00
20151203  09:12:00 12565.00 12565.00 12540.00 12560.00 2736.00
20151203  09:13:00 12560.00 12560.00 12545.00 12550.00 1372.00
20151203  09:14:00 12550.00 12580.00 12550.00 12570.00 2548.00
20151203  09:15:00 12570.00 12575.00 12550.00 12555.00 1326.00
20151203  09:16:00 12555.00 12560.00 12550.00 12555.00 1068.00
20151203  09:17:00 12555.00 12565.00 12555.00 12560.00 704.00
20151203  09:18:00 12560.00 12565.00 12540.00 12545.00 1846.00
20151203  09:19:00 12545.00 12555.00 12540.00 12545.00 856.00
20151203  09:20:00 12545.00 12545.00 12520.00 12540.00 3766.00
20151203  09:21:00 12540.00 12540.00 12525.00 12530.00 1460.00
20151203  09:22:00 12535.00 12555.00 12530.00 12555.00 1714.00
20151203  09:23:00 12555.00 12560.00 12545.00 12545.00 1674.00
20151203  09:24:00 12545.00 12560.00 12535.00 12550.00 1558.00
20151203  09:25:00 12555.00 12560.00 12545.00 12545.00 818.00
20151203  09:26:00 12545.00 12545.00 12525.00 12530.00 1356.00
20151203  09:27:00 12530.00 12545.00 12525.00 12530.00 2172.00
20151203  09:28:00 12530.00 12530.00 12500.00 12500.00 4944.00
20151203  09:29:00 12505.00 12525.00 12490.00 12515.00 5078.00
20151203  09:30:00 12515.00 12520.00 12480.00 12480.00 4474.00
20151203  09:31:00 12485.00 12505.00 12485.00 12495.00 2636.00
20151203  09:32:00 12495.00 12500.00 12485.00 12500.00 1896.00
20151203  09:33:00 12500.00 12535.00 12500.00 12525.00 3160.00
20151203  09:34:00 12525.00 12530.00 12515.00 12525.00 2212.00
20151203  09:35:00 12525.00 12525.00 12510.00 12520.00 762.00
20151203  09:36:00 12520.00 12525.00 12515.00 12515.00 912.00
20151203  09:37:00 12515.00 12530.00 12515.00 12525.00 962.00
20151203  09:38:00 12525.00 12535.00 12525.00 12530.00 1364.00
20151203  09:39:00 12530.00 12540.00 12525.00 12535.00 1382.00
20151203  09:40:00 12535.00 12535.00 12525.00 12525.00 890.00
20151203  09:41:00 12525.00 12525.00 12520.00 12520.00 830.00
20151203  09:42:00 12520.00 12540.00 12515.00 12530.00 1178.00
20151203  09:43:00 12525.00 12530.00 12510.00 12515.00 1890.00
20151203  09:44:00 12515.00 12525.00 12515.00 12515.00 494.00
20151203  09:45:00 12515.00 12520.00 12505.00 12520.00 596.00
20151203  09:46:00 12520.00 12530.00 12515.00 12525.00 968.00
20151203  09:47:00 12525.00 12525.00 12515.00 12525.00 624.00
20151203  09:48:00 12525.00 12525.00 12510.00 12520.00 1038.00
20151203  09:49:00 12510.00 12520.00 12510.00 12515.00 754.00
20151203  09:50:00 12515.00 12520.00 12500.00 12515.00 1272.00
20151203  09:51:00 12515.00 12525.00 12510.00 12520.00 476.00
20151203  09:52:00 12520.00 12535.00 12520.00 12530.00 1186.00
20151203  09:53:00 12530.00 12540.00 12530.00 12540.00 1698.00
20151203  09:54:00 12540.00 12545.00 12530.00 12535.00 1436.00
20151203  09:55:00 12535.00 12540.00 12530.00 12535.00 646.00
20151203  09:56:00 12535.00 12545.00 12535.00 12545.00 1182.00
20151203  09:57:00 12545.00 12545.00 12530.00 12535.00 946.00
20151203  09:58:00 12535.00 12545.00 12530.00 12540.00 646.00
20151203  09:59:00 12540.00 12540.00 12530.00 12530.00 302.00
20151203  10:00:00 12530.00 12530.00 12515.00 12520.00 1784.00
20151203  10:01:00 12520.00 12525.00 12515.00 12520.00 594.00
20151203  10:02:00 12515.00 12525.00 12510.00 12515.00 1108.00
20151203  10:03:00 12515.00 12520.00 12515.00 12515.00 422.00
20151203  10:04:00 12515.00 12515.00 12500.00 12505.00 1356.00
20151203  10:05:00 12505.00 12515.00 12500.00 12510.00 850.00
20151203  10:06:00 12510.00 12520.00 12510.00 12515.00 290.00
20151203  10:07:00 12515.00 12530.00 12515.00 12520.00 1298.00
20151203  10:08:00 12520.00 12525.00 12515.00 12525.00 422.00
20151203  10:09:00 12525.00 12530.00 12520.00 12525.00 912.00
20151203  10:10:00 12525.00 12530.00 12520.00 12530.00 972.00
20151203  10:11:00 12525.00 12530.00 12525.00 12530.00 420.00
20151203  10:12:00 12530.00 12530.00 12520.00 12525.00 202.00
20151203  10:13:00 12525.00 12525.00 12510.00 12520.00 648.00
20151203  10:14:00 12515.00 12520.00 12510.00 12515.00 576.00
20151203  10:30:00 12520.00 12525.00 12505.00 12510.00 1216.00
20151203  10:31:00 12510.00 12510.00 12485.00 12485.00 2858.00
20151203  10:32:00 12485.00 12495.00 12480.00 12490.00 2466.00
20151203  10:33:00 12495.00 12500.00 12485.00 12495.00 2156.00
20151203  10:34:00 12500.00 12505.00 12490.00 12495.00 976.00
20151203  10:35:00 12495.00 12510.00 12490.00 12510.00 1090.00
20151203  10:36:00 12510.00 12510.00 12500.00 12505.00 688.00
20151203  10:37:00 12505.00 12505.00 12495.00 12500.00 732.00
20151203  10:38:00 12500.00 12500.00 12495.00 12500.00 134.00
20151203  10:39:00 12500.00 12505.00 12495.00 12500.00 924.00
20151203  10:40:00 12500.00 12500.00 12490.00 12495.00 346.00
20151203  10:41:00 12490.00 12495.00 12460.00 12470.00 5424.00
20151203  10:42:00 12465.00 12485.00 12465.00 12475.00 2516.00
20151203  10:43:00 12475.00 12485.00 12470.00 12480.00 1610.00
20151203  10:44:00 12480.00 12485.00 12480.00 12480.00 734.00
20151203  10:45:00 12480.00 12495.00 12475.00 12490.00 1288.00
20151203  10:46:00 12495.00 12495.00 12485.00 12490.00 502.00
20151203  10:47:00 12490.00 12495.00 12480.00 12490.00 714.00
20151203  10:48:00 12490.00 12490.00 12475.00 12475.00 1234.00
20151203  10:49:00 12475.00 12485.00 12470.00 12475.00 1524.00
20151203  10:50:00 12475.00 12485.00 12475.00 12485.00 1352.00
20151203  10:51:00 12485.00 12485.00 12475.00 12480.00 658.00
20151203  10:52:00 12485.00 12485.00 12480.00 12485.00 808.00
20151203  10:53:00 12485.00 12500.00 12485.00 12500.00 1596.00
20151203  10:54:00 12500.00 12515.00 12490.00 12515.00 2340.00
20151203  10:55:00 12510.00 12520.00 12495.00 12505.00 2458.00
20151203  10:56:00 12505.00 12510.00 12505.00 12510.00 498.00
20151203  10:57:00 12510.00 12515.00 12505.00 12510.00 834.00
20151203  10:58:00 12505.00 12525.00 12505.00 12525.00 2368.00
20151203  10:59:00 12525.00 12530.00 12510.00 12515.00 1830.00
20151203  11:00:00 12515.00 12530.00 12505.00 12525.00 1320.00
20151203  11:01:00 12525.00 12525.00 12515.00 12520.00 338.00
20151203  11:02:00 12520.00 12525.00 12515.00 12525.00 290.00
20151203  11:03:00 12525.00 12530.00 12510.00 12510.00 1144.00
20151203  11:04:00 12510.00 12515.00 12500.00 12500.00 862.00
20151203  11:05:00 12500.00 12510.00 12500.00 12500.00 1632.00
20151203  11:06:00 12500.00 12510.00 12500.00 12505.00 406.00
20151203  11:07:00 12505.00 12505.00 12500.00 12500.00 598.00
20151203  11:08:00 12500.00 12505.00 12495.00 12500.00 694.00
20151203  11:09:00 12500.00 12505.00 12490.00 12490.00 650.00
20151203  11:10:00 12490.00 12500.00 12490.00 12495.00 1198.00
20151203  11:11:00 12490.00 12490.00 12475.00 12480.00 2702.00
20151203  11:12:00 12480.00 12490.00 12480.00 12480.00 1754.00
20151203  11:13:00 12480.00 12490.00 12480.00 12485.00 1538.00
20151203  11:14:00 12490.00 12495.00 12485.00 12485.00 1546.00
20151203  11:15:00 12485.00 12495.00 12480.00 12485.00 1208.00
20151203  11:16:00 12485.00 12485.00 12480.00 12480.00 900.00
20151203  11:17:00 12480.00 12495.00 12480.00 12490.00 1030.00
20151203  11:18:00 12490.00 12490.00 12480.00 12485.00 2026.00
20151203  11:19:00 12485.00 12490.00 12480.00 12490.00 852.00
20151203  11:20:00 12490.00 12490.00 12475.00 12485.00 1236.00
20151203  11:21:00 12485.00 12485.00 12480.00 12485.00 434.00
20151203  11:22:00 12485.00 12490.00 12480.00 12480.00 234.00
20151203  11:23:00 12485.00 12490.00 12475.00 12485.00 1022.00
20151203  11:24:00 12485.00 12485.00 12475.00 12485.00 1018.00
20151203  11:25:00 12485.00 12495.00 12480.00 12495.00 1158.00
20151203  11:26:00 12495.00 12505.00 12490.00 12505.00 2294.00
20151203  11:27:00 12505.00 12505.00 12495.00 12500.00 1310.00
20151203  11:28:00 12500.00 12520.00 12500.00 12515.00 1882.00
20151203  11:29:00 12515.00 12520.00 12505.00 12515.00 1178.00
20151203  13:30:00 12515.00 12535.00 12515.00 12525.00 2948.00
20151203  13:31:00 12530.00 12535.00 12525.00 12530.00 1216.00
20151203  13:32:00 12530.00 12550.00 12530.00 12535.00 3312.00
20151203  13:33:00 12535.00 12540.00 12530.00 12540.00 1330.00
20151203  13:34:00 12540.00 12550.00 12535.00 12545.00 1552.00
20151203  13:35:00 12550.00 12550.00 12530.00 12535.00 1796.00
20151203  13:36:00 12535.00 12535.00 12525.00 12530.00 1068.00
20151203  13:37:00 12530.00 12530.00 12520.00 12525.00 1868.00
20151203  13:38:00 12525.00 12530.00 12520.00 12520.00 1264.00
20151203  13:39:00 12525.00 12535.00 12520.00 12530.00 1094.00
20151203  13:40:00 12535.00 12535.00 12520.00 12525.00 1424.00
20151203  13:41:00 12525.00 12530.00 12525.00 12530.00 666.00
20151203  13:42:00 12530.00 12535.00 12525.00 12525.00 742.00
20151203  13:43:00 12525.00 12535.00 12525.00 12535.00 454.00
20151203  13:44:00 12535.00 12545.00 12530.00 12545.00 1248.00
20151203  13:45:00 12545.00 12550.00 12540.00 12550.00 2046.00
20151203  13:46:00 12550.00 12550.00 12540.00 12545.00 1564.00
20151203  13:47:00 12540.00 12545.00 12535.00 12535.00 598.00
20151203  13:48:00 12535.00 12540.00 12525.00 12530.00 780.00
20151203  13:49:00 12530.00 12540.00 12525.00 12530.00 1928.00
20151203  13:50:00 12530.00 12540.00 12525.00 12535.00 1020.00
20151203  13:51:00 12535.00 12535.00 12525.00 12535.00 980.00
20151203  13:52:00 12535.00 12535.00 12530.00 12535.00 408.00
20151203  13:53:00 12540.00 12560.00 12540.00 12555.00 2036.00
20151203  13:54:00 12560.00 12580.00 12555.00 12580.00 5990.00
20151203  13:55:00 12580.00 12600.00 12575.00 12585.00 4590.00
20151203  13:56:00 12585.00 12585.00 12570.00 12570.00 1806.00
20151203  13:57:00 12570.00 12575.00 12560.00 12570.00 1702.00
20151203  13:58:00 12565.00 12565.00 12560.00 12560.00 954.00
20151203  13:59:00 12560.00 12565.00 12555.00 12560.00 968.00
20151203  14:00:00 12560.00 12570.00 12555.00 12565.00 2108.00
20151203  14:01:00 12560.00 12565.00 12550.00 12550.00 1750.00
20151203  14:02:00 12550.00 12560.00 12550.00 12555.00 2396.00
20151203  14:03:00 12555.00 12560.00 12550.00 12555.00 730.00
20151203  14:04:00 12555.00 12560.00 12555.00 12560.00 456.00
20151203  14:05:00 12560.00 12565.00 12555.00 12565.00 620.00
20151203  14:06:00 12565.00 12565.00 12555.00 12560.00 960.00
20151203  14:07:00 12560.00 12560.00 12550.00 12555.00 688.00
20151203  14:08:00 12555.00 12555.00 12525.00 12535.00 3028.00
20151203  14:09:00 12530.00 12535.00 12525.00 12525.00 1612.00
20151203  14:10:00 12525.00 12530.00 12515.00 12520.00 2606.00
20151203  14:11:00 12520.00 12535.00 12520.00 12525.00 1310.00
20151203  14:12:00 12525.00 12530.00 12520.00 12530.00 632.00
20151203  14:13:00 12530.00 12530.00 12520.00 12525.00 892.00
20151203  14:14:00 12525.00 12530.00 12520.00 12520.00 924.00
20151203  14:15:00 12525.00 12525.00 12505.00 12505.00 2272.00
20151203  14:16:00 12510.00 12520.00 12505.00 12515.00 1296.00
20151203  14:17:00 12515.00 12520.00 12505.00 12515.00 1456.00
20151203  14:18:00 12515.00 12520.00 12510.00 12510.00 886.00
20151203  14:19:00 12510.00 12515.00 12500.00 12505.00 1266.00
20151203  14:20:00 12505.00 12520.00 12505.00 12520.00 1010.00
20151203  14:21:00 12520.00 12525.00 12510.00 12520.00 1486.00
20151203  14:22:00 12515.00 12515.00 12500.00 12505.00 1372.00
20151203  14:23:00 12505.00 12505.00 12495.00 12500.00 1562.00
20151203  14:24:00 12500.00 12505.00 12500.00 12505.00 804.00
20151203  14:25:00 12505.00 12505.00 12480.00 12485.00 3044.00
20151203  14:26:00 12485.00 12490.00 12475.00 12480.00 2636.00
20151203  14:27:00 12480.00 12490.00 12480.00 12490.00 1024.00
20151203  14:28:00 12490.00 12510.00 12490.00 12505.00 1744.00
20151203  14:29:00 12505.00 12505.00 12485.00 12500.00 1470.00
20151203  14:30:00 12495.00 12510.00 12495.00 12510.00 1738.00
20151203  14:31:00 12510.00 12510.00 12500.00 12505.00 818.00
20151203  14:32:00 12505.00 12515.00 12495.00 12495.00 980.00
20151203  14:33:00 12495.00 12510.00 12490.00 12510.00 908.00
20151203  14:34:00 12510.00 12510.00 12495.00 12500.00 514.00
20151203  14:35:00 12500.00 12500.00 12495.00 12500.00 292.00
20151203  14:36:00 12505.00 12515.00 12500.00 12515.00 644.00
20151203  14:37:00 12515.00 12515.00 12500.00 12505.00 946.00
20151203  14:38:00 12505.00 12505.00 12490.00 12500.00 480.00
20151203  14:39:00 12500.00 12500.00 12485.00 12495.00 1706.00
20151203  14:40:00 12495.00 12495.00 12465.00 12465.00 2986.00
20151203  14:41:00 12465.00 12485.00 12465.00 12470.00 1930.00
20151203  14:42:00 12475.00 12485.00 12475.00 12485.00 1852.00
20151203  14:43:00 12485.00 12485.00 12465.00 12475.00 1666.00
20151203  14:44:00 12475.00 12485.00 12470.00 12480.00 2174.00
20151203  14:45:00 12480.00 12485.00 12470.00 12480.00 1386.00
20151203  14:46:00 12480.00 12495.00 12480.00 12495.00 1410.00
20151203  14:47:00 12490.00 12500.00 12485.00 12500.00 1996.00
20151203  14:48:00 12500.00 12500.00 12490.00 12495.00 1084.00
20151203  14:49:00 12495.00 12495.00 12475.00 12475.00 2014.00
20151203  14:50:00 12475.00 12500.00 12475.00 12495.00 2272.00
20151203  14:51:00 12495.00 12495.00 12475.00 12485.00 1602.00
20151203  14:52:00 12480.00 12485.00 12470.00 12480.00 1254.00
20151203  14:53:00 12480.00 12480.00 12465.00 12465.00 2912.00
20151203  14:54:00 12465.00 12480.00 12465.00 12475.00 1542.00
20151203  14:55:00 12480.00 12485.00 12475.00 12480.00 1118.00
20151203  14:56:00 12480.00 12480.00 12460.00 12460.00 2654.00
20151203  14:57:00 12460.00 12475.00 12460.00 12465.00 2094.00
20151203  14:58:00 12465.00 12475.00 12460.00 12465.00 2050.00
20151203  14:59:00 12465.00 12470.00 12455.00 12455.00 5882.00
20151203  15:00:00 12460.00 12460.00 12460.00 12460.00   4.00
