20151209  21:00:00 12680.00 12705.00 12660.00 12695.00 7422.00
20151209  21:01:00 12695.00 12700.00 12680.00 12685.00 3804.00
20151209  21:02:00 12680.00 12685.00 12665.00 12670.00 2884.00
20151209  21:03:00 12670.00 12670.00 12660.00 12665.00 2896.00
20151209  21:04:00 12670.00 12670.00 12660.00 12665.00 1620.00
20151209  21:05:00 12665.00 12665.00 12650.00 12660.00 2622.00
20151209  21:06:00 12660.00 12670.00 12655.00 12670.00 2348.00
20151209  21:07:00 12670.00 12675.00 12665.00 12670.00 1624.00
20151209  21:08:00 12670.00 12685.00 12660.00 12680.00 2126.00
20151209  21:09:00 12680.00 12690.00 12675.00 12690.00 3352.00
20151209  21:10:00 12690.00 12735.00 12685.00 12730.00 9292.00
20151209  21:11:00 12725.00 12725.00 12715.00 12720.00 3164.00
20151209  21:12:00 12720.00 12725.00 12710.00 12710.00 2756.00
20151209  21:13:00 12710.00 12735.00 12710.00 12730.00 2294.00
20151209  21:14:00 12730.00 12735.00 12725.00 12730.00 2518.00
20151209  21:15:00 12725.00 12730.00 12715.00 12725.00 1792.00
20151209  21:16:00 12725.00 12765.00 12720.00 12755.00 5764.00
20151209  21:17:00 12755.00 12760.00 12745.00 12750.00 4672.00
20151209  21:18:00 12750.00 12760.00 12735.00 12735.00 2598.00
20151209  21:19:00 12740.00 12750.00 12730.00 12745.00 3098.00
20151209  21:20:00 12745.00 12745.00 12735.00 12735.00 1156.00
20151209  21:21:00 12735.00 12740.00 12730.00 12730.00 1748.00
20151209  21:22:00 12730.00 12730.00 12720.00 12730.00 2022.00
20151209  21:23:00 12730.00 12740.00 12725.00 12730.00 1722.00
20151209  21:24:00 12725.00 12730.00 12725.00 12730.00 406.00
20151209  21:25:00 12730.00 12740.00 12725.00 12735.00 1096.00
20151209  21:26:00 12735.00 12740.00 12725.00 12725.00 1070.00
20151209  21:27:00 12725.00 12740.00 12725.00 12735.00 1208.00
20151209  21:28:00 12735.00 12755.00 12730.00 12750.00 3154.00
20151209  21:29:00 12750.00 12750.00 12740.00 12745.00 1532.00
20151209  21:30:00 12745.00 12750.00 12735.00 12735.00 1570.00
20151209  21:31:00 12735.00 12750.00 12735.00 12740.00 1066.00
20151209  21:32:00 12740.00 12760.00 12740.00 12750.00 2368.00
20151209  21:33:00 12750.00 12750.00 12740.00 12740.00 758.00
20151209  21:34:00 12740.00 12755.00 12740.00 12755.00 2000.00
20151209  21:35:00 12755.00 12765.00 12750.00 12750.00 4930.00
20151209  21:36:00 12745.00 12760.00 12745.00 12760.00 1116.00
20151209  21:37:00 12755.00 12770.00 12755.00 12760.00 2646.00
20151209  21:38:00 12765.00 12775.00 12760.00 12770.00 4122.00
20151209  21:39:00 12775.00 12780.00 12765.00 12770.00 2356.00
20151209  21:40:00 12770.00 12780.00 12765.00 12775.00 2986.00
20151209  21:41:00 12775.00 12775.00 12760.00 12765.00 2360.00
20151209  21:42:00 12765.00 12770.00 12755.00 12755.00 2002.00
20151209  21:43:00 12755.00 12760.00 12750.00 12755.00 2486.00
20151209  21:44:00 12755.00 12760.00 12750.00 12755.00 1022.00
20151209  21:45:00 12755.00 12760.00 12745.00 12750.00 1092.00
20151209  21:46:00 12750.00 12765.00 12750.00 12765.00 2260.00
20151209  21:47:00 12765.00 12775.00 12765.00 12775.00 1464.00
20151209  21:48:00 12775.00 12775.00 12760.00 12760.00 1350.00
20151209  21:49:00 12760.00 12765.00 12755.00 12755.00 1524.00
20151209  21:50:00 12760.00 12760.00 12755.00 12755.00 360.00
20151209  21:51:00 12755.00 12760.00 12750.00 12755.00 1188.00
20151209  21:52:00 12755.00 12760.00 12745.00 12745.00 1700.00
20151209  21:53:00 12745.00 12755.00 12745.00 12750.00 954.00
20151209  21:54:00 12750.00 12755.00 12745.00 12750.00 1392.00
20151209  21:55:00 12750.00 12755.00 12740.00 12740.00 882.00
20151209  21:56:00 12740.00 12745.00 12730.00 12735.00 1882.00
20151209  21:57:00 12735.00 12745.00 12735.00 12745.00 1070.00
20151209  21:58:00 12745.00 12745.00 12730.00 12735.00 1638.00
20151209  21:59:00 12730.00 12745.00 12730.00 12740.00 2442.00
20151209  22:00:00 12740.00 12745.00 12735.00 12735.00 734.00
20151209  22:01:00 12735.00 12755.00 12735.00 12750.00 2328.00
20151209  22:02:00 12750.00 12755.00 12745.00 12745.00 1144.00
20151209  22:03:00 12745.00 12750.00 12740.00 12750.00 918.00
20151209  22:04:00 12750.00 12750.00 12745.00 12750.00 1052.00
20151209  22:05:00 12750.00 12760.00 12750.00 12755.00 980.00
20151209  22:06:00 12760.00 12765.00 12755.00 12755.00 1482.00
20151209  22:07:00 12755.00 12760.00 12750.00 12750.00 1014.00
20151209  22:08:00 12755.00 12755.00 12750.00 12755.00 372.00
20151209  22:09:00 12755.00 12755.00 12745.00 12745.00 808.00
20151209  22:10:00 12745.00 12750.00 12740.00 12750.00 1352.00
20151209  22:11:00 12750.00 12755.00 12750.00 12750.00 474.00
20151209  22:12:00 12745.00 12750.00 12740.00 12745.00 320.00
20151209  22:13:00 12750.00 12750.00 12740.00 12740.00 882.00
20151209  22:14:00 12740.00 12740.00 12735.00 12735.00 1458.00
20151209  22:15:00 12735.00 12745.00 12730.00 12740.00 1814.00
20151209  22:16:00 12740.00 12740.00 12730.00 12735.00 1512.00
20151209  22:17:00 12730.00 12740.00 12730.00 12730.00 992.00
20151209  22:18:00 12730.00 12740.00 12725.00 12740.00 912.00
20151209  22:19:00 12740.00 12745.00 12735.00 12745.00 1244.00
20151209  22:20:00 12745.00 12745.00 12735.00 12740.00 452.00
20151209  22:21:00 12740.00 12745.00 12740.00 12740.00 460.00
20151209  22:22:00 12740.00 12750.00 12735.00 12745.00 784.00
20151209  22:23:00 12745.00 12750.00 12740.00 12745.00 850.00
20151209  22:24:00 12745.00 12750.00 12740.00 12745.00 444.00
20151209  22:25:00 12745.00 12755.00 12745.00 12755.00 714.00
20151209  22:26:00 12755.00 12765.00 12750.00 12765.00 2100.00
20151209  22:27:00 12765.00 12765.00 12750.00 12765.00 4240.00
20151209  22:28:00 12765.00 12770.00 12755.00 12765.00 3106.00
20151209  22:29:00 12765.00 12770.00 12760.00 12760.00 600.00
20151209  22:30:00 12760.00 12765.00 12755.00 12755.00 656.00
20151209  22:31:00 12755.00 12765.00 12755.00 12760.00 802.00
20151209  22:32:00 12760.00 12765.00 12750.00 12755.00 906.00
20151209  22:33:00 12755.00 12755.00 12740.00 12740.00 1228.00
20151209  22:34:00 12740.00 12745.00 12715.00 12715.00 2590.00
20151209  22:35:00 12710.00 12730.00 12710.00 12720.00 3476.00
20151209  22:36:00 12720.00 12725.00 12715.00 12720.00 2072.00
20151209  22:37:00 12720.00 12725.00 12715.00 12725.00 1180.00
20151209  22:38:00 12720.00 12725.00 12715.00 12715.00 1034.00
20151209  22:39:00 12715.00 12725.00 12705.00 12705.00 2688.00
20151209  22:40:00 12705.00 12715.00 12705.00 12715.00 2222.00
20151209  22:41:00 12715.00 12725.00 12715.00 12725.00 1342.00
20151209  22:42:00 12725.00 12725.00 12715.00 12720.00 710.00
20151209  22:43:00 12720.00 12720.00 12710.00 12715.00 1072.00
20151209  22:44:00 12715.00 12720.00 12715.00 12715.00 434.00
20151209  22:45:00 12715.00 12720.00 12715.00 12715.00 710.00
20151209  22:46:00 12715.00 12720.00 12710.00 12710.00 452.00
20151209  22:47:00 12710.00 12720.00 12710.00 12715.00 802.00
20151209  22:48:00 12715.00 12720.00 12710.00 12715.00 822.00
20151209  22:49:00 12715.00 12725.00 12715.00 12725.00 1256.00
20151209  22:50:00 12725.00 12730.00 12720.00 12720.00 1316.00
20151209  22:51:00 12720.00 12725.00 12720.00 12720.00 518.00
20151209  22:52:00 12720.00 12730.00 12720.00 12730.00 496.00
20151209  22:53:00 12730.00 12735.00 12725.00 12730.00 416.00
20151209  22:54:00 12730.00 12735.00 12720.00 12725.00 1264.00
20151209  22:55:00 12725.00 12730.00 12725.00 12725.00 500.00
20151209  22:56:00 12725.00 12730.00 12720.00 12720.00 828.00
20151209  22:57:00 12720.00 12725.00 12720.00 12725.00  88.00
20151209  22:58:00 12725.00 12730.00 12720.00 12725.00 480.00
20151209  22:59:00 12725.00 12730.00 12725.00 12725.00 300.00
20151209  23:00:00 12725.00 12730.00 12720.00 12720.00 964.00
20151209  23:01:00 12720.00 12730.00 12720.00 12725.00 690.00
20151209  23:02:00 12725.00 12725.00 12715.00 12720.00 452.00
20151209  23:03:00 12720.00 12725.00 12715.00 12720.00 800.00
20151209  23:04:00 12720.00 12720.00 12715.00 12715.00 488.00
20151209  23:05:00 12715.00 12725.00 12715.00 12720.00 522.00
20151209  23:06:00 12725.00 12725.00 12720.00 12725.00 182.00
20151209  23:07:00 12725.00 12730.00 12720.00 12725.00 492.00
20151209  23:08:00 12725.00 12735.00 12725.00 12735.00 778.00
20151209  23:09:00 12735.00 12740.00 12730.00 12735.00 1018.00
20151209  23:10:00 12735.00 12735.00 12730.00 12735.00 372.00
20151209  23:11:00 12735.00 12735.00 12725.00 12725.00 1052.00
20151209  23:12:00 12725.00 12725.00 12720.00 12725.00 308.00
20151209  23:13:00 12725.00 12725.00 12715.00 12720.00 648.00
20151209  23:14:00 12715.00 12725.00 12715.00 12720.00 1024.00
20151209  23:15:00 12720.00 12720.00 12710.00 12715.00 754.00
20151209  23:16:00 12715.00 12720.00 12710.00 12715.00 868.00
20151209  23:17:00 12715.00 12720.00 12715.00 12715.00 190.00
20151209  23:18:00 12715.00 12725.00 12715.00 12725.00 604.00
20151209  23:19:00 12725.00 12725.00 12720.00 12720.00 788.00
20151209  23:20:00 12720.00 12720.00 12715.00 12715.00 892.00
20151209  23:21:00 12715.00 12720.00 12710.00 12710.00 568.00
20151209  23:22:00 12710.00 12720.00 12710.00 12715.00 326.00
20151209  23:23:00 12715.00 12720.00 12715.00 12720.00 116.00
20151209  23:24:00 12720.00 12720.00 12710.00 12710.00 590.00
20151209  23:25:00 12715.00 12715.00 12705.00 12710.00 1070.00
20151209  23:26:00 12710.00 12710.00 12695.00 12700.00 2628.00
20151209  23:27:00 12700.00 12705.00 12695.00 12700.00 1060.00
20151209  23:28:00 12705.00 12705.00 12690.00 12690.00 1110.00
20151209  23:29:00 12695.00 12695.00 12685.00 12695.00 2258.00
20151209  23:30:00 12695.00 12715.00 12690.00 12710.00 3686.00
20151209  23:31:00 12710.00 12710.00 12705.00 12705.00 392.00
20151209  23:32:00 12705.00 12710.00 12705.00 12705.00 858.00
20151209  23:33:00 12705.00 12715.00 12705.00 12715.00 418.00
20151209  23:34:00 12715.00 12720.00 12715.00 12715.00 798.00
20151209  23:35:00 12715.00 12720.00 12715.00 12720.00 582.00
20151209  23:36:00 12720.00 12720.00 12710.00 12710.00 752.00
20151209  23:37:00 12710.00 12715.00 12710.00 12710.00 486.00
20151209  23:38:00 12710.00 12715.00 12710.00 12710.00 610.00
20151209  23:39:00 12710.00 12715.00 12710.00 12715.00  86.00
20151209  23:40:00 12715.00 12715.00 12700.00 12700.00 968.00
20151209  23:41:00 12700.00 12705.00 12700.00 12700.00 356.00
20151209  23:42:00 12700.00 12700.00 12695.00 12695.00 1142.00
20151209  23:43:00 12695.00 12700.00 12695.00 12695.00 214.00
20151209  23:44:00 12695.00 12700.00 12695.00 12695.00 272.00
20151209  23:45:00 12695.00 12700.00 12685.00 12690.00 1950.00
20151209  23:46:00 12690.00 12695.00 12685.00 12690.00 848.00
20151209  23:47:00 12695.00 12700.00 12690.00 12700.00 534.00
20151209  23:48:00 12695.00 12700.00 12690.00 12695.00 870.00
20151209  23:49:00 12695.00 12695.00 12685.00 12685.00 1194.00
20151209  23:50:00 12685.00 12685.00 12675.00 12675.00 2044.00
20151209  23:51:00 12680.00 12685.00 12675.00 12680.00 1230.00
20151209  23:52:00 12680.00 12685.00 12675.00 12680.00 1058.00
20151209  23:53:00 12680.00 12685.00 12675.00 12685.00 1496.00
20151209  23:54:00 12680.00 12680.00 12675.00 12675.00 676.00
20151209  23:55:00 12675.00 12680.00 12670.00 12675.00 1022.00
20151209  23:56:00 12675.00 12680.00 12660.00 12665.00 1870.00
20151209  23:57:00 12665.00 12675.00 12665.00 12675.00 800.00
20151209  23:58:00 12675.00 12675.00 12665.00 12670.00 566.00
20151209  23:59:00 12670.00 12675.00 12660.00 12665.00 1794.00
20151210  00:00:00 12660.00 12665.00 12660.00 12665.00 1360.00
20151210  00:01:00 12665.00 12675.00 12660.00 12670.00 1088.00
20151210  00:02:00 12670.00 12675.00 12665.00 12675.00 524.00
20151210  00:03:00 12670.00 12675.00 12660.00 12665.00 864.00
20151210  00:04:00 12665.00 12670.00 12665.00 12665.00 146.00
20151210  00:05:00 12665.00 12670.00 12660.00 12665.00 410.00
20151210  00:06:00 12665.00 12675.00 12665.00 12675.00 504.00
20151210  00:07:00 12675.00 12675.00 12665.00 12670.00 576.00
20151210  00:08:00 12670.00 12670.00 12665.00 12670.00 202.00
20151210  00:09:00 12670.00 12670.00 12660.00 12660.00 884.00
20151210  00:10:00 12660.00 12665.00 12660.00 12665.00 424.00
20151210  00:11:00 12665.00 12665.00 12660.00 12660.00 834.00
20151210  00:12:00 12660.00 12665.00 12660.00 12660.00 364.00
20151210  00:13:00 12660.00 12660.00 12655.00 12660.00 544.00
20151210  00:14:00 12660.00 12670.00 12655.00 12665.00 1076.00
20151210  00:15:00 12665.00 12670.00 12660.00 12665.00 624.00
20151210  00:16:00 12665.00 12670.00 12660.00 12670.00 534.00
20151210  00:17:00 12670.00 12675.00 12665.00 12675.00 966.00
20151210  00:18:00 12675.00 12675.00 12670.00 12675.00 300.00
20151210  00:19:00 12675.00 12680.00 12670.00 12680.00 442.00
20151210  00:20:00 12680.00 12680.00 12670.00 12670.00 542.00
20151210  00:21:00 12670.00 12675.00 12670.00 12670.00  98.00
20151210  00:22:00 12675.00 12675.00 12670.00 12675.00  60.00
20151210  00:23:00 12675.00 12680.00 12670.00 12680.00 470.00
20151210  00:24:00 12680.00 12680.00 12675.00 12675.00 124.00
20151210  00:25:00 12675.00 12680.00 12670.00 12670.00 320.00
20151210  00:26:00 12670.00 12680.00 12670.00 12675.00 356.00
20151210  00:27:00 12675.00 12685.00 12670.00 12685.00 532.00
20151210  00:28:00 12685.00 12685.00 12680.00 12680.00 114.00
20151210  00:29:00 12685.00 12685.00 12675.00 12675.00 376.00
20151210  00:30:00 12675.00 12680.00 12675.00 12680.00 694.00
20151210  00:31:00 12680.00 12680.00 12675.00 12680.00 194.00
20151210  00:32:00 12680.00 12680.00 12675.00 12675.00 174.00
20151210  00:33:00 12675.00 12680.00 12670.00 12670.00 336.00
20151210  00:34:00 12670.00 12670.00 12670.00 12670.00   4.00
20151210  00:35:00 12670.00 12675.00 12665.00 12665.00 630.00
20151210  00:36:00 12665.00 12670.00 12665.00 12665.00 172.00
20151210  00:37:00 12665.00 12675.00 12665.00 12670.00 224.00
20151210  00:38:00 12670.00 12675.00 12670.00 12675.00 128.00
20151210  00:39:00 12675.00 12675.00 12670.00 12670.00  86.00
20151210  00:40:00 12670.00 12680.00 12670.00 12680.00 216.00
20151210  00:41:00 12680.00 12680.00 12675.00 12675.00  94.00
20151210  00:42:00 12675.00 12675.00 12670.00 12670.00 578.00
20151210  00:43:00 12670.00 12675.00 12670.00 12675.00 188.00
20151210  00:44:00 12675.00 12675.00 12670.00 12670.00  28.00
20151210  00:45:00 12670.00 12670.00 12665.00 12670.00 536.00
20151210  00:46:00 12670.00 12670.00 12655.00 12655.00 1302.00
20151210  00:47:00 12655.00 12660.00 12635.00 12640.00 2372.00
20151210  00:48:00 12640.00 12650.00 12635.00 12650.00 750.00
20151210  00:49:00 12650.00 12650.00 12645.00 12650.00 288.00
20151210  00:50:00 12650.00 12650.00 12640.00 12645.00 368.00
20151210  00:51:00 12645.00 12650.00 12645.00 12650.00 206.00
20151210  00:52:00 12650.00 12655.00 12645.00 12650.00 254.00
20151210  00:53:00 12650.00 12660.00 12650.00 12660.00 334.00
20151210  00:54:00 12660.00 12660.00 12655.00 12655.00 806.00
20151210  00:55:00 12655.00 12655.00 12650.00 12655.00 150.00
20151210  00:56:00 12655.00 12655.00 12650.00 12655.00 108.00
20151210  00:57:00 12655.00 12655.00 12645.00 12650.00 476.00
20151210  00:58:00 12650.00 12660.00 12650.00 12660.00 366.00
20151210  00:59:00 12660.00 12660.00 12650.00 12660.00 462.00
20151210  01:00:00 12660.00 12660.00 12660.00 12660.00   0.00
20151210  09:00:00 12655.00 12660.00 12640.00 12650.00 2892.00
20151210  09:01:00 12650.00 12670.00 12650.00 12665.00 2284.00
20151210  09:02:00 12665.00 12685.00 12660.00 12680.00 1972.00
20151210  09:03:00 12680.00 12680.00 12665.00 12675.00 1402.00
20151210  09:04:00 12675.00 12695.00 12670.00 12695.00 2084.00
20151210  09:05:00 12690.00 12695.00 12680.00 12680.00 1340.00
20151210  09:06:00 12680.00 12685.00 12680.00 12680.00 790.00
20151210  09:07:00 12680.00 12705.00 12680.00 12700.00 2636.00
20151210  09:08:00 12705.00 12705.00 12700.00 12705.00 748.00
20151210  09:09:00 12700.00 12715.00 12700.00 12710.00 2230.00
20151210  09:10:00 12710.00 12730.00 12710.00 12730.00 3498.00
20151210  09:11:00 12725.00 12725.00 12715.00 12720.00 3156.00
20151210  09:12:00 12715.00 12725.00 12715.00 12720.00 1108.00
20151210  09:13:00 12720.00 12720.00 12710.00 12715.00 1510.00
20151210  09:14:00 12715.00 12735.00 12715.00 12730.00 2800.00
20151210  09:15:00 12730.00 12730.00 12715.00 12720.00 1442.00
20151210  09:16:00 12720.00 12725.00 12715.00 12725.00 630.00
20151210  09:17:00 12725.00 12735.00 12725.00 12730.00 1946.00
20151210  09:18:00 12730.00 12730.00 12720.00 12720.00 760.00
20151210  09:19:00 12720.00 12720.00 12710.00 12710.00 826.00
20151210  09:20:00 12710.00 12720.00 12710.00 12715.00 294.00
20151210  09:21:00 12715.00 12720.00 12710.00 12710.00 810.00
20151210  09:22:00 12710.00 12720.00 12710.00 12715.00 1162.00
20151210  09:23:00 12715.00 12720.00 12715.00 12715.00 194.00
20151210  09:24:00 12715.00 12730.00 12715.00 12725.00 1014.00
20151210  09:25:00 12730.00 12735.00 12725.00 12725.00 1318.00
20151210  09:26:00 12725.00 12730.00 12715.00 12720.00 864.00
20151210  09:27:00 12720.00 12720.00 12710.00 12715.00 764.00
20151210  09:28:00 12715.00 12720.00 12710.00 12710.00 762.00
20151210  09:29:00 12710.00 12715.00 12700.00 12705.00 1372.00
20151210  09:30:00 12705.00 12710.00 12700.00 12705.00 1442.00
20151210  09:31:00 12705.00 12715.00 12705.00 12705.00 486.00
20151210  09:32:00 12705.00 12710.00 12700.00 12705.00 694.00
20151210  09:33:00 12705.00 12710.00 12700.00 12705.00 790.00
20151210  09:34:00 12705.00 12710.00 12700.00 12710.00 1202.00
20151210  09:35:00 12705.00 12710.00 12705.00 12710.00  70.00
20151210  09:36:00 12710.00 12710.00 12700.00 12700.00 592.00
20151210  09:37:00 12700.00 12710.00 12700.00 12710.00 440.00
20151210  09:38:00 12710.00 12735.00 12705.00 12730.00 2194.00
20151210  09:39:00 12730.00 12745.00 12720.00 12740.00 2808.00
20151210  09:40:00 12740.00 12740.00 12725.00 12730.00 1276.00
20151210  09:41:00 12730.00 12735.00 12725.00 12725.00 626.00
20151210  09:42:00 12725.00 12730.00 12725.00 12730.00 782.00
20151210  09:43:00 12730.00 12730.00 12725.00 12730.00 138.00
20151210  09:44:00 12730.00 12735.00 12725.00 12730.00 760.00
20151210  09:45:00 12730.00 12735.00 12725.00 12735.00 1140.00
20151210  09:46:00 12735.00 12740.00 12730.00 12735.00 708.00
20151210  09:47:00 12735.00 12735.00 12720.00 12720.00 628.00
20151210  09:48:00 12720.00 12730.00 12720.00 12725.00 416.00
20151210  09:49:00 12725.00 12725.00 12720.00 12725.00 380.00
20151210  09:50:00 12725.00 12725.00 12710.00 12715.00 638.00
20151210  09:51:00 12715.00 12720.00 12715.00 12720.00 404.00
20151210  09:52:00 12720.00 12725.00 12720.00 12725.00 420.00
20151210  09:53:00 12725.00 12725.00 12715.00 12720.00 474.00
20151210  09:54:00 12720.00 12725.00 12720.00 12720.00 320.00
20151210  09:55:00 12720.00 12725.00 12715.00 12720.00 394.00
20151210  09:56:00 12720.00 12720.00 12715.00 12715.00 458.00
20151210  09:57:00 12715.00 12725.00 12715.00 12725.00 700.00
20151210  09:58:00 12725.00 12725.00 12715.00 12720.00 686.00
20151210  09:59:00 12725.00 12725.00 12715.00 12720.00 586.00
20151210  10:00:00 12720.00 12735.00 12720.00 12735.00 1280.00
20151210  10:01:00 12730.00 12735.00 12725.00 12730.00 736.00
20151210  10:02:00 12730.00 12735.00 12730.00 12730.00 588.00
20151210  10:03:00 12730.00 12735.00 12720.00 12720.00 658.00
20151210  10:04:00 12720.00 12725.00 12720.00 12725.00 196.00
20151210  10:05:00 12725.00 12725.00 12715.00 12715.00 668.00
20151210  10:06:00 12715.00 12715.00 12695.00 12695.00 2272.00
20151210  10:07:00 12695.00 12705.00 12695.00 12705.00 1112.00
20151210  10:08:00 12700.00 12700.00 12685.00 12690.00 2422.00
20151210  10:09:00 12690.00 12690.00 12685.00 12690.00 1522.00
20151210  10:10:00 12690.00 12690.00 12685.00 12690.00 282.00
20151210  10:11:00 12690.00 12690.00 12685.00 12685.00 638.00
20151210  10:12:00 12685.00 12690.00 12685.00 12690.00 100.00
20151210  10:13:00 12690.00 12695.00 12685.00 12695.00 728.00
20151210  10:14:00 12695.00 12695.00 12690.00 12690.00 298.00
20151210  10:30:00 12695.00 12700.00 12690.00 12690.00 492.00
20151210  10:31:00 12690.00 12695.00 12690.00 12695.00 324.00
20151210  10:32:00 12695.00 12695.00 12690.00 12695.00 428.00
20151210  10:33:00 12695.00 12695.00 12680.00 12680.00 2316.00
20151210  10:34:00 12680.00 12690.00 12680.00 12685.00 722.00
20151210  10:35:00 12685.00 12695.00 12685.00 12695.00 366.00
20151210  10:36:00 12695.00 12695.00 12685.00 12690.00 658.00
20151210  10:37:00 12690.00 12700.00 12690.00 12695.00 544.00
20151210  10:38:00 12695.00 12700.00 12690.00 12700.00 534.00
20151210  10:39:00 12700.00 12700.00 12695.00 12695.00 174.00
20151210  10:40:00 12695.00 12695.00 12685.00 12690.00 682.00
20151210  10:41:00 12690.00 12690.00 12680.00 12685.00 918.00
20151210  10:42:00 12685.00 12690.00 12685.00 12690.00 446.00
20151210  10:43:00 12690.00 12695.00 12685.00 12690.00 272.00
20151210  10:44:00 12690.00 12695.00 12690.00 12695.00 288.00
20151210  10:45:00 12695.00 12695.00 12690.00 12695.00 164.00
20151210  10:46:00 12690.00 12695.00 12690.00 12690.00  98.00
20151210  10:47:00 12690.00 12695.00 12690.00 12690.00 108.00
20151210  10:48:00 12690.00 12695.00 12690.00 12695.00 262.00
20151210  10:49:00 12690.00 12695.00 12690.00 12690.00 318.00
20151210  10:50:00 12690.00 12690.00 12680.00 12685.00 236.00
20151210  10:51:00 12685.00 12690.00 12680.00 12690.00 264.00
20151210  10:52:00 12690.00 12690.00 12680.00 12685.00 604.00
20151210  10:53:00 12685.00 12690.00 12685.00 12690.00 174.00
20151210  10:54:00 12690.00 12690.00 12680.00 12680.00 388.00
20151210  10:55:00 12685.00 12685.00 12680.00 12680.00 672.00
20151210  10:56:00 12680.00 12680.00 12670.00 12675.00 1506.00
20151210  10:57:00 12675.00 12680.00 12675.00 12680.00 558.00
20151210  10:58:00 12680.00 12690.00 12675.00 12690.00 566.00
20151210  10:59:00 12690.00 12690.00 12680.00 12685.00 566.00
20151210  11:00:00 12680.00 12690.00 12680.00 12685.00 272.00
20151210  11:01:00 12685.00 12695.00 12685.00 12690.00 606.00
20151210  11:02:00 12695.00 12695.00 12685.00 12690.00 836.00
20151210  11:03:00 12690.00 12705.00 12690.00 12700.00 2018.00
20151210  11:04:00 12700.00 12705.00 12700.00 12705.00 562.00
20151210  11:05:00 12705.00 12705.00 12695.00 12700.00 906.00
20151210  11:06:00 12700.00 12700.00 12695.00 12700.00 418.00
20151210  11:07:00 12695.00 12700.00 12690.00 12690.00 278.00
20151210  11:08:00 12690.00 12695.00 12685.00 12685.00 448.00
20151210  11:09:00 12685.00 12690.00 12670.00 12670.00 1684.00
20151210  11:10:00 12670.00 12675.00 12645.00 12650.00 4860.00
20151210  11:11:00 12650.00 12655.00 12640.00 12645.00 3426.00
20151210  11:12:00 12650.00 12655.00 12640.00 12655.00 922.00
20151210  11:13:00 12655.00 12655.00 12645.00 12645.00 898.00
20151210  11:14:00 12645.00 12650.00 12640.00 12645.00 1838.00
20151210  11:15:00 12645.00 12655.00 12640.00 12650.00 1704.00
20151210  11:16:00 12650.00 12660.00 12650.00 12655.00 624.00
20151210  11:17:00 12655.00 12660.00 12625.00 12630.00 3464.00
20151210  11:18:00 12630.00 12635.00 12620.00 12620.00 2474.00
20151210  11:19:00 12620.00 12625.00 12610.00 12615.00 4014.00
20151210  11:20:00 12615.00 12625.00 12615.00 12625.00 2210.00
20151210  11:21:00 12625.00 12630.00 12620.00 12620.00 1514.00
20151210  11:22:00 12620.00 12630.00 12620.00 12625.00 960.00
20151210  11:23:00 12630.00 12630.00 12625.00 12625.00 738.00
20151210  11:24:00 12625.00 12630.00 12620.00 12625.00 1244.00
20151210  11:25:00 12625.00 12635.00 12625.00 12630.00 880.00
20151210  11:26:00 12625.00 12635.00 12625.00 12630.00 1010.00
20151210  11:27:00 12630.00 12630.00 12620.00 12625.00 878.00
20151210  11:28:00 12625.00 12630.00 12610.00 12615.00 1908.00
20151210  11:29:00 12610.00 12620.00 12600.00 12605.00 3096.00
20151210  13:30:00 12615.00 12620.00 12610.00 12620.00 2414.00
20151210  13:31:00 12620.00 12620.00 12615.00 12615.00 850.00
20151210  13:32:00 12615.00 12615.00 12590.00 12595.00 2738.00
20151210  13:33:00 12595.00 12605.00 12585.00 12595.00 2314.00
20151210  13:34:00 12595.00 12605.00 12595.00 12605.00 550.00
20151210  13:35:00 12605.00 12615.00 12595.00 12615.00 1310.00
20151210  13:36:00 12615.00 12615.00 12595.00 12600.00 1822.00
20151210  13:37:00 12600.00 12605.00 12595.00 12600.00 776.00
20151210  13:38:00 12595.00 12600.00 12595.00 12595.00 1188.00
20151210  13:39:00 12600.00 12605.00 12595.00 12605.00 852.00
20151210  13:40:00 12600.00 12605.00 12600.00 12605.00 678.00
20151210  13:41:00 12605.00 12610.00 12600.00 12600.00 1070.00
20151210  13:42:00 12600.00 12605.00 12590.00 12595.00 1214.00
20151210  13:43:00 12600.00 12610.00 12595.00 12605.00 844.00
20151210  13:44:00 12605.00 12615.00 12605.00 12615.00 500.00
20151210  13:45:00 12615.00 12620.00 12610.00 12610.00 1550.00
20151210  13:46:00 12610.00 12615.00 12605.00 12615.00 1180.00
20151210  13:47:00 12620.00 12620.00 12610.00 12615.00 1010.00
20151210  13:48:00 12615.00 12620.00 12610.00 12615.00 1088.00
20151210  13:49:00 12620.00 12620.00 12610.00 12615.00 974.00
20151210  13:50:00 12615.00 12615.00 12610.00 12610.00 428.00
20151210  13:51:00 12610.00 12615.00 12605.00 12615.00 972.00
20151210  13:52:00 12615.00 12615.00 12605.00 12610.00 1766.00
20151210  13:53:00 12610.00 12615.00 12600.00 12605.00 930.00
20151210  13:54:00 12600.00 12610.00 12600.00 12605.00 474.00
20151210  13:55:00 12605.00 12610.00 12600.00 12605.00 822.00
20151210  13:56:00 12605.00 12605.00 12595.00 12605.00 2014.00
20151210  13:57:00 12605.00 12605.00 12595.00 12605.00 1042.00
20151210  13:58:00 12605.00 12610.00 12600.00 12605.00 830.00
20151210  13:59:00 12605.00 12615.00 12605.00 12615.00 1044.00
20151210  14:00:00 12610.00 12615.00 12605.00 12610.00 1264.00
20151210  14:01:00 12610.00 12615.00 12610.00 12615.00 398.00
20151210  14:02:00 12615.00 12625.00 12615.00 12620.00 1636.00
20151210  14:03:00 12620.00 12630.00 12620.00 12625.00 1078.00
20151210  14:04:00 12630.00 12630.00 12620.00 12630.00 1384.00
20151210  14:05:00 12630.00 12630.00 12620.00 12625.00 1808.00
20151210  14:06:00 12625.00 12625.00 12615.00 12615.00 2384.00
20151210  14:07:00 12615.00 12620.00 12615.00 12615.00 1254.00
20151210  14:08:00 12615.00 12615.00 12595.00 12595.00 2902.00
20151210  14:09:00 12600.00 12600.00 12590.00 12600.00 1936.00
20151210  14:10:00 12600.00 12605.00 12595.00 12605.00 1286.00
20151210  14:11:00 12605.00 12605.00 12595.00 12595.00 798.00
20151210  14:12:00 12595.00 12600.00 12595.00 12595.00 494.00
20151210  14:13:00 12595.00 12605.00 12595.00 12605.00 824.00
20151210  14:14:00 12605.00 12610.00 12600.00 12605.00 946.00
20151210  14:15:00 12610.00 12620.00 12600.00 12620.00 1560.00
20151210  14:16:00 12620.00 12630.00 12620.00 12625.00 2092.00
20151210  14:17:00 12625.00 12635.00 12625.00 12630.00 1892.00
20151210  14:18:00 12630.00 12630.00 12625.00 12630.00 726.00
20151210  14:19:00 12625.00 12640.00 12625.00 12635.00 2144.00
20151210  14:20:00 12635.00 12660.00 12635.00 12650.00 5394.00
20151210  14:21:00 12655.00 12660.00 12650.00 12650.00 1366.00
20151210  14:22:00 12650.00 12660.00 12640.00 12645.00 1888.00
20151210  14:23:00 12645.00 12650.00 12640.00 12640.00 758.00
20151210  14:24:00 12640.00 12645.00 12630.00 12635.00 1794.00
20151210  14:25:00 12635.00 12640.00 12630.00 12630.00 780.00
20151210  14:26:00 12635.00 12640.00 12635.00 12635.00 568.00
20151210  14:27:00 12635.00 12650.00 12635.00 12640.00 1114.00
20151210  14:28:00 12640.00 12645.00 12630.00 12635.00 676.00
20151210  14:29:00 12635.00 12635.00 12615.00 12615.00 3222.00
20151210  14:30:00 12615.00 12620.00 12610.00 12615.00 854.00
20151210  14:31:00 12615.00 12620.00 12610.00 12615.00 1176.00
20151210  14:32:00 12615.00 12625.00 12615.00 12620.00 546.00
20151210  14:33:00 12620.00 12630.00 12620.00 12625.00 1176.00
20151210  14:34:00 12620.00 12625.00 12615.00 12615.00 366.00
20151210  14:35:00 12615.00 12620.00 12600.00 12605.00 2398.00
20151210  14:36:00 12605.00 12605.00 12595.00 12600.00 1500.00
20151210  14:37:00 12600.00 12600.00 12570.00 12585.00 4874.00
20151210  14:38:00 12585.00 12590.00 12580.00 12580.00 1282.00
20151210  14:39:00 12580.00 12590.00 12580.00 12585.00 1178.00
20151210  14:40:00 12585.00 12590.00 12575.00 12585.00 1174.00
20151210  14:41:00 12585.00 12585.00 12575.00 12580.00 2544.00
20151210  14:42:00 12580.00 12585.00 12570.00 12580.00 2384.00
20151210  14:43:00 12580.00 12580.00 12570.00 12570.00 2364.00
20151210  14:44:00 12570.00 12575.00 12565.00 12575.00 2046.00
20151210  14:45:00 12575.00 12575.00 12570.00 12575.00 988.00
20151210  14:46:00 12575.00 12580.00 12570.00 12575.00 1674.00
20151210  14:47:00 12580.00 12580.00 12570.00 12570.00 1230.00
20151210  14:48:00 12570.00 12580.00 12570.00 12580.00 540.00
20151210  14:49:00 12580.00 12595.00 12580.00 12590.00 2560.00
20151210  14:50:00 12595.00 12595.00 12580.00 12580.00 1250.00
20151210  14:51:00 12585.00 12585.00 12570.00 12570.00 1594.00
20151210  14:52:00 12575.00 12580.00 12570.00 12580.00 614.00
20151210  14:53:00 12580.00 12580.00 12570.00 12570.00 750.00
20151210  14:54:00 12575.00 12585.00 12570.00 12580.00 1706.00
20151210  14:55:00 12585.00 12585.00 12575.00 12575.00 1328.00
20151210  14:56:00 12570.00 12580.00 12565.00 12575.00 2114.00
20151210  14:57:00 12575.00 12575.00 12570.00 12570.00 1348.00
20151210  14:58:00 12575.00 12575.00 12560.00 12560.00 3072.00
20151210  14:59:00 12565.00 12570.00 12560.00 12560.00 2678.00
20151210  15:00:00 12565.00 12565.00 12565.00 12565.00  34.00
