20150511  21:00:00 16985.00 16995.00 16970.00 16970.00 2440.00
20150511  21:01:00 16970.00 16975.00 16950.00 16965.00 1504.00
20150511  21:02:00 16965.00 16970.00 16955.00 16955.00 958.00
20150511  21:03:00 16955.00 16960.00 16950.00 16955.00 652.00
20150511  21:04:00 16955.00 16960.00 16945.00 16960.00 634.00
20150511  21:05:00 16960.00 16965.00 16955.00 16960.00 910.00
20150511  21:06:00 16960.00 16960.00 16950.00 16955.00 350.00
20150511  21:07:00 16955.00 16955.00 16940.00 16945.00 656.00
20150511  21:08:00 16940.00 16950.00 16940.00 16940.00 402.00
20150511  21:09:00 16940.00 16955.00 16940.00 16955.00 834.00
20150511  21:10:00 16955.00 16955.00 16945.00 16955.00 262.00
20150511  21:11:00 16955.00 16955.00 16945.00 16950.00 408.00
20150511  21:12:00 16950.00 16950.00 16940.00 16950.00 316.00
20150511  21:13:00 16950.00 16955.00 16945.00 16950.00 606.00
20150511  21:14:00 16950.00 16955.00 16945.00 16950.00 172.00
20150511  21:15:00 16950.00 16955.00 16950.00 16955.00 454.00
20150511  21:16:00 16955.00 16965.00 16955.00 16965.00 684.00
20150511  21:17:00 16965.00 16970.00 16960.00 16965.00 560.00
20150511  21:18:00 16970.00 16970.00 16965.00 16970.00 360.00
20150511  21:19:00 16970.00 16985.00 16970.00 16970.00 786.00
20150511  21:20:00 16970.00 16975.00 16965.00 16975.00 346.00
20150511  21:21:00 16975.00 16980.00 16970.00 16970.00 148.00
20150511  21:22:00 16970.00 16970.00 16960.00 16960.00 348.00
20150511  21:23:00 16960.00 16965.00 16955.00 16965.00 150.00
20150511  21:24:00 16965.00 16965.00 16965.00 16965.00 206.00
20150511  21:25:00 16965.00 16975.00 16960.00 16970.00 370.00
20150511  21:26:00 16970.00 16980.00 16970.00 16980.00 624.00
20150511  21:27:00 16980.00 16990.00 16980.00 16990.00 676.00
20150511  21:28:00 16990.00 16990.00 16985.00 16990.00 128.00
20150511  21:29:00 16985.00 16995.00 16985.00 16995.00 242.00
20150511  21:30:00 16990.00 16995.00 16980.00 16990.00 1038.00
20150511  21:31:00 16995.00 17000.00 16990.00 16995.00 484.00
20150511  21:32:00 16995.00 17005.00 16980.00 17005.00 650.00
20150511  21:33:00 17005.00 17005.00 16995.00 17000.00 396.00
20150511  21:34:00 17000.00 17010.00 17000.00 17005.00 462.00
20150511  21:35:00 17005.00 17015.00 17005.00 17010.00 714.00
20150511  21:36:00 17010.00 17015.00 16995.00 16995.00 536.00
20150511  21:37:00 16995.00 17005.00 16990.00 17005.00 318.00
20150511  21:38:00 17005.00 17005.00 16995.00 17005.00 542.00
20150511  21:39:00 17005.00 17025.00 17005.00 17020.00 852.00
20150511  21:40:00 17020.00 17025.00 17010.00 17015.00 366.00
20150511  21:41:00 17020.00 17025.00 17015.00 17020.00 380.00
20150511  21:42:00 17020.00 17020.00 17005.00 17010.00 420.00
20150511  21:43:00 17010.00 17010.00 17005.00 17005.00 194.00
20150511  21:44:00 17010.00 17015.00 17000.00 17005.00 362.00
20150511  21:45:00 17005.00 17005.00 17000.00 17000.00 324.00
20150511  21:46:00 17000.00 17000.00 16990.00 16995.00 566.00
20150511  21:47:00 16995.00 17000.00 16990.00 16990.00 316.00
20150511  21:48:00 16990.00 16990.00 16985.00 16990.00 332.00
20150511  21:49:00 16990.00 17005.00 16990.00 17000.00 470.00
20150511  21:50:00 17000.00 17000.00 16990.00 16995.00 370.00
20150511  21:51:00 16995.00 17005.00 16990.00 16995.00 604.00
20150511  21:52:00 16995.00 16995.00 16995.00 16995.00 100.00
20150511  21:53:00 16995.00 16995.00 16990.00 16990.00  98.00
20150511  21:54:00 16990.00 16995.00 16990.00 16995.00 128.00
20150511  21:55:00 16995.00 16995.00 16995.00 16995.00  66.00
20150511  21:56:00 16995.00 16995.00 16990.00 16995.00  38.00
20150511  21:57:00 16995.00 17005.00 16990.00 16995.00 384.00
20150511  21:58:00 16995.00 16995.00 16990.00 16995.00 126.00
20150511  21:59:00 16995.00 17000.00 16995.00 17000.00 188.00
20150511  22:00:00 17000.00 17005.00 17000.00 17000.00 222.00
20150511  22:01:00 17000.00 17005.00 17000.00 17005.00  40.00
20150511  22:02:00 17000.00 17005.00 16995.00 17000.00 184.00
20150511  22:03:00 17000.00 17005.00 17000.00 17000.00  68.00
20150511  22:04:00 17000.00 17000.00 16995.00 16995.00 158.00
20150511  22:05:00 16995.00 16995.00 16980.00 16980.00 754.00
20150511  22:06:00 16980.00 16985.00 16970.00 16975.00 732.00
20150511  22:07:00 16975.00 16985.00 16975.00 16980.00 274.00
20150511  22:08:00 16980.00 16980.00 16970.00 16975.00 316.00
20150511  22:09:00 16975.00 16980.00 16960.00 16965.00 1008.00
20150511  22:10:00 16965.00 16975.00 16955.00 16965.00 570.00
20150511  22:11:00 16965.00 16970.00 16960.00 16960.00 724.00
20150511  22:12:00 16960.00 16965.00 16955.00 16960.00 676.00
20150511  22:13:00 16960.00 16970.00 16960.00 16970.00 366.00
20150511  22:14:00 16970.00 16970.00 16960.00 16960.00 1142.00
20150511  22:15:00 16965.00 16965.00 16955.00 16960.00 218.00
20150511  22:16:00 16960.00 16960.00 16955.00 16955.00 784.00
20150511  22:17:00 16955.00 16960.00 16955.00 16960.00 368.00
20150511  22:18:00 16960.00 16960.00 16955.00 16960.00 284.00
20150511  22:19:00 16960.00 16960.00 16955.00 16960.00 376.00
20150511  22:20:00 16960.00 16960.00 16945.00 16945.00 1302.00
20150511  22:21:00 16940.00 16955.00 16930.00 16955.00 1216.00
20150511  22:22:00 16955.00 16965.00 16955.00 16960.00 510.00
20150511  22:23:00 16960.00 16985.00 16960.00 16980.00 492.00
20150511  22:24:00 16980.00 16985.00 16975.00 16985.00 554.00
20150511  22:25:00 16985.00 16985.00 16975.00 16980.00 406.00
20150511  22:26:00 16975.00 16980.00 16975.00 16975.00  86.00
20150511  22:27:00 16975.00 16985.00 16975.00 16985.00 274.00
20150511  22:28:00 16980.00 16985.00 16980.00 16980.00 384.00
20150511  22:29:00 16980.00 16985.00 16975.00 16975.00 276.00
20150511  22:30:00 16975.00 16980.00 16975.00 16980.00 172.00
20150511  22:31:00 16980.00 16980.00 16980.00 16980.00  96.00
20150511  22:32:00 16980.00 16985.00 16980.00 16985.00  86.00
20150511  22:33:00 16985.00 16985.00 16980.00 16980.00 492.00
20150511  22:34:00 16980.00 16980.00 16975.00 16975.00  12.00
20150511  22:35:00 16975.00 16980.00 16975.00 16975.00  44.00
20150511  22:36:00 16975.00 16980.00 16975.00 16975.00 154.00
20150511  22:37:00 16975.00 16980.00 16975.00 16975.00 278.00
20150511  22:38:00 16975.00 16985.00 16975.00 16980.00 204.00
20150511  22:39:00 16980.00 16980.00 16975.00 16975.00 232.00
20150511  22:40:00 16975.00 16975.00 16970.00 16975.00 146.00
20150511  22:41:00 16965.00 16970.00 16955.00 16965.00 488.00
20150511  22:42:00 16965.00 16970.00 16960.00 16960.00 124.00
20150511  22:43:00 16960.00 16965.00 16960.00 16965.00  36.00
20150511  22:44:00 16965.00 16975.00 16965.00 16975.00  74.00
20150511  22:45:00 16975.00 16975.00 16970.00 16975.00  20.00
20150511  22:46:00 16975.00 16980.00 16975.00 16975.00 110.00
20150511  22:47:00 16975.00 16980.00 16975.00 16975.00 176.00
20150511  22:48:00 16975.00 16980.00 16975.00 16980.00 340.00
20150511  22:49:00 16980.00 16985.00 16980.00 16980.00 366.00
20150511  22:50:00 16985.00 16985.00 16975.00 16975.00 150.00
20150511  22:51:00 16975.00 16985.00 16975.00 16975.00 238.00
20150511  22:52:00 16975.00 16980.00 16975.00 16980.00  24.00
20150511  22:53:00 16980.00 16980.00 16975.00 16975.00 142.00
20150511  22:54:00 16975.00 16975.00 16965.00 16965.00 174.00
20150511  22:55:00 16965.00 16975.00 16965.00 16970.00 126.00
20150511  22:56:00 16970.00 16970.00 16965.00 16970.00 150.00
20150511  22:57:00 16970.00 16975.00 16970.00 16970.00  42.00
20150511  22:58:00 16970.00 16970.00 16970.00 16970.00  10.00
20150511  22:59:00 16970.00 16970.00 16965.00 16965.00 160.00
20150511  23:00:00 16965.00 16970.00 16960.00 16970.00 166.00
20150511  23:01:00 16970.00 16980.00 16970.00 16980.00 292.00
20150511  23:02:00 16980.00 16980.00 16975.00 16975.00  64.00
20150511  23:03:00 16975.00 16975.00 16975.00 16975.00  52.00
20150511  23:04:00 16975.00 16975.00 16970.00 16970.00  94.00
20150511  23:05:00 16970.00 16970.00 16965.00 16970.00 130.00
20150511  23:06:00 16970.00 16975.00 16965.00 16975.00 136.00
20150511  23:07:00 16975.00 16980.00 16975.00 16980.00 202.00
20150511  23:08:00 16980.00 16980.00 16975.00 16975.00  26.00
20150511  23:09:00 16975.00 16980.00 16975.00 16975.00  16.00
20150511  23:10:00 16975.00 16980.00 16965.00 16970.00 426.00
20150511  23:11:00 16970.00 16970.00 16965.00 16965.00  14.00
20150511  23:12:00 16965.00 16970.00 16965.00 16965.00  94.00
20150511  23:13:00 16965.00 16965.00 16965.00 16965.00   0.00
20150511  23:14:00 16970.00 16970.00 16965.00 16970.00 108.00
20150511  23:15:00 16970.00 16975.00 16965.00 16970.00 304.00
20150511  23:16:00 16970.00 16970.00 16965.00 16965.00  48.00
20150511  23:17:00 16965.00 16970.00 16960.00 16960.00 196.00
20150511  23:18:00 16960.00 16965.00 16955.00 16955.00 174.00
20150511  23:19:00 16955.00 16965.00 16955.00 16960.00 130.00
20150511  23:20:00 16960.00 16965.00 16950.00 16955.00 320.00
20150511  23:21:00 16955.00 16960.00 16955.00 16960.00 228.00
20150511  23:22:00 16960.00 16960.00 16950.00 16950.00 412.00
20150511  23:23:00 16950.00 16955.00 16950.00 16950.00  82.00
20150511  23:24:00 16950.00 16955.00 16945.00 16950.00 366.00
20150511  23:25:00 16950.00 16955.00 16945.00 16950.00 322.00
20150511  23:26:00 16955.00 16960.00 16950.00 16950.00 118.00
20150511  23:27:00 16950.00 16955.00 16945.00 16950.00 402.00
20150511  23:28:00 16950.00 16950.00 16945.00 16950.00 366.00
20150511  23:29:00 16950.00 16950.00 16940.00 16945.00 120.00
20150511  23:30:00 16945.00 16950.00 16945.00 16945.00 266.00
20150511  23:31:00 16945.00 16945.00 16940.00 16945.00 224.00
20150511  23:32:00 16945.00 16945.00 16940.00 16940.00 832.00
20150511  23:33:00 16940.00 16950.00 16915.00 16920.00 2640.00
20150511  23:34:00 16915.00 16930.00 16915.00 16930.00 646.00
20150511  23:35:00 16930.00 16935.00 16915.00 16920.00 548.00
20150511  23:36:00 16920.00 16930.00 16920.00 16925.00 796.00
20150511  23:37:00 16925.00 16930.00 16925.00 16925.00 1262.00
20150511  23:38:00 16925.00 16930.00 16920.00 16920.00 392.00
20150511  23:39:00 16920.00 16925.00 16920.00 16925.00 230.00
20150511  23:40:00 16925.00 16930.00 16920.00 16925.00 358.00
20150511  23:41:00 16920.00 16925.00 16920.00 16925.00  90.00
20150511  23:42:00 16925.00 16930.00 16925.00 16925.00  52.00
20150511  23:43:00 16925.00 16930.00 16905.00 16905.00 1226.00
20150511  23:44:00 16905.00 16910.00 16890.00 16905.00 1488.00
20150511  23:45:00 16905.00 16925.00 16905.00 16920.00 750.00
20150511  23:46:00 16925.00 16925.00 16905.00 16905.00 474.00
20150511  23:47:00 16905.00 16910.00 16900.00 16905.00 532.00
20150511  23:48:00 16905.00 16905.00 16900.00 16905.00 536.00
20150511  23:49:00 16900.00 16905.00 16900.00 16900.00 196.00
20150511  23:50:00 16900.00 16910.00 16895.00 16910.00 462.00
20150511  23:51:00 16910.00 16920.00 16910.00 16920.00 882.00
20150511  23:52:00 16920.00 16920.00 16915.00 16920.00 122.00
20150511  23:53:00 16920.00 16920.00 16905.00 16905.00 454.00
20150511  23:54:00 16905.00 16915.00 16905.00 16915.00 112.00
20150511  23:55:00 16915.00 16920.00 16915.00 16915.00  76.00
20150511  23:56:00 16920.00 16920.00 16910.00 16910.00  48.00
20150511  23:57:00 16915.00 16915.00 16915.00 16915.00  42.00
20150511  23:58:00 16915.00 16920.00 16910.00 16910.00  90.00
20150511  23:59:00 16910.00 16925.00 16910.00 16920.00 218.00
20150512  00:00:00 16920.00 16925.00 16915.00 16925.00 232.00
20150512  00:01:00 16925.00 16930.00 16920.00 16925.00  38.00
20150512  00:02:00 16925.00 16930.00 16920.00 16925.00 270.00
20150512  00:03:00 16925.00 16925.00 16915.00 16915.00 306.00
20150512  00:04:00 16915.00 16915.00 16910.00 16910.00 186.00
20150512  00:05:00 16910.00 16915.00 16910.00 16915.00 234.00
20150512  00:06:00 16915.00 16920.00 16915.00 16915.00 162.00
20150512  00:07:00 16920.00 16920.00 16905.00 16910.00 332.00
20150512  00:08:00 16910.00 16910.00 16905.00 16905.00 106.00
20150512  00:09:00 16905.00 16910.00 16900.00 16905.00 388.00
20150512  00:10:00 16905.00 16910.00 16905.00 16905.00 170.00
20150512  00:11:00 16905.00 16910.00 16900.00 16910.00 1122.00
20150512  00:12:00 16910.00 16910.00 16900.00 16900.00 488.00
20150512  00:13:00 16900.00 16905.00 16900.00 16905.00 228.00
20150512  00:14:00 16905.00 16915.00 16905.00 16910.00 392.00
20150512  00:15:00 16915.00 16915.00 16915.00 16915.00 166.00
20150512  00:16:00 16915.00 16915.00 16910.00 16910.00 144.00
20150512  00:17:00 16910.00 16910.00 16905.00 16905.00  34.00
20150512  00:18:00 16905.00 16905.00 16900.00 16900.00 510.00
20150512  00:19:00 16900.00 16900.00 16885.00 16890.00 478.00
20150512  00:20:00 16885.00 16890.00 16875.00 16885.00 646.00
20150512  00:21:00 16885.00 16890.00 16885.00 16885.00 210.00
20150512  00:22:00 16890.00 16890.00 16875.00 16885.00 242.00
20150512  00:23:00 16890.00 16890.00 16890.00 16890.00  46.00
20150512  00:24:00 16890.00 16895.00 16885.00 16885.00  84.00
20150512  00:25:00 16885.00 16890.00 16880.00 16885.00 332.00
20150512  00:26:00 16885.00 16890.00 16885.00 16885.00 226.00
20150512  00:27:00 16885.00 16895.00 16885.00 16890.00 170.00
20150512  00:28:00 16890.00 16890.00 16885.00 16890.00 232.00
20150512  00:29:00 16895.00 16895.00 16890.00 16895.00  26.00
20150512  00:30:00 16895.00 16900.00 16890.00 16900.00 474.00
20150512  00:31:00 16900.00 16900.00 16895.00 16895.00 248.00
20150512  00:32:00 16895.00 16900.00 16895.00 16895.00  64.00
20150512  00:33:00 16895.00 16900.00 16895.00 16900.00  14.00
20150512  00:34:00 16900.00 16905.00 16900.00 16900.00  58.00
20150512  00:35:00 16900.00 16900.00 16895.00 16900.00  20.00
20150512  00:36:00 16895.00 16895.00 16895.00 16895.00   4.00
20150512  00:37:00 16900.00 16900.00 16900.00 16900.00  68.00
20150512  00:38:00 16900.00 16900.00 16895.00 16900.00 108.00
20150512  00:39:00 16900.00 16905.00 16900.00 16900.00  30.00
20150512  00:40:00 16895.00 16895.00 16880.00 16885.00 376.00
20150512  00:41:00 16885.00 16885.00 16885.00 16885.00  94.00
20150512  00:42:00 16885.00 16890.00 16880.00 16890.00 188.00
20150512  00:43:00 16890.00 16895.00 16890.00 16895.00   6.00
20150512  00:44:00 16895.00 16900.00 16895.00 16895.00  48.00
20150512  00:45:00 16895.00 16900.00 16895.00 16900.00  20.00
20150512  00:46:00 16900.00 16900.00 16900.00 16900.00  32.00
20150512  00:47:00 16900.00 16905.00 16900.00 16905.00 144.00
20150512  00:48:00 16905.00 16905.00 16905.00 16905.00  28.00
20150512  00:49:00 16905.00 16905.00 16900.00 16900.00 282.00
20150512  00:50:00 16900.00 16905.00 16900.00 16900.00  76.00
20150512  00:51:00 16900.00 16905.00 16900.00 16905.00  24.00
20150512  00:52:00 16905.00 16905.00 16900.00 16905.00  28.00
20150512  00:53:00 16905.00 16905.00 16905.00 16905.00  22.00
20150512  00:54:00 16905.00 16905.00 16905.00 16905.00  26.00
20150512  00:55:00 16905.00 16905.00 16900.00 16900.00  42.00
20150512  00:56:00 16900.00 16900.00 16900.00 16900.00  38.00
20150512  00:57:00 16900.00 16900.00 16885.00 16890.00 158.00
20150512  00:58:00 16890.00 16895.00 16885.00 16895.00 328.00
20150512  00:59:00 16895.00 16895.00 16885.00 16885.00 304.00
20150512  01:00:00 16885.00 16885.00 16885.00 16885.00   8.00
20150512  09:00:00 16895.00 16920.00 16885.00 16905.00 2740.00
20150512  09:01:00 16910.00 16910.00 16890.00 16890.00 2804.00
20150512  09:02:00 16890.00 16905.00 16890.00 16905.00 694.00
20150512  09:03:00 16905.00 16910.00 16895.00 16905.00 680.00
20150512  09:04:00 16905.00 16910.00 16900.00 16905.00 598.00
20150512  09:05:00 16905.00 16905.00 16860.00 16875.00 1688.00
20150512  09:06:00 16875.00 16885.00 16875.00 16885.00 648.00
20150512  09:07:00 16880.00 16885.00 16865.00 16875.00 528.00
20150512  09:08:00 16875.00 16880.00 16870.00 16880.00 634.00
20150512  09:09:00 16880.00 16885.00 16880.00 16880.00 308.00
20150512  09:10:00 16880.00 16880.00 16870.00 16875.00 242.00
20150512  09:11:00 16875.00 16895.00 16870.00 16895.00 718.00
20150512  09:12:00 16895.00 16895.00 16890.00 16890.00 252.00
20150512  09:13:00 16890.00 16890.00 16870.00 16880.00 484.00
20150512  09:14:00 16880.00 16885.00 16880.00 16880.00 250.00
20150512  09:15:00 16880.00 16880.00 16870.00 16875.00 892.00
20150512  09:16:00 16875.00 16885.00 16875.00 16880.00 240.00
20150512  09:17:00 16880.00 16885.00 16880.00 16885.00 688.00
20150512  09:18:00 16885.00 16885.00 16870.00 16875.00 754.00
20150512  09:19:00 16875.00 16880.00 16870.00 16875.00  96.00
20150512  09:20:00 16875.00 16880.00 16870.00 16875.00 612.00
20150512  09:21:00 16875.00 16875.00 16840.00 16850.00 3298.00
20150512  09:22:00 16850.00 16855.00 16840.00 16850.00 1586.00
20150512  09:23:00 16845.00 16855.00 16840.00 16845.00 1046.00
20150512  09:24:00 16845.00 16845.00 16825.00 16835.00 2258.00
20150512  09:25:00 16835.00 16840.00 16820.00 16835.00 2034.00
20150512  09:26:00 16835.00 16850.00 16835.00 16845.00 556.00
20150512  09:27:00 16845.00 16850.00 16840.00 16845.00 222.00
20150512  09:28:00 16845.00 16845.00 16840.00 16840.00 542.00
20150512  09:29:00 16840.00 16855.00 16840.00 16850.00 400.00
20150512  09:30:00 16850.00 16855.00 16845.00 16850.00 560.00
20150512  09:31:00 16850.00 16855.00 16845.00 16850.00 412.00
20150512  09:32:00 16845.00 16860.00 16845.00 16855.00 344.00
20150512  09:33:00 16855.00 16855.00 16845.00 16850.00 222.00
20150512  09:34:00 16850.00 16855.00 16840.00 16845.00 634.00
20150512  09:35:00 16845.00 16850.00 16840.00 16845.00 338.00
20150512  09:36:00 16845.00 16845.00 16840.00 16845.00 264.00
20150512  09:37:00 16845.00 16850.00 16845.00 16850.00  48.00
20150512  09:38:00 16850.00 16855.00 16845.00 16855.00 334.00
20150512  09:39:00 16855.00 16860.00 16850.00 16860.00 374.00
20150512  09:40:00 16860.00 16860.00 16855.00 16855.00  46.00
20150512  09:41:00 16855.00 16855.00 16850.00 16855.00 256.00
20150512  09:42:00 16855.00 16860.00 16850.00 16855.00 232.00
20150512  09:43:00 16855.00 16860.00 16855.00 16860.00   8.00
20150512  09:44:00 16860.00 16860.00 16855.00 16860.00 176.00
20150512  09:45:00 16860.00 16860.00 16855.00 16860.00  36.00
20150512  09:46:00 16860.00 16860.00 16860.00 16860.00  56.00
20150512  09:47:00 16860.00 16860.00 16855.00 16860.00 316.00
20150512  09:48:00 16860.00 16860.00 16850.00 16860.00 476.00
20150512  09:49:00 16860.00 16860.00 16850.00 16850.00 294.00
20150512  09:50:00 16850.00 16855.00 16850.00 16855.00  98.00
20150512  09:51:00 16850.00 16855.00 16850.00 16855.00   8.00
20150512  09:52:00 16855.00 16855.00 16855.00 16855.00   6.00
20150512  09:53:00 16855.00 16855.00 16850.00 16850.00  42.00
20150512  09:54:00 16850.00 16860.00 16845.00 16855.00 400.00
20150512  09:55:00 16855.00 16855.00 16850.00 16855.00  26.00
20150512  09:56:00 16855.00 16855.00 16850.00 16855.00 104.00
20150512  09:57:00 16855.00 16855.00 16845.00 16850.00 196.00
20150512  09:58:00 16850.00 16855.00 16845.00 16850.00 320.00
20150512  09:59:00 16850.00 16855.00 16845.00 16855.00 164.00
20150512  10:00:00 16855.00 16855.00 16845.00 16850.00 180.00
20150512  10:01:00 16850.00 16850.00 16845.00 16845.00 152.00
20150512  10:02:00 16845.00 16845.00 16845.00 16845.00  76.00
20150512  10:03:00 16845.00 16850.00 16845.00 16850.00 184.00
20150512  10:04:00 16850.00 16855.00 16850.00 16850.00 320.00
20150512  10:05:00 16850.00 16855.00 16850.00 16855.00  32.00
20150512  10:06:00 16850.00 16855.00 16850.00 16855.00 242.00
20150512  10:07:00 16855.00 16855.00 16850.00 16850.00 316.00
20150512  10:08:00 16855.00 16860.00 16850.00 16860.00 338.00
20150512  10:09:00 16860.00 16870.00 16855.00 16870.00 262.00
20150512  10:10:00 16870.00 16870.00 16860.00 16860.00 518.00
20150512  10:11:00 16860.00 16860.00 16850.00 16855.00 558.00
20150512  10:12:00 16855.00 16860.00 16855.00 16860.00  82.00
20150512  10:13:00 16860.00 16860.00 16855.00 16855.00 150.00
20150512  10:14:00 16855.00 16855.00 16850.00 16855.00 142.00
20150512  10:30:00 16855.00 16860.00 16855.00 16860.00 548.00
20150512  10:31:00 16860.00 16865.00 16860.00 16865.00 194.00
20150512  10:32:00 16865.00 16865.00 16860.00 16865.00  20.00
20150512  10:33:00 16865.00 16870.00 16860.00 16870.00 330.00
20150512  10:34:00 16870.00 16870.00 16865.00 16865.00 142.00
20150512  10:35:00 16865.00 16875.00 16865.00 16870.00 200.00
20150512  10:36:00 16870.00 16880.00 16870.00 16875.00 442.00
20150512  10:37:00 16875.00 16885.00 16870.00 16880.00 512.00
20150512  10:38:00 16880.00 16885.00 16875.00 16880.00 412.00
20150512  10:39:00 16880.00 16880.00 16870.00 16870.00 318.00
20150512  10:40:00 16870.00 16870.00 16860.00 16865.00 174.00
20150512  10:41:00 16865.00 16865.00 16860.00 16865.00  92.00
20150512  10:42:00 16865.00 16865.00 16865.00 16865.00 128.00
20150512  10:43:00 16865.00 16875.00 16865.00 16870.00 248.00
20150512  10:44:00 16870.00 16875.00 16865.00 16870.00 172.00
20150512  10:45:00 16870.00 16875.00 16870.00 16875.00 164.00
20150512  10:46:00 16875.00 16880.00 16870.00 16880.00 106.00
20150512  10:47:00 16875.00 16880.00 16870.00 16870.00 212.00
20150512  10:48:00 16870.00 16875.00 16870.00 16875.00  34.00
20150512  10:49:00 16875.00 16875.00 16870.00 16875.00  64.00
20150512  10:50:00 16875.00 16875.00 16865.00 16865.00 398.00
20150512  10:51:00 16865.00 16875.00 16860.00 16870.00 518.00
20150512  10:52:00 16870.00 16875.00 16865.00 16870.00 134.00
20150512  10:53:00 16870.00 16870.00 16865.00 16865.00  98.00
20150512  10:54:00 16870.00 16870.00 16860.00 16865.00 186.00
20150512  10:55:00 16865.00 16870.00 16865.00 16865.00  32.00
20150512  10:56:00 16865.00 16870.00 16865.00 16870.00   6.00
20150512  10:57:00 16870.00 16870.00 16860.00 16860.00 272.00
20150512  10:58:00 16860.00 16865.00 16860.00 16865.00  32.00
20150512  10:59:00 16860.00 16865.00 16860.00 16860.00 478.00
20150512  11:00:00 16860.00 16860.00 16850.00 16855.00 590.00
20150512  11:01:00 16855.00 16860.00 16855.00 16860.00  70.00
20150512  11:02:00 16855.00 16860.00 16850.00 16850.00 286.00
20150512  11:03:00 16860.00 16860.00 16855.00 16855.00  20.00
20150512  11:04:00 16855.00 16860.00 16855.00 16855.00  96.00
20150512  11:05:00 16855.00 16860.00 16855.00 16855.00 122.00
20150512  11:06:00 16855.00 16860.00 16855.00 16855.00  80.00
20150512  11:07:00 16855.00 16870.00 16855.00 16870.00 816.00
20150512  11:08:00 16870.00 16870.00 16860.00 16860.00 576.00
20150512  11:09:00 16860.00 16865.00 16860.00 16865.00 108.00
20150512  11:10:00 16865.00 16865.00 16855.00 16860.00 336.00
20150512  11:11:00 16865.00 16875.00 16865.00 16870.00 172.00
20150512  11:12:00 16870.00 16870.00 16865.00 16865.00 388.00
20150512  11:13:00 16865.00 16870.00 16865.00 16865.00  30.00
20150512  11:14:00 16865.00 16870.00 16865.00 16870.00 202.00
20150512  11:15:00 16870.00 16875.00 16870.00 16870.00 370.00
20150512  11:16:00 16870.00 16870.00 16865.00 16865.00  22.00
20150512  11:17:00 16865.00 16875.00 16865.00 16870.00 138.00
20150512  11:18:00 16870.00 16875.00 16870.00 16875.00 210.00
20150512  11:19:00 16875.00 16880.00 16875.00 16875.00 100.00
20150512  11:20:00 16875.00 16880.00 16875.00 16875.00 110.00
20150512  11:21:00 16875.00 16880.00 16870.00 16870.00 340.00
20150512  11:22:00 16870.00 16880.00 16870.00 16880.00 254.00
20150512  11:23:00 16880.00 16880.00 16875.00 16875.00 254.00
20150512  11:24:00 16875.00 16875.00 16875.00 16875.00 164.00
20150512  11:25:00 16875.00 16875.00 16870.00 16875.00 166.00
20150512  11:26:00 16875.00 16880.00 16875.00 16875.00  34.00
20150512  11:27:00 16875.00 16880.00 16870.00 16870.00 268.00
20150512  11:28:00 16875.00 16875.00 16870.00 16870.00  14.00
20150512  11:29:00 16870.00 16875.00 16870.00 16870.00 116.00
20150512  13:30:00 16875.00 16875.00 16860.00 16860.00 790.00
20150512  13:31:00 16860.00 16870.00 16860.00 16870.00 338.00
20150512  13:32:00 16870.00 16875.00 16870.00 16870.00  66.00
20150512  13:33:00 16870.00 16880.00 16870.00 16880.00 140.00
20150512  13:34:00 16880.00 16880.00 16870.00 16875.00 192.00
20150512  13:35:00 16875.00 16880.00 16875.00 16875.00  44.00
20150512  13:36:00 16875.00 16895.00 16875.00 16885.00 482.00
20150512  13:37:00 16890.00 16890.00 16880.00 16880.00 168.00
20150512  13:38:00 16875.00 16880.00 16875.00 16880.00 204.00
20150512  13:39:00 16880.00 16885.00 16880.00 16880.00 254.00
20150512  13:40:00 16880.00 16885.00 16875.00 16875.00 240.00
20150512  13:41:00 16875.00 16875.00 16870.00 16875.00 144.00
20150512  13:42:00 16870.00 16875.00 16860.00 16865.00 394.00
20150512  13:43:00 16865.00 16875.00 16860.00 16870.00 396.00
20150512  13:44:00 16865.00 16870.00 16865.00 16870.00 284.00
20150512  13:45:00 16870.00 16870.00 16860.00 16865.00 336.00
20150512  13:46:00 16865.00 16865.00 16850.00 16855.00 740.00
20150512  13:47:00 16855.00 16865.00 16855.00 16865.00 124.00
20150512  13:48:00 16865.00 16865.00 16860.00 16865.00  16.00
20150512  13:49:00 16865.00 16870.00 16865.00 16865.00  44.00
20150512  13:50:00 16865.00 16880.00 16865.00 16870.00 936.00
20150512  13:51:00 16870.00 16880.00 16870.00 16880.00 302.00
20150512  13:52:00 16885.00 16890.00 16880.00 16890.00 538.00
20150512  13:53:00 16890.00 16895.00 16885.00 16890.00 396.00
20150512  13:54:00 16890.00 16890.00 16880.00 16880.00 126.00
20150512  13:55:00 16885.00 16890.00 16880.00 16890.00 246.00
20150512  13:56:00 16890.00 16890.00 16885.00 16890.00 266.00
20150512  13:57:00 16890.00 16890.00 16885.00 16890.00 562.00
20150512  13:58:00 16890.00 16895.00 16885.00 16885.00 326.00
20150512  13:59:00 16885.00 16890.00 16885.00 16885.00 252.00
20150512  14:00:00 16885.00 16890.00 16880.00 16880.00 842.00
20150512  14:01:00 16880.00 16885.00 16875.00 16875.00 486.00
20150512  14:02:00 16875.00 16880.00 16865.00 16865.00 450.00
20150512  14:03:00 16865.00 16865.00 16855.00 16860.00 406.00
20150512  14:04:00 16860.00 16865.00 16855.00 16855.00 622.00
20150512  14:05:00 16855.00 16870.00 16855.00 16865.00 406.00
20150512  14:06:00 16865.00 16865.00 16850.00 16850.00 762.00
20150512  14:07:00 16850.00 16855.00 16845.00 16845.00 1624.00
20150512  14:08:00 16845.00 16860.00 16845.00 16855.00 512.00
20150512  14:09:00 16855.00 16860.00 16840.00 16845.00 588.00
20150512  14:10:00 16845.00 16850.00 16840.00 16845.00 580.00
20150512  14:11:00 16845.00 16855.00 16845.00 16850.00 206.00
20150512  14:12:00 16850.00 16855.00 16850.00 16855.00  20.00
20150512  14:13:00 16855.00 16860.00 16850.00 16855.00  36.00
20150512  14:14:00 16855.00 16855.00 16855.00 16855.00   8.00
20150512  14:15:00 16855.00 16855.00 16850.00 16850.00  42.00
20150512  14:16:00 16850.00 16855.00 16845.00 16850.00 458.00
20150512  14:17:00 16850.00 16850.00 16840.00 16845.00 440.00
20150512  14:18:00 16845.00 16845.00 16840.00 16845.00 182.00
20150512  14:19:00 16845.00 16850.00 16840.00 16845.00 250.00
20150512  14:20:00 16845.00 16850.00 16840.00 16850.00  36.00
20150512  14:21:00 16845.00 16850.00 16845.00 16845.00  48.00
20150512  14:22:00 16845.00 16850.00 16845.00 16850.00 298.00
20150512  14:23:00 16850.00 16850.00 16845.00 16850.00 570.00
20150512  14:24:00 16850.00 16855.00 16850.00 16850.00  76.00
20150512  14:25:00 16855.00 16855.00 16850.00 16850.00 180.00
20150512  14:26:00 16850.00 16855.00 16850.00 16855.00 112.00
20150512  14:27:00 16850.00 16855.00 16850.00 16850.00 202.00
20150512  14:28:00 16850.00 16860.00 16850.00 16855.00 260.00
20150512  14:29:00 16855.00 16865.00 16855.00 16855.00 210.00
20150512  14:30:00 16855.00 16865.00 16855.00 16865.00 118.00
20150512  14:31:00 16865.00 16865.00 16860.00 16860.00 328.00
20150512  14:32:00 16860.00 16865.00 16860.00 16865.00 210.00
20150512  14:33:00 16865.00 16865.00 16860.00 16865.00  88.00
20150512  14:34:00 16865.00 16865.00 16860.00 16860.00  58.00
20150512  14:35:00 16865.00 16865.00 16860.00 16860.00 102.00
20150512  14:36:00 16860.00 16865.00 16860.00 16865.00 108.00
20150512  14:37:00 16865.00 16865.00 16860.00 16865.00 120.00
20150512  14:38:00 16865.00 16865.00 16860.00 16865.00  16.00
20150512  14:39:00 16865.00 16865.00 16860.00 16860.00 194.00
20150512  14:40:00 16860.00 16870.00 16860.00 16865.00 168.00
20150512  14:41:00 16860.00 16865.00 16855.00 16855.00 212.00
20150512  14:42:00 16855.00 16860.00 16850.00 16855.00 330.00
20150512  14:43:00 16855.00 16860.00 16850.00 16855.00  92.00
20150512  14:44:00 16855.00 16860.00 16850.00 16855.00  94.00
20150512  14:45:00 16855.00 16855.00 16850.00 16850.00  40.00
20150512  14:46:00 16850.00 16855.00 16850.00 16850.00  50.00
20150512  14:47:00 16850.00 16855.00 16850.00 16850.00  56.00
20150512  14:48:00 16855.00 16865.00 16850.00 16860.00 556.00
20150512  14:49:00 16860.00 16865.00 16855.00 16860.00 404.00
20150512  14:50:00 16860.00 16865.00 16860.00 16860.00 158.00
20150512  14:51:00 16860.00 16865.00 16860.00 16860.00 198.00
20150512  14:52:00 16860.00 16865.00 16860.00 16860.00 476.00
20150512  14:53:00 16860.00 16870.00 16860.00 16865.00 380.00
20150512  14:54:00 16865.00 16875.00 16865.00 16870.00 500.00
20150512  14:55:00 16875.00 16880.00 16870.00 16875.00 996.00
20150512  14:56:00 16875.00 16880.00 16875.00 16880.00 434.00
20150512  14:57:00 16880.00 16880.00 16870.00 16870.00 580.00
20150512  14:58:00 16870.00 16875.00 16870.00 16870.00 496.00
20150512  14:59:00 16870.00 16875.00 16865.00 16870.00 442.00
20150512  15:00:00 16870.00 16870.00 16870.00 16870.00   4.00
