20150204  21:00:00 16345.00 16350.00 16315.00 16335.00 1176.00
20150204  21:01:00 16335.00 16340.00 16305.00 16305.00 1912.00
20150204  21:02:00 16305.00 16305.00 16275.00 16275.00 1544.00
20150204  21:03:00 16275.00 16280.00 16265.00 16270.00 1338.00
20150204  21:04:00 16270.00 16290.00 16265.00 16290.00 1012.00
20150204  21:05:00 16290.00 16300.00 16285.00 16295.00 1320.00
20150204  21:06:00 16295.00 16305.00 16290.00 16300.00 670.00
20150204  21:07:00 16300.00 16300.00 16290.00 16295.00 332.00
20150204  21:08:00 16300.00 16305.00 16295.00 16295.00 584.00
20150204  21:09:00 16295.00 16315.00 16295.00 16315.00 422.00
20150204  21:10:00 16315.00 16315.00 16305.00 16315.00 560.00
20150204  21:11:00 16310.00 16310.00 16295.00 16300.00 784.00
20150204  21:12:00 16300.00 16300.00 16280.00 16285.00 714.00
20150204  21:13:00 16285.00 16290.00 16280.00 16285.00 372.00
20150204  21:14:00 16285.00 16290.00 16285.00 16290.00 758.00
20150204  21:15:00 16290.00 16305.00 16290.00 16305.00 360.00
20150204  21:16:00 16305.00 16305.00 16290.00 16300.00 388.00
20150204  21:17:00 16300.00 16300.00 16290.00 16290.00 238.00
20150204  21:18:00 16290.00 16305.00 16290.00 16300.00 474.00
20150204  21:19:00 16295.00 16300.00 16290.00 16300.00  66.00
20150204  21:20:00 16300.00 16305.00 16290.00 16290.00 200.00
20150204  21:21:00 16290.00 16300.00 16290.00 16295.00 102.00
20150204  21:22:00 16295.00 16300.00 16295.00 16300.00 200.00
20150204  21:23:00 16300.00 16300.00 16290.00 16295.00 316.00
20150204  21:24:00 16295.00 16300.00 16290.00 16295.00 134.00
20150204  21:25:00 16295.00 16295.00 16290.00 16290.00 278.00
20150204  21:26:00 16290.00 16300.00 16290.00 16295.00 230.00
20150204  21:27:00 16295.00 16295.00 16290.00 16290.00 100.00
20150204  21:28:00 16285.00 16290.00 16280.00 16285.00 468.00
20150204  21:29:00 16285.00 16285.00 16275.00 16275.00 404.00
20150204  21:30:00 16275.00 16285.00 16270.00 16285.00 538.00
20150204  21:31:00 16285.00 16290.00 16285.00 16285.00 184.00
20150204  21:32:00 16285.00 16295.00 16285.00 16295.00 314.00
20150204  21:33:00 16295.00 16295.00 16280.00 16280.00 242.00
20150204  21:34:00 16280.00 16290.00 16280.00 16290.00 288.00
20150204  21:35:00 16290.00 16295.00 16290.00 16290.00 142.00
20150204  21:36:00 16290.00 16300.00 16290.00 16300.00 344.00
20150204  21:37:00 16300.00 16305.00 16300.00 16305.00 374.00
20150204  21:38:00 16305.00 16310.00 16305.00 16310.00 172.00
20150204  21:39:00 16305.00 16310.00 16305.00 16305.00 170.00
20150204  21:40:00 16305.00 16310.00 16300.00 16310.00 118.00
20150204  21:41:00 16310.00 16310.00 16305.00 16310.00 330.00
20150204  21:42:00 16310.00 16320.00 16310.00 16315.00 396.00
20150204  21:43:00 16315.00 16330.00 16315.00 16320.00 586.00
20150204  21:44:00 16320.00 16320.00 16310.00 16310.00 282.00
20150204  21:45:00 16310.00 16315.00 16310.00 16310.00 136.00
20150204  21:46:00 16310.00 16310.00 16300.00 16300.00 184.00
20150204  21:47:00 16300.00 16310.00 16300.00 16305.00  72.00
20150204  21:48:00 16305.00 16310.00 16305.00 16305.00  56.00
20150204  21:49:00 16310.00 16310.00 16300.00 16300.00 218.00
20150204  21:50:00 16300.00 16305.00 16300.00 16305.00 234.00
20150204  21:51:00 16300.00 16310.00 16300.00 16305.00 224.00
20150204  21:52:00 16305.00 16305.00 16300.00 16305.00 254.00
20150204  21:53:00 16300.00 16305.00 16300.00 16305.00 118.00
20150204  21:54:00 16305.00 16305.00 16300.00 16300.00 140.00
20150204  21:55:00 16300.00 16300.00 16295.00 16295.00 222.00
20150204  21:56:00 16295.00 16295.00 16285.00 16290.00 362.00
20150204  21:57:00 16290.00 16290.00 16280.00 16285.00 320.00
20150204  21:58:00 16285.00 16290.00 16285.00 16290.00 268.00
20150204  21:59:00 16290.00 16290.00 16285.00 16290.00 146.00
20150204  22:00:00 16285.00 16290.00 16280.00 16280.00 122.00
20150204  22:01:00 16280.00 16290.00 16280.00 16285.00  88.00
20150204  22:02:00 16285.00 16290.00 16285.00 16290.00 222.00
20150204  22:03:00 16290.00 16290.00 16290.00 16290.00  46.00
20150204  22:04:00 16290.00 16295.00 16290.00 16290.00  66.00
20150204  22:05:00 16290.00 16295.00 16290.00 16290.00 424.00
20150204  22:06:00 16290.00 16295.00 16290.00 16290.00   6.00
20150204  22:07:00 16295.00 16295.00 16290.00 16295.00   8.00
20150204  22:08:00 16295.00 16295.00 16290.00 16290.00  34.00
20150204  22:09:00 16290.00 16295.00 16290.00 16295.00 178.00
20150204  22:10:00 16295.00 16300.00 16295.00 16300.00  62.00
20150204  22:11:00 16300.00 16300.00 16290.00 16290.00  78.00
20150204  22:12:00 16290.00 16290.00 16285.00 16285.00 254.00
20150204  22:13:00 16285.00 16285.00 16270.00 16270.00 504.00
20150204  22:14:00 16270.00 16275.00 16265.00 16270.00 700.00
20150204  22:15:00 16270.00 16270.00 16260.00 16260.00 506.00
20150204  22:16:00 16260.00 16265.00 16255.00 16265.00 862.00
20150204  22:17:00 16260.00 16270.00 16255.00 16270.00 656.00
20150204  22:18:00 16270.00 16275.00 16265.00 16275.00 366.00
20150204  22:19:00 16275.00 16285.00 16270.00 16275.00 1066.00
20150204  22:20:00 16275.00 16280.00 16270.00 16275.00 316.00
20150204  22:21:00 16275.00 16285.00 16275.00 16285.00 404.00
20150204  22:22:00 16285.00 16295.00 16285.00 16295.00 510.00
20150204  22:23:00 16295.00 16300.00 16290.00 16300.00 644.00
20150204  22:24:00 16300.00 16320.00 16295.00 16320.00 832.00
20150204  22:25:00 16320.00 16320.00 16310.00 16310.00 478.00
20150204  22:26:00 16310.00 16315.00 16305.00 16310.00 340.00
20150204  22:27:00 16310.00 16310.00 16305.00 16310.00 450.00
20150204  22:28:00 16300.00 16305.00 16300.00 16305.00 252.00
20150204  22:29:00 16305.00 16305.00 16300.00 16300.00  60.00
20150204  22:30:00 16300.00 16300.00 16295.00 16300.00 648.00
20150204  22:31:00 16300.00 16310.00 16295.00 16305.00 254.00
20150204  22:32:00 16305.00 16310.00 16305.00 16305.00  98.00
20150204  22:33:00 16305.00 16310.00 16305.00 16305.00 124.00
20150204  22:34:00 16300.00 16310.00 16300.00 16305.00  86.00
20150204  22:35:00 16305.00 16305.00 16305.00 16305.00 128.00
20150204  22:36:00 16305.00 16310.00 16305.00 16305.00 140.00
20150204  22:37:00 16310.00 16310.00 16305.00 16305.00  50.00
20150204  22:38:00 16305.00 16305.00 16300.00 16305.00  66.00
20150204  22:39:00 16310.00 16310.00 16305.00 16305.00 108.00
20150204  22:40:00 16305.00 16310.00 16305.00 16305.00 110.00
20150204  22:41:00 16305.00 16305.00 16295.00 16300.00 632.00
20150204  22:42:00 16300.00 16305.00 16300.00 16305.00  52.00
20150204  22:43:00 16300.00 16300.00 16300.00 16300.00  38.00
20150204  22:44:00 16305.00 16305.00 16300.00 16305.00  94.00
20150204  22:45:00 16305.00 16305.00 16300.00 16300.00  72.00
20150204  22:46:00 16300.00 16305.00 16300.00 16300.00 300.00
20150204  22:47:00 16300.00 16305.00 16300.00 16300.00 436.00
20150204  22:48:00 16300.00 16300.00 16295.00 16300.00 302.00
20150204  22:49:00 16300.00 16305.00 16295.00 16300.00 254.00
20150204  22:50:00 16300.00 16300.00 16295.00 16295.00  62.00
20150204  22:51:00 16295.00 16295.00 16295.00 16295.00  70.00
20150204  22:52:00 16295.00 16295.00 16290.00 16290.00 142.00
20150204  22:53:00 16290.00 16300.00 16290.00 16300.00 150.00
20150204  22:54:00 16300.00 16300.00 16300.00 16300.00 112.00
20150204  22:55:00 16300.00 16300.00 16300.00 16300.00  44.00
20150204  22:56:00 16300.00 16300.00 16300.00 16300.00  96.00
20150204  22:57:00 16300.00 16300.00 16300.00 16300.00  60.00
20150204  22:58:00 16300.00 16310.00 16300.00 16310.00 142.00
20150204  22:59:00 16310.00 16310.00 16305.00 16305.00 162.00
20150204  23:00:00 16305.00 16320.00 16305.00 16320.00 474.00
20150204  23:01:00 16320.00 16320.00 16310.00 16315.00 286.00
20150204  23:02:00 16315.00 16320.00 16315.00 16320.00 122.00
20150204  23:03:00 16320.00 16320.00 16310.00 16310.00 282.00
20150204  23:04:00 16310.00 16315.00 16310.00 16310.00 140.00
20150204  23:05:00 16310.00 16320.00 16305.00 16320.00 266.00
20150204  23:06:00 16315.00 16320.00 16315.00 16320.00 102.00
20150204  23:07:00 16320.00 16330.00 16315.00 16325.00 480.00
20150204  23:08:00 16325.00 16340.00 16325.00 16340.00 562.00
20150204  23:09:00 16340.00 16350.00 16335.00 16335.00 924.00
20150204  23:10:00 16335.00 16335.00 16330.00 16330.00  72.00
20150204  23:11:00 16330.00 16335.00 16325.00 16325.00 264.00
20150204  23:12:00 16325.00 16325.00 16320.00 16325.00 330.00
20150204  23:13:00 16325.00 16325.00 16325.00 16325.00 134.00
20150204  23:14:00 16325.00 16325.00 16320.00 16325.00  94.00
20150204  23:15:00 16325.00 16325.00 16315.00 16320.00 312.00
20150204  23:16:00 16320.00 16325.00 16315.00 16320.00 120.00
20150204  23:17:00 16320.00 16330.00 16315.00 16325.00 200.00
20150204  23:18:00 16325.00 16325.00 16320.00 16325.00 114.00
20150204  23:19:00 16325.00 16330.00 16325.00 16330.00 130.00
20150204  23:20:00 16330.00 16330.00 16325.00 16325.00 112.00
20150204  23:21:00 16325.00 16330.00 16325.00 16330.00  12.00
20150204  23:22:00 16330.00 16330.00 16325.00 16325.00 232.00
20150204  23:23:00 16325.00 16325.00 16325.00 16325.00 128.00
20150204  23:24:00 16325.00 16325.00 16315.00 16320.00 242.00
20150204  23:25:00 16320.00 16325.00 16315.00 16320.00  36.00
20150204  23:26:00 16320.00 16325.00 16320.00 16325.00  12.00
20150204  23:27:00 16325.00 16330.00 16325.00 16330.00  80.00
20150204  23:28:00 16330.00 16330.00 16320.00 16320.00  68.00
20150204  23:29:00 16320.00 16330.00 16320.00 16325.00 122.00
20150204  23:30:00 16325.00 16325.00 16325.00 16325.00 310.00
20150204  23:31:00 16325.00 16325.00 16315.00 16315.00 118.00
20150204  23:32:00 16315.00 16315.00 16310.00 16310.00  78.00
20150204  23:33:00 16310.00 16315.00 16310.00 16310.00 146.00
20150204  23:34:00 16310.00 16310.00 16305.00 16310.00 338.00
20150204  23:35:00 16305.00 16310.00 16295.00 16295.00 640.00
20150204  23:36:00 16295.00 16300.00 16290.00 16295.00 156.00
20150204  23:37:00 16295.00 16300.00 16295.00 16300.00  14.00
20150204  23:38:00 16295.00 16295.00 16290.00 16295.00 182.00
20150204  23:39:00 16295.00 16300.00 16295.00 16300.00 302.00
20150204  23:40:00 16300.00 16300.00 16295.00 16300.00  40.00
20150204  23:41:00 16305.00 16305.00 16300.00 16300.00  28.00
20150204  23:42:00 16300.00 16300.00 16295.00 16300.00 106.00
20150204  23:43:00 16300.00 16305.00 16300.00 16300.00  22.00
20150204  23:44:00 16300.00 16300.00 16300.00 16300.00  54.00
20150204  23:45:00 16300.00 16315.00 16300.00 16315.00 250.00
20150204  23:46:00 16315.00 16315.00 16305.00 16310.00 160.00
20150204  23:47:00 16310.00 16315.00 16310.00 16310.00 124.00
20150204  23:48:00 16310.00 16310.00 16310.00 16310.00   2.00
20150204  23:49:00 16310.00 16310.00 16305.00 16305.00  76.00
20150204  23:50:00 16310.00 16310.00 16305.00 16310.00  70.00
20150204  23:51:00 16310.00 16310.00 16310.00 16310.00   2.00
20150204  23:52:00 16310.00 16315.00 16310.00 16315.00  38.00
20150204  23:53:00 16315.00 16315.00 16315.00 16315.00   0.00
20150204  23:54:00 16315.00 16315.00 16310.00 16315.00  98.00
20150204  23:55:00 16315.00 16315.00 16310.00 16315.00  94.00
20150204  23:56:00 16315.00 16315.00 16315.00 16315.00  46.00
20150204  23:57:00 16315.00 16320.00 16315.00 16315.00 134.00
20150204  23:58:00 16315.00 16315.00 16310.00 16315.00  26.00
20150204  23:59:00 16315.00 16320.00 16315.00 16320.00 132.00
20150205  00:00:00 16315.00 16320.00 16315.00 16320.00 338.00
20150205  00:01:00 16320.00 16325.00 16320.00 16320.00  44.00
20150205  00:02:00 16320.00 16320.00 16320.00 16320.00  86.00
20150205  00:03:00 16325.00 16325.00 16315.00 16320.00  50.00
20150205  00:04:00 16320.00 16325.00 16320.00 16325.00 168.00
20150205  00:05:00 16325.00 16325.00 16325.00 16325.00  58.00
20150205  00:06:00 16325.00 16325.00 16320.00 16320.00   4.00
20150205  00:07:00 16320.00 16325.00 16320.00 16325.00  12.00
20150205  00:08:00 16325.00 16325.00 16325.00 16325.00  46.00
20150205  00:09:00 16325.00 16325.00 16325.00 16325.00  54.00
20150205  00:10:00 16325.00 16325.00 16325.00 16325.00  24.00
20150205  00:11:00 16325.00 16330.00 16325.00 16330.00  30.00
20150205  00:12:00 16330.00 16330.00 16325.00 16325.00  32.00
20150205  00:13:00 16325.00 16330.00 16325.00 16330.00  18.00
20150205  00:14:00 16330.00 16330.00 16325.00 16325.00  98.00
20150205  00:15:00 16325.00 16335.00 16320.00 16335.00 188.00
20150205  00:16:00 16335.00 16345.00 16330.00 16340.00 220.00
20150205  00:17:00 16340.00 16360.00 16340.00 16360.00 506.00
20150205  00:18:00 16355.00 16365.00 16350.00 16365.00 518.00
20150205  00:19:00 16365.00 16370.00 16360.00 16360.00 256.00
20150205  00:20:00 16360.00 16365.00 16360.00 16365.00  76.00
20150205  00:21:00 16365.00 16370.00 16360.00 16370.00 316.00
20150205  00:22:00 16365.00 16370.00 16360.00 16365.00 350.00
20150205  00:23:00 16365.00 16375.00 16365.00 16370.00 314.00
20150205  00:24:00 16370.00 16375.00 16370.00 16370.00 174.00
20150205  00:25:00 16370.00 16380.00 16370.00 16375.00 484.00
20150205  00:26:00 16380.00 16380.00 16375.00 16375.00 398.00
20150205  00:27:00 16375.00 16380.00 16375.00 16380.00 124.00
20150205  00:28:00 16380.00 16380.00 16370.00 16375.00 130.00
20150205  00:29:00 16375.00 16375.00 16360.00 16365.00 340.00
20150205  00:30:00 16365.00 16370.00 16365.00 16370.00 160.00
20150205  00:31:00 16370.00 16370.00 16365.00 16365.00  82.00
20150205  00:32:00 16365.00 16370.00 16355.00 16360.00 324.00
20150205  00:33:00 16360.00 16360.00 16355.00 16355.00 118.00
20150205  00:34:00 16355.00 16355.00 16350.00 16350.00 246.00
20150205  00:35:00 16350.00 16350.00 16340.00 16350.00 242.00
20150205  00:36:00 16355.00 16355.00 16355.00 16355.00   4.00
20150205  00:37:00 16355.00 16355.00 16345.00 16350.00 110.00
20150205  00:38:00 16350.00 16350.00 16350.00 16350.00 124.00
20150205  00:39:00 16350.00 16350.00 16350.00 16350.00  52.00
20150205  00:40:00 16350.00 16355.00 16350.00 16350.00  26.00
20150205  00:41:00 16350.00 16355.00 16350.00 16355.00 146.00
20150205  00:42:00 16355.00 16355.00 16355.00 16355.00  18.00
20150205  00:43:00 16355.00 16355.00 16350.00 16350.00  24.00
20150205  00:44:00 16350.00 16350.00 16340.00 16345.00 264.00
20150205  00:45:00 16345.00 16345.00 16340.00 16340.00 216.00
20150205  00:46:00 16340.00 16340.00 16340.00 16340.00  56.00
20150205  00:47:00 16340.00 16345.00 16340.00 16340.00 128.00
20150205  00:48:00 16340.00 16340.00 16340.00 16340.00  98.00
20150205  00:49:00 16340.00 16345.00 16335.00 16340.00 134.00
20150205  00:50:00 16340.00 16340.00 16335.00 16335.00 106.00
20150205  00:51:00 16335.00 16340.00 16335.00 16335.00 132.00
20150205  00:52:00 16335.00 16335.00 16330.00 16330.00 436.00
20150205  00:53:00 16330.00 16330.00 16330.00 16330.00 214.00
20150205  00:54:00 16330.00 16335.00 16325.00 16335.00  84.00
20150205  00:55:00 16335.00 16335.00 16330.00 16330.00   8.00
20150205  00:56:00 16330.00 16340.00 16330.00 16335.00 148.00
20150205  00:57:00 16335.00 16335.00 16330.00 16330.00 208.00
20150205  00:58:00 16325.00 16330.00 16320.00 16330.00 248.00
20150205  00:59:00 16330.00 16350.00 16315.00 16350.00 402.00
20150205  09:00:00 16350.00 16350.00 16310.00 16315.00 834.00
20150205  09:01:00 16315.00 16320.00 16310.00 16315.00 434.00
20150205  09:02:00 16315.00 16320.00 16310.00 16320.00 414.00
20150205  09:03:00 16320.00 16330.00 16310.00 16325.00 308.00
20150205  09:04:00 16325.00 16345.00 16325.00 16345.00 492.00
20150205  09:05:00 16345.00 16345.00 16335.00 16335.00 452.00
20150205  09:06:00 16335.00 16335.00 16310.00 16310.00 420.00
20150205  09:07:00 16310.00 16315.00 16295.00 16295.00 756.00
20150205  09:08:00 16295.00 16310.00 16290.00 16295.00 950.00
20150205  09:09:00 16295.00 16300.00 16295.00 16300.00 394.00
20150205  09:10:00 16295.00 16295.00 16265.00 16275.00 2324.00
20150205  09:11:00 16270.00 16280.00 16270.00 16275.00 558.00
20150205  09:12:00 16275.00 16280.00 16270.00 16275.00 554.00
20150205  09:13:00 16275.00 16285.00 16275.00 16280.00 494.00
20150205  09:14:00 16280.00 16280.00 16270.00 16275.00 652.00
20150205  09:15:00 16275.00 16285.00 16275.00 16280.00 700.00
20150205  09:16:00 16280.00 16280.00 16270.00 16275.00 400.00
20150205  09:17:00 16275.00 16285.00 16270.00 16285.00 466.00
20150205  09:18:00 16285.00 16285.00 16275.00 16275.00 138.00
20150205  09:19:00 16275.00 16280.00 16270.00 16270.00 156.00
20150205  09:20:00 16270.00 16275.00 16260.00 16260.00 712.00
20150205  09:21:00 16265.00 16275.00 16265.00 16270.00 674.00
20150205  09:22:00 16265.00 16275.00 16265.00 16265.00 170.00
20150205  09:23:00 16265.00 16270.00 16265.00 16265.00 296.00
20150205  09:24:00 16265.00 16270.00 16260.00 16270.00 312.00
20150205  09:25:00 16270.00 16275.00 16270.00 16275.00 228.00
20150205  09:26:00 16275.00 16275.00 16265.00 16270.00 292.00
20150205  09:27:00 16270.00 16275.00 16265.00 16270.00 332.00
20150205  09:28:00 16270.00 16285.00 16270.00 16285.00 302.00
20150205  09:29:00 16285.00 16290.00 16280.00 16285.00 350.00
20150205  09:30:00 16285.00 16285.00 16285.00 16285.00 196.00
20150205  09:31:00 16285.00 16285.00 16270.00 16270.00 398.00
20150205  09:32:00 16270.00 16275.00 16270.00 16275.00  16.00
20150205  09:33:00 16275.00 16275.00 16270.00 16270.00  30.00
20150205  09:34:00 16270.00 16275.00 16270.00 16275.00 222.00
20150205  09:35:00 16275.00 16280.00 16270.00 16270.00  36.00
20150205  09:36:00 16270.00 16275.00 16270.00 16270.00 210.00
20150205  09:37:00 16270.00 16270.00 16260.00 16260.00 306.00
20150205  09:38:00 16260.00 16270.00 16260.00 16270.00 574.00
20150205  09:39:00 16270.00 16275.00 16270.00 16270.00 306.00
20150205  09:40:00 16270.00 16275.00 16265.00 16270.00 206.00
20150205  09:41:00 16270.00 16280.00 16270.00 16280.00 412.00
20150205  09:42:00 16280.00 16280.00 16270.00 16275.00 182.00
20150205  09:43:00 16270.00 16270.00 16265.00 16270.00 302.00
20150205  09:44:00 16270.00 16275.00 16270.00 16270.00 184.00
20150205  09:45:00 16270.00 16275.00 16265.00 16270.00 168.00
20150205  09:46:00 16270.00 16270.00 16265.00 16265.00  48.00
20150205  09:47:00 16265.00 16275.00 16265.00 16270.00 298.00
20150205  09:48:00 16270.00 16270.00 16265.00 16270.00 322.00
20150205  09:49:00 16270.00 16275.00 16265.00 16270.00  46.00
20150205  09:50:00 16270.00 16275.00 16270.00 16270.00   8.00
20150205  09:51:00 16270.00 16270.00 16270.00 16270.00  56.00
20150205  09:52:00 16265.00 16275.00 16265.00 16270.00 248.00
20150205  09:53:00 16270.00 16275.00 16270.00 16270.00  92.00
20150205  09:54:00 16270.00 16270.00 16270.00 16270.00 114.00
20150205  09:55:00 16265.00 16265.00 16260.00 16260.00 748.00
20150205  09:56:00 16260.00 16270.00 16260.00 16270.00 156.00
20150205  09:57:00 16270.00 16270.00 16260.00 16265.00 140.00
20150205  09:58:00 16265.00 16270.00 16260.00 16265.00 132.00
20150205  09:59:00 16265.00 16265.00 16260.00 16265.00  40.00
20150205  10:00:00 16265.00 16265.00 16260.00 16260.00 736.00
20150205  10:01:00 16260.00 16275.00 16260.00 16275.00 368.00
20150205  10:02:00 16275.00 16280.00 16275.00 16280.00 232.00
20150205  10:03:00 16280.00 16280.00 16275.00 16280.00  56.00
20150205  10:04:00 16280.00 16280.00 16270.00 16280.00 142.00
20150205  10:05:00 16280.00 16280.00 16275.00 16280.00 224.00
20150205  10:06:00 16280.00 16280.00 16280.00 16280.00  10.00
20150205  10:07:00 16275.00 16285.00 16275.00 16280.00 284.00
20150205  10:08:00 16280.00 16285.00 16280.00 16280.00 126.00
20150205  10:09:00 16275.00 16275.00 16270.00 16270.00  86.00
20150205  10:10:00 16270.00 16275.00 16270.00 16275.00 140.00
20150205  10:11:00 16275.00 16280.00 16275.00 16280.00  12.00
20150205  10:12:00 16280.00 16280.00 16280.00 16280.00  22.00
20150205  10:13:00 16280.00 16280.00 16275.00 16275.00  76.00
20150205  10:14:00 16280.00 16280.00 16270.00 16275.00 174.00
20150205  10:30:00 16275.00 16275.00 16270.00 16275.00 246.00
20150205  10:31:00 16275.00 16275.00 16270.00 16270.00 198.00
20150205  10:32:00 16270.00 16275.00 16270.00 16270.00 100.00
20150205  10:33:00 16270.00 16275.00 16270.00 16270.00 218.00
20150205  10:34:00 16275.00 16275.00 16270.00 16270.00 318.00
20150205  10:35:00 16270.00 16275.00 16265.00 16265.00 198.00
20150205  10:36:00 16265.00 16275.00 16265.00 16270.00 100.00
20150205  10:37:00 16270.00 16280.00 16270.00 16275.00 242.00
20150205  10:38:00 16275.00 16275.00 16270.00 16275.00 140.00
20150205  10:39:00 16275.00 16275.00 16265.00 16265.00 208.00
20150205  10:40:00 16265.00 16270.00 16260.00 16265.00 100.00
20150205  10:41:00 16265.00 16280.00 16265.00 16270.00 360.00
20150205  10:42:00 16270.00 16275.00 16270.00 16270.00  70.00
20150205  10:43:00 16270.00 16275.00 16270.00 16270.00 164.00
20150205  10:44:00 16270.00 16275.00 16270.00 16275.00 118.00
20150205  10:45:00 16275.00 16275.00 16265.00 16270.00 344.00
20150205  10:46:00 16270.00 16270.00 16265.00 16270.00 252.00
20150205  10:47:00 16270.00 16275.00 16270.00 16275.00  84.00
20150205  10:48:00 16275.00 16275.00 16275.00 16275.00 112.00
20150205  10:49:00 16275.00 16275.00 16275.00 16275.00  60.00
20150205  10:50:00 16275.00 16275.00 16265.00 16270.00 200.00
20150205  10:51:00 16265.00 16265.00 16235.00 16240.00 1428.00
20150205  10:52:00 16240.00 16255.00 16235.00 16255.00 858.00
20150205  10:53:00 16255.00 16260.00 16250.00 16255.00 366.00
20150205  10:54:00 16255.00 16260.00 16255.00 16255.00  56.00
20150205  10:55:00 16255.00 16260.00 16255.00 16260.00 186.00
20150205  10:56:00 16260.00 16260.00 16255.00 16255.00 282.00
20150205  10:57:00 16255.00 16255.00 16255.00 16255.00  74.00
20150205  10:58:00 16260.00 16260.00 16255.00 16255.00  30.00
20150205  10:59:00 16255.00 16265.00 16255.00 16260.00 200.00
20150205  11:00:00 16260.00 16270.00 16260.00 16270.00 388.00
20150205  11:01:00 16270.00 16270.00 16270.00 16270.00 250.00
20150205  11:02:00 16270.00 16280.00 16270.00 16280.00 596.00
20150205  11:03:00 16280.00 16280.00 16275.00 16275.00 188.00
20150205  11:04:00 16275.00 16280.00 16270.00 16270.00 152.00
20150205  11:05:00 16270.00 16275.00 16270.00 16275.00  20.00
20150205  11:06:00 16270.00 16275.00 16270.00 16270.00  40.00
20150205  11:07:00 16270.00 16275.00 16270.00 16275.00  40.00
20150205  11:08:00 16275.00 16280.00 16270.00 16275.00 276.00
20150205  11:09:00 16275.00 16275.00 16270.00 16275.00 176.00
20150205  11:10:00 16275.00 16280.00 16275.00 16275.00 166.00
20150205  11:11:00 16275.00 16280.00 16270.00 16280.00  54.00
20150205  11:12:00 16280.00 16280.00 16270.00 16275.00  28.00
20150205  11:13:00 16275.00 16275.00 16270.00 16270.00 102.00
20150205  11:14:00 16270.00 16275.00 16270.00 16275.00 142.00
20150205  11:15:00 16275.00 16280.00 16270.00 16280.00  98.00
20150205  11:16:00 16280.00 16280.00 16275.00 16280.00 238.00
20150205  11:17:00 16280.00 16280.00 16275.00 16275.00  58.00
20150205  11:18:00 16275.00 16285.00 16275.00 16280.00 256.00
20150205  11:19:00 16280.00 16285.00 16280.00 16285.00  66.00
20150205  11:20:00 16285.00 16285.00 16280.00 16280.00 212.00
20150205  11:21:00 16280.00 16285.00 16275.00 16285.00 156.00
20150205  11:22:00 16285.00 16285.00 16275.00 16280.00  82.00
20150205  11:23:00 16280.00 16280.00 16275.00 16280.00  26.00
20150205  11:24:00 16280.00 16280.00 16275.00 16275.00  22.00
20150205  11:25:00 16280.00 16280.00 16280.00 16280.00  80.00
20150205  11:26:00 16280.00 16280.00 16280.00 16280.00 168.00
20150205  11:27:00 16280.00 16285.00 16275.00 16285.00 240.00
20150205  11:28:00 16275.00 16280.00 16275.00 16280.00  16.00
20150205  11:29:00 16280.00 16280.00 16275.00 16280.00 364.00
20150205  13:30:00 16270.00 16270.00 16250.00 16250.00 826.00
20150205  13:31:00 16255.00 16260.00 16250.00 16255.00 336.00
20150205  13:32:00 16255.00 16260.00 16255.00 16255.00 328.00
20150205  13:33:00 16255.00 16255.00 16255.00 16255.00 118.00
20150205  13:34:00 16255.00 16255.00 16250.00 16250.00  50.00
20150205  13:35:00 16250.00 16255.00 16240.00 16245.00 346.00
20150205  13:36:00 16245.00 16250.00 16245.00 16245.00 122.00
20150205  13:37:00 16250.00 16250.00 16245.00 16250.00 226.00
20150205  13:38:00 16250.00 16255.00 16250.00 16250.00  82.00
20150205  13:39:00 16250.00 16250.00 16240.00 16240.00 260.00
20150205  13:40:00 16245.00 16250.00 16245.00 16245.00 190.00
20150205  13:41:00 16245.00 16245.00 16240.00 16245.00 158.00
20150205  13:42:00 16245.00 16250.00 16245.00 16250.00 142.00
20150205  13:43:00 16250.00 16255.00 16250.00 16255.00 226.00
20150205  13:44:00 16255.00 16255.00 16250.00 16250.00  38.00
20150205  13:45:00 16255.00 16265.00 16250.00 16260.00 310.00
20150205  13:46:00 16260.00 16260.00 16250.00 16250.00 208.00
20150205  13:47:00 16250.00 16255.00 16250.00 16250.00 310.00
20150205  13:48:00 16250.00 16250.00 16245.00 16250.00 162.00
20150205  13:49:00 16250.00 16250.00 16245.00 16245.00  90.00
20150205  13:50:00 16245.00 16250.00 16245.00 16250.00  82.00
20150205  13:51:00 16250.00 16260.00 16250.00 16255.00 268.00
20150205  13:52:00 16255.00 16280.00 16255.00 16270.00 668.00
20150205  13:53:00 16270.00 16275.00 16270.00 16270.00 108.00
20150205  13:54:00 16270.00 16275.00 16270.00 16270.00 168.00
20150205  13:55:00 16270.00 16270.00 16270.00 16270.00   8.00
20150205  13:56:00 16270.00 16275.00 16265.00 16270.00 234.00
20150205  13:57:00 16270.00 16270.00 16265.00 16265.00 152.00
20150205  13:58:00 16270.00 16270.00 16265.00 16270.00 132.00
20150205  13:59:00 16270.00 16270.00 16270.00 16270.00 262.00
20150205  14:00:00 16270.00 16270.00 16270.00 16270.00   6.00
20150205  14:01:00 16265.00 16265.00 16255.00 16255.00 298.00
20150205  14:02:00 16255.00 16260.00 16255.00 16260.00  68.00
20150205  14:03:00 16260.00 16265.00 16260.00 16265.00 152.00
20150205  14:04:00 16265.00 16275.00 16265.00 16270.00 260.00
20150205  14:05:00 16270.00 16270.00 16260.00 16265.00 162.00
20150205  14:06:00 16270.00 16270.00 16265.00 16265.00   8.00
20150205  14:07:00 16265.00 16270.00 16265.00 16265.00  90.00
20150205  14:08:00 16265.00 16275.00 16265.00 16275.00 194.00
20150205  14:09:00 16275.00 16275.00 16270.00 16270.00 130.00
20150205  14:10:00 16270.00 16275.00 16265.00 16270.00 248.00
20150205  14:11:00 16270.00 16270.00 16265.00 16270.00 202.00
20150205  14:12:00 16270.00 16280.00 16270.00 16275.00 562.00
20150205  14:13:00 16275.00 16285.00 16275.00 16280.00 380.00
20150205  14:14:00 16280.00 16290.00 16280.00 16285.00 502.00
20150205  14:15:00 16285.00 16285.00 16275.00 16275.00 474.00
20150205  14:16:00 16275.00 16275.00 16265.00 16270.00 218.00
20150205  14:17:00 16270.00 16275.00 16270.00 16270.00 170.00
20150205  14:18:00 16275.00 16275.00 16270.00 16270.00  98.00
20150205  14:19:00 16270.00 16270.00 16265.00 16265.00  78.00
20150205  14:20:00 16265.00 16265.00 16255.00 16260.00 514.00
20150205  14:21:00 16260.00 16260.00 16260.00 16260.00  60.00
20150205  14:22:00 16265.00 16265.00 16260.00 16260.00 186.00
20150205  14:23:00 16260.00 16275.00 16260.00 16270.00 236.00
20150205  14:24:00 16275.00 16275.00 16270.00 16270.00 152.00
20150205  14:25:00 16275.00 16275.00 16270.00 16270.00 204.00
20150205  14:26:00 16270.00 16275.00 16270.00 16270.00 300.00
20150205  14:27:00 16270.00 16275.00 16270.00 16270.00 164.00
20150205  14:28:00 16270.00 16275.00 16270.00 16270.00 208.00
20150205  14:29:00 16270.00 16270.00 16265.00 16270.00 224.00
20150205  14:30:00 16265.00 16270.00 16265.00 16265.00 100.00
20150205  14:31:00 16265.00 16270.00 16265.00 16265.00  72.00
20150205  14:32:00 16265.00 16270.00 16265.00 16270.00  12.00
20150205  14:33:00 16270.00 16270.00 16265.00 16270.00 132.00
20150205  14:34:00 16270.00 16280.00 16270.00 16270.00 418.00
20150205  14:35:00 16270.00 16280.00 16270.00 16280.00 138.00
20150205  14:36:00 16275.00 16280.00 16270.00 16270.00 416.00
20150205  14:37:00 16270.00 16270.00 16265.00 16270.00 216.00
20150205  14:38:00 16270.00 16275.00 16265.00 16265.00  74.00
20150205  14:39:00 16265.00 16265.00 16265.00 16265.00  30.00
20150205  14:40:00 16270.00 16270.00 16265.00 16265.00  64.00
20150205  14:41:00 16265.00 16270.00 16265.00 16265.00 234.00
20150205  14:42:00 16265.00 16265.00 16260.00 16265.00 192.00
20150205  14:43:00 16260.00 16265.00 16255.00 16260.00 920.00
20150205  14:44:00 16260.00 16260.00 16250.00 16255.00 848.00
20150205  14:45:00 16255.00 16260.00 16255.00 16260.00 188.00
20150205  14:46:00 16260.00 16260.00 16255.00 16260.00 226.00
20150205  14:47:00 16260.00 16260.00 16250.00 16250.00 662.00
20150205  14:48:00 16250.00 16255.00 16245.00 16255.00 236.00
20150205  14:49:00 16255.00 16260.00 16255.00 16255.00 384.00
20150205  14:50:00 16260.00 16265.00 16260.00 16260.00 440.00
20150205  14:51:00 16260.00 16270.00 16260.00 16265.00 174.00
20150205  14:52:00 16265.00 16265.00 16265.00 16265.00 296.00
20150205  14:53:00 16270.00 16270.00 16265.00 16265.00 124.00
20150205  14:54:00 16265.00 16270.00 16265.00 16265.00 158.00
20150205  14:55:00 16265.00 16275.00 16265.00 16270.00 816.00
20150205  14:56:00 16270.00 16275.00 16270.00 16270.00 128.00
20150205  14:57:00 16270.00 16275.00 16265.00 16270.00 542.00
20150205  14:58:00 16275.00 16275.00 16265.00 16275.00 546.00
20150205  14:59:00 16270.00 16290.00 16270.00 16270.00 1298.00
20150205  15:00:00 16270.00 16270.00 16270.00 16270.00   2.00
