20151217  21:00:00 12480.00 12505.00 12465.00 12480.00 9494.00
20151217  21:01:00 12480.00 12500.00 12480.00 12500.00 4446.00
20151217  21:02:00 12500.00 12505.00 12485.00 12495.00 3732.00
20151217  21:03:00 12490.00 12500.00 12465.00 12465.00 5724.00
20151217  21:04:00 12465.00 12470.00 12440.00 12445.00 8116.00
20151217  21:05:00 12445.00 12455.00 12440.00 12455.00 4428.00
20151217  21:06:00 12455.00 12480.00 12450.00 12480.00 3424.00
20151217  21:07:00 12480.00 12510.00 12470.00 12500.00 5680.00
20151217  21:08:00 12505.00 12510.00 12495.00 12510.00 4656.00
20151217  21:09:00 12510.00 12525.00 12505.00 12525.00 4940.00
20151217  21:10:00 12525.00 12530.00 12505.00 12510.00 7948.00
20151217  21:11:00 12510.00 12530.00 12510.00 12520.00 3274.00
20151217  21:12:00 12525.00 12530.00 12510.00 12510.00 2824.00
20151217  21:13:00 12510.00 12515.00 12500.00 12505.00 1798.00
20151217  21:14:00 12505.00 12510.00 12500.00 12505.00 2386.00
20151217  21:15:00 12505.00 12515.00 12505.00 12505.00 2118.00
20151217  21:16:00 12505.00 12510.00 12495.00 12500.00 3142.00
20151217  21:17:00 12505.00 12515.00 12500.00 12510.00 2268.00
20151217  21:18:00 12510.00 12520.00 12505.00 12510.00 2152.00
20151217  21:19:00 12505.00 12510.00 12505.00 12505.00 346.00
20151217  21:20:00 12505.00 12515.00 12500.00 12510.00 1692.00
20151217  21:21:00 12510.00 12515.00 12510.00 12510.00 1010.00
20151217  21:22:00 12510.00 12520.00 12510.00 12520.00 1198.00
20151217  21:23:00 12520.00 12525.00 12510.00 12520.00 1582.00
20151217  21:24:00 12520.00 12530.00 12515.00 12515.00 3902.00
20151217  21:25:00 12515.00 12525.00 12515.00 12515.00 1668.00
20151217  21:26:00 12510.00 12520.00 12510.00 12520.00 1154.00
20151217  21:27:00 12520.00 12520.00 12515.00 12520.00 812.00
20151217  21:28:00 12515.00 12525.00 12515.00 12525.00 1002.00
20151217  21:29:00 12525.00 12525.00 12510.00 12515.00 1886.00
20151217  21:30:00 12515.00 12515.00 12500.00 12510.00 4056.00
20151217  21:31:00 12510.00 12520.00 12510.00 12515.00 1430.00
20151217  21:32:00 12520.00 12520.00 12510.00 12520.00 1064.00
20151217  21:33:00 12520.00 12525.00 12515.00 12525.00 1906.00
20151217  21:34:00 12525.00 12535.00 12525.00 12530.00 3258.00
20151217  21:35:00 12530.00 12535.00 12525.00 12525.00 1978.00
20151217  21:36:00 12525.00 12530.00 12525.00 12525.00 1048.00
20151217  21:37:00 12525.00 12535.00 12525.00 12530.00 1202.00
20151217  21:38:00 12530.00 12535.00 12525.00 12530.00 1854.00
20151217  21:39:00 12530.00 12535.00 12530.00 12535.00 910.00
20151217  21:40:00 12535.00 12535.00 12525.00 12530.00 1514.00
20151217  21:41:00 12530.00 12535.00 12515.00 12515.00 2556.00
20151217  21:42:00 12515.00 12525.00 12515.00 12525.00 1200.00
20151217  21:43:00 12525.00 12525.00 12515.00 12525.00 1086.00
20151217  21:44:00 12525.00 12530.00 12510.00 12510.00 2214.00
20151217  21:45:00 12510.00 12520.00 12505.00 12510.00 1964.00
20151217  21:46:00 12510.00 12515.00 12495.00 12505.00 3980.00
20151217  21:47:00 12505.00 12520.00 12505.00 12520.00 1246.00
20151217  21:48:00 12520.00 12520.00 12510.00 12520.00 1006.00
20151217  21:49:00 12515.00 12520.00 12510.00 12520.00 1224.00
20151217  21:50:00 12520.00 12520.00 12510.00 12520.00 1080.00
20151217  21:51:00 12515.00 12520.00 12510.00 12515.00 1348.00
20151217  21:52:00 12515.00 12515.00 12510.00 12510.00 2026.00
20151217  21:53:00 12510.00 12510.00 12500.00 12505.00 1978.00
20151217  21:54:00 12505.00 12510.00 12500.00 12505.00 1786.00
20151217  21:55:00 12505.00 12505.00 12495.00 12495.00 2198.00
20151217  21:56:00 12500.00 12505.00 12495.00 12500.00 2410.00
20151217  21:57:00 12500.00 12505.00 12500.00 12505.00 312.00
20151217  21:58:00 12505.00 12510.00 12500.00 12500.00 672.00
20151217  21:59:00 12505.00 12515.00 12500.00 12510.00 1222.00
20151217  22:00:00 12515.00 12525.00 12510.00 12525.00 2318.00
20151217  22:01:00 12525.00 12530.00 12520.00 12520.00 1672.00
20151217  22:02:00 12520.00 12540.00 12520.00 12535.00 3490.00
20151217  22:03:00 12535.00 12550.00 12535.00 12535.00 3648.00
20151217  22:04:00 12535.00 12545.00 12530.00 12535.00 3482.00
20151217  22:05:00 12530.00 12545.00 12530.00 12545.00 2556.00
20151217  22:06:00 12545.00 12545.00 12535.00 12540.00 2350.00
20151217  22:07:00 12540.00 12570.00 12535.00 12565.00 3954.00
20151217  22:08:00 12560.00 12560.00 12550.00 12550.00 3174.00
20151217  22:09:00 12550.00 12555.00 12545.00 12550.00 896.00
20151217  22:10:00 12550.00 12555.00 12545.00 12550.00 1452.00
20151217  22:11:00 12550.00 12550.00 12545.00 12545.00 1412.00
20151217  22:12:00 12545.00 12550.00 12545.00 12550.00 1178.00
20151217  22:13:00 12550.00 12550.00 12545.00 12550.00 1072.00
20151217  22:14:00 12550.00 12555.00 12540.00 12540.00 1446.00
20151217  22:15:00 12540.00 12550.00 12540.00 12545.00 1654.00
20151217  22:16:00 12545.00 12550.00 12540.00 12550.00 1222.00
20151217  22:17:00 12550.00 12570.00 12550.00 12565.00 3190.00
20151217  22:18:00 12565.00 12565.00 12555.00 12555.00 1488.00
20151217  22:19:00 12555.00 12560.00 12555.00 12555.00 350.00
20151217  22:20:00 12555.00 12560.00 12550.00 12550.00 1354.00
20151217  22:21:00 12550.00 12555.00 12535.00 12535.00 3444.00
20151217  22:22:00 12540.00 12540.00 12535.00 12540.00 1310.00
20151217  22:23:00 12540.00 12540.00 12530.00 12530.00 856.00
20151217  22:24:00 12530.00 12535.00 12525.00 12525.00 1696.00
20151217  22:25:00 12525.00 12540.00 12525.00 12535.00 1680.00
20151217  22:26:00 12540.00 12540.00 12530.00 12535.00 702.00
20151217  22:27:00 12535.00 12540.00 12530.00 12535.00 890.00
20151217  22:28:00 12535.00 12535.00 12525.00 12530.00 1576.00
20151217  22:29:00 12530.00 12535.00 12525.00 12535.00 810.00
20151217  22:30:00 12530.00 12530.00 12515.00 12515.00 2678.00
20151217  22:31:00 12515.00 12520.00 12510.00 12515.00 3096.00
20151217  22:32:00 12515.00 12520.00 12505.00 12505.00 3608.00
20151217  22:33:00 12505.00 12515.00 12505.00 12515.00 2844.00
20151217  22:34:00 12515.00 12515.00 12510.00 12510.00 964.00
20151217  22:35:00 12510.00 12515.00 12505.00 12510.00 1262.00
20151217  22:36:00 12510.00 12515.00 12505.00 12510.00 854.00
20151217  22:37:00 12515.00 12515.00 12505.00 12510.00 940.00
20151217  22:38:00 12510.00 12515.00 12510.00 12515.00 764.00
20151217  22:39:00 12515.00 12520.00 12510.00 12520.00 412.00
20151217  22:40:00 12520.00 12520.00 12520.00 12520.00 500.00
20151217  22:41:00 12520.00 12520.00 12500.00 12505.00 3074.00
20151217  22:42:00 12505.00 12505.00 12500.00 12505.00 1386.00
20151217  22:43:00 12505.00 12505.00 12490.00 12495.00 5146.00
20151217  22:44:00 12495.00 12505.00 12490.00 12500.00 2204.00
20151217  22:45:00 12495.00 12505.00 12490.00 12505.00 1056.00
20151217  22:46:00 12505.00 12510.00 12500.00 12505.00 1704.00
20151217  22:47:00 12505.00 12505.00 12495.00 12495.00 824.00
20151217  22:48:00 12495.00 12505.00 12495.00 12500.00 1388.00
20151217  22:49:00 12500.00 12500.00 12480.00 12490.00 3234.00
20151217  22:50:00 12490.00 12495.00 12475.00 12480.00 3006.00
20151217  22:51:00 12485.00 12490.00 12480.00 12485.00 1478.00
20151217  22:52:00 12485.00 12500.00 12485.00 12495.00 1626.00
20151217  22:53:00 12495.00 12500.00 12490.00 12495.00 1940.00
20151217  22:54:00 12495.00 12500.00 12495.00 12495.00 1342.00
20151217  22:55:00 12495.00 12500.00 12490.00 12495.00 874.00
20151217  22:56:00 12495.00 12500.00 12495.00 12500.00 1758.00
20151217  22:57:00 12500.00 12505.00 12495.00 12505.00 1086.00
20151217  22:58:00 12505.00 12505.00 12500.00 12505.00 1152.00
20151217  22:59:00 12505.00 12505.00 12500.00 12500.00 414.00
20151217  23:00:00 12500.00 12505.00 12495.00 12500.00 842.00
20151217  23:01:00 12500.00 12500.00 12490.00 12500.00 1126.00
20151217  23:02:00 12500.00 12500.00 12490.00 12490.00 826.00
20151217  23:03:00 12485.00 12495.00 12485.00 12490.00 1602.00
20151217  23:04:00 12490.00 12490.00 12485.00 12490.00 618.00
20151217  23:05:00 12490.00 12490.00 12480.00 12485.00 1062.00
20151217  23:06:00 12485.00 12490.00 12480.00 12485.00 966.00
20151217  23:07:00 12485.00 12490.00 12485.00 12490.00 476.00
20151217  23:08:00 12490.00 12495.00 12485.00 12490.00 750.00
20151217  23:09:00 12490.00 12495.00 12480.00 12480.00 1610.00
20151217  23:10:00 12480.00 12485.00 12480.00 12485.00 1294.00
20151217  23:11:00 12485.00 12490.00 12480.00 12490.00 882.00
20151217  23:12:00 12490.00 12495.00 12485.00 12495.00 1208.00
20151217  23:13:00 12495.00 12495.00 12485.00 12490.00 1008.00
20151217  23:14:00 12490.00 12495.00 12490.00 12495.00 356.00
20151217  23:15:00 12495.00 12500.00 12490.00 12495.00 1676.00
20151217  23:16:00 12495.00 12500.00 12490.00 12495.00 370.00
20151217  23:17:00 12495.00 12495.00 12490.00 12490.00  48.00
20151217  23:18:00 12490.00 12495.00 12490.00 12490.00 542.00
20151217  23:19:00 12490.00 12495.00 12490.00 12490.00 434.00
20151217  23:20:00 12490.00 12510.00 12490.00 12505.00 1332.00
20151217  23:21:00 12505.00 12515.00 12505.00 12515.00 950.00
20151217  23:22:00 12510.00 12520.00 12505.00 12510.00 1564.00
20151217  23:23:00 12510.00 12520.00 12510.00 12515.00 1190.00
20151217  23:24:00 12515.00 12515.00 12510.00 12510.00 1148.00
20151217  23:25:00 12510.00 12515.00 12510.00 12510.00 1202.00
20151217  23:26:00 12510.00 12515.00 12510.00 12510.00 262.00
20151217  23:27:00 12510.00 12520.00 12510.00 12520.00 720.00
20151217  23:28:00 12520.00 12525.00 12515.00 12515.00 948.00
20151217  23:29:00 12515.00 12525.00 12515.00 12525.00 952.00
20151217  23:30:00 12525.00 12525.00 12515.00 12520.00 1334.00
20151217  23:31:00 12520.00 12525.00 12515.00 12515.00 992.00
20151217  23:32:00 12515.00 12520.00 12515.00 12520.00 272.00
20151217  23:33:00 12520.00 12520.00 12515.00 12520.00 524.00
20151217  23:34:00 12520.00 12530.00 12520.00 12525.00 950.00
20151217  23:35:00 12520.00 12520.00 12515.00 12515.00 584.00
20151217  23:36:00 12515.00 12520.00 12515.00 12515.00 172.00
20151217  23:37:00 12515.00 12525.00 12515.00 12520.00 450.00
20151217  23:38:00 12520.00 12525.00 12515.00 12515.00 270.00
20151217  23:39:00 12520.00 12520.00 12515.00 12515.00 482.00
20151217  23:40:00 12520.00 12520.00 12515.00 12515.00 588.00
20151217  23:41:00 12515.00 12520.00 12515.00 12515.00  74.00
20151217  23:42:00 12515.00 12525.00 12515.00 12525.00 554.00
20151217  23:43:00 12520.00 12525.00 12520.00 12520.00 786.00
20151217  23:44:00 12520.00 12545.00 12520.00 12535.00 3600.00
20151217  23:45:00 12535.00 12540.00 12530.00 12530.00 1612.00
20151217  23:46:00 12530.00 12535.00 12530.00 12530.00 508.00
20151217  23:47:00 12530.00 12535.00 12525.00 12525.00 478.00
20151217  23:48:00 12525.00 12535.00 12525.00 12525.00 636.00
20151217  23:49:00 12530.00 12530.00 12520.00 12525.00 1010.00
20151217  23:50:00 12525.00 12530.00 12520.00 12525.00 768.00
20151217  23:51:00 12525.00 12525.00 12520.00 12525.00 380.00
20151217  23:52:00 12525.00 12525.00 12520.00 12525.00 146.00
20151217  23:53:00 12525.00 12525.00 12515.00 12520.00 472.00
20151217  23:54:00 12520.00 12525.00 12520.00 12525.00 404.00
20151217  23:55:00 12525.00 12525.00 12520.00 12520.00 272.00
20151217  23:56:00 12520.00 12530.00 12520.00 12530.00 584.00
20151217  23:57:00 12530.00 12535.00 12525.00 12530.00 1070.00
20151217  23:58:00 12530.00 12530.00 12525.00 12525.00  52.00
20151217  23:59:00 12525.00 12530.00 12525.00 12530.00 108.00
20151218  00:00:00 12530.00 12530.00 12520.00 12525.00 702.00
20151218  00:01:00 12525.00 12525.00 12515.00 12515.00 812.00
20151218  00:02:00 12515.00 12520.00 12515.00 12515.00 798.00
20151218  00:03:00 12515.00 12520.00 12515.00 12515.00 252.00
20151218  00:04:00 12515.00 12520.00 12510.00 12515.00 868.00
20151218  00:05:00 12515.00 12515.00 12505.00 12510.00 602.00
20151218  00:06:00 12510.00 12515.00 12505.00 12505.00 578.00
20151218  00:07:00 12505.00 12510.00 12505.00 12505.00 850.00
20151218  00:08:00 12500.00 12510.00 12500.00 12505.00 414.00
20151218  00:09:00 12505.00 12510.00 12505.00 12510.00  50.00
20151218  00:10:00 12510.00 12510.00 12505.00 12510.00 674.00
20151218  00:11:00 12510.00 12510.00 12505.00 12510.00 358.00
20151218  00:12:00 12510.00 12510.00 12505.00 12510.00 108.00
20151218  00:13:00 12510.00 12510.00 12505.00 12510.00 354.00
20151218  00:14:00 12510.00 12510.00 12505.00 12510.00 418.00
20151218  00:15:00 12510.00 12510.00 12505.00 12505.00 120.00
20151218  00:16:00 12505.00 12510.00 12505.00 12505.00 222.00
20151218  00:17:00 12505.00 12505.00 12505.00 12505.00  16.00
20151218  00:18:00 12505.00 12510.00 12500.00 12505.00 590.00
20151218  00:19:00 12505.00 12505.00 12505.00 12505.00 326.00
20151218  00:20:00 12505.00 12505.00 12500.00 12505.00 246.00
20151218  00:21:00 12505.00 12510.00 12500.00 12505.00 472.00
20151218  00:22:00 12505.00 12505.00 12505.00 12505.00 462.00
20151218  00:23:00 12505.00 12505.00 12500.00 12505.00  60.00
20151218  00:24:00 12505.00 12505.00 12490.00 12495.00 730.00
20151218  00:25:00 12495.00 12500.00 12490.00 12495.00 542.00
20151218  00:26:00 12495.00 12500.00 12490.00 12495.00 454.00
20151218  00:27:00 12495.00 12500.00 12495.00 12500.00 182.00
20151218  00:28:00 12500.00 12500.00 12495.00 12495.00  90.00
20151218  00:29:00 12495.00 12500.00 12495.00 12500.00 460.00
20151218  00:30:00 12500.00 12505.00 12495.00 12505.00 356.00
20151218  00:31:00 12505.00 12505.00 12500.00 12500.00 274.00
20151218  00:32:00 12500.00 12500.00 12495.00 12500.00 108.00
20151218  00:33:00 12500.00 12500.00 12495.00 12500.00 124.00
20151218  00:34:00 12500.00 12500.00 12500.00 12500.00 188.00
20151218  00:35:00 12500.00 12515.00 12500.00 12515.00 926.00
20151218  00:36:00 12515.00 12515.00 12505.00 12510.00 380.00
20151218  00:37:00 12510.00 12510.00 12505.00 12505.00 572.00
20151218  00:38:00 12505.00 12510.00 12505.00 12510.00  76.00
20151218  00:39:00 12510.00 12510.00 12505.00 12510.00 284.00
20151218  00:40:00 12505.00 12510.00 12505.00 12505.00 190.00
20151218  00:41:00 12505.00 12505.00 12505.00 12505.00  52.00
20151218  00:42:00 12505.00 12510.00 12505.00 12505.00 158.00
20151218  00:43:00 12505.00 12510.00 12500.00 12505.00 462.00
20151218  00:44:00 12500.00 12510.00 12500.00 12510.00 604.00
20151218  00:45:00 12510.00 12515.00 12505.00 12515.00 480.00
20151218  00:46:00 12515.00 12525.00 12515.00 12520.00 596.00
20151218  00:47:00 12520.00 12525.00 12515.00 12520.00 524.00
20151218  00:48:00 12520.00 12520.00 12515.00 12520.00 336.00
20151218  00:49:00 12520.00 12525.00 12520.00 12520.00 454.00
20151218  00:50:00 12520.00 12525.00 12520.00 12525.00 482.00
20151218  00:51:00 12525.00 12525.00 12515.00 12520.00 564.00
20151218  00:52:00 12520.00 12520.00 12515.00 12520.00 150.00
20151218  00:53:00 12520.00 12520.00 12510.00 12515.00 480.00
20151218  00:54:00 12510.00 12515.00 12510.00 12510.00 390.00
20151218  00:55:00 12510.00 12515.00 12510.00 12510.00 340.00
20151218  00:56:00 12510.00 12515.00 12505.00 12505.00 1078.00
20151218  00:57:00 12505.00 12515.00 12500.00 12510.00 824.00
20151218  00:58:00 12510.00 12520.00 12510.00 12515.00 488.00
20151218  00:59:00 12515.00 12515.00 12500.00 12510.00 910.00
20151218  01:00:00 12505.00 12505.00 12505.00 12505.00  24.00
20151218  09:00:00 12510.00 12520.00 12500.00 12520.00 2112.00
20151218  09:01:00 12515.00 12530.00 12515.00 12525.00 1468.00
20151218  09:02:00 12525.00 12530.00 12515.00 12515.00 1366.00
20151218  09:03:00 12515.00 12520.00 12505.00 12515.00 922.00
20151218  09:04:00 12515.00 12520.00 12515.00 12515.00 346.00
20151218  09:05:00 12515.00 12520.00 12510.00 12520.00 588.00
20151218  09:06:00 12520.00 12525.00 12515.00 12520.00 866.00
20151218  09:07:00 12525.00 12530.00 12525.00 12530.00 1574.00
20151218  09:08:00 12530.00 12530.00 12520.00 12530.00 858.00
20151218  09:09:00 12530.00 12535.00 12525.00 12535.00 702.00
20151218  09:10:00 12535.00 12535.00 12530.00 12530.00 298.00
20151218  09:11:00 12530.00 12545.00 12530.00 12540.00 1952.00
20151218  09:12:00 12540.00 12545.00 12535.00 12545.00 1394.00
20151218  09:13:00 12545.00 12550.00 12540.00 12545.00 1502.00
20151218  09:14:00 12545.00 12555.00 12545.00 12555.00 1878.00
20151218  09:15:00 12555.00 12555.00 12540.00 12545.00 1182.00
20151218  09:16:00 12540.00 12545.00 12540.00 12540.00 488.00
20151218  09:17:00 12540.00 12545.00 12535.00 12540.00 946.00
20151218  09:18:00 12540.00 12550.00 12535.00 12535.00 1032.00
20151218  09:19:00 12540.00 12545.00 12535.00 12540.00 698.00
20151218  09:20:00 12540.00 12540.00 12535.00 12535.00 314.00
20151218  09:21:00 12535.00 12545.00 12535.00 12545.00 480.00
20151218  09:22:00 12545.00 12545.00 12535.00 12540.00 704.00
20151218  09:23:00 12540.00 12540.00 12530.00 12530.00 926.00
20151218  09:24:00 12530.00 12540.00 12530.00 12540.00 1076.00
20151218  09:25:00 12540.00 12540.00 12530.00 12530.00 360.00
20151218  09:26:00 12530.00 12535.00 12530.00 12535.00  62.00
20151218  09:27:00 12535.00 12540.00 12530.00 12535.00 1140.00
20151218  09:28:00 12535.00 12545.00 12535.00 12540.00 392.00
20151218  09:29:00 12540.00 12545.00 12540.00 12545.00 148.00
20151218  09:30:00 12545.00 12550.00 12545.00 12550.00 1298.00
20151218  09:31:00 12550.00 12550.00 12540.00 12540.00 532.00
20151218  09:32:00 12540.00 12540.00 12535.00 12540.00 252.00
20151218  09:33:00 12540.00 12545.00 12535.00 12540.00 592.00
20151218  09:34:00 12540.00 12545.00 12535.00 12540.00 796.00
20151218  09:35:00 12540.00 12545.00 12535.00 12535.00 568.00
20151218  09:36:00 12535.00 12540.00 12530.00 12540.00 1518.00
20151218  09:37:00 12540.00 12550.00 12540.00 12545.00 1490.00
20151218  09:38:00 12550.00 12550.00 12540.00 12545.00 240.00
20151218  09:39:00 12545.00 12560.00 12545.00 12560.00 2970.00
20151218  09:40:00 12560.00 12565.00 12555.00 12560.00 1982.00
20151218  09:41:00 12555.00 12560.00 12550.00 12555.00 1098.00
20151218  09:42:00 12550.00 12555.00 12545.00 12545.00 400.00
20151218  09:43:00 12545.00 12550.00 12545.00 12545.00 274.00
20151218  09:44:00 12545.00 12550.00 12545.00 12545.00 486.00
20151218  09:45:00 12545.00 12555.00 12545.00 12550.00 806.00
20151218  09:46:00 12555.00 12555.00 12550.00 12555.00 946.00
20151218  09:47:00 12555.00 12555.00 12550.00 12555.00 562.00
20151218  09:48:00 12555.00 12555.00 12550.00 12550.00 598.00
20151218  09:49:00 12550.00 12555.00 12550.00 12555.00 436.00
20151218  09:50:00 12555.00 12560.00 12550.00 12555.00 408.00
20151218  09:51:00 12555.00 12560.00 12555.00 12560.00 988.00
20151218  09:52:00 12560.00 12570.00 12555.00 12560.00 1810.00
20151218  09:53:00 12560.00 12565.00 12555.00 12560.00 908.00
20151218  09:54:00 12560.00 12560.00 12555.00 12555.00 298.00
20151218  09:55:00 12555.00 12560.00 12550.00 12550.00 504.00
20151218  09:56:00 12555.00 12560.00 12550.00 12560.00 1014.00
20151218  09:57:00 12560.00 12560.00 12555.00 12555.00 772.00
20151218  09:58:00 12555.00 12560.00 12550.00 12555.00 846.00
20151218  09:59:00 12555.00 12555.00 12550.00 12550.00 316.00
20151218  10:00:00 12550.00 12555.00 12550.00 12555.00 1222.00
20151218  10:01:00 12555.00 12560.00 12555.00 12555.00 524.00
20151218  10:02:00 12555.00 12560.00 12555.00 12555.00 116.00
20151218  10:03:00 12555.00 12560.00 12555.00 12555.00 162.00
20151218  10:04:00 12555.00 12560.00 12550.00 12555.00 472.00
20151218  10:05:00 12555.00 12555.00 12550.00 12555.00 518.00
20151218  10:06:00 12555.00 12560.00 12540.00 12545.00 2206.00
20151218  10:07:00 12545.00 12545.00 12535.00 12540.00 1278.00
20151218  10:08:00 12540.00 12540.00 12530.00 12535.00 1378.00
20151218  10:09:00 12530.00 12540.00 12530.00 12535.00 1154.00
20151218  10:10:00 12535.00 12535.00 12530.00 12530.00 112.00
20151218  10:11:00 12530.00 12535.00 12530.00 12530.00 522.00
20151218  10:12:00 12530.00 12535.00 12525.00 12530.00 580.00
20151218  10:13:00 12530.00 12535.00 12530.00 12535.00 344.00
20151218  10:14:00 12535.00 12540.00 12535.00 12535.00 228.00
20151218  10:30:00 12540.00 12550.00 12540.00 12545.00 1618.00
20151218  10:31:00 12540.00 12540.00 12530.00 12535.00 964.00
20151218  10:32:00 12535.00 12535.00 12525.00 12525.00 746.00
20151218  10:33:00 12525.00 12530.00 12520.00 12520.00 912.00
20151218  10:34:00 12520.00 12525.00 12520.00 12525.00 1360.00
20151218  10:35:00 12525.00 12530.00 12520.00 12525.00 1288.00
20151218  10:36:00 12525.00 12525.00 12510.00 12515.00 2528.00
20151218  10:37:00 12515.00 12515.00 12510.00 12515.00 892.00
20151218  10:38:00 12510.00 12520.00 12510.00 12515.00 682.00
20151218  10:39:00 12515.00 12520.00 12510.00 12520.00 1284.00
20151218  10:40:00 12515.00 12520.00 12515.00 12520.00 152.00
20151218  10:41:00 12520.00 12525.00 12510.00 12525.00 454.00
20151218  10:42:00 12525.00 12525.00 12520.00 12525.00 470.00
20151218  10:43:00 12525.00 12525.00 12515.00 12515.00 974.00
20151218  10:44:00 12515.00 12520.00 12510.00 12520.00 992.00
20151218  10:45:00 12520.00 12525.00 12515.00 12515.00 920.00
20151218  10:46:00 12515.00 12525.00 12515.00 12525.00 168.00
20151218  10:47:00 12525.00 12525.00 12520.00 12525.00 422.00
20151218  10:48:00 12525.00 12525.00 12520.00 12525.00 594.00
20151218  10:49:00 12525.00 12525.00 12510.00 12515.00 1460.00
20151218  10:50:00 12515.00 12515.00 12490.00 12495.00 4124.00
20151218  10:51:00 12500.00 12505.00 12495.00 12505.00 1056.00
20151218  10:52:00 12505.00 12510.00 12500.00 12510.00 644.00
20151218  10:53:00 12510.00 12515.00 12505.00 12515.00 1354.00
20151218  10:54:00 12515.00 12530.00 12510.00 12525.00 1078.00
20151218  10:55:00 12525.00 12535.00 12525.00 12530.00 1458.00
20151218  10:56:00 12530.00 12535.00 12525.00 12530.00 1110.00
20151218  10:57:00 12530.00 12560.00 12530.00 12550.00 3140.00
20151218  10:58:00 12555.00 12560.00 12550.00 12550.00 2102.00
20151218  10:59:00 12550.00 12560.00 12550.00 12555.00 1672.00
20151218  11:00:00 12555.00 12560.00 12545.00 12545.00 1442.00
20151218  11:01:00 12550.00 12550.00 12545.00 12550.00 1074.00
20151218  11:02:00 12550.00 12550.00 12545.00 12545.00 994.00
20151218  11:03:00 12545.00 12550.00 12545.00 12550.00 512.00
20151218  11:04:00 12545.00 12550.00 12535.00 12540.00 854.00
20151218  11:05:00 12540.00 12545.00 12540.00 12540.00 748.00
20151218  11:06:00 12540.00 12540.00 12535.00 12540.00 1140.00
20151218  11:07:00 12540.00 12540.00 12535.00 12535.00 124.00
20151218  11:08:00 12535.00 12540.00 12535.00 12540.00  38.00
20151218  11:09:00 12540.00 12540.00 12535.00 12535.00 542.00
20151218  11:10:00 12535.00 12540.00 12530.00 12535.00 276.00
20151218  11:11:00 12535.00 12540.00 12525.00 12530.00 2304.00
20151218  11:12:00 12530.00 12535.00 12520.00 12520.00 1492.00
20151218  11:13:00 12520.00 12525.00 12520.00 12525.00 838.00
20151218  11:14:00 12525.00 12525.00 12515.00 12520.00 722.00
20151218  11:15:00 12520.00 12525.00 12520.00 12525.00 364.00
20151218  11:16:00 12525.00 12525.00 12520.00 12520.00 354.00
20151218  11:17:00 12520.00 12525.00 12515.00 12520.00 644.00
20151218  11:18:00 12520.00 12525.00 12520.00 12520.00 300.00
20151218  11:19:00 12520.00 12530.00 12520.00 12530.00 670.00
20151218  11:20:00 12530.00 12530.00 12525.00 12525.00 556.00
20151218  11:21:00 12525.00 12530.00 12520.00 12525.00 526.00
20151218  11:22:00 12525.00 12530.00 12520.00 12530.00 616.00
20151218  11:23:00 12530.00 12540.00 12530.00 12535.00 686.00
20151218  11:24:00 12535.00 12535.00 12525.00 12525.00 574.00
20151218  11:25:00 12525.00 12525.00 12520.00 12525.00 340.00
20151218  11:26:00 12525.00 12525.00 12520.00 12525.00 388.00
20151218  11:27:00 12525.00 12530.00 12525.00 12530.00 332.00
20151218  11:28:00 12530.00 12530.00 12520.00 12525.00 824.00
20151218  11:29:00 12525.00 12525.00 12515.00 12520.00 1706.00
20151218  13:30:00 12530.00 12545.00 12530.00 12545.00 2980.00
20151218  13:31:00 12545.00 12545.00 12535.00 12540.00 928.00
20151218  13:32:00 12540.00 12555.00 12540.00 12545.00 1502.00
20151218  13:33:00 12545.00 12560.00 12545.00 12555.00 1754.00
20151218  13:34:00 12555.00 12565.00 12555.00 12565.00 3340.00
20151218  13:35:00 12565.00 12565.00 12555.00 12560.00 2846.00
20151218  13:36:00 12560.00 12585.00 12560.00 12575.00 4208.00
20151218  13:37:00 12580.00 12580.00 12565.00 12570.00 2654.00
20151218  13:38:00 12570.00 12575.00 12565.00 12565.00 1272.00
20151218  13:39:00 12570.00 12575.00 12565.00 12575.00 2016.00
20151218  13:40:00 12575.00 12590.00 12575.00 12585.00 3572.00
20151218  13:41:00 12585.00 12590.00 12580.00 12585.00 3190.00
20151218  13:42:00 12585.00 12595.00 12580.00 12585.00 1764.00
20151218  13:43:00 12580.00 12595.00 12580.00 12590.00 2600.00
20151218  13:44:00 12590.00 12595.00 12590.00 12595.00 1512.00
20151218  13:45:00 12590.00 12610.00 12590.00 12605.00 3284.00
20151218  13:46:00 12600.00 12620.00 12595.00 12620.00 5384.00
20151218  13:47:00 12615.00 12660.00 12615.00 12655.00 11242.00
20151218  13:48:00 12655.00 12670.00 12650.00 12660.00 7534.00
20151218  13:49:00 12660.00 12660.00 12645.00 12645.00 5918.00
20151218  13:50:00 12645.00 12655.00 12645.00 12645.00 3194.00
20151218  13:51:00 12645.00 12650.00 12645.00 12645.00 1648.00
20151218  13:52:00 12645.00 12650.00 12645.00 12645.00 424.00
20151218  13:53:00 12645.00 12650.00 12640.00 12645.00 2416.00
20151218  13:54:00 12645.00 12655.00 12635.00 12650.00 2842.00
20151218  13:55:00 12650.00 12670.00 12650.00 12665.00 4510.00
20151218  13:56:00 12665.00 12690.00 12665.00 12675.00 7036.00
20151218  13:57:00 12675.00 12675.00 12665.00 12675.00 2466.00
20151218  13:58:00 12675.00 12675.00 12660.00 12665.00 1452.00
20151218  13:59:00 12665.00 12670.00 12660.00 12660.00 2356.00
20151218  14:00:00 12660.00 12670.00 12660.00 12665.00 2904.00
20151218  14:01:00 12665.00 12675.00 12665.00 12670.00 1990.00
20151218  14:02:00 12670.00 12670.00 12660.00 12665.00 2002.00
20151218  14:03:00 12665.00 12670.00 12665.00 12670.00 1470.00
20151218  14:04:00 12670.00 12670.00 12660.00 12660.00 1082.00
20151218  14:05:00 12660.00 12665.00 12645.00 12660.00 2800.00
20151218  14:06:00 12665.00 12670.00 12655.00 12670.00 2736.00
20151218  14:07:00 12670.00 12680.00 12665.00 12675.00 2248.00
20151218  14:08:00 12675.00 12675.00 12660.00 12665.00 1670.00
20151218  14:09:00 12665.00 12670.00 12660.00 12665.00 686.00
20151218  14:10:00 12665.00 12670.00 12655.00 12660.00 2080.00
20151218  14:11:00 12655.00 12665.00 12655.00 12660.00 538.00
20151218  14:12:00 12660.00 12660.00 12650.00 12650.00 1110.00
20151218  14:13:00 12650.00 12650.00 12640.00 12640.00 2520.00
20151218  14:14:00 12645.00 12645.00 12635.00 12645.00 1932.00
20151218  14:15:00 12645.00 12655.00 12645.00 12655.00 1394.00
20151218  14:16:00 12655.00 12655.00 12650.00 12655.00 536.00
20151218  14:17:00 12650.00 12655.00 12640.00 12645.00 972.00
20151218  14:18:00 12650.00 12665.00 12650.00 12665.00 2456.00
20151218  14:19:00 12665.00 12665.00 12655.00 12655.00 1366.00
20151218  14:20:00 12655.00 12660.00 12655.00 12655.00 1424.00
20151218  14:21:00 12655.00 12660.00 12650.00 12660.00 524.00
20151218  14:22:00 12660.00 12660.00 12655.00 12660.00 958.00
20151218  14:23:00 12660.00 12665.00 12650.00 12650.00 1574.00
20151218  14:24:00 12650.00 12670.00 12650.00 12670.00 1946.00
20151218  14:25:00 12670.00 12675.00 12665.00 12675.00 1732.00
20151218  14:26:00 12675.00 12700.00 12670.00 12700.00 5808.00
20151218  14:27:00 12700.00 12700.00 12685.00 12685.00 3410.00
20151218  14:28:00 12690.00 12690.00 12670.00 12670.00 2372.00
20151218  14:29:00 12670.00 12680.00 12670.00 12675.00 1716.00
20151218  14:30:00 12675.00 12685.00 12675.00 12680.00 2634.00
20151218  14:31:00 12680.00 12695.00 12680.00 12680.00 1364.00
20151218  14:32:00 12680.00 12685.00 12675.00 12675.00 1002.00
20151218  14:33:00 12675.00 12685.00 12675.00 12680.00 918.00
20151218  14:34:00 12680.00 12685.00 12675.00 12675.00 1166.00
20151218  14:35:00 12670.00 12675.00 12660.00 12665.00 2470.00
20151218  14:36:00 12660.00 12665.00 12660.00 12660.00 1352.00
20151218  14:37:00 12660.00 12665.00 12650.00 12650.00 1876.00
20151218  14:38:00 12650.00 12660.00 12645.00 12655.00 2384.00
20151218  14:39:00 12655.00 12665.00 12655.00 12665.00 1292.00
20151218  14:40:00 12660.00 12660.00 12645.00 12650.00 1600.00
20151218  14:41:00 12645.00 12655.00 12645.00 12655.00 992.00
20151218  14:42:00 12655.00 12655.00 12650.00 12655.00 642.00
20151218  14:43:00 12650.00 12655.00 12645.00 12650.00 1216.00
20151218  14:44:00 12650.00 12665.00 12650.00 12660.00 1634.00
20151218  14:45:00 12660.00 12665.00 12655.00 12660.00 1252.00
20151218  14:46:00 12660.00 12665.00 12655.00 12655.00 630.00
20151218  14:47:00 12655.00 12670.00 12655.00 12670.00 1946.00
20151218  14:48:00 12670.00 12670.00 12665.00 12670.00 846.00
20151218  14:49:00 12670.00 12675.00 12665.00 12670.00 2018.00
20151218  14:50:00 12670.00 12675.00 12665.00 12665.00 1678.00
20151218  14:51:00 12665.00 12670.00 12655.00 12655.00 1106.00
20151218  14:52:00 12655.00 12660.00 12650.00 12660.00 1124.00
20151218  14:53:00 12660.00 12665.00 12655.00 12665.00 1284.00
20151218  14:54:00 12665.00 12665.00 12660.00 12665.00 1102.00
20151218  14:55:00 12665.00 12665.00 12650.00 12650.00 1176.00
20151218  14:56:00 12650.00 12655.00 12650.00 12655.00 1286.00
20151218  14:57:00 12650.00 12655.00 12650.00 12650.00 1652.00
20151218  14:58:00 12650.00 12655.00 12645.00 12650.00 2486.00
20151218  14:59:00 12650.00 12655.00 12640.00 12645.00 2922.00
20151218  15:00:00 12645.00 12645.00 12645.00 12645.00  12.00
