20150312  21:00:00 15700.00 15730.00 15700.00 15725.00 1078.00
20150312  21:01:00 15725.00 15740.00 15725.00 15740.00 780.00
20150312  21:02:00 15740.00 15740.00 15725.00 15730.00 464.00
20150312  21:03:00 15730.00 15730.00 15725.00 15730.00 708.00
20150312  21:04:00 15725.00 15730.00 15720.00 15720.00 436.00
20150312  21:05:00 15720.00 15720.00 15710.00 15710.00 1006.00
20150312  21:06:00 15710.00 15710.00 15700.00 15705.00 348.00
20150312  21:07:00 15705.00 15710.00 15700.00 15705.00 534.00
20150312  21:08:00 15705.00 15715.00 15705.00 15715.00 410.00
20150312  21:09:00 15715.00 15715.00 15705.00 15710.00 420.00
20150312  21:10:00 15710.00 15715.00 15705.00 15715.00 304.00
20150312  21:11:00 15715.00 15715.00 15710.00 15710.00 184.00
20150312  21:12:00 15710.00 15715.00 15710.00 15715.00 202.00
20150312  21:13:00 15715.00 15715.00 15715.00 15715.00 190.00
20150312  21:14:00 15715.00 15720.00 15710.00 15710.00 194.00
20150312  21:15:00 15710.00 15720.00 15710.00 15715.00 302.00
20150312  21:16:00 15720.00 15720.00 15710.00 15720.00 254.00
20150312  21:17:00 15720.00 15720.00 15715.00 15720.00 186.00
20150312  21:18:00 15720.00 15720.00 15715.00 15720.00 130.00
20150312  21:19:00 15720.00 15725.00 15720.00 15725.00 228.00
20150312  21:20:00 15725.00 15725.00 15715.00 15720.00 214.00
20150312  21:21:00 15715.00 15725.00 15715.00 15725.00 206.00
20150312  21:22:00 15725.00 15730.00 15720.00 15730.00 254.00
20150312  21:23:00 15730.00 15730.00 15725.00 15730.00 224.00
20150312  21:24:00 15730.00 15730.00 15725.00 15725.00 142.00
20150312  21:25:00 15725.00 15730.00 15725.00 15725.00  54.00
20150312  21:26:00 15725.00 15730.00 15725.00 15730.00  50.00
20150312  21:27:00 15730.00 15730.00 15725.00 15725.00  80.00
20150312  21:28:00 15725.00 15730.00 15720.00 15720.00 396.00
20150312  21:29:00 15720.00 15725.00 15720.00 15720.00 152.00
20150312  21:30:00 15720.00 15725.00 15720.00 15725.00 252.00
20150312  21:31:00 15725.00 15725.00 15720.00 15720.00  62.00
20150312  21:32:00 15720.00 15730.00 15720.00 15730.00 124.00
20150312  21:33:00 15730.00 15730.00 15725.00 15730.00 278.00
20150312  21:34:00 15725.00 15735.00 15725.00 15730.00 484.00
20150312  21:35:00 15730.00 15730.00 15725.00 15725.00 136.00
20150312  21:36:00 15730.00 15735.00 15730.00 15735.00 134.00
20150312  21:37:00 15735.00 15735.00 15730.00 15735.00 126.00
20150312  21:38:00 15735.00 15740.00 15735.00 15740.00 248.00
20150312  21:39:00 15735.00 15740.00 15735.00 15740.00 390.00
20150312  21:40:00 15740.00 15740.00 15740.00 15740.00  54.00
20150312  21:41:00 15740.00 15740.00 15735.00 15740.00  58.00
20150312  21:42:00 15740.00 15740.00 15730.00 15735.00 434.00
20150312  21:43:00 15735.00 15735.00 15730.00 15730.00 188.00
20150312  21:44:00 15730.00 15730.00 15725.00 15730.00 150.00
20150312  21:45:00 15725.00 15730.00 15715.00 15715.00 492.00
20150312  21:46:00 15715.00 15720.00 15710.00 15710.00 268.00
20150312  21:47:00 15710.00 15715.00 15710.00 15715.00  62.00
20150312  21:48:00 15715.00 15720.00 15715.00 15720.00 196.00
20150312  21:49:00 15720.00 15720.00 15710.00 15715.00 264.00
20150312  21:50:00 15715.00 15715.00 15710.00 15715.00 132.00
20150312  21:51:00 15715.00 15715.00 15710.00 15715.00 166.00
20150312  21:52:00 15715.00 15720.00 15710.00 15715.00 224.00
20150312  21:53:00 15715.00 15715.00 15715.00 15715.00   2.00
20150312  21:54:00 15715.00 15720.00 15715.00 15720.00  78.00
20150312  21:55:00 15715.00 15720.00 15715.00 15715.00  52.00
20150312  21:56:00 15715.00 15715.00 15715.00 15715.00  16.00
20150312  21:57:00 15715.00 15720.00 15715.00 15715.00 216.00
20150312  21:58:00 15715.00 15715.00 15715.00 15715.00  66.00
20150312  21:59:00 15715.00 15720.00 15715.00 15720.00  26.00
20150312  22:00:00 15715.00 15715.00 15710.00 15710.00 196.00
20150312  22:01:00 15710.00 15710.00 15705.00 15705.00 508.00
20150312  22:02:00 15705.00 15710.00 15705.00 15710.00   6.00
20150312  22:03:00 15710.00 15710.00 15705.00 15710.00 218.00
20150312  22:04:00 15710.00 15710.00 15705.00 15710.00 116.00
20150312  22:05:00 15710.00 15710.00 15705.00 15705.00 128.00
20150312  22:06:00 15705.00 15705.00 15700.00 15700.00 534.00
20150312  22:07:00 15700.00 15705.00 15685.00 15685.00 784.00
20150312  22:08:00 15685.00 15690.00 15675.00 15675.00 792.00
20150312  22:09:00 15675.00 15685.00 15675.00 15685.00 460.00
20150312  22:10:00 15685.00 15690.00 15670.00 15670.00 796.00
20150312  22:11:00 15670.00 15675.00 15665.00 15670.00 718.00
20150312  22:12:00 15670.00 15675.00 15670.00 15670.00  66.00
20150312  22:13:00 15675.00 15680.00 15670.00 15675.00 282.00
20150312  22:14:00 15675.00 15675.00 15660.00 15660.00 358.00
20150312  22:15:00 15660.00 15670.00 15660.00 15670.00 248.00
20150312  22:16:00 15670.00 15680.00 15665.00 15680.00 226.00
20150312  22:17:00 15675.00 15675.00 15665.00 15665.00 138.00
20150312  22:18:00 15665.00 15675.00 15665.00 15670.00 130.00
20150312  22:19:00 15670.00 15675.00 15670.00 15670.00  30.00
20150312  22:20:00 15670.00 15670.00 15665.00 15665.00 218.00
20150312  22:21:00 15665.00 15670.00 15665.00 15665.00 200.00
20150312  22:22:00 15665.00 15675.00 15665.00 15670.00 148.00
20150312  22:23:00 15670.00 15675.00 15670.00 15675.00  22.00
20150312  22:24:00 15675.00 15675.00 15665.00 15665.00 262.00
20150312  22:25:00 15670.00 15670.00 15655.00 15655.00 606.00
20150312  22:26:00 15660.00 15665.00 15655.00 15660.00 286.00
20150312  22:27:00 15660.00 15665.00 15655.00 15660.00 182.00
20150312  22:28:00 15660.00 15665.00 15655.00 15665.00 112.00
20150312  22:29:00 15665.00 15665.00 15660.00 15660.00  96.00
20150312  22:30:00 15660.00 15660.00 15650.00 15650.00 850.00
20150312  22:31:00 15650.00 15655.00 15645.00 15650.00 264.00
20150312  22:32:00 15650.00 15660.00 15650.00 15655.00 556.00
20150312  22:33:00 15655.00 15660.00 15650.00 15650.00 468.00
20150312  22:34:00 15650.00 15660.00 15650.00 15660.00 232.00
20150312  22:35:00 15660.00 15660.00 15655.00 15660.00  96.00
20150312  22:36:00 15660.00 15660.00 15655.00 15655.00  72.00
20150312  22:37:00 15660.00 15660.00 15655.00 15655.00 216.00
20150312  22:38:00 15655.00 15655.00 15650.00 15655.00  78.00
20150312  22:39:00 15655.00 15655.00 15645.00 15645.00 156.00
20150312  22:40:00 15650.00 15655.00 15640.00 15650.00 348.00
20150312  22:41:00 15645.00 15650.00 15635.00 15640.00 560.00
20150312  22:42:00 15640.00 15645.00 15635.00 15645.00 262.00
20150312  22:43:00 15645.00 15650.00 15645.00 15645.00 340.00
20150312  22:44:00 15645.00 15650.00 15640.00 15645.00  64.00
20150312  22:45:00 15645.00 15650.00 15645.00 15650.00 180.00
20150312  22:46:00 15650.00 15660.00 15650.00 15660.00 430.00
20150312  22:47:00 15660.00 15660.00 15655.00 15655.00  26.00
20150312  22:48:00 15655.00 15655.00 15645.00 15650.00 218.00
20150312  22:49:00 15650.00 15650.00 15645.00 15645.00 116.00
20150312  22:50:00 15645.00 15655.00 15640.00 15640.00 332.00
20150312  22:51:00 15640.00 15645.00 15640.00 15645.00 294.00
20150312  22:52:00 15645.00 15650.00 15645.00 15645.00  84.00
20150312  22:53:00 15645.00 15645.00 15645.00 15645.00 114.00
20150312  22:54:00 15645.00 15650.00 15645.00 15645.00 158.00
20150312  22:55:00 15645.00 15645.00 15640.00 15645.00 180.00
20150312  22:56:00 15645.00 15650.00 15645.00 15650.00 240.00
20150312  22:57:00 15650.00 15660.00 15650.00 15660.00 340.00
20150312  22:58:00 15660.00 15660.00 15655.00 15655.00 352.00
20150312  22:59:00 15655.00 15660.00 15650.00 15655.00 104.00
20150312  23:00:00 15655.00 15655.00 15650.00 15655.00  24.00
20150312  23:01:00 15655.00 15655.00 15650.00 15650.00 186.00
20150312  23:02:00 15650.00 15650.00 15645.00 15645.00  14.00
20150312  23:03:00 15650.00 15655.00 15650.00 15655.00 146.00
20150312  23:04:00 15655.00 15655.00 15650.00 15655.00  52.00
20150312  23:05:00 15655.00 15655.00 15650.00 15655.00  68.00
20150312  23:06:00 15655.00 15655.00 15655.00 15655.00  92.00
20150312  23:07:00 15655.00 15655.00 15655.00 15655.00  14.00
20150312  23:08:00 15655.00 15655.00 15655.00 15655.00  16.00
20150312  23:09:00 15655.00 15655.00 15650.00 15650.00  26.00
20150312  23:10:00 15650.00 15655.00 15650.00 15655.00  44.00
20150312  23:11:00 15650.00 15655.00 15650.00 15655.00  88.00
20150312  23:12:00 15655.00 15655.00 15650.00 15655.00 116.00
20150312  23:13:00 15655.00 15655.00 15650.00 15650.00 134.00
20150312  23:14:00 15655.00 15655.00 15650.00 15650.00  24.00
20150312  23:15:00 15650.00 15650.00 15650.00 15650.00   6.00
20150312  23:16:00 15650.00 15655.00 15650.00 15655.00   8.00
20150312  23:17:00 15655.00 15655.00 15650.00 15655.00 190.00
20150312  23:18:00 15655.00 15660.00 15655.00 15655.00  48.00
20150312  23:19:00 15655.00 15660.00 15655.00 15655.00  12.00
20150312  23:20:00 15655.00 15665.00 15655.00 15665.00 182.00
20150312  23:21:00 15665.00 15665.00 15660.00 15665.00  90.00
20150312  23:22:00 15665.00 15670.00 15665.00 15665.00 146.00
20150312  23:23:00 15670.00 15670.00 15670.00 15670.00  44.00
20150312  23:24:00 15670.00 15670.00 15665.00 15670.00 102.00
20150312  23:25:00 15670.00 15670.00 15665.00 15670.00 310.00
20150312  23:26:00 15670.00 15675.00 15670.00 15670.00  56.00
20150312  23:27:00 15670.00 15675.00 15670.00 15670.00  10.00
20150312  23:28:00 15670.00 15675.00 15670.00 15670.00 114.00
20150312  23:29:00 15670.00 15670.00 15670.00 15670.00   6.00
20150312  23:30:00 15675.00 15675.00 15675.00 15675.00  26.00
20150312  23:31:00 15675.00 15675.00 15670.00 15670.00 258.00
20150312  23:32:00 15670.00 15675.00 15670.00 15670.00  52.00
20150312  23:33:00 15670.00 15675.00 15670.00 15675.00  54.00
20150312  23:34:00 15675.00 15675.00 15675.00 15675.00  16.00
20150312  23:35:00 15670.00 15670.00 15670.00 15670.00 116.00
20150312  23:36:00 15670.00 15670.00 15670.00 15670.00   6.00
20150312  23:37:00 15670.00 15675.00 15670.00 15675.00  36.00
20150312  23:38:00 15675.00 15675.00 15670.00 15670.00  44.00
20150312  23:39:00 15665.00 15675.00 15665.00 15665.00  52.00
20150312  23:40:00 15665.00 15665.00 15660.00 15660.00  76.00
20150312  23:41:00 15660.00 15665.00 15660.00 15660.00  60.00
20150312  23:42:00 15660.00 15660.00 15650.00 15655.00 174.00
20150312  23:43:00 15655.00 15660.00 15655.00 15655.00 192.00
20150312  23:44:00 15655.00 15655.00 15655.00 15655.00  32.00
20150312  23:45:00 15655.00 15660.00 15655.00 15660.00  58.00
20150312  23:46:00 15660.00 15660.00 15660.00 15660.00   8.00
20150312  23:47:00 15660.00 15660.00 15660.00 15660.00   2.00
20150312  23:48:00 15660.00 15665.00 15660.00 15665.00  20.00
20150312  23:49:00 15665.00 15665.00 15655.00 15655.00  98.00
20150312  23:50:00 15655.00 15655.00 15655.00 15655.00  22.00
20150312  23:51:00 15655.00 15660.00 15655.00 15660.00   6.00
20150312  23:52:00 15660.00 15665.00 15655.00 15665.00  90.00
20150312  23:53:00 15660.00 15660.00 15660.00 15660.00  98.00
20150312  23:54:00 15660.00 15660.00 15660.00 15660.00   2.00
20150312  23:55:00 15660.00 15660.00 15655.00 15660.00  48.00
20150312  23:56:00 15660.00 15660.00 15655.00 15660.00  42.00
20150312  23:57:00 15660.00 15660.00 15655.00 15655.00  68.00
20150312  23:58:00 15655.00 15655.00 15655.00 15655.00   0.00
20150312  23:59:00 15655.00 15660.00 15655.00 15660.00   8.00
20150313  00:00:00 15660.00 15660.00 15660.00 15660.00   4.00
20150313  00:01:00 15660.00 15660.00 15655.00 15655.00   8.00
20150313  00:02:00 15655.00 15655.00 15655.00 15655.00   0.00
20150313  00:03:00 15655.00 15660.00 15655.00 15660.00  34.00
20150313  00:04:00 15660.00 15660.00 15660.00 15660.00   0.00
20150313  00:05:00 15660.00 15660.00 15660.00 15660.00   6.00
20150313  00:06:00 15660.00 15665.00 15660.00 15665.00  20.00
20150313  00:07:00 15665.00 15665.00 15660.00 15660.00  80.00
20150313  00:08:00 15660.00 15660.00 15660.00 15660.00  28.00
20150313  00:09:00 15660.00 15660.00 15660.00 15660.00   6.00
20150313  00:10:00 15660.00 15665.00 15660.00 15660.00  56.00
20150313  00:11:00 15660.00 15660.00 15660.00 15660.00  46.00
20150313  00:12:00 15660.00 15660.00 15660.00 15660.00  36.00
20150313  00:13:00 15660.00 15660.00 15660.00 15660.00   8.00
20150313  00:14:00 15660.00 15670.00 15660.00 15670.00 124.00
20150313  00:15:00 15670.00 15670.00 15670.00 15670.00  88.00
20150313  00:16:00 15670.00 15670.00 15665.00 15665.00  52.00
20150313  00:17:00 15665.00 15665.00 15665.00 15665.00   6.00
20150313  00:18:00 15665.00 15665.00 15665.00 15665.00   2.00
20150313  00:19:00 15665.00 15665.00 15660.00 15660.00   4.00
20150313  00:20:00 15660.00 15660.00 15660.00 15660.00  32.00
20150313  00:21:00 15660.00 15660.00 15660.00 15660.00  22.00
20150313  00:22:00 15660.00 15660.00 15660.00 15660.00   0.00
20150313  00:23:00 15660.00 15665.00 15660.00 15660.00  10.00
20150313  00:24:00 15660.00 15660.00 15660.00 15660.00  14.00
20150313  00:25:00 15660.00 15660.00 15660.00 15660.00   0.00
20150313  00:26:00 15660.00 15660.00 15660.00 15660.00   0.00
20150313  00:27:00 15660.00 15660.00 15660.00 15660.00   0.00
20150313  00:28:00 15660.00 15660.00 15660.00 15660.00   0.00
20150313  00:29:00 15660.00 15660.00 15655.00 15655.00  36.00
20150313  00:30:00 15655.00 15655.00 15655.00 15655.00  40.00
20150313  00:31:00 15660.00 15660.00 15650.00 15650.00 106.00
20150313  00:32:00 15650.00 15655.00 15650.00 15655.00  22.00
20150313  00:33:00 15655.00 15655.00 15650.00 15655.00  16.00
20150313  00:34:00 15655.00 15655.00 15650.00 15650.00 108.00
20150313  00:35:00 15650.00 15650.00 15640.00 15645.00 226.00
20150313  00:36:00 15645.00 15645.00 15645.00 15645.00  96.00
20150313  00:37:00 15645.00 15650.00 15645.00 15650.00   6.00
20150313  00:38:00 15650.00 15650.00 15650.00 15650.00   0.00
20150313  00:39:00 15650.00 15650.00 15650.00 15650.00  30.00
20150313  00:40:00 15650.00 15655.00 15650.00 15655.00   8.00
20150313  00:41:00 15655.00 15655.00 15655.00 15655.00   2.00
20150313  00:42:00 15655.00 15655.00 15655.00 15655.00   0.00
20150313  00:43:00 15650.00 15650.00 15650.00 15650.00  14.00
20150313  00:44:00 15650.00 15650.00 15650.00 15650.00   4.00
20150313  00:45:00 15650.00 15650.00 15645.00 15645.00   4.00
20150313  00:46:00 15645.00 15650.00 15645.00 15650.00   8.00
20150313  00:47:00 15650.00 15650.00 15650.00 15650.00   0.00
20150313  00:48:00 15650.00 15650.00 15645.00 15650.00  36.00
20150313  00:49:00 15650.00 15650.00 15645.00 15645.00   6.00
20150313  00:50:00 15645.00 15650.00 15645.00 15650.00  58.00
20150313  00:51:00 15655.00 15655.00 15650.00 15650.00  46.00
20150313  00:52:00 15650.00 15650.00 15645.00 15645.00  36.00
20150313  00:53:00 15645.00 15650.00 15645.00 15650.00  32.00
20150313  00:54:00 15650.00 15660.00 15650.00 15655.00  78.00
20150313  00:55:00 15655.00 15670.00 15650.00 15665.00 270.00
20150313  00:56:00 15660.00 15665.00 15660.00 15660.00  14.00
20150313  00:57:00 15660.00 15660.00 15660.00 15660.00   0.00
20150313  00:58:00 15660.00 15660.00 15655.00 15655.00 136.00
20150313  00:59:00 15655.00 15665.00 15650.00 15660.00 158.00
20150313  01:00:00 15665.00 15665.00 15665.00 15665.00   4.00
20150313  09:00:00 15670.00 15680.00 15665.00 15670.00 478.00
20150313  09:01:00 15670.00 15675.00 15660.00 15660.00 436.00
20150313  09:02:00 15660.00 15660.00 15650.00 15655.00 194.00
20150313  09:03:00 15660.00 15660.00 15640.00 15640.00 1006.00
20150313  09:04:00 15640.00 15660.00 15635.00 15650.00 1178.00
20150313  09:05:00 15650.00 15655.00 15650.00 15655.00 542.00
20150313  09:06:00 15655.00 15655.00 15640.00 15655.00 588.00
20150313  09:07:00 15655.00 15665.00 15655.00 15665.00 326.00
20150313  09:08:00 15665.00 15670.00 15660.00 15665.00 538.00
20150313  09:09:00 15665.00 15675.00 15665.00 15675.00 246.00
20150313  09:10:00 15675.00 15675.00 15665.00 15665.00 104.00
20150313  09:11:00 15665.00 15685.00 15665.00 15685.00 554.00
20150313  09:12:00 15685.00 15685.00 15675.00 15680.00 128.00
20150313  09:13:00 15680.00 15685.00 15675.00 15675.00 278.00
20150313  09:14:00 15675.00 15680.00 15670.00 15675.00 230.00
20150313  09:15:00 15675.00 15690.00 15675.00 15685.00 328.00
20150313  09:16:00 15685.00 15710.00 15685.00 15700.00 528.00
20150313  09:17:00 15705.00 15705.00 15695.00 15700.00 878.00
20150313  09:18:00 15700.00 15705.00 15695.00 15700.00 226.00
20150313  09:19:00 15700.00 15710.00 15700.00 15710.00 298.00
20150313  09:20:00 15710.00 15710.00 15705.00 15705.00 378.00
20150313  09:21:00 15705.00 15710.00 15700.00 15710.00 388.00
20150313  09:22:00 15710.00 15720.00 15710.00 15715.00 562.00
20150313  09:23:00 15715.00 15720.00 15710.00 15715.00 452.00
20150313  09:24:00 15715.00 15720.00 15710.00 15720.00 1576.00
20150313  09:25:00 15720.00 15725.00 15710.00 15715.00 710.00
20150313  09:26:00 15715.00 15720.00 15700.00 15710.00 600.00
20150313  09:27:00 15710.00 15710.00 15700.00 15705.00 248.00
20150313  09:28:00 15705.00 15710.00 15700.00 15705.00 174.00
20150313  09:29:00 15705.00 15710.00 15695.00 15695.00 340.00
20150313  09:30:00 15695.00 15700.00 15685.00 15690.00 496.00
20150313  09:31:00 15690.00 15705.00 15690.00 15705.00 344.00
20150313  09:32:00 15705.00 15705.00 15695.00 15700.00 120.00
20150313  09:33:00 15700.00 15700.00 15695.00 15700.00 126.00
20150313  09:34:00 15700.00 15700.00 15700.00 15700.00  96.00
20150313  09:35:00 15700.00 15700.00 15695.00 15700.00 108.00
20150313  09:36:00 15700.00 15710.00 15700.00 15705.00 346.00
20150313  09:37:00 15705.00 15715.00 15705.00 15710.00 288.00
20150313  09:38:00 15710.00 15710.00 15705.00 15710.00  74.00
20150313  09:39:00 15710.00 15710.00 15700.00 15700.00 246.00
20150313  09:40:00 15705.00 15710.00 15705.00 15705.00  36.00
20150313  09:41:00 15705.00 15705.00 15695.00 15695.00 614.00
20150313  09:42:00 15695.00 15695.00 15690.00 15690.00 242.00
20150313  09:43:00 15690.00 15690.00 15685.00 15690.00 378.00
20150313  09:44:00 15690.00 15690.00 15680.00 15690.00 522.00
20150313  09:45:00 15690.00 15705.00 15685.00 15700.00 612.00
20150313  09:46:00 15700.00 15700.00 15690.00 15700.00 440.00
20150313  09:47:00 15700.00 15705.00 15695.00 15705.00 408.00
20150313  09:48:00 15705.00 15710.00 15700.00 15705.00 336.00
20150313  09:49:00 15705.00 15715.00 15705.00 15715.00 458.00
20150313  09:50:00 15720.00 15720.00 15705.00 15705.00 400.00
20150313  09:51:00 15705.00 15705.00 15695.00 15705.00 184.00
20150313  09:52:00 15705.00 15705.00 15700.00 15700.00 202.00
20150313  09:53:00 15700.00 15705.00 15695.00 15695.00 256.00
20150313  09:54:00 15695.00 15695.00 15695.00 15695.00  16.00
20150313  09:55:00 15695.00 15695.00 15685.00 15685.00 350.00
20150313  09:56:00 15685.00 15695.00 15680.00 15690.00 650.00
20150313  09:57:00 15690.00 15695.00 15690.00 15690.00  96.00
20150313  09:58:00 15690.00 15695.00 15690.00 15695.00  70.00
20150313  09:59:00 15695.00 15705.00 15695.00 15700.00 274.00
20150313  10:00:00 15700.00 15715.00 15700.00 15715.00 486.00
20150313  10:01:00 15710.00 15710.00 15705.00 15705.00 322.00
20150313  10:02:00 15705.00 15705.00 15700.00 15700.00 198.00
20150313  10:03:00 15700.00 15705.00 15695.00 15705.00  36.00
20150313  10:04:00 15705.00 15705.00 15700.00 15700.00 106.00
20150313  10:05:00 15700.00 15700.00 15695.00 15695.00 168.00
20150313  10:06:00 15695.00 15700.00 15695.00 15700.00 254.00
20150313  10:07:00 15705.00 15705.00 15695.00 15700.00 354.00
20150313  10:08:00 15700.00 15700.00 15690.00 15695.00 172.00
20150313  10:09:00 15695.00 15700.00 15690.00 15695.00 140.00
20150313  10:10:00 15695.00 15695.00 15690.00 15695.00  76.00
20150313  10:11:00 15695.00 15695.00 15690.00 15695.00 216.00
20150313  10:12:00 15695.00 15700.00 15690.00 15690.00 448.00
20150313  10:13:00 15690.00 15695.00 15690.00 15690.00 234.00
20150313  10:14:00 15690.00 15695.00 15685.00 15690.00 210.00
20150313  10:30:00 15695.00 15705.00 15695.00 15705.00 462.00
20150313  10:31:00 15705.00 15715.00 15700.00 15710.00 362.00
20150313  10:32:00 15710.00 15710.00 15705.00 15705.00 192.00
20150313  10:33:00 15705.00 15705.00 15700.00 15700.00 278.00
20150313  10:34:00 15700.00 15705.00 15700.00 15700.00 260.00
20150313  10:35:00 15695.00 15700.00 15695.00 15695.00 464.00
20150313  10:36:00 15695.00 15695.00 15690.00 15690.00 126.00
20150313  10:37:00 15690.00 15690.00 15690.00 15690.00 396.00
20150313  10:38:00 15690.00 15690.00 15690.00 15690.00  60.00
20150313  10:39:00 15690.00 15690.00 15685.00 15685.00 190.00
20150313  10:40:00 15685.00 15685.00 15680.00 15680.00 488.00
20150313  10:41:00 15685.00 15685.00 15675.00 15675.00 752.00
20150313  10:42:00 15670.00 15675.00 15670.00 15670.00 316.00
20150313  10:43:00 15670.00 15675.00 15670.00 15670.00 204.00
20150313  10:44:00 15670.00 15680.00 15670.00 15680.00 126.00
20150313  10:45:00 15675.00 15685.00 15675.00 15675.00 350.00
20150313  10:46:00 15675.00 15680.00 15675.00 15680.00 148.00
20150313  10:47:00 15680.00 15685.00 15675.00 15685.00 228.00
20150313  10:48:00 15685.00 15690.00 15685.00 15685.00 272.00
20150313  10:49:00 15685.00 15690.00 15680.00 15680.00 134.00
20150313  10:50:00 15680.00 15685.00 15680.00 15685.00  38.00
20150313  10:51:00 15685.00 15685.00 15680.00 15680.00  12.00
20150313  10:52:00 15680.00 15685.00 15680.00 15685.00  94.00
20150313  10:53:00 15685.00 15685.00 15675.00 15675.00 278.00
20150313  10:54:00 15675.00 15680.00 15675.00 15675.00  50.00
20150313  10:55:00 15675.00 15680.00 15675.00 15675.00  62.00
20150313  10:56:00 15675.00 15685.00 15675.00 15685.00 240.00
20150313  10:57:00 15685.00 15685.00 15680.00 15680.00  90.00
20150313  10:58:00 15680.00 15685.00 15680.00 15685.00   4.00
20150313  10:59:00 15685.00 15695.00 15680.00 15690.00 328.00
20150313  11:00:00 15690.00 15690.00 15685.00 15685.00  26.00
20150313  11:01:00 15685.00 15690.00 15685.00 15685.00 114.00
20150313  11:02:00 15685.00 15690.00 15680.00 15685.00 268.00
20150313  11:03:00 15685.00 15685.00 15685.00 15685.00  86.00
20150313  11:04:00 15685.00 15685.00 15685.00 15685.00  70.00
20150313  11:05:00 15685.00 15685.00 15685.00 15685.00  50.00
20150313  11:06:00 15685.00 15695.00 15685.00 15695.00 140.00
20150313  11:07:00 15695.00 15695.00 15685.00 15685.00 194.00
20150313  11:08:00 15685.00 15695.00 15685.00 15695.00  78.00
20150313  11:09:00 15695.00 15695.00 15690.00 15690.00 132.00
20150313  11:10:00 15690.00 15690.00 15690.00 15690.00 126.00
20150313  11:11:00 15695.00 15700.00 15690.00 15695.00 174.00
20150313  11:12:00 15695.00 15710.00 15695.00 15710.00 384.00
20150313  11:13:00 15710.00 15710.00 15700.00 15700.00 268.00
20150313  11:14:00 15700.00 15715.00 15700.00 15715.00 464.00
20150313  11:15:00 15710.00 15720.00 15705.00 15720.00 418.00
20150313  11:16:00 15715.00 15720.00 15710.00 15715.00 222.00
20150313  11:17:00 15715.00 15715.00 15705.00 15705.00 118.00
20150313  11:18:00 15715.00 15720.00 15705.00 15715.00 248.00
20150313  11:19:00 15715.00 15715.00 15710.00 15715.00 166.00
20150313  11:20:00 15715.00 15720.00 15710.00 15710.00 158.00
20150313  11:21:00 15710.00 15715.00 15705.00 15710.00 450.00
20150313  11:22:00 15710.00 15710.00 15700.00 15705.00 146.00
20150313  11:23:00 15705.00 15705.00 15700.00 15700.00 126.00
20150313  11:24:00 15700.00 15710.00 15700.00 15705.00 236.00
20150313  11:25:00 15705.00 15710.00 15705.00 15710.00 198.00
20150313  11:26:00 15710.00 15710.00 15700.00 15700.00 130.00
20150313  11:27:00 15705.00 15710.00 15700.00 15700.00  64.00
20150313  11:28:00 15700.00 15700.00 15700.00 15700.00   4.00
20150313  11:29:00 15700.00 15710.00 15700.00 15705.00 248.00
20150313  13:30:00 15710.00 15715.00 15700.00 15710.00 724.00
20150313  13:31:00 15710.00 15720.00 15705.00 15720.00 590.00
20150313  13:32:00 15720.00 15730.00 15715.00 15725.00 1090.00
20150313  13:33:00 15725.00 15725.00 15715.00 15720.00 256.00
20150313  13:34:00 15720.00 15720.00 15715.00 15720.00 198.00
20150313  13:35:00 15720.00 15720.00 15715.00 15720.00 270.00
20150313  13:36:00 15720.00 15725.00 15720.00 15725.00 186.00
20150313  13:37:00 15725.00 15740.00 15725.00 15730.00 1020.00
20150313  13:38:00 15730.00 15745.00 15730.00 15740.00 1160.00
20150313  13:39:00 15740.00 15750.00 15740.00 15745.00 912.00
20150313  13:40:00 15745.00 15750.00 15740.00 15745.00 306.00
20150313  13:41:00 15745.00 15750.00 15735.00 15740.00 598.00
20150313  13:42:00 15740.00 15740.00 15730.00 15735.00 372.00
20150313  13:43:00 15735.00 15735.00 15720.00 15725.00 672.00
20150313  13:44:00 15725.00 15730.00 15720.00 15730.00 206.00
20150313  13:45:00 15730.00 15740.00 15730.00 15740.00 804.00
20150313  13:46:00 15740.00 15740.00 15725.00 15725.00 484.00
20150313  13:47:00 15730.00 15730.00 15725.00 15725.00 268.00
20150313  13:48:00 15725.00 15725.00 15720.00 15725.00 128.00
20150313  13:49:00 15725.00 15725.00 15715.00 15715.00 878.00
20150313  13:50:00 15710.00 15715.00 15705.00 15715.00 744.00
20150313  13:51:00 15715.00 15720.00 15710.00 15710.00  66.00
20150313  13:52:00 15710.00 15715.00 15710.00 15715.00  66.00
20150313  13:53:00 15710.00 15710.00 15700.00 15710.00 998.00
20150313  13:54:00 15705.00 15710.00 15705.00 15705.00 452.00
20150313  13:55:00 15705.00 15715.00 15700.00 15710.00 380.00
20150313  13:56:00 15710.00 15710.00 15705.00 15710.00 216.00
20150313  13:57:00 15710.00 15720.00 15705.00 15710.00 368.00
20150313  13:58:00 15710.00 15725.00 15710.00 15725.00 174.00
20150313  13:59:00 15725.00 15725.00 15715.00 15715.00 156.00
20150313  14:00:00 15715.00 15720.00 15710.00 15720.00 118.00
20150313  14:01:00 15720.00 15720.00 15715.00 15720.00 304.00
20150313  14:02:00 15720.00 15720.00 15715.00 15715.00  62.00
20150313  14:03:00 15715.00 15715.00 15715.00 15715.00 144.00
20150313  14:04:00 15715.00 15715.00 15715.00 15715.00  90.00
20150313  14:05:00 15715.00 15720.00 15715.00 15715.00 114.00
20150313  14:06:00 15715.00 15720.00 15715.00 15715.00 168.00
20150313  14:07:00 15715.00 15715.00 15715.00 15715.00 166.00
20150313  14:08:00 15715.00 15715.00 15715.00 15715.00  38.00
20150313  14:09:00 15715.00 15715.00 15710.00 15710.00  14.00
20150313  14:10:00 15710.00 15710.00 15705.00 15705.00 430.00
20150313  14:11:00 15705.00 15715.00 15705.00 15715.00 118.00
20150313  14:12:00 15715.00 15715.00 15700.00 15700.00 412.00
20150313  14:13:00 15700.00 15705.00 15700.00 15700.00 616.00
20150313  14:14:00 15700.00 15705.00 15700.00 15705.00 210.00
20150313  14:15:00 15705.00 15710.00 15705.00 15705.00 122.00
20150313  14:16:00 15705.00 15705.00 15700.00 15705.00  66.00
20150313  14:17:00 15705.00 15705.00 15695.00 15700.00 336.00
20150313  14:18:00 15700.00 15700.00 15695.00 15700.00  72.00
20150313  14:19:00 15700.00 15705.00 15700.00 15705.00 400.00
20150313  14:20:00 15705.00 15705.00 15700.00 15700.00  72.00
20150313  14:21:00 15700.00 15705.00 15695.00 15700.00 240.00
20150313  14:22:00 15700.00 15710.00 15700.00 15705.00 256.00
20150313  14:23:00 15705.00 15715.00 15705.00 15715.00 256.00
20150313  14:24:00 15715.00 15715.00 15705.00 15710.00 120.00
20150313  14:25:00 15710.00 15715.00 15705.00 15710.00 210.00
20150313  14:26:00 15710.00 15710.00 15710.00 15710.00 236.00
20150313  14:27:00 15710.00 15725.00 15710.00 15725.00 558.00
20150313  14:28:00 15725.00 15725.00 15720.00 15720.00 164.00
20150313  14:29:00 15720.00 15725.00 15715.00 15720.00 522.00
20150313  14:30:00 15720.00 15725.00 15720.00 15725.00 240.00
20150313  14:31:00 15725.00 15725.00 15720.00 15720.00 106.00
20150313  14:32:00 15725.00 15725.00 15720.00 15725.00 128.00
20150313  14:33:00 15725.00 15735.00 15725.00 15730.00 444.00
20150313  14:34:00 15730.00 15735.00 15730.00 15730.00  34.00
20150313  14:35:00 15730.00 15735.00 15725.00 15735.00 412.00
20150313  14:36:00 15735.00 15735.00 15725.00 15730.00 456.00
20150313  14:37:00 15730.00 15735.00 15725.00 15730.00 364.00
20150313  14:38:00 15730.00 15735.00 15730.00 15730.00 300.00
20150313  14:39:00 15730.00 15735.00 15730.00 15730.00 192.00
20150313  14:40:00 15735.00 15735.00 15730.00 15730.00  90.00
20150313  14:41:00 15730.00 15730.00 15730.00 15730.00  30.00
20150313  14:42:00 15730.00 15740.00 15730.00 15735.00 446.00
20150313  14:43:00 15735.00 15735.00 15730.00 15735.00 210.00
20150313  14:44:00 15730.00 15735.00 15730.00 15730.00 820.00
20150313  14:45:00 15730.00 15735.00 15730.00 15735.00 200.00
20150313  14:46:00 15740.00 15740.00 15735.00 15735.00 196.00
20150313  14:47:00 15735.00 15735.00 15730.00 15730.00  48.00
20150313  14:48:00 15730.00 15735.00 15730.00 15730.00 158.00
20150313  14:49:00 15735.00 15735.00 15730.00 15730.00 646.00
20150313  14:50:00 15730.00 15735.00 15730.00 15730.00 184.00
20150313  14:51:00 15730.00 15735.00 15730.00 15735.00  72.00
20150313  14:52:00 15735.00 15735.00 15730.00 15735.00 112.00
20150313  14:53:00 15735.00 15735.00 15730.00 15735.00 112.00
20150313  14:54:00 15735.00 15735.00 15730.00 15730.00 102.00
20150313  14:55:00 15730.00 15735.00 15730.00 15730.00 182.00
20150313  14:56:00 15730.00 15735.00 15730.00 15730.00 212.00
20150313  14:57:00 15730.00 15740.00 15730.00 15740.00 644.00
20150313  14:58:00 15740.00 15740.00 15730.00 15735.00 588.00
20150313  14:59:00 15735.00 15735.00 15730.00 15730.00 784.00
20150313  15:00:00 15730.00 15730.00 15730.00 15730.00   0.00
