20160309  21:00:00 14180.00 14210.00 14175.00 14185.00 7428.00
20160309  21:01:00 14185.00 14205.00 14175.00 14200.00 3602.00
20160309  21:02:00 14200.00 14235.00 14195.00 14225.00 5526.00
20160309  21:03:00 14230.00 14230.00 14210.00 14215.00 2344.00
20160309  21:04:00 14210.00 14220.00 14205.00 14205.00 1602.00
20160309  21:05:00 14205.00 14210.00 14195.00 14195.00 1318.00
20160309  21:06:00 14195.00 14200.00 14150.00 14150.00 5080.00
20160309  21:07:00 14155.00 14165.00 14155.00 14165.00 3032.00
20160309  21:08:00 14165.00 14185.00 14165.00 14185.00 2178.00
20160309  21:09:00 14185.00 14195.00 14180.00 14195.00 2740.00
20160309  21:10:00 14195.00 14230.00 14190.00 14230.00 3666.00
20160309  21:11:00 14230.00 14250.00 14215.00 14240.00 3924.00
20160309  21:12:00 14240.00 14260.00 14235.00 14255.00 4930.00
20160309  21:13:00 14255.00 14295.00 14255.00 14280.00 5250.00
20160309  21:14:00 14275.00 14280.00 14240.00 14245.00 2774.00
20160309  21:15:00 14240.00 14265.00 14240.00 14260.00 3962.00
20160309  21:16:00 14260.00 14260.00 14240.00 14245.00 2418.00
20160309  21:17:00 14245.00 14255.00 14220.00 14220.00 3518.00
20160309  21:18:00 14220.00 14250.00 14215.00 14245.00 2752.00
20160309  21:19:00 14245.00 14250.00 14220.00 14225.00 2216.00
20160309  21:20:00 14220.00 14225.00 14185.00 14210.00 4356.00
20160309  21:21:00 14210.00 14210.00 14190.00 14205.00 3132.00
20160309  21:22:00 14210.00 14210.00 14190.00 14190.00 1692.00
20160309  21:23:00 14190.00 14195.00 14175.00 14185.00 2834.00
20160309  21:24:00 14180.00 14210.00 14180.00 14205.00 1766.00
20160309  21:25:00 14210.00 14210.00 14165.00 14200.00 4430.00
20160309  21:26:00 14200.00 14200.00 14165.00 14165.00 4296.00
20160309  21:27:00 14165.00 14165.00 14145.00 14150.00 4862.00
20160309  21:28:00 14150.00 14170.00 14145.00 14145.00 1906.00
20160309  21:29:00 14145.00 14155.00 14120.00 14155.00 4260.00
20160309  21:30:00 14150.00 14170.00 14150.00 14150.00 1762.00
20160309  21:31:00 14150.00 14170.00 14150.00 14170.00 726.00
20160309  21:32:00 14170.00 14175.00 14150.00 14150.00 1588.00
20160309  21:33:00 14150.00 14160.00 14135.00 14155.00 2760.00
20160309  21:34:00 14150.00 14150.00 14130.00 14135.00 2244.00
20160309  21:35:00 14135.00 14150.00 14135.00 14135.00 950.00
20160309  21:36:00 14135.00 14135.00 14105.00 14105.00 2740.00
20160309  21:37:00 14110.00 14110.00 14085.00 14105.00 3668.00
20160309  21:38:00 14105.00 14120.00 14085.00 14110.00 2378.00
20160309  21:39:00 14105.00 14110.00 14085.00 14095.00 1660.00
20160309  21:40:00 14095.00 14115.00 14090.00 14110.00 1908.00
20160309  21:41:00 14110.00 14130.00 14105.00 14120.00 2450.00
20160309  21:42:00 14120.00 14125.00 14110.00 14120.00 1082.00
20160309  21:43:00 14120.00 14120.00 14095.00 14095.00 1602.00
20160309  21:44:00 14100.00 14120.00 14095.00 14100.00 1188.00
20160309  21:45:00 14100.00 14115.00 14095.00 14110.00 1214.00
20160309  21:46:00 14110.00 14130.00 14110.00 14125.00 1624.00
20160309  21:47:00 14125.00 14130.00 14110.00 14120.00 1158.00
20160309  21:48:00 14120.00 14125.00 14115.00 14125.00 918.00
20160309  21:49:00 14125.00 14140.00 14120.00 14135.00 1462.00
20160309  21:50:00 14135.00 14140.00 14130.00 14140.00 1398.00
20160309  21:51:00 14140.00 14140.00 14125.00 14135.00 904.00
20160309  21:52:00 14135.00 14135.00 14125.00 14130.00 438.00
20160309  21:53:00 14130.00 14130.00 14110.00 14120.00 1256.00
20160309  21:54:00 14120.00 14125.00 14095.00 14115.00 1796.00
20160309  21:55:00 14115.00 14125.00 14110.00 14115.00 1556.00
20160309  21:56:00 14115.00 14145.00 14115.00 14140.00 2162.00
20160309  21:57:00 14140.00 14160.00 14135.00 14145.00 3412.00
20160309  21:58:00 14145.00 14145.00 14130.00 14130.00 554.00
20160309  21:59:00 14130.00 14155.00 14125.00 14135.00 1394.00
20160309  22:00:00 14135.00 14145.00 14130.00 14130.00 1398.00
20160309  22:01:00 14130.00 14130.00 14110.00 14110.00 2148.00
20160309  22:02:00 14110.00 14125.00 14105.00 14120.00 1720.00
20160309  22:03:00 14120.00 14125.00 14115.00 14120.00 574.00
20160309  22:04:00 14120.00 14130.00 14120.00 14130.00 636.00
20160309  22:05:00 14130.00 14140.00 14125.00 14140.00 842.00
20160309  22:06:00 14140.00 14140.00 14120.00 14135.00 928.00
20160309  22:07:00 14135.00 14140.00 14130.00 14140.00 406.00
20160309  22:08:00 14135.00 14140.00 14130.00 14130.00 708.00
20160309  22:09:00 14125.00 14130.00 14120.00 14125.00 848.00
20160309  22:10:00 14125.00 14135.00 14125.00 14135.00 488.00
20160309  22:11:00 14135.00 14145.00 14135.00 14145.00 362.00
20160309  22:12:00 14145.00 14150.00 14135.00 14145.00 1106.00
20160309  22:13:00 14145.00 14145.00 14130.00 14140.00 754.00
20160309  22:14:00 14140.00 14140.00 14125.00 14125.00 728.00
20160309  22:15:00 14125.00 14130.00 14120.00 14125.00 704.00
20160309  22:16:00 14125.00 14130.00 14115.00 14125.00 602.00
20160309  22:17:00 14120.00 14130.00 14120.00 14130.00 488.00
20160309  22:18:00 14130.00 14150.00 14130.00 14150.00 1056.00
20160309  22:19:00 14150.00 14150.00 14125.00 14145.00 1772.00
20160309  22:20:00 14150.00 14150.00 14130.00 14135.00 1134.00
20160309  22:21:00 14130.00 14150.00 14125.00 14140.00 754.00
20160309  22:22:00 14140.00 14145.00 14130.00 14135.00 964.00
20160309  22:23:00 14135.00 14135.00 14125.00 14125.00 706.00
20160309  22:24:00 14130.00 14130.00 14110.00 14115.00 1430.00
20160309  22:25:00 14115.00 14115.00 14100.00 14100.00 1592.00
20160309  22:26:00 14100.00 14120.00 14100.00 14110.00 1714.00
20160309  22:27:00 14110.00 14120.00 14105.00 14110.00 1018.00
20160309  22:28:00 14110.00 14135.00 14110.00 14130.00 2340.00
20160309  22:29:00 14130.00 14130.00 14110.00 14110.00 990.00
20160309  22:30:00 14110.00 14125.00 14110.00 14120.00 1108.00
20160309  22:31:00 14125.00 14130.00 14125.00 14125.00 312.00
20160309  22:32:00 14125.00 14130.00 14115.00 14130.00 1422.00
20160309  22:33:00 14130.00 14130.00 14115.00 14120.00 944.00
20160309  22:34:00 14120.00 14125.00 14110.00 14120.00 1064.00
20160309  22:35:00 14120.00 14140.00 14120.00 14125.00 1142.00
20160309  22:36:00 14125.00 14130.00 14120.00 14120.00 924.00
20160309  22:37:00 14125.00 14130.00 14120.00 14120.00 492.00
20160309  22:38:00 14120.00 14130.00 14120.00 14120.00 542.00
20160309  22:39:00 14120.00 14130.00 14120.00 14130.00 154.00
20160309  22:40:00 14130.00 14140.00 14120.00 14125.00 932.00
20160309  22:41:00 14125.00 14125.00 14115.00 14120.00 706.00
20160309  22:42:00 14125.00 14125.00 14115.00 14120.00 448.00
20160309  22:43:00 14120.00 14120.00 14110.00 14120.00 826.00
20160309  22:44:00 14120.00 14125.00 14105.00 14110.00 592.00
20160309  22:45:00 14110.00 14125.00 14105.00 14120.00 1132.00
20160309  22:46:00 14120.00 14130.00 14115.00 14125.00 828.00
20160309  22:47:00 14125.00 14125.00 14105.00 14115.00 848.00
20160309  22:48:00 14110.00 14115.00 14095.00 14100.00 1314.00
20160309  22:49:00 14100.00 14120.00 14100.00 14110.00 762.00
20160309  22:50:00 14110.00 14130.00 14110.00 14125.00 944.00
20160309  22:51:00 14125.00 14135.00 14125.00 14125.00 822.00
20160309  22:52:00 14125.00 14135.00 14120.00 14130.00 788.00
20160309  22:53:00 14130.00 14130.00 14120.00 14130.00 916.00
20160309  22:54:00 14130.00 14145.00 14130.00 14135.00 930.00
20160309  22:55:00 14135.00 14140.00 14135.00 14140.00 496.00
20160309  22:56:00 14140.00 14155.00 14135.00 14145.00 1788.00
20160309  22:57:00 14150.00 14160.00 14145.00 14150.00 1314.00
20160309  22:58:00 14150.00 14180.00 14150.00 14180.00 2334.00
20160309  22:59:00 14180.00 14190.00 14170.00 14175.00 3160.00
20160309  23:00:00 14175.00 14210.00 14175.00 14210.00 4722.00
20160309  23:01:00 14210.00 14220.00 14200.00 14215.00 3640.00
20160309  23:02:00 14220.00 14225.00 14205.00 14215.00 2954.00
20160309  23:03:00 14215.00 14215.00 14205.00 14210.00 1284.00
20160309  23:04:00 14210.00 14220.00 14205.00 14205.00 1496.00
20160309  23:05:00 14205.00 14225.00 14205.00 14220.00 1452.00
20160309  23:06:00 14220.00 14230.00 14215.00 14225.00 2934.00
20160309  23:07:00 14225.00 14225.00 14205.00 14210.00 2384.00
20160309  23:08:00 14210.00 14220.00 14190.00 14210.00 2530.00
20160309  23:09:00 14210.00 14225.00 14210.00 14215.00 1382.00
20160309  23:10:00 14215.00 14220.00 14205.00 14210.00 692.00
20160309  23:11:00 14205.00 14220.00 14205.00 14210.00 878.00
20160309  23:12:00 14215.00 14235.00 14210.00 14230.00 2482.00
20160309  23:13:00 14235.00 14240.00 14230.00 14235.00 1672.00
20160309  23:14:00 14235.00 14245.00 14230.00 14245.00 2398.00
20160309  23:15:00 14245.00 14250.00 14220.00 14220.00 2366.00
20160309  23:16:00 14225.00 14225.00 14215.00 14220.00 888.00
20160309  23:17:00 14220.00 14220.00 14215.00 14220.00 1084.00
20160309  23:18:00 14220.00 14230.00 14210.00 14225.00 1030.00
20160309  23:19:00 14225.00 14225.00 14205.00 14205.00 1336.00
20160309  23:20:00 14205.00 14235.00 14205.00 14220.00 1910.00
20160309  23:21:00 14220.00 14230.00 14215.00 14215.00 1010.00
20160309  23:22:00 14215.00 14225.00 14215.00 14220.00 578.00
20160309  23:23:00 14220.00 14230.00 14220.00 14230.00 916.00
20160309  23:24:00 14230.00 14230.00 14205.00 14220.00 1244.00
20160309  23:25:00 14215.00 14220.00 14215.00 14215.00 436.00
20160309  23:26:00 14215.00 14215.00 14190.00 14205.00 2436.00
20160309  23:27:00 14200.00 14215.00 14200.00 14210.00 674.00
20160309  23:28:00 14210.00 14215.00 14195.00 14210.00 1372.00
20160309  23:29:00 14215.00 14220.00 14210.00 14215.00 1034.00
20160309  23:30:00 14210.00 14220.00 14200.00 14205.00 1760.00
20160309  23:31:00 14205.00 14220.00 14205.00 14220.00 1068.00
20160309  23:32:00 14215.00 14230.00 14215.00 14230.00 1886.00
20160309  23:33:00 14230.00 14245.00 14230.00 14245.00 2104.00
20160309  23:34:00 14245.00 14250.00 14240.00 14240.00 2516.00
20160309  23:35:00 14240.00 14255.00 14235.00 14250.00 2446.00
20160309  23:36:00 14255.00 14255.00 14235.00 14240.00 1216.00
20160309  23:37:00 14240.00 14250.00 14240.00 14240.00 1016.00
20160309  23:38:00 14245.00 14255.00 14245.00 14250.00 1502.00
20160309  23:39:00 14245.00 14255.00 14240.00 14245.00 1172.00
20160309  23:40:00 14245.00 14260.00 14245.00 14250.00 1384.00
20160309  23:41:00 14250.00 14250.00 14235.00 14245.00 1530.00
20160309  23:42:00 14245.00 14250.00 14240.00 14250.00 750.00
20160309  23:43:00 14250.00 14250.00 14240.00 14240.00 552.00
20160309  23:44:00 14240.00 14245.00 14230.00 14240.00 1376.00
20160309  23:45:00 14240.00 14255.00 14240.00 14245.00 1016.00
20160309  23:46:00 14245.00 14250.00 14240.00 14245.00 1788.00
20160309  23:47:00 14245.00 14245.00 14235.00 14235.00 844.00
20160309  23:48:00 14235.00 14245.00 14230.00 14240.00 1126.00
20160309  23:49:00 14240.00 14245.00 14230.00 14245.00 874.00
20160309  23:50:00 14245.00 14245.00 14225.00 14230.00 1988.00
20160309  23:51:00 14230.00 14240.00 14225.00 14240.00 1102.00
20160309  23:52:00 14235.00 14240.00 14225.00 14225.00 1306.00
20160309  23:53:00 14230.00 14230.00 14220.00 14220.00 1518.00
20160309  23:54:00 14220.00 14225.00 14210.00 14210.00 1440.00
20160309  23:55:00 14215.00 14215.00 14200.00 14205.00 1944.00
20160309  23:56:00 14205.00 14210.00 14195.00 14205.00 1736.00
20160309  23:57:00 14205.00 14210.00 14200.00 14200.00 810.00
20160309  23:58:00 14200.00 14220.00 14200.00 14210.00 1500.00
20160309  23:59:00 14210.00 14215.00 14205.00 14215.00 568.00
20160310  00:00:00 14215.00 14220.00 14210.00 14215.00 316.00
20160310  00:01:00 14215.00 14220.00 14205.00 14215.00 556.00
20160310  00:02:00 14215.00 14220.00 14210.00 14215.00 320.00
20160310  00:03:00 14215.00 14215.00 14195.00 14200.00 1468.00
20160310  00:04:00 14195.00 14205.00 14195.00 14200.00 1270.00
20160310  00:05:00 14205.00 14210.00 14195.00 14200.00 742.00
20160310  00:06:00 14200.00 14215.00 14200.00 14215.00 796.00
20160310  00:07:00 14215.00 14215.00 14205.00 14215.00 380.00
20160310  00:08:00 14215.00 14215.00 14210.00 14210.00 250.00
20160310  00:09:00 14210.00 14220.00 14210.00 14210.00 476.00
20160310  00:10:00 14210.00 14215.00 14210.00 14215.00 280.00
20160310  00:11:00 14215.00 14220.00 14210.00 14215.00 456.00
20160310  00:12:00 14215.00 14215.00 14210.00 14210.00 378.00
20160310  00:13:00 14210.00 14220.00 14205.00 14220.00 470.00
20160310  00:14:00 14220.00 14220.00 14210.00 14210.00 306.00
20160310  00:15:00 14210.00 14210.00 14205.00 14210.00 188.00
20160310  00:16:00 14210.00 14230.00 14205.00 14225.00 1288.00
20160310  00:17:00 14220.00 14235.00 14220.00 14225.00 686.00
20160310  00:18:00 14220.00 14225.00 14215.00 14220.00 614.00
20160310  00:19:00 14220.00 14225.00 14210.00 14210.00 426.00
20160310  00:20:00 14210.00 14210.00 14180.00 14195.00 1776.00
20160310  00:21:00 14195.00 14200.00 14180.00 14190.00 1696.00
20160310  00:22:00 14190.00 14195.00 14185.00 14190.00 614.00
20160310  00:23:00 14190.00 14195.00 14185.00 14195.00 232.00
20160310  00:24:00 14195.00 14215.00 14195.00 14210.00 798.00
20160310  00:25:00 14210.00 14220.00 14205.00 14215.00 368.00
20160310  00:26:00 14220.00 14220.00 14210.00 14215.00 502.00
20160310  00:27:00 14215.00 14215.00 14200.00 14205.00 512.00
20160310  00:28:00 14205.00 14220.00 14205.00 14220.00 344.00
20160310  00:29:00 14220.00 14220.00 14215.00 14215.00 134.00
20160310  00:30:00 14215.00 14215.00 14210.00 14210.00 220.00
20160310  00:31:00 14210.00 14215.00 14210.00 14215.00 342.00
20160310  00:32:00 14215.00 14215.00 14205.00 14210.00 558.00
20160310  00:33:00 14210.00 14210.00 14200.00 14205.00 228.00
20160310  00:34:00 14205.00 14205.00 14185.00 14195.00 1262.00
20160310  00:35:00 14195.00 14195.00 14185.00 14185.00 820.00
20160310  00:36:00 14185.00 14195.00 14185.00 14195.00 610.00
20160310  00:37:00 14195.00 14200.00 14195.00 14200.00 298.00
20160310  00:38:00 14200.00 14200.00 14195.00 14200.00 560.00
20160310  00:39:00 14200.00 14210.00 14200.00 14205.00 250.00
20160310  00:40:00 14205.00 14205.00 14200.00 14205.00 116.00
20160310  00:41:00 14205.00 14205.00 14200.00 14205.00 282.00
20160310  00:42:00 14205.00 14205.00 14185.00 14185.00 800.00
20160310  00:43:00 14185.00 14200.00 14185.00 14195.00 274.00
20160310  00:44:00 14195.00 14195.00 14185.00 14190.00 316.00
20160310  00:45:00 14190.00 14195.00 14185.00 14195.00 366.00
20160310  00:46:00 14190.00 14195.00 14185.00 14190.00 276.00
20160310  00:47:00 14190.00 14200.00 14190.00 14200.00 496.00
20160310  00:48:00 14200.00 14200.00 14195.00 14200.00 316.00
20160310  00:49:00 14200.00 14205.00 14195.00 14205.00 522.00
20160310  00:50:00 14205.00 14205.00 14195.00 14195.00 274.00
20160310  00:51:00 14195.00 14200.00 14195.00 14200.00 248.00
20160310  00:52:00 14200.00 14210.00 14200.00 14205.00 460.00
20160310  00:53:00 14205.00 14210.00 14205.00 14210.00 276.00
20160310  00:54:00 14210.00 14215.00 14205.00 14215.00 230.00
20160310  00:55:00 14210.00 14225.00 14210.00 14220.00 656.00
20160310  00:56:00 14220.00 14220.00 14210.00 14215.00 496.00
20160310  00:57:00 14220.00 14220.00 14210.00 14210.00 366.00
20160310  00:58:00 14220.00 14225.00 14215.00 14225.00 364.00
20160310  00:59:00 14225.00 14230.00 14220.00 14225.00 1198.00
20160310  01:00:00 14225.00 14225.00 14225.00 14225.00   0.00
20160310  09:00:00 14215.00 14220.00 14185.00 14195.00 3016.00
20160310  09:01:00 14190.00 14195.00 14135.00 14135.00 5868.00
20160310  09:02:00 14150.00 14160.00 14150.00 14160.00 3462.00
20160310  09:03:00 14155.00 14180.00 14150.00 14160.00 2884.00
20160310  09:04:00 14160.00 14175.00 14145.00 14175.00 1914.00
20160310  09:05:00 14175.00 14175.00 14150.00 14160.00 1888.00
20160310  09:06:00 14155.00 14165.00 14150.00 14165.00 690.00
20160310  09:07:00 14170.00 14175.00 14155.00 14155.00 928.00
20160310  09:08:00 14155.00 14175.00 14150.00 14170.00 1430.00
20160310  09:09:00 14170.00 14175.00 14145.00 14165.00 1420.00
20160310  09:10:00 14160.00 14165.00 14145.00 14150.00 2836.00
20160310  09:11:00 14150.00 14155.00 14130.00 14130.00 1888.00
20160310  09:12:00 14135.00 14155.00 14130.00 14140.00 1940.00
20160310  09:13:00 14140.00 14150.00 14125.00 14135.00 1274.00
20160310  09:14:00 14135.00 14140.00 14125.00 14135.00 1260.00
20160310  09:15:00 14135.00 14155.00 14135.00 14155.00 1858.00
20160310  09:16:00 14150.00 14150.00 14140.00 14150.00 778.00
20160310  09:17:00 14150.00 14150.00 14130.00 14140.00 1228.00
20160310  09:18:00 14135.00 14145.00 14135.00 14140.00 482.00
20160310  09:19:00 14140.00 14165.00 14140.00 14155.00 3594.00
20160310  09:20:00 14155.00 14160.00 14135.00 14145.00 1166.00
20160310  09:21:00 14145.00 14150.00 14130.00 14140.00 2222.00
20160310  09:22:00 14140.00 14140.00 14125.00 14125.00 996.00
20160310  09:23:00 14130.00 14140.00 14125.00 14135.00 1288.00
20160310  09:24:00 14130.00 14135.00 14110.00 14120.00 1650.00
20160310  09:25:00 14120.00 14140.00 14110.00 14130.00 1588.00
20160310  09:26:00 14125.00 14140.00 14120.00 14135.00 902.00
20160310  09:27:00 14135.00 14150.00 14130.00 14145.00 692.00
20160310  09:28:00 14150.00 14150.00 14135.00 14140.00 1162.00
20160310  09:29:00 14135.00 14150.00 14135.00 14145.00 880.00
20160310  09:30:00 14145.00 14145.00 14120.00 14125.00 1934.00
20160310  09:31:00 14125.00 14130.00 14115.00 14130.00 1740.00
20160310  09:32:00 14130.00 14140.00 14125.00 14140.00 776.00
20160310  09:33:00 14140.00 14140.00 14125.00 14140.00 1054.00
20160310  09:34:00 14140.00 14140.00 14125.00 14135.00 778.00
20160310  09:35:00 14135.00 14140.00 14130.00 14130.00 550.00
20160310  09:36:00 14130.00 14140.00 14130.00 14135.00 366.00
20160310  09:37:00 14135.00 14145.00 14135.00 14135.00 294.00
20160310  09:38:00 14135.00 14140.00 14135.00 14135.00 278.00
20160310  09:39:00 14135.00 14140.00 14130.00 14135.00 472.00
20160310  09:40:00 14135.00 14140.00 14125.00 14130.00 602.00
20160310  09:41:00 14135.00 14145.00 14130.00 14140.00 1068.00
20160310  09:42:00 14140.00 14140.00 14125.00 14125.00 896.00
20160310  09:43:00 14125.00 14135.00 14125.00 14125.00 784.00
20160310  09:44:00 14125.00 14135.00 14125.00 14130.00 664.00
20160310  09:45:00 14125.00 14130.00 14115.00 14115.00 1288.00
20160310  09:46:00 14115.00 14115.00 14105.00 14105.00 1290.00
20160310  09:47:00 14105.00 14120.00 14100.00 14110.00 1416.00
20160310  09:48:00 14110.00 14115.00 14100.00 14115.00 954.00
20160310  09:49:00 14115.00 14115.00 14100.00 14100.00 606.00
20160310  09:50:00 14100.00 14120.00 14095.00 14115.00 3072.00
20160310  09:51:00 14115.00 14115.00 14095.00 14095.00 1282.00
20160310  09:52:00 14095.00 14105.00 14090.00 14090.00 1610.00
20160310  09:53:00 14090.00 14100.00 14090.00 14095.00 1766.00
20160310  09:54:00 14095.00 14095.00 14085.00 14085.00 1644.00
20160310  09:55:00 14085.00 14105.00 14085.00 14105.00 1914.00
20160310  09:56:00 14100.00 14100.00 14085.00 14090.00 1396.00
20160310  09:57:00 14090.00 14095.00 14080.00 14090.00 1164.00
20160310  09:58:00 14090.00 14095.00 14085.00 14090.00 356.00
20160310  09:59:00 14090.00 14100.00 14085.00 14085.00 936.00
20160310  10:00:00 14085.00 14085.00 14075.00 14085.00 1962.00
20160310  10:01:00 14085.00 14085.00 14070.00 14075.00 870.00
20160310  10:02:00 14075.00 14080.00 14070.00 14070.00 1024.00
20160310  10:03:00 14070.00 14080.00 14070.00 14080.00 1046.00
20160310  10:04:00 14080.00 14100.00 14075.00 14090.00 1202.00
20160310  10:05:00 14090.00 14100.00 14090.00 14100.00 776.00
20160310  10:06:00 14100.00 14105.00 14100.00 14105.00 480.00
20160310  10:07:00 14105.00 14105.00 14095.00 14095.00 594.00
20160310  10:08:00 14095.00 14105.00 14085.00 14105.00 604.00
20160310  10:09:00 14105.00 14105.00 14095.00 14095.00 370.00
20160310  10:10:00 14095.00 14105.00 14095.00 14100.00 512.00
20160310  10:11:00 14100.00 14110.00 14100.00 14105.00 912.00
20160310  10:12:00 14105.00 14110.00 14100.00 14105.00 572.00
20160310  10:13:00 14105.00 14105.00 14095.00 14100.00 242.00
20160310  10:14:00 14095.00 14105.00 14090.00 14095.00 814.00
20160310  10:30:00 14095.00 14095.00 14075.00 14075.00 1210.00
20160310  10:31:00 14075.00 14080.00 14055.00 14060.00 2178.00
20160310  10:32:00 14060.00 14070.00 14055.00 14065.00 1416.00
20160310  10:33:00 14065.00 14065.00 14055.00 14055.00 488.00
20160310  10:34:00 14055.00 14060.00 14040.00 14045.00 2762.00
20160310  10:35:00 14045.00 14060.00 14045.00 14060.00 1410.00
20160310  10:36:00 14060.00 14070.00 14060.00 14070.00 1446.00
20160310  10:37:00 14070.00 14070.00 14055.00 14060.00 1970.00
20160310  10:38:00 14060.00 14065.00 14055.00 14055.00 1442.00
20160310  10:39:00 14055.00 14070.00 14055.00 14065.00 748.00
20160310  10:40:00 14065.00 14085.00 14065.00 14085.00 1276.00
20160310  10:41:00 14085.00 14085.00 14070.00 14075.00 1162.00
20160310  10:42:00 14075.00 14080.00 14070.00 14075.00 1026.00
20160310  10:43:00 14075.00 14085.00 14070.00 14085.00 470.00
20160310  10:44:00 14085.00 14090.00 14080.00 14085.00 746.00
20160310  10:45:00 14085.00 14090.00 14080.00 14085.00 846.00
20160310  10:46:00 14085.00 14090.00 14085.00 14090.00 234.00
20160310  10:47:00 14090.00 14095.00 14085.00 14095.00 1080.00
20160310  10:48:00 14095.00 14100.00 14090.00 14095.00 864.00
20160310  10:49:00 14095.00 14095.00 14085.00 14090.00 702.00
20160310  10:50:00 14090.00 14090.00 14075.00 14080.00 1054.00
20160310  10:51:00 14080.00 14090.00 14075.00 14075.00 426.00
20160310  10:52:00 14080.00 14085.00 14075.00 14080.00 244.00
20160310  10:53:00 14080.00 14090.00 14080.00 14090.00 502.00
20160310  10:54:00 14090.00 14090.00 14085.00 14085.00 688.00
20160310  10:55:00 14085.00 14100.00 14085.00 14095.00 578.00
20160310  10:56:00 14095.00 14100.00 14095.00 14095.00 654.00
20160310  10:57:00 14095.00 14100.00 14085.00 14085.00 528.00
20160310  10:58:00 14085.00 14090.00 14080.00 14080.00 442.00
20160310  10:59:00 14080.00 14085.00 14080.00 14085.00 266.00
20160310  11:00:00 14085.00 14085.00 14080.00 14085.00 254.00
20160310  11:01:00 14085.00 14090.00 14080.00 14080.00 1010.00
20160310  11:02:00 14080.00 14085.00 14070.00 14075.00 530.00
20160310  11:03:00 14075.00 14080.00 14070.00 14080.00 824.00
20160310  11:04:00 14080.00 14080.00 14075.00 14080.00 318.00
20160310  11:05:00 14080.00 14080.00 14070.00 14070.00 1526.00
20160310  11:06:00 14070.00 14070.00 14065.00 14070.00 542.00
20160310  11:07:00 14070.00 14075.00 14070.00 14075.00 582.00
20160310  11:08:00 14075.00 14090.00 14075.00 14090.00 500.00
20160310  11:09:00 14090.00 14090.00 14080.00 14085.00 202.00
20160310  11:10:00 14085.00 14085.00 14080.00 14080.00 534.00
20160310  11:11:00 14080.00 14095.00 14080.00 14095.00 356.00
20160310  11:12:00 14095.00 14095.00 14085.00 14085.00 478.00
20160310  11:13:00 14085.00 14090.00 14080.00 14085.00 304.00
20160310  11:14:00 14085.00 14090.00 14075.00 14075.00 1276.00
20160310  11:15:00 14075.00 14080.00 14075.00 14080.00 164.00
20160310  11:16:00 14080.00 14090.00 14075.00 14085.00 656.00
20160310  11:17:00 14085.00 14090.00 14085.00 14085.00 606.00
20160310  11:18:00 14085.00 14090.00 14085.00 14090.00 490.00
20160310  11:19:00 14090.00 14090.00 14070.00 14070.00 756.00
20160310  11:20:00 14070.00 14085.00 14070.00 14080.00 440.00
20160310  11:21:00 14080.00 14080.00 14075.00 14075.00 204.00
20160310  11:22:00 14075.00 14085.00 14075.00 14085.00 126.00
20160310  11:23:00 14085.00 14085.00 14080.00 14080.00  20.00
20160310  11:24:00 14080.00 14085.00 14065.00 14065.00 614.00
20160310  11:25:00 14065.00 14080.00 14065.00 14075.00 1362.00
20160310  11:26:00 14075.00 14075.00 14070.00 14075.00 428.00
20160310  11:27:00 14075.00 14080.00 14070.00 14075.00 408.00
20160310  11:28:00 14075.00 14080.00 14075.00 14075.00 162.00
20160310  11:29:00 14075.00 14085.00 14075.00 14075.00 864.00
20160310  13:30:00 14120.00 14125.00 14105.00 14115.00 7756.00
20160310  13:31:00 14115.00 14115.00 14105.00 14110.00 1998.00
20160310  13:32:00 14110.00 14115.00 14100.00 14105.00 1248.00
20160310  13:33:00 14105.00 14110.00 14090.00 14090.00 1934.00
20160310  13:34:00 14090.00 14095.00 14085.00 14085.00 552.00
20160310  13:35:00 14085.00 14095.00 14085.00 14095.00 386.00
20160310  13:36:00 14095.00 14100.00 14090.00 14090.00 842.00
20160310  13:37:00 14090.00 14100.00 14090.00 14095.00 728.00
20160310  13:38:00 14095.00 14100.00 14085.00 14090.00 650.00
20160310  13:39:00 14090.00 14095.00 14090.00 14090.00 472.00
20160310  13:40:00 14090.00 14095.00 14090.00 14095.00 260.00
20160310  13:41:00 14095.00 14100.00 14090.00 14095.00 992.00
20160310  13:42:00 14095.00 14105.00 14090.00 14095.00 716.00
20160310  13:43:00 14095.00 14100.00 14095.00 14100.00 200.00
20160310  13:44:00 14100.00 14100.00 14090.00 14090.00 606.00
20160310  13:45:00 14085.00 14090.00 14085.00 14090.00 234.00
20160310  13:46:00 14090.00 14090.00 14070.00 14070.00 1128.00
20160310  13:47:00 14070.00 14075.00 14065.00 14070.00 992.00
20160310  13:48:00 14070.00 14075.00 14065.00 14070.00 478.00
20160310  13:49:00 14065.00 14070.00 14050.00 14055.00 1270.00
20160310  13:50:00 14055.00 14055.00 14035.00 14035.00 2338.00
20160310  13:51:00 14035.00 14045.00 14030.00 14045.00 1902.00
20160310  13:52:00 14045.00 14050.00 14040.00 14045.00 992.00
20160310  13:53:00 14045.00 14055.00 14045.00 14050.00 1262.00
20160310  13:54:00 14050.00 14055.00 14045.00 14055.00 372.00
20160310  13:55:00 14055.00 14055.00 14045.00 14050.00 670.00
20160310  13:56:00 14050.00 14050.00 14040.00 14045.00 618.00
20160310  13:57:00 14045.00 14060.00 14040.00 14060.00 1160.00
20160310  13:58:00 14055.00 14060.00 14050.00 14055.00 498.00
20160310  13:59:00 14055.00 14060.00 14055.00 14055.00 214.00
20160310  14:00:00 14055.00 14055.00 14045.00 14050.00 1366.00
20160310  14:01:00 14050.00 14050.00 14040.00 14050.00 458.00
20160310  14:02:00 14050.00 14055.00 14040.00 14045.00 652.00
20160310  14:03:00 14045.00 14045.00 14035.00 14035.00 874.00
20160310  14:04:00 14035.00 14045.00 14035.00 14040.00 270.00
20160310  14:05:00 14040.00 14050.00 14040.00 14050.00 414.00
20160310  14:06:00 14050.00 14050.00 14045.00 14045.00 882.00
20160310  14:07:00 14045.00 14055.00 14045.00 14045.00 664.00
20160310  14:08:00 14045.00 14055.00 14045.00 14055.00 570.00
20160310  14:09:00 14055.00 14055.00 14050.00 14055.00 448.00
20160310  14:10:00 14055.00 14060.00 14045.00 14060.00 506.00
20160310  14:11:00 14060.00 14065.00 14055.00 14060.00 1368.00
20160310  14:12:00 14060.00 14060.00 14050.00 14055.00 1172.00
20160310  14:13:00 14055.00 14060.00 14050.00 14060.00 616.00
20160310  14:14:00 14055.00 14065.00 14055.00 14065.00 490.00
20160310  14:15:00 14065.00 14070.00 14065.00 14065.00 846.00
20160310  14:16:00 14070.00 14075.00 14065.00 14070.00 712.00
20160310  14:17:00 14070.00 14070.00 14055.00 14055.00 526.00
20160310  14:18:00 14055.00 14070.00 14055.00 14065.00 458.00
20160310  14:19:00 14065.00 14065.00 14055.00 14055.00 468.00
20160310  14:20:00 14055.00 14060.00 14050.00 14055.00 1018.00
20160310  14:21:00 14055.00 14055.00 14045.00 14050.00 864.00
20160310  14:22:00 14050.00 14060.00 14050.00 14055.00 566.00
20160310  14:23:00 14055.00 14060.00 14055.00 14055.00 346.00
20160310  14:24:00 14055.00 14065.00 14055.00 14060.00 390.00
20160310  14:25:00 14060.00 14070.00 14055.00 14070.00 582.00
20160310  14:26:00 14070.00 14075.00 14065.00 14075.00 656.00
20160310  14:27:00 14075.00 14095.00 14070.00 14090.00 1712.00
20160310  14:28:00 14090.00 14090.00 14080.00 14090.00 866.00
20160310  14:29:00 14090.00 14105.00 14085.00 14100.00 1402.00
20160310  14:30:00 14105.00 14105.00 14090.00 14100.00 1770.00
20160310  14:31:00 14100.00 14105.00 14095.00 14100.00 944.00
20160310  14:32:00 14100.00 14100.00 14085.00 14085.00 1160.00
20160310  14:33:00 14085.00 14090.00 14080.00 14080.00 766.00
20160310  14:34:00 14085.00 14090.00 14080.00 14090.00 810.00
20160310  14:35:00 14090.00 14090.00 14080.00 14080.00 788.00
20160310  14:36:00 14080.00 14085.00 14080.00 14085.00 546.00
20160310  14:37:00 14085.00 14095.00 14085.00 14090.00 504.00
20160310  14:38:00 14095.00 14095.00 14090.00 14090.00 274.00
20160310  14:39:00 14090.00 14100.00 14085.00 14100.00 650.00
20160310  14:40:00 14100.00 14100.00 14095.00 14100.00 366.00
20160310  14:41:00 14100.00 14100.00 14080.00 14085.00 1302.00
20160310  14:42:00 14085.00 14085.00 14080.00 14085.00 416.00
20160310  14:43:00 14085.00 14085.00 14080.00 14080.00 486.00
20160310  14:44:00 14080.00 14080.00 14065.00 14070.00 1446.00
20160310  14:45:00 14070.00 14070.00 14055.00 14065.00 1456.00
20160310  14:46:00 14065.00 14070.00 14065.00 14070.00 756.00
20160310  14:47:00 14070.00 14080.00 14065.00 14080.00 808.00
20160310  14:48:00 14080.00 14085.00 14075.00 14080.00 726.00
20160310  14:49:00 14080.00 14080.00 14075.00 14080.00 760.00
20160310  14:50:00 14080.00 14090.00 14080.00 14085.00 536.00
20160310  14:51:00 14085.00 14090.00 14080.00 14085.00 636.00
20160310  14:52:00 14085.00 14085.00 14080.00 14080.00 330.00
20160310  14:53:00 14075.00 14080.00 14070.00 14070.00 568.00
20160310  14:54:00 14070.00 14080.00 14065.00 14080.00 1080.00
20160310  14:55:00 14080.00 14095.00 14075.00 14080.00 1702.00
20160310  14:56:00 14085.00 14085.00 14070.00 14080.00 1040.00
20160310  14:57:00 14080.00 14085.00 14075.00 14080.00 1096.00
20160310  14:58:00 14075.00 14085.00 14070.00 14080.00 1466.00
20160310  14:59:00 14080.00 14085.00 14060.00 14065.00 1986.00
20160310  15:00:00 14065.00 14065.00 14065.00 14065.00  26.00
