20160620  21:00:00 15595.00 15610.00 15585.00 15600.00 2034.00
20160620  21:01:00 15605.00 15610.00 15595.00 15610.00 848.00
20160620  21:02:00 15610.00 15610.00 15585.00 15585.00 894.00
20160620  21:03:00 15585.00 15585.00 15575.00 15585.00 1100.00
20160620  21:04:00 15585.00 15595.00 15580.00 15580.00 760.00
20160620  21:05:00 15580.00 15595.00 15580.00 15595.00 418.00
20160620  21:06:00 15595.00 15600.00 15580.00 15580.00 898.00
20160620  21:07:00 15580.00 15585.00 15570.00 15580.00 664.00
20160620  21:08:00 15580.00 15590.00 15580.00 15590.00 632.00
20160620  21:09:00 15590.00 15595.00 15575.00 15575.00 316.00
20160620  21:10:00 15575.00 15585.00 15570.00 15570.00 656.00
20160620  21:11:00 15570.00 15585.00 15570.00 15585.00 520.00
20160620  21:12:00 15585.00 15595.00 15585.00 15595.00 524.00
20160620  21:13:00 15595.00 15595.00 15585.00 15590.00 746.00
20160620  21:14:00 15585.00 15595.00 15585.00 15590.00 454.00
20160620  21:15:00 15590.00 15590.00 15580.00 15580.00 592.00
20160620  21:16:00 15580.00 15590.00 15575.00 15580.00 538.00
20160620  21:17:00 15580.00 15580.00 15575.00 15575.00 398.00
20160620  21:18:00 15575.00 15580.00 15565.00 15565.00 728.00
20160620  21:19:00 15565.00 15575.00 15560.00 15565.00 714.00
20160620  21:20:00 15565.00 15565.00 15555.00 15555.00 1022.00
20160620  21:21:00 15550.00 15565.00 15550.00 15560.00 900.00
20160620  21:22:00 15555.00 15570.00 15555.00 15560.00 1148.00
20160620  21:23:00 15560.00 15560.00 15550.00 15560.00 384.00
20160620  21:24:00 15560.00 15565.00 15555.00 15565.00 388.00
20160620  21:25:00 15565.00 15565.00 15560.00 15565.00 110.00
20160620  21:26:00 15565.00 15570.00 15560.00 15565.00 386.00
20160620  21:27:00 15565.00 15570.00 15560.00 15570.00 214.00
20160620  21:28:00 15570.00 15570.00 15560.00 15560.00 688.00
20160620  21:29:00 15560.00 15565.00 15560.00 15565.00 340.00
20160620  21:30:00 15570.00 15575.00 15565.00 15565.00 654.00
20160620  21:31:00 15570.00 15575.00 15565.00 15570.00 324.00
20160620  21:32:00 15575.00 15580.00 15575.00 15580.00 522.00
20160620  21:33:00 15580.00 15580.00 15575.00 15580.00 186.00
20160620  21:34:00 15580.00 15580.00 15570.00 15575.00 1018.00
20160620  21:35:00 15575.00 15575.00 15565.00 15565.00 638.00
20160620  21:36:00 15565.00 15575.00 15560.00 15560.00 544.00
20160620  21:37:00 15560.00 15575.00 15560.00 15570.00 370.00
20160620  21:38:00 15570.00 15585.00 15570.00 15580.00 342.00
20160620  21:39:00 15580.00 15595.00 15580.00 15585.00 440.00
20160620  21:40:00 15585.00 15590.00 15585.00 15585.00 276.00
20160620  21:41:00 15585.00 15585.00 15580.00 15585.00 202.00
20160620  21:42:00 15585.00 15585.00 15580.00 15585.00 164.00
20160620  21:43:00 15585.00 15585.00 15575.00 15580.00 238.00
20160620  21:44:00 15580.00 15580.00 15575.00 15575.00 104.00
20160620  21:45:00 15575.00 15575.00 15560.00 15565.00 826.00
20160620  21:46:00 15565.00 15570.00 15560.00 15565.00 400.00
20160620  21:47:00 15565.00 15575.00 15565.00 15570.00 296.00
20160620  21:48:00 15570.00 15570.00 15570.00 15570.00 202.00
20160620  21:49:00 15570.00 15575.00 15565.00 15575.00  74.00
20160620  21:50:00 15575.00 15580.00 15570.00 15580.00 174.00
20160620  21:51:00 15580.00 15580.00 15580.00 15580.00 256.00
20160620  21:52:00 15580.00 15580.00 15570.00 15570.00 138.00
20160620  21:53:00 15570.00 15575.00 15560.00 15565.00 380.00
20160620  21:54:00 15560.00 15570.00 15560.00 15565.00 290.00
20160620  21:55:00 15565.00 15570.00 15565.00 15570.00 358.00
20160620  21:56:00 15570.00 15575.00 15570.00 15575.00 224.00
20160620  21:57:00 15575.00 15575.00 15570.00 15570.00 220.00
20160620  21:58:00 15570.00 15590.00 15570.00 15590.00 502.00
20160620  21:59:00 15590.00 15610.00 15590.00 15610.00 2236.00
20160620  22:00:00 15610.00 15645.00 15610.00 15645.00 3612.00
20160620  22:01:00 15645.00 15705.00 15640.00 15675.00 7920.00
20160620  22:02:00 15680.00 15705.00 15680.00 15705.00 3486.00
20160620  22:03:00 15710.00 15715.00 15685.00 15700.00 4734.00
20160620  22:04:00 15700.00 15705.00 15690.00 15695.00 2072.00
20160620  22:05:00 15695.00 15710.00 15690.00 15705.00 2368.00
20160620  22:06:00 15705.00 15710.00 15695.00 15705.00 2204.00
20160620  22:07:00 15705.00 15715.00 15695.00 15705.00 3342.00
20160620  22:08:00 15705.00 15740.00 15695.00 15730.00 3930.00
20160620  22:09:00 15730.00 15735.00 15720.00 15725.00 2938.00
20160620  22:10:00 15730.00 15745.00 15730.00 15735.00 2740.00
20160620  22:11:00 15735.00 15735.00 15720.00 15725.00 1782.00
20160620  22:12:00 15725.00 15735.00 15720.00 15730.00 1150.00
20160620  22:13:00 15730.00 15770.00 15725.00 15760.00 4988.00
20160620  22:14:00 15760.00 15770.00 15745.00 15765.00 2736.00
20160620  22:15:00 15765.00 15775.00 15750.00 15750.00 3074.00
20160620  22:16:00 15750.00 15755.00 15745.00 15745.00 906.00
20160620  22:17:00 15750.00 15755.00 15745.00 15745.00 720.00
20160620  22:18:00 15750.00 15760.00 15745.00 15760.00 2264.00
20160620  22:19:00 15760.00 15760.00 15745.00 15745.00 836.00
20160620  22:20:00 15745.00 15755.00 15745.00 15750.00 530.00
20160620  22:21:00 15750.00 15755.00 15740.00 15750.00 638.00
20160620  22:22:00 15750.00 15750.00 15745.00 15750.00 516.00
20160620  22:23:00 15750.00 15775.00 15745.00 15765.00 2420.00
20160620  22:24:00 15765.00 15770.00 15750.00 15760.00 878.00
20160620  22:25:00 15755.00 15760.00 15750.00 15750.00 522.00
20160620  22:26:00 15750.00 15755.00 15745.00 15745.00 728.00
20160620  22:27:00 15750.00 15750.00 15745.00 15745.00 852.00
20160620  22:28:00 15745.00 15745.00 15740.00 15745.00 480.00
20160620  22:29:00 15745.00 15750.00 15740.00 15745.00 608.00
20160620  22:30:00 15745.00 15765.00 15745.00 15765.00 1338.00
20160620  22:31:00 15765.00 15765.00 15750.00 15755.00 544.00
20160620  22:32:00 15750.00 15755.00 15750.00 15750.00 582.00
20160620  22:33:00 15750.00 15760.00 15750.00 15750.00 638.00
20160620  22:34:00 15755.00 15755.00 15750.00 15755.00 330.00
20160620  22:35:00 15755.00 15755.00 15745.00 15750.00 508.00
20160620  22:36:00 15745.00 15755.00 15745.00 15750.00 170.00
20160620  22:37:00 15750.00 15755.00 15745.00 15755.00 624.00
20160620  22:38:00 15755.00 15760.00 15755.00 15760.00 132.00
20160620  22:39:00 15760.00 15760.00 15755.00 15755.00 368.00
20160620  22:40:00 15750.00 15770.00 15750.00 15765.00 498.00
20160620  22:41:00 15760.00 15765.00 15760.00 15765.00 646.00
20160620  22:42:00 15760.00 15765.00 15750.00 15750.00 970.00
20160620  22:43:00 15750.00 15760.00 15750.00 15755.00 622.00
20160620  22:44:00 15755.00 15760.00 15750.00 15760.00 746.00
20160620  22:45:00 15760.00 15760.00 15755.00 15755.00 708.00
20160620  22:46:00 15755.00 15760.00 15750.00 15760.00 634.00
20160620  22:47:00 15760.00 15780.00 15760.00 15765.00 1482.00
20160620  22:48:00 15765.00 15770.00 15760.00 15765.00 536.00
20160620  22:49:00 15765.00 15770.00 15760.00 15765.00 544.00
20160620  22:50:00 15765.00 15775.00 15765.00 15770.00 730.00
20160620  22:51:00 15770.00 15770.00 15765.00 15770.00 366.00
20160620  22:52:00 15770.00 15790.00 15770.00 15775.00 2236.00
20160620  22:53:00 15775.00 15780.00 15765.00 15770.00 806.00
20160620  22:54:00 15770.00 15780.00 15770.00 15775.00 190.00
20160620  22:55:00 15775.00 15795.00 15770.00 15770.00 1722.00
20160620  22:56:00 15770.00 15770.00 15750.00 15750.00 1726.00
20160620  22:57:00 15755.00 15765.00 15750.00 15755.00 882.00
20160620  22:58:00 15750.00 15755.00 15745.00 15750.00 930.00
20160620  22:59:00 15750.00 15760.00 15750.00 15760.00 904.00
20160620  23:00:00 15760.00 15785.00 15760.00 15780.00 1462.00
20160620  23:01:00 15780.00 15780.00 15765.00 15770.00 626.00
20160620  23:02:00 15770.00 15775.00 15755.00 15755.00 1108.00
20160620  23:03:00 15755.00 15760.00 15750.00 15755.00 484.00
20160620  23:04:00 15755.00 15765.00 15745.00 15745.00 1054.00
20160620  23:05:00 15745.00 15755.00 15745.00 15745.00 852.00
20160620  23:06:00 15745.00 15750.00 15745.00 15745.00 472.00
20160620  23:07:00 15750.00 15750.00 15745.00 15750.00 452.00
20160620  23:08:00 15750.00 15750.00 15745.00 15750.00 300.00
20160620  23:09:00 15750.00 15755.00 15745.00 15750.00 1234.00
20160620  23:10:00 15750.00 15755.00 15745.00 15750.00 488.00
20160620  23:11:00 15750.00 15750.00 15730.00 15740.00 1486.00
20160620  23:12:00 15740.00 15740.00 15735.00 15735.00 328.00
20160620  23:13:00 15735.00 15740.00 15725.00 15725.00 1098.00
20160620  23:14:00 15725.00 15735.00 15720.00 15730.00 1444.00
20160620  23:15:00 15730.00 15735.00 15725.00 15730.00 432.00
20160620  23:16:00 15730.00 15735.00 15725.00 15725.00 552.00
20160620  23:17:00 15725.00 15725.00 15710.00 15715.00 1160.00
20160620  23:18:00 15710.00 15725.00 15710.00 15720.00 578.00
20160620  23:19:00 15720.00 15735.00 15720.00 15725.00 712.00
20160620  23:20:00 15725.00 15730.00 15725.00 15730.00 158.00
20160620  23:21:00 15730.00 15735.00 15725.00 15725.00 386.00
20160620  23:22:00 15725.00 15730.00 15725.00 15730.00 278.00
20160620  23:23:00 15730.00 15740.00 15730.00 15740.00 726.00
20160620  23:24:00 15740.00 15745.00 15735.00 15740.00 416.00
20160620  23:25:00 15740.00 15740.00 15735.00 15740.00 296.00
20160620  23:26:00 15740.00 15740.00 15735.00 15735.00 470.00
20160620  23:27:00 15735.00 15740.00 15735.00 15735.00 152.00
20160620  23:28:00 15740.00 15740.00 15735.00 15735.00 298.00
20160620  23:29:00 15740.00 15740.00 15730.00 15735.00 652.00
20160620  23:30:00 15735.00 15755.00 15735.00 15750.00 882.00
20160620  23:31:00 15750.00 15755.00 15745.00 15750.00 804.00
20160620  23:32:00 15750.00 15755.00 15745.00 15750.00 414.00
20160620  23:33:00 15750.00 15750.00 15745.00 15745.00  82.00
20160620  23:34:00 15745.00 15750.00 15745.00 15750.00 254.00
20160620  23:35:00 15750.00 15750.00 15745.00 15745.00 290.00
20160620  23:36:00 15745.00 15750.00 15740.00 15740.00 166.00
20160620  23:37:00 15740.00 15745.00 15735.00 15740.00 268.00
20160620  23:38:00 15740.00 15740.00 15735.00 15735.00 140.00
20160620  23:39:00 15735.00 15735.00 15730.00 15730.00 438.00
20160620  23:40:00 15730.00 15735.00 15720.00 15720.00 786.00
20160620  23:41:00 15720.00 15730.00 15715.00 15730.00 908.00
20160620  23:42:00 15730.00 15730.00 15725.00 15725.00 100.00
20160620  23:43:00 15725.00 15730.00 15725.00 15730.00 172.00
20160620  23:44:00 15730.00 15735.00 15730.00 15735.00 316.00
20160620  23:45:00 15735.00 15740.00 15735.00 15740.00 426.00
20160620  23:46:00 15740.00 15740.00 15735.00 15735.00 332.00
20160620  23:47:00 15735.00 15735.00 15735.00 15735.00  36.00
20160620  23:48:00 15735.00 15735.00 15730.00 15730.00  76.00
20160620  23:49:00 15730.00 15735.00 15730.00 15730.00  84.00
20160620  23:50:00 15730.00 15735.00 15730.00 15735.00 222.00
20160620  23:51:00 15735.00 15735.00 15735.00 15735.00   4.00
20160620  23:52:00 15735.00 15740.00 15735.00 15735.00  14.00
20160620  23:53:00 15735.00 15735.00 15735.00 15735.00   4.00
20160620  23:54:00 15735.00 15740.00 15735.00 15735.00 194.00
20160620  23:55:00 15735.00 15740.00 15735.00 15735.00 226.00
20160620  23:56:00 15735.00 15740.00 15735.00 15740.00  48.00
20160620  23:57:00 15740.00 15740.00 15735.00 15735.00 144.00
20160620  23:58:00 15735.00 15735.00 15730.00 15735.00  84.00
20160620  23:59:00 15735.00 15740.00 15735.00 15740.00 154.00
20160621  00:00:00 15745.00 15745.00 15740.00 15745.00  74.00
20160621  00:01:00 15745.00 15745.00 15735.00 15740.00 434.00
20160621  00:02:00 15740.00 15740.00 15735.00 15735.00 156.00
20160621  00:03:00 15735.00 15735.00 15735.00 15735.00  78.00
20160621  00:04:00 15735.00 15735.00 15730.00 15735.00  94.00
20160621  00:05:00 15735.00 15740.00 15730.00 15740.00 218.00
20160621  00:06:00 15740.00 15740.00 15735.00 15735.00  50.00
20160621  00:07:00 15735.00 15735.00 15735.00 15735.00   2.00
20160621  00:08:00 15735.00 15735.00 15730.00 15730.00  72.00
20160621  00:09:00 15730.00 15735.00 15730.00 15735.00  78.00
20160621  00:10:00 15735.00 15740.00 15735.00 15735.00  78.00
20160621  00:11:00 15735.00 15735.00 15735.00 15735.00  10.00
20160621  00:12:00 15735.00 15740.00 15735.00 15735.00 148.00
20160621  00:13:00 15735.00 15735.00 15735.00 15735.00   4.00
20160621  00:14:00 15735.00 15740.00 15735.00 15740.00 110.00
20160621  00:15:00 15735.00 15735.00 15735.00 15735.00 170.00
20160621  00:16:00 15735.00 15740.00 15735.00 15740.00 116.00
20160621  00:17:00 15740.00 15745.00 15740.00 15745.00 106.00
20160621  00:18:00 15745.00 15750.00 15745.00 15745.00 534.00
20160621  00:19:00 15745.00 15750.00 15740.00 15745.00 284.00
20160621  00:20:00 15745.00 15745.00 15745.00 15745.00  30.00
20160621  00:21:00 15745.00 15745.00 15740.00 15740.00   4.00
20160621  00:22:00 15740.00 15740.00 15740.00 15740.00  26.00
20160621  00:23:00 15740.00 15745.00 15740.00 15745.00   2.00
20160621  00:24:00 15745.00 15750.00 15745.00 15750.00 184.00
20160621  00:25:00 15755.00 15755.00 15745.00 15750.00 190.00
20160621  00:26:00 15750.00 15750.00 15740.00 15740.00 314.00
20160621  00:27:00 15740.00 15740.00 15740.00 15740.00  94.00
20160621  00:28:00 15740.00 15745.00 15740.00 15740.00 204.00
20160621  00:29:00 15740.00 15745.00 15735.00 15745.00 264.00
20160621  00:30:00 15745.00 15745.00 15735.00 15740.00 312.00
20160621  00:31:00 15740.00 15745.00 15740.00 15740.00  30.00
20160621  00:32:00 15740.00 15740.00 15740.00 15740.00   0.00
20160621  00:33:00 15740.00 15740.00 15740.00 15740.00   0.00
20160621  00:34:00 15740.00 15740.00 15740.00 15740.00   0.00
20160621  00:35:00 15745.00 15745.00 15740.00 15740.00  32.00
20160621  00:36:00 15740.00 15740.00 15735.00 15740.00 148.00
20160621  00:37:00 15740.00 15740.00 15740.00 15740.00  64.00
20160621  00:38:00 15740.00 15740.00 15740.00 15740.00  50.00
20160621  00:39:00 15740.00 15740.00 15740.00 15740.00  74.00
20160621  00:40:00 15740.00 15745.00 15740.00 15740.00  20.00
20160621  00:41:00 15740.00 15745.00 15740.00 15740.00  18.00
20160621  00:42:00 15740.00 15740.00 15740.00 15740.00   0.00
20160621  00:43:00 15740.00 15745.00 15740.00 15745.00   6.00
20160621  00:44:00 15745.00 15745.00 15745.00 15745.00 122.00
20160621  00:45:00 15745.00 15750.00 15745.00 15745.00  26.00
20160621  00:46:00 15745.00 15750.00 15745.00 15750.00  84.00
20160621  00:47:00 15750.00 15750.00 15745.00 15745.00 200.00
20160621  00:48:00 15750.00 15750.00 15750.00 15750.00  20.00
20160621  00:49:00 15750.00 15750.00 15745.00 15750.00 108.00
20160621  00:50:00 15745.00 15750.00 15745.00 15750.00 270.00
20160621  00:51:00 15750.00 15755.00 15750.00 15750.00  90.00
20160621  00:52:00 15750.00 15750.00 15750.00 15750.00   6.00
20160621  00:53:00 15750.00 15750.00 15750.00 15750.00  70.00
20160621  00:54:00 15750.00 15755.00 15750.00 15755.00  32.00
20160621  00:55:00 15755.00 15755.00 15750.00 15750.00  96.00
20160621  00:56:00 15750.00 15755.00 15750.00 15750.00  80.00
20160621  00:57:00 15750.00 15755.00 15745.00 15750.00 354.00
20160621  00:58:00 15750.00 15750.00 15745.00 15745.00 250.00
20160621  00:59:00 15750.00 15750.00 15745.00 15750.00 398.00
20160621  01:00:00 15750.00 15750.00 15750.00 15750.00   2.00
20160621  09:00:00 15750.00 15750.00 15740.00 15750.00 1856.00
20160621  09:01:00 15750.00 15755.00 15740.00 15745.00 1068.00
20160621  09:02:00 15745.00 15750.00 15745.00 15745.00 218.00
20160621  09:03:00 15745.00 15750.00 15730.00 15730.00 764.00
20160621  09:04:00 15730.00 15740.00 15730.00 15740.00 866.00
20160621  09:05:00 15740.00 15740.00 15730.00 15735.00 506.00
20160621  09:06:00 15735.00 15770.00 15735.00 15765.00 2300.00
20160621  09:07:00 15765.00 15775.00 15765.00 15775.00 752.00
20160621  09:08:00 15775.00 15775.00 15760.00 15765.00 632.00
20160621  09:09:00 15765.00 15770.00 15760.00 15765.00 292.00
20160621  09:10:00 15765.00 15770.00 15760.00 15765.00 518.00
20160621  09:11:00 15765.00 15770.00 15760.00 15765.00 432.00
20160621  09:12:00 15765.00 15765.00 15760.00 15760.00 612.00
20160621  09:13:00 15760.00 15775.00 15760.00 15765.00 868.00
20160621  09:14:00 15765.00 15770.00 15760.00 15765.00 486.00
20160621  09:15:00 15760.00 15770.00 15760.00 15765.00 886.00
20160621  09:16:00 15765.00 15765.00 15740.00 15745.00 958.00
20160621  09:17:00 15745.00 15745.00 15715.00 15720.00 1418.00
20160621  09:18:00 15720.00 15730.00 15720.00 15730.00 608.00
20160621  09:19:00 15730.00 15740.00 15725.00 15740.00 472.00
20160621  09:20:00 15735.00 15740.00 15735.00 15740.00 350.00
20160621  09:21:00 15740.00 15745.00 15735.00 15745.00 530.00
20160621  09:22:00 15745.00 15750.00 15740.00 15750.00 458.00
20160621  09:23:00 15750.00 15755.00 15745.00 15745.00 612.00
20160621  09:24:00 15745.00 15750.00 15745.00 15745.00 296.00
20160621  09:25:00 15740.00 15755.00 15740.00 15745.00 778.00
20160621  09:26:00 15745.00 15750.00 15740.00 15740.00 294.00
20160621  09:27:00 15740.00 15745.00 15725.00 15725.00 772.00
20160621  09:28:00 15725.00 15740.00 15725.00 15735.00 566.00
20160621  09:29:00 15735.00 15745.00 15735.00 15740.00 348.00
20160621  09:30:00 15740.00 15750.00 15740.00 15750.00 480.00
20160621  09:31:00 15750.00 15750.00 15735.00 15740.00 552.00
20160621  09:32:00 15740.00 15740.00 15730.00 15735.00 332.00
20160621  09:33:00 15730.00 15735.00 15725.00 15725.00 536.00
20160621  09:34:00 15725.00 15740.00 15725.00 15735.00 330.00
20160621  09:35:00 15740.00 15740.00 15735.00 15735.00 284.00
20160621  09:36:00 15735.00 15745.00 15735.00 15740.00 272.00
20160621  09:37:00 15740.00 15745.00 15735.00 15735.00 170.00
20160621  09:38:00 15735.00 15740.00 15735.00 15740.00 184.00
20160621  09:39:00 15740.00 15745.00 15735.00 15745.00 534.00
20160621  09:40:00 15745.00 15745.00 15740.00 15740.00  14.00
20160621  09:41:00 15740.00 15750.00 15740.00 15750.00 268.00
20160621  09:42:00 15750.00 15750.00 15745.00 15745.00 152.00
20160621  09:43:00 15745.00 15745.00 15740.00 15745.00 370.00
20160621  09:44:00 15745.00 15745.00 15740.00 15740.00  76.00
20160621  09:45:00 15740.00 15745.00 15740.00 15740.00  54.00
20160621  09:46:00 15740.00 15750.00 15740.00 15745.00 348.00
20160621  09:47:00 15745.00 15745.00 15740.00 15740.00 174.00
20160621  09:48:00 15740.00 15745.00 15740.00 15745.00 210.00
20160621  09:49:00 15745.00 15750.00 15740.00 15745.00 956.00
20160621  09:50:00 15745.00 15745.00 15735.00 15735.00 490.00
20160621  09:51:00 15735.00 15740.00 15735.00 15740.00 414.00
20160621  09:52:00 15740.00 15740.00 15720.00 15725.00 1564.00
20160621  09:53:00 15720.00 15730.00 15715.00 15730.00 1132.00
20160621  09:54:00 15730.00 15730.00 15725.00 15730.00 352.00
20160621  09:55:00 15730.00 15730.00 15725.00 15730.00 536.00
20160621  09:56:00 15730.00 15730.00 15725.00 15730.00 202.00
20160621  09:57:00 15725.00 15730.00 15725.00 15730.00 138.00
20160621  09:58:00 15730.00 15730.00 15725.00 15725.00 422.00
20160621  09:59:00 15720.00 15725.00 15715.00 15720.00 466.00
20160621  10:00:00 15725.00 15735.00 15720.00 15735.00 848.00
20160621  10:01:00 15735.00 15740.00 15730.00 15735.00 664.00
20160621  10:02:00 15735.00 15735.00 15730.00 15730.00 310.00
20160621  10:03:00 15730.00 15730.00 15730.00 15730.00  50.00
20160621  10:04:00 15730.00 15735.00 15730.00 15730.00 174.00
20160621  10:05:00 15730.00 15730.00 15725.00 15730.00 296.00
20160621  10:06:00 15730.00 15735.00 15725.00 15730.00 194.00
20160621  10:07:00 15730.00 15740.00 15730.00 15740.00 526.00
20160621  10:08:00 15740.00 15740.00 15730.00 15730.00 212.00
20160621  10:09:00 15730.00 15735.00 15730.00 15735.00 264.00
20160621  10:10:00 15735.00 15735.00 15720.00 15720.00 360.00
20160621  10:11:00 15720.00 15725.00 15715.00 15725.00 456.00
20160621  10:12:00 15725.00 15725.00 15720.00 15725.00 272.00
20160621  10:13:00 15725.00 15735.00 15725.00 15730.00 310.00
20160621  10:14:00 15725.00 15730.00 15725.00 15725.00 266.00
20160621  10:30:00 15725.00 15725.00 15705.00 15710.00 1872.00
20160621  10:31:00 15710.00 15715.00 15710.00 15715.00 418.00
20160621  10:32:00 15715.00 15715.00 15710.00 15710.00 164.00
20160621  10:33:00 15710.00 15720.00 15710.00 15715.00 760.00
20160621  10:34:00 15720.00 15720.00 15710.00 15715.00 324.00
20160621  10:35:00 15715.00 15715.00 15710.00 15715.00 296.00
20160621  10:36:00 15715.00 15715.00 15710.00 15715.00 290.00
20160621  10:37:00 15715.00 15720.00 15715.00 15715.00 496.00
20160621  10:38:00 15715.00 15720.00 15715.00 15720.00 942.00
20160621  10:39:00 15720.00 15725.00 15715.00 15715.00 598.00
20160621  10:40:00 15715.00 15720.00 15715.00 15720.00 884.00
20160621  10:41:00 15715.00 15720.00 15715.00 15715.00 194.00
20160621  10:42:00 15715.00 15725.00 15715.00 15720.00 1062.00
20160621  10:43:00 15720.00 15725.00 15710.00 15715.00 628.00
20160621  10:44:00 15720.00 15720.00 15710.00 15710.00 506.00
20160621  10:45:00 15710.00 15715.00 15690.00 15695.00 2350.00
20160621  10:46:00 15695.00 15700.00 15685.00 15690.00 1538.00
20160621  10:47:00 15690.00 15690.00 15685.00 15690.00 564.00
20160621  10:48:00 15685.00 15695.00 15685.00 15695.00 586.00
20160621  10:49:00 15695.00 15700.00 15690.00 15695.00 200.00
20160621  10:50:00 15695.00 15700.00 15695.00 15695.00 136.00
20160621  10:51:00 15695.00 15695.00 15685.00 15690.00 610.00
20160621  10:52:00 15690.00 15700.00 15690.00 15695.00 262.00
20160621  10:53:00 15695.00 15695.00 15690.00 15695.00 368.00
20160621  10:54:00 15690.00 15705.00 15690.00 15700.00 410.00
20160621  10:55:00 15700.00 15705.00 15695.00 15695.00 680.00
20160621  10:56:00 15695.00 15705.00 15695.00 15705.00 368.00
20160621  10:57:00 15705.00 15705.00 15695.00 15705.00 396.00
20160621  10:58:00 15705.00 15705.00 15695.00 15700.00 212.00
20160621  10:59:00 15700.00 15700.00 15685.00 15685.00 610.00
20160621  11:00:00 15685.00 15690.00 15680.00 15685.00 1170.00
20160621  11:01:00 15685.00 15690.00 15680.00 15685.00 354.00
20160621  11:02:00 15685.00 15690.00 15685.00 15690.00 128.00
20160621  11:03:00 15690.00 15690.00 15670.00 15680.00 1540.00
20160621  11:04:00 15680.00 15685.00 15670.00 15670.00 1434.00
20160621  11:05:00 15670.00 15685.00 15670.00 15685.00 978.00
20160621  11:06:00 15685.00 15685.00 15675.00 15675.00 552.00
20160621  11:07:00 15675.00 15680.00 15675.00 15680.00 250.00
20160621  11:08:00 15675.00 15680.00 15675.00 15675.00 578.00
20160621  11:09:00 15675.00 15680.00 15670.00 15670.00 308.00
20160621  11:10:00 15670.00 15680.00 15670.00 15680.00 520.00
20160621  11:11:00 15680.00 15695.00 15680.00 15690.00 506.00
20160621  11:12:00 15690.00 15690.00 15680.00 15685.00 418.00
20160621  11:13:00 15685.00 15685.00 15680.00 15685.00 234.00
20160621  11:14:00 15685.00 15685.00 15680.00 15680.00 214.00
20160621  11:15:00 15680.00 15680.00 15675.00 15680.00 526.00
20160621  11:16:00 15675.00 15680.00 15675.00 15680.00 308.00
20160621  11:17:00 15680.00 15685.00 15675.00 15675.00 206.00
20160621  11:18:00 15675.00 15685.00 15675.00 15680.00 228.00
20160621  11:19:00 15680.00 15680.00 15670.00 15675.00 488.00
20160621  11:20:00 15675.00 15675.00 15670.00 15675.00 954.00
20160621  11:21:00 15675.00 15675.00 15675.00 15675.00 476.00
20160621  11:22:00 15675.00 15675.00 15670.00 15670.00 372.00
20160621  11:23:00 15670.00 15675.00 15670.00 15670.00 596.00
20160621  11:24:00 15670.00 15670.00 15660.00 15665.00 1310.00
20160621  11:25:00 15665.00 15675.00 15665.00 15675.00 564.00
20160621  11:26:00 15675.00 15680.00 15670.00 15670.00 446.00
20160621  11:27:00 15675.00 15675.00 15670.00 15670.00 290.00
20160621  11:28:00 15675.00 15675.00 15670.00 15670.00 386.00
20160621  11:29:00 15670.00 15680.00 15665.00 15675.00 1094.00
20160621  13:30:00 15675.00 15675.00 15660.00 15665.00 1348.00
20160621  13:31:00 15660.00 15670.00 15650.00 15665.00 1338.00
20160621  13:32:00 15665.00 15670.00 15660.00 15660.00 1230.00
20160621  13:33:00 15660.00 15665.00 15660.00 15660.00 490.00
20160621  13:34:00 15660.00 15665.00 15655.00 15665.00 634.00
20160621  13:35:00 15665.00 15675.00 15660.00 15670.00 830.00
20160621  13:36:00 15670.00 15670.00 15665.00 15670.00 484.00
20160621  13:37:00 15670.00 15675.00 15665.00 15670.00 698.00
20160621  13:38:00 15670.00 15675.00 15670.00 15675.00 924.00
20160621  13:39:00 15675.00 15680.00 15665.00 15670.00 468.00
20160621  13:40:00 15675.00 15675.00 15665.00 15670.00 694.00
20160621  13:41:00 15670.00 15675.00 15670.00 15675.00 986.00
20160621  13:42:00 15675.00 15675.00 15670.00 15675.00 542.00
20160621  13:43:00 15675.00 15685.00 15670.00 15685.00 922.00
20160621  13:44:00 15685.00 15695.00 15680.00 15690.00 874.00
20160621  13:45:00 15690.00 15695.00 15685.00 15690.00 690.00
20160621  13:46:00 15690.00 15695.00 15685.00 15695.00 406.00
20160621  13:47:00 15695.00 15695.00 15685.00 15685.00 340.00
20160621  13:48:00 15685.00 15685.00 15680.00 15685.00 280.00
20160621  13:49:00 15685.00 15690.00 15680.00 15690.00 606.00
20160621  13:50:00 15690.00 15690.00 15680.00 15685.00 200.00
20160621  13:51:00 15690.00 15690.00 15685.00 15690.00 284.00
20160621  13:52:00 15690.00 15690.00 15680.00 15680.00 132.00
20160621  13:53:00 15680.00 15685.00 15680.00 15685.00 190.00
20160621  13:54:00 15685.00 15685.00 15680.00 15685.00 722.00
20160621  13:55:00 15685.00 15685.00 15670.00 15670.00 920.00
20160621  13:56:00 15670.00 15675.00 15665.00 15670.00 876.00
20160621  13:57:00 15670.00 15670.00 15665.00 15670.00 508.00
20160621  13:58:00 15670.00 15675.00 15670.00 15675.00 130.00
20160621  13:59:00 15675.00 15675.00 15665.00 15670.00 548.00
20160621  14:00:00 15670.00 15670.00 15660.00 15665.00 1152.00
20160621  14:01:00 15665.00 15665.00 15660.00 15665.00 610.00
20160621  14:02:00 15665.00 15670.00 15665.00 15665.00 342.00
20160621  14:03:00 15665.00 15670.00 15665.00 15665.00 466.00
20160621  14:04:00 15665.00 15675.00 15665.00 15665.00 556.00
20160621  14:05:00 15665.00 15675.00 15665.00 15670.00 462.00
20160621  14:06:00 15670.00 15675.00 15670.00 15675.00 290.00
20160621  14:07:00 15670.00 15670.00 15665.00 15670.00 106.00
20160621  14:08:00 15670.00 15670.00 15665.00 15665.00  50.00
20160621  14:09:00 15665.00 15670.00 15665.00 15670.00 396.00
20160621  14:10:00 15670.00 15670.00 15670.00 15670.00  68.00
20160621  14:11:00 15670.00 15670.00 15665.00 15670.00 148.00
20160621  14:12:00 15670.00 15670.00 15655.00 15655.00 516.00
20160621  14:13:00 15660.00 15660.00 15655.00 15660.00 700.00
20160621  14:14:00 15660.00 15665.00 15660.00 15660.00  50.00
20160621  14:15:00 15660.00 15660.00 15655.00 15655.00 706.00
20160621  14:16:00 15660.00 15660.00 15655.00 15660.00 300.00
20160621  14:17:00 15660.00 15665.00 15655.00 15660.00 520.00
20160621  14:18:00 15660.00 15670.00 15660.00 15665.00 224.00
20160621  14:19:00 15665.00 15665.00 15660.00 15665.00 168.00
20160621  14:20:00 15665.00 15665.00 15660.00 15660.00 110.00
20160621  14:21:00 15665.00 15665.00 15660.00 15665.00 274.00
20160621  14:22:00 15665.00 15670.00 15660.00 15660.00 586.00
20160621  14:23:00 15660.00 15670.00 15660.00 15660.00 394.00
20160621  14:24:00 15660.00 15675.00 15660.00 15675.00 300.00
20160621  14:25:00 15675.00 15675.00 15670.00 15670.00 394.00
20160621  14:26:00 15670.00 15675.00 15670.00 15670.00 274.00
20160621  14:27:00 15670.00 15670.00 15665.00 15670.00 106.00
20160621  14:28:00 15665.00 15670.00 15665.00 15670.00  14.00
20160621  14:29:00 15670.00 15670.00 15665.00 15665.00  74.00
20160621  14:30:00 15665.00 15665.00 15655.00 15655.00 1390.00
20160621  14:31:00 15655.00 15660.00 15650.00 15650.00 644.00
20160621  14:32:00 15650.00 15660.00 15640.00 15655.00 1888.00
20160621  14:33:00 15655.00 15660.00 15650.00 15655.00 276.00
20160621  14:34:00 15655.00 15655.00 15640.00 15640.00 864.00
20160621  14:35:00 15640.00 15645.00 15620.00 15625.00 2532.00
20160621  14:36:00 15625.00 15645.00 15625.00 15635.00 1082.00
20160621  14:37:00 15635.00 15650.00 15635.00 15650.00 476.00
20160621  14:38:00 15650.00 15660.00 15650.00 15655.00 1008.00
20160621  14:39:00 15660.00 15660.00 15650.00 15655.00 482.00
20160621  14:40:00 15655.00 15655.00 15640.00 15645.00 712.00
20160621  14:41:00 15645.00 15665.00 15645.00 15660.00 694.00
20160621  14:42:00 15660.00 15660.00 15655.00 15660.00 192.00
20160621  14:43:00 15660.00 15665.00 15655.00 15655.00 702.00
20160621  14:44:00 15655.00 15655.00 15645.00 15650.00 670.00
20160621  14:45:00 15650.00 15650.00 15640.00 15640.00 758.00
20160621  14:46:00 15645.00 15655.00 15640.00 15650.00 714.00
20160621  14:47:00 15650.00 15660.00 15650.00 15650.00 478.00
20160621  14:48:00 15650.00 15655.00 15650.00 15650.00  98.00
20160621  14:49:00 15655.00 15660.00 15640.00 15640.00 1174.00
20160621  14:50:00 15640.00 15645.00 15635.00 15640.00 1100.00
20160621  14:51:00 15640.00 15645.00 15640.00 15640.00 182.00
20160621  14:52:00 15640.00 15645.00 15640.00 15640.00 256.00
20160621  14:53:00 15640.00 15650.00 15640.00 15645.00 632.00
20160621  14:54:00 15645.00 15655.00 15640.00 15655.00 1006.00
20160621  14:55:00 15650.00 15650.00 15640.00 15650.00 560.00
20160621  14:56:00 15650.00 15650.00 15645.00 15645.00 456.00
20160621  14:57:00 15645.00 15655.00 15645.00 15650.00 538.00
20160621  14:58:00 15650.00 15660.00 15645.00 15655.00 1124.00
20160621  14:59:00 15655.00 15660.00 15650.00 15655.00 1412.00
20160621  15:00:00 15655.00 15655.00 15655.00 15655.00   2.00
