20161206  21:00:00 22930.00 22960.00 22900.00 22920.00 2932.00
20161206  21:01:00 22920.00 22940.00 22895.00 22895.00 2324.00
20161206  21:02:00 22900.00 22915.00 22885.00 22900.00 2384.00
20161206  21:03:00 22900.00 22960.00 22890.00 22955.00 1748.00
20161206  21:04:00 22950.00 22950.00 22920.00 22945.00 994.00
20161206  21:05:00 22950.00 22965.00 22925.00 22935.00 1974.00
20161206  21:06:00 22935.00 22945.00 22905.00 22905.00 1760.00
20161206  21:07:00 22905.00 22905.00 22820.00 22825.00 3698.00
20161206  21:08:00 22830.00 22850.00 22805.00 22840.00 2440.00
20161206  21:09:00 22840.00 22860.00 22835.00 22860.00 1850.00
20161206  21:10:00 22860.00 22865.00 22840.00 22865.00 1690.00
20161206  21:11:00 22860.00 22890.00 22855.00 22865.00 1722.00
20161206  21:12:00 22860.00 22865.00 22840.00 22860.00 1056.00
20161206  21:13:00 22860.00 22915.00 22855.00 22900.00 1474.00
20161206  21:14:00 22895.00 22900.00 22875.00 22885.00 624.00
20161206  21:15:00 22885.00 22905.00 22885.00 22890.00 922.00
20161206  21:16:00 22895.00 22895.00 22885.00 22890.00 296.00
20161206  21:17:00 22890.00 22895.00 22875.00 22890.00 458.00
20161206  21:18:00 22890.00 22925.00 22890.00 22915.00 1242.00
20161206  21:19:00 22920.00 22935.00 22910.00 22935.00 1298.00
20161206  21:20:00 22930.00 23000.00 22930.00 22990.00 3690.00
20161206  21:21:00 22995.00 23030.00 22980.00 23020.00 3640.00
20161206  21:22:00 23015.00 23020.00 22980.00 22995.00 1870.00
20161206  21:23:00 23000.00 23045.00 22995.00 23035.00 1444.00
20161206  21:24:00 23035.00 23045.00 23005.00 23015.00 1952.00
20161206  21:25:00 23020.00 23065.00 23020.00 23045.00 2316.00
20161206  21:26:00 23045.00 23060.00 23030.00 23030.00 1678.00
20161206  21:27:00 23030.00 23050.00 23020.00 23050.00 1038.00
20161206  21:28:00 23050.00 23070.00 23030.00 23040.00 1386.00
20161206  21:29:00 23040.00 23080.00 23035.00 23055.00 1504.00
20161206  21:30:00 23055.00 23075.00 23045.00 23060.00 1532.00
20161206  21:31:00 23060.00 23075.00 23050.00 23070.00 1496.00
20161206  21:32:00 23065.00 23075.00 23020.00 23020.00 3470.00
20161206  21:33:00 23025.00 23035.00 23000.00 23005.00 1496.00
20161206  21:34:00 23015.00 23030.00 23010.00 23010.00 882.00
20161206  21:35:00 23010.00 23035.00 23010.00 23030.00 1698.00
20161206  21:36:00 23030.00 23030.00 23015.00 23015.00 672.00
20161206  21:37:00 23015.00 23035.00 23005.00 23030.00 872.00
20161206  21:38:00 23035.00 23035.00 22995.00 23010.00 1776.00
20161206  21:39:00 23010.00 23035.00 23005.00 23025.00 478.00
20161206  21:40:00 23030.00 23055.00 23030.00 23055.00 1106.00
20161206  21:41:00 23055.00 23115.00 23040.00 23110.00 2628.00
20161206  21:42:00 23115.00 23120.00 23085.00 23090.00 2202.00
20161206  21:43:00 23090.00 23100.00 23080.00 23085.00 1250.00
20161206  21:44:00 23080.00 23100.00 23070.00 23075.00 1516.00
20161206  21:45:00 23075.00 23085.00 23060.00 23070.00 1078.00
20161206  21:46:00 23070.00 23110.00 23070.00 23105.00 1790.00
20161206  21:47:00 23110.00 23155.00 23095.00 23140.00 3678.00
20161206  21:48:00 23145.00 23175.00 23135.00 23175.00 2920.00
20161206  21:49:00 23170.00 23190.00 23160.00 23165.00 2416.00
20161206  21:50:00 23165.00 23175.00 23150.00 23155.00 1664.00
20161206  21:51:00 23155.00 23165.00 23140.00 23160.00 2752.00
20161206  21:52:00 23160.00 23160.00 23140.00 23140.00 2454.00
20161206  21:53:00 23140.00 23145.00 23120.00 23125.00 1962.00
20161206  21:54:00 23130.00 23140.00 23110.00 23130.00 1366.00
20161206  21:55:00 23135.00 23170.00 23125.00 23160.00 1866.00
20161206  21:56:00 23160.00 23170.00 23150.00 23160.00 1272.00
20161206  21:57:00 23160.00 23215.00 23160.00 23195.00 3566.00
20161206  21:58:00 23195.00 23195.00 23160.00 23170.00 1220.00
20161206  21:59:00 23170.00 23205.00 23170.00 23200.00 1412.00
20161206  22:00:00 23200.00 23200.00 23160.00 23165.00 1860.00
20161206  22:01:00 23165.00 23175.00 23155.00 23170.00 1958.00
20161206  22:02:00 23165.00 23195.00 23135.00 23140.00 1736.00
20161206  22:03:00 23145.00 23150.00 23130.00 23145.00 1546.00
20161206  22:04:00 23145.00 23155.00 23090.00 23115.00 3534.00
20161206  22:05:00 23110.00 23115.00 23075.00 23080.00 2372.00
20161206  22:06:00 23075.00 23100.00 23070.00 23080.00 1978.00
20161206  22:07:00 23075.00 23095.00 23070.00 23090.00 1378.00
20161206  22:08:00 23090.00 23105.00 23075.00 23105.00 988.00
20161206  22:09:00 23100.00 23105.00 23055.00 23070.00 1854.00
20161206  22:10:00 23070.00 23075.00 23050.00 23055.00 1302.00
20161206  22:11:00 23060.00 23075.00 23045.00 23070.00 1554.00
20161206  22:12:00 23065.00 23090.00 23065.00 23080.00 1114.00
20161206  22:13:00 23080.00 23085.00 23045.00 23050.00 1272.00
20161206  22:14:00 23050.00 23065.00 23050.00 23065.00 636.00
20161206  22:15:00 23065.00 23070.00 23055.00 23060.00 650.00
20161206  22:16:00 23060.00 23095.00 23060.00 23085.00 1044.00
20161206  22:17:00 23090.00 23115.00 23085.00 23115.00 1332.00
20161206  22:18:00 23115.00 23130.00 23105.00 23125.00 2346.00
20161206  22:19:00 23125.00 23160.00 23125.00 23155.00 2194.00
20161206  22:20:00 23160.00 23165.00 23140.00 23160.00 3120.00
20161206  22:21:00 23155.00 23160.00 23140.00 23145.00 1622.00
20161206  22:22:00 23145.00 23180.00 23140.00 23180.00 1996.00
20161206  22:23:00 23180.00 23180.00 23145.00 23145.00 1124.00
20161206  22:24:00 23145.00 23150.00 23140.00 23145.00 1100.00
20161206  22:25:00 23150.00 23150.00 23110.00 23110.00 1928.00
20161206  22:26:00 23110.00 23115.00 23085.00 23095.00 1938.00
20161206  22:27:00 23095.00 23105.00 23080.00 23080.00 1280.00
20161206  22:28:00 23080.00 23105.00 23080.00 23100.00 760.00
20161206  22:29:00 23095.00 23115.00 23090.00 23095.00 678.00
20161206  22:30:00 23095.00 23095.00 23070.00 23090.00 1036.00
20161206  22:31:00 23095.00 23125.00 23090.00 23125.00 1152.00
20161206  22:32:00 23125.00 23140.00 23125.00 23125.00 848.00
20161206  22:33:00 23125.00 23130.00 23035.00 23050.00 2146.00
20161206  22:34:00 23050.00 23070.00 22970.00 22970.00 3778.00
20161206  22:35:00 22970.00 23025.00 22965.00 23005.00 3202.00
20161206  22:36:00 23005.00 23015.00 22990.00 23000.00 1694.00
20161206  22:37:00 23005.00 23040.00 23000.00 23015.00 1168.00
20161206  22:38:00 23020.00 23020.00 22990.00 23010.00 1550.00
20161206  22:39:00 23005.00 23035.00 23005.00 23010.00 1168.00
20161206  22:40:00 23010.00 23060.00 23010.00 23055.00 1578.00
20161206  22:41:00 23055.00 23090.00 23045.00 23085.00 1486.00
20161206  22:42:00 23085.00 23115.00 23080.00 23100.00 2594.00
20161206  22:43:00 23105.00 23140.00 23100.00 23120.00 2038.00
20161206  22:44:00 23120.00 23120.00 23085.00 23105.00 2008.00
20161206  22:45:00 23100.00 23140.00 23100.00 23130.00 1688.00
20161206  22:46:00 23130.00 23180.00 23130.00 23165.00 2912.00
20161206  22:47:00 23165.00 23165.00 23140.00 23140.00 1636.00
20161206  22:48:00 23140.00 23160.00 23135.00 23145.00 1134.00
20161206  22:49:00 23145.00 23155.00 23135.00 23150.00 900.00
20161206  22:50:00 23150.00 23205.00 23150.00 23200.00 3268.00
20161206  22:51:00 23205.00 23210.00 23165.00 23165.00 1952.00
20161206  22:52:00 23170.00 23210.00 23165.00 23205.00 2052.00
20161206  22:53:00 23200.00 23220.00 23190.00 23220.00 2874.00
20161206  22:54:00 23220.00 23230.00 23195.00 23205.00 2300.00
20161206  22:55:00 23195.00 23200.00 23160.00 23190.00 2482.00
20161206  22:56:00 23190.00 23195.00 23175.00 23180.00 838.00
20161206  22:57:00 23180.00 23195.00 23180.00 23185.00 988.00
20161206  22:58:00 23185.00 23190.00 23165.00 23170.00 1168.00
20161206  22:59:00 23170.00 23195.00 23170.00 23190.00 1064.00
20161206  23:00:00 23190.00 23195.00 23175.00 23185.00 1146.00
20161206  23:01:00 23185.00 23190.00 23145.00 23160.00 2068.00
20161206  23:02:00 23160.00 23175.00 23155.00 23175.00 1148.00
20161206  23:03:00 23175.00 23180.00 23135.00 23155.00 1756.00
20161206  23:04:00 23155.00 23160.00 23125.00 23135.00 1468.00
20161206  23:05:00 23135.00 23150.00 23130.00 23135.00 972.00
20161206  23:06:00 23135.00 23185.00 23135.00 23180.00 1458.00
20161206  23:07:00 23180.00 23190.00 23170.00 23185.00 1756.00
20161206  23:08:00 23185.00 23210.00 23180.00 23185.00 3062.00
20161206  23:09:00 23185.00 23200.00 23170.00 23200.00 1726.00
20161206  23:10:00 23205.00 23205.00 23175.00 23175.00 1624.00
20161206  23:11:00 23175.00 23185.00 23170.00 23170.00 646.00
20161206  23:12:00 23170.00 23250.00 23165.00 23230.00 4368.00
20161206  23:13:00 23225.00 23235.00 23210.00 23210.00 1774.00
20161206  23:14:00 23210.00 23235.00 23205.00 23235.00 1698.00
20161206  23:15:00 23240.00 23240.00 23195.00 23205.00 2020.00
20161206  23:16:00 23205.00 23255.00 23205.00 23245.00 2424.00
20161206  23:17:00 23240.00 23240.00 23210.00 23215.00 1544.00
20161206  23:18:00 23215.00 23225.00 23210.00 23215.00 1322.00
20161206  23:19:00 23215.00 23240.00 23215.00 23240.00 1496.00
20161206  23:20:00 23235.00 23240.00 23215.00 23215.00 1010.00
20161206  23:21:00 23215.00 23225.00 23200.00 23215.00 1384.00
20161206  23:22:00 23220.00 23260.00 23215.00 23245.00 2058.00
20161206  23:23:00 23250.00 23280.00 23245.00 23250.00 2812.00
20161206  23:24:00 23250.00 23260.00 23225.00 23230.00 1304.00
20161206  23:25:00 23225.00 23230.00 23190.00 23190.00 2344.00
20161206  23:26:00 23190.00 23210.00 23190.00 23205.00 1308.00
20161206  23:27:00 23200.00 23205.00 23185.00 23200.00 1108.00
20161206  23:28:00 23200.00 23205.00 23185.00 23200.00 884.00
20161206  23:29:00 23200.00 23210.00 23185.00 23200.00 1184.00
20161206  23:30:00 23200.00 23225.00 23195.00 23220.00 1146.00
20161206  23:31:00 23220.00 23220.00 23195.00 23195.00 1266.00
20161206  23:32:00 23195.00 23195.00 23175.00 23185.00 1306.00
20161206  23:33:00 23185.00 23210.00 23185.00 23210.00 766.00
20161206  23:34:00 23210.00 23225.00 23205.00 23215.00 1286.00
20161206  23:35:00 23215.00 23245.00 23215.00 23240.00 1754.00
20161206  23:36:00 23245.00 23245.00 23200.00 23200.00 1280.00
20161206  23:37:00 23200.00 23235.00 23200.00 23230.00 894.00
20161206  23:38:00 23230.00 23230.00 23215.00 23220.00 574.00
20161206  23:39:00 23220.00 23225.00 23205.00 23210.00 808.00
20161206  23:40:00 23210.00 23220.00 23205.00 23205.00 664.00
20161206  23:41:00 23205.00 23215.00 23205.00 23215.00 278.00
20161206  23:42:00 23215.00 23225.00 23215.00 23225.00 630.00
20161206  23:43:00 23225.00 23225.00 23205.00 23205.00 634.00
20161206  23:44:00 23205.00 23215.00 23200.00 23215.00 330.00
20161206  23:45:00 23210.00 23230.00 23210.00 23225.00 618.00
20161206  23:46:00 23230.00 23240.00 23220.00 23230.00 1010.00
20161206  23:47:00 23230.00 23235.00 23215.00 23220.00 800.00
20161206  23:48:00 23220.00 23225.00 23210.00 23210.00 564.00
20161206  23:49:00 23210.00 23215.00 23185.00 23185.00 1330.00
20161206  23:50:00 23185.00 23205.00 23180.00 23195.00 920.00
20161206  23:51:00 23195.00 23205.00 23195.00 23200.00 260.00
20161206  23:52:00 23200.00 23215.00 23195.00 23215.00 474.00
20161206  23:53:00 23215.00 23220.00 23210.00 23220.00 482.00
20161206  23:54:00 23220.00 23220.00 23210.00 23220.00 328.00
20161206  23:55:00 23220.00 23250.00 23215.00 23240.00 2036.00
20161206  23:56:00 23240.00 23250.00 23230.00 23235.00 1050.00
20161206  23:57:00 23235.00 23235.00 23215.00 23215.00 792.00
20161206  23:58:00 23220.00 23230.00 23220.00 23230.00 486.00
20161206  23:59:00 23230.00 23235.00 23225.00 23225.00 540.00
20161207  00:00:00 23225.00 23240.00 23220.00 23225.00 416.00
20161207  00:01:00 23225.00 23230.00 23225.00 23225.00 258.00
20161207  00:02:00 23225.00 23230.00 23220.00 23220.00 516.00
20161207  00:03:00 23220.00 23220.00 23195.00 23200.00 1020.00
20161207  00:04:00 23200.00 23205.00 23170.00 23190.00 1690.00
20161207  00:05:00 23185.00 23200.00 23175.00 23185.00 674.00
20161207  00:06:00 23185.00 23195.00 23140.00 23165.00 2008.00
20161207  00:07:00 23160.00 23170.00 23160.00 23160.00 628.00
20161207  00:08:00 23160.00 23170.00 23145.00 23165.00 1154.00
20161207  00:09:00 23165.00 23180.00 23155.00 23175.00 760.00
20161207  00:10:00 23175.00 23180.00 23165.00 23165.00 446.00
20161207  00:11:00 23170.00 23195.00 23170.00 23195.00 670.00
20161207  00:12:00 23195.00 23195.00 23185.00 23185.00 260.00
20161207  00:13:00 23190.00 23200.00 23180.00 23195.00 498.00
20161207  00:14:00 23200.00 23200.00 23185.00 23195.00 270.00
20161207  00:15:00 23195.00 23195.00 23185.00 23185.00 244.00
20161207  00:16:00 23185.00 23185.00 23160.00 23160.00 750.00
20161207  00:17:00 23160.00 23170.00 23160.00 23165.00 368.00
20161207  00:18:00 23165.00 23175.00 23165.00 23175.00 256.00
20161207  00:19:00 23175.00 23175.00 23165.00 23165.00 144.00
20161207  00:20:00 23165.00 23165.00 23135.00 23145.00 1214.00
20161207  00:21:00 23145.00 23155.00 23140.00 23150.00 354.00
20161207  00:22:00 23150.00 23155.00 23140.00 23155.00 296.00
20161207  00:23:00 23155.00 23165.00 23150.00 23150.00 472.00
20161207  00:24:00 23150.00 23160.00 23150.00 23155.00 134.00
20161207  00:25:00 23155.00 23155.00 23105.00 23115.00 1172.00
20161207  00:26:00 23125.00 23130.00 23120.00 23125.00 758.00
20161207  00:27:00 23125.00 23155.00 23125.00 23150.00 534.00
20161207  00:28:00 23150.00 23155.00 23140.00 23155.00 486.00
20161207  00:29:00 23155.00 23170.00 23145.00 23170.00 512.00
20161207  00:30:00 23170.00 23180.00 23165.00 23175.00 674.00
20161207  00:31:00 23170.00 23175.00 23155.00 23165.00 336.00
20161207  00:32:00 23165.00 23165.00 23155.00 23160.00 122.00
20161207  00:33:00 23160.00 23175.00 23150.00 23175.00 432.00
20161207  00:34:00 23175.00 23205.00 23170.00 23205.00 1136.00
20161207  00:35:00 23210.00 23215.00 23190.00 23205.00 948.00
20161207  00:36:00 23205.00 23210.00 23195.00 23200.00 726.00
20161207  00:37:00 23200.00 23200.00 23180.00 23185.00 708.00
20161207  00:38:00 23190.00 23210.00 23185.00 23200.00 742.00
20161207  00:39:00 23200.00 23215.00 23200.00 23205.00 552.00
20161207  00:40:00 23205.00 23205.00 23185.00 23205.00 494.00
20161207  00:41:00 23205.00 23235.00 23205.00 23230.00 1222.00
20161207  00:42:00 23230.00 23230.00 23215.00 23215.00 442.00
20161207  00:43:00 23215.00 23235.00 23215.00 23225.00 810.00
20161207  00:44:00 23225.00 23230.00 23215.00 23225.00 442.00
20161207  00:45:00 23225.00 23240.00 23215.00 23220.00 682.00
20161207  00:46:00 23225.00 23230.00 23200.00 23210.00 876.00
20161207  00:47:00 23205.00 23225.00 23205.00 23225.00 396.00
20161207  00:48:00 23220.00 23265.00 23220.00 23260.00 1594.00
20161207  00:49:00 23265.00 23285.00 23240.00 23265.00 2220.00
20161207  00:50:00 23265.00 23265.00 23230.00 23235.00 748.00
20161207  00:51:00 23235.00 23245.00 23225.00 23230.00 432.00
20161207  00:52:00 23225.00 23250.00 23225.00 23240.00 462.00
20161207  00:53:00 23240.00 23245.00 23235.00 23245.00 366.00
20161207  00:54:00 23245.00 23250.00 23240.00 23245.00 260.00
20161207  00:55:00 23250.00 23260.00 23240.00 23245.00 660.00
20161207  00:56:00 23235.00 23260.00 23235.00 23255.00 616.00
20161207  00:57:00 23255.00 23260.00 23235.00 23245.00 762.00
20161207  00:58:00 23240.00 23280.00 23235.00 23280.00 924.00
20161207  00:59:00 23280.00 23340.00 23270.00 23305.00 3320.00
20161207  01:00:00 23305.00 23305.00 23305.00 23305.00  12.00
20161207  09:00:00 23310.00 23365.00 23305.00 23320.00 4480.00
20161207  09:01:00 23320.00 23375.00 23320.00 23365.00 2732.00
20161207  09:02:00 23365.00 23370.00 23330.00 23335.00 2488.00
20161207  09:03:00 23340.00 23360.00 23300.00 23300.00 2200.00
20161207  09:04:00 23295.00 23300.00 23245.00 23260.00 2126.00
20161207  09:05:00 23265.00 23265.00 23200.00 23230.00 3882.00
20161207  09:06:00 23235.00 23240.00 23205.00 23205.00 2108.00
20161207  09:07:00 23200.00 23250.00 23200.00 23235.00 2084.00
20161207  09:08:00 23235.00 23260.00 23235.00 23250.00 1632.00
20161207  09:09:00 23250.00 23270.00 23230.00 23270.00 1736.00
20161207  09:10:00 23270.00 23295.00 23260.00 23280.00 1966.00
20161207  09:11:00 23285.00 23305.00 23275.00 23300.00 1656.00
20161207  09:12:00 23285.00 23300.00 23270.00 23285.00 1038.00
20161207  09:13:00 23285.00 23285.00 23255.00 23285.00 992.00
20161207  09:14:00 23280.00 23315.00 23280.00 23305.00 934.00
20161207  09:15:00 23300.00 23305.00 23265.00 23265.00 1052.00
20161207  09:16:00 23265.00 23290.00 23255.00 23280.00 1078.00
20161207  09:17:00 23280.00 23285.00 23265.00 23275.00 466.00
20161207  09:18:00 23275.00 23315.00 23275.00 23305.00 1302.00
20161207  09:19:00 23305.00 23330.00 23295.00 23315.00 1598.00
20161207  09:20:00 23315.00 23320.00 23275.00 23275.00 2208.00
20161207  09:21:00 23270.00 23275.00 23235.00 23250.00 1906.00
20161207  09:22:00 23255.00 23270.00 23235.00 23245.00 2152.00
20161207  09:23:00 23245.00 23250.00 23220.00 23250.00 1288.00
20161207  09:24:00 23250.00 23255.00 23230.00 23235.00 1130.00
20161207  09:25:00 23235.00 23235.00 23145.00 23190.00 4184.00
20161207  09:26:00 23185.00 23220.00 23180.00 23210.00 1278.00
20161207  09:27:00 23210.00 23215.00 23180.00 23190.00 1334.00
20161207  09:28:00 23190.00 23220.00 23185.00 23200.00 1066.00
20161207  09:29:00 23195.00 23220.00 23190.00 23210.00 1040.00
20161207  09:30:00 23205.00 23225.00 23190.00 23225.00 1110.00
20161207  09:31:00 23225.00 23240.00 23215.00 23220.00 1798.00
20161207  09:32:00 23210.00 23240.00 23210.00 23230.00 620.00
20161207  09:33:00 23225.00 23240.00 23220.00 23230.00 788.00
20161207  09:34:00 23230.00 23235.00 23210.00 23215.00 522.00
20161207  09:35:00 23215.00 23225.00 23195.00 23195.00 1378.00
20161207  09:36:00 23195.00 23200.00 23155.00 23160.00 1844.00
20161207  09:37:00 23165.00 23195.00 23160.00 23195.00 944.00
20161207  09:38:00 23190.00 23225.00 23185.00 23220.00 1086.00
20161207  09:39:00 23220.00 23250.00 23215.00 23240.00 1024.00
20161207  09:40:00 23240.00 23245.00 23215.00 23225.00 1072.00
20161207  09:41:00 23225.00 23240.00 23190.00 23195.00 922.00
20161207  09:42:00 23200.00 23210.00 23185.00 23185.00 680.00
20161207  09:43:00 23185.00 23200.00 23185.00 23195.00 940.00
20161207  09:44:00 23200.00 23225.00 23195.00 23210.00 864.00
20161207  09:45:00 23215.00 23220.00 23180.00 23180.00 778.00
20161207  09:46:00 23180.00 23195.00 23170.00 23190.00 894.00
20161207  09:47:00 23190.00 23190.00 23145.00 23145.00 1224.00
20161207  09:48:00 23140.00 23165.00 23125.00 23155.00 2156.00
20161207  09:49:00 23150.00 23180.00 23150.00 23175.00 1174.00
20161207  09:50:00 23180.00 23180.00 23160.00 23165.00 368.00
20161207  09:51:00 23165.00 23165.00 23145.00 23155.00 1174.00
20161207  09:52:00 23150.00 23160.00 23140.00 23140.00 706.00
20161207  09:53:00 23140.00 23165.00 23140.00 23165.00 554.00
20161207  09:54:00 23165.00 23205.00 23160.00 23190.00 1572.00
20161207  09:55:00 23195.00 23205.00 23190.00 23195.00 776.00
20161207  09:56:00 23195.00 23200.00 23180.00 23195.00 748.00
20161207  09:57:00 23190.00 23195.00 23175.00 23175.00 542.00
20161207  09:58:00 23180.00 23200.00 23170.00 23190.00 720.00
20161207  09:59:00 23195.00 23195.00 23175.00 23195.00 368.00
20161207  10:00:00 23190.00 23195.00 23130.00 23145.00 1922.00
20161207  10:01:00 23145.00 23155.00 23105.00 23115.00 2136.00
20161207  10:02:00 23110.00 23115.00 23060.00 23090.00 3574.00
20161207  10:03:00 23090.00 23090.00 23045.00 23065.00 2442.00
20161207  10:04:00 23065.00 23095.00 23060.00 23090.00 1912.00
20161207  10:05:00 23090.00 23090.00 23020.00 23030.00 2700.00
20161207  10:06:00 23030.00 23055.00 23020.00 23040.00 2496.00
20161207  10:07:00 23045.00 23065.00 23035.00 23035.00 1246.00
20161207  10:08:00 23035.00 23055.00 23035.00 23050.00 1162.00
20161207  10:09:00 23050.00 23065.00 23040.00 23055.00 1372.00
20161207  10:10:00 23055.00 23055.00 23020.00 23035.00 1212.00
20161207  10:11:00 23035.00 23065.00 23035.00 23065.00 962.00
20161207  10:12:00 23060.00 23095.00 23060.00 23085.00 1826.00
20161207  10:13:00 23085.00 23085.00 23065.00 23065.00 622.00
20161207  10:14:00 23065.00 23090.00 23065.00 23075.00 702.00
20161207  10:30:00 23075.00 23080.00 23045.00 23065.00 1458.00
20161207  10:31:00 23065.00 23085.00 23060.00 23080.00 484.00
20161207  10:32:00 23080.00 23110.00 23075.00 23105.00 1670.00
20161207  10:33:00 23105.00 23130.00 23095.00 23120.00 1822.00
20161207  10:34:00 23120.00 23130.00 23105.00 23110.00 1036.00
20161207  10:35:00 23110.00 23135.00 23110.00 23125.00 974.00
20161207  10:36:00 23125.00 23130.00 23105.00 23110.00 1084.00
20161207  10:37:00 23110.00 23110.00 23075.00 23075.00 1214.00
20161207  10:38:00 23075.00 23095.00 23075.00 23095.00 726.00
20161207  10:39:00 23090.00 23095.00 23080.00 23080.00 500.00
20161207  10:40:00 23080.00 23080.00 23060.00 23075.00 1004.00
20161207  10:41:00 23075.00 23080.00 23070.00 23075.00 292.00
20161207  10:42:00 23075.00 23100.00 23065.00 23100.00 1082.00
20161207  10:43:00 23100.00 23135.00 23100.00 23115.00 1952.00
20161207  10:44:00 23115.00 23175.00 23115.00 23175.00 2764.00
20161207  10:45:00 23180.00 23180.00 23155.00 23160.00 1652.00
20161207  10:46:00 23160.00 23170.00 23155.00 23155.00 972.00
20161207  10:47:00 23155.00 23170.00 23135.00 23165.00 1214.00
20161207  10:48:00 23170.00 23205.00 23160.00 23205.00 2600.00
20161207  10:49:00 23205.00 23230.00 23195.00 23200.00 2046.00
20161207  10:50:00 23200.00 23215.00 23200.00 23210.00 1288.00
20161207  10:51:00 23215.00 23215.00 23180.00 23185.00 1006.00
20161207  10:52:00 23185.00 23185.00 23155.00 23155.00 892.00
20161207  10:53:00 23150.00 23185.00 23145.00 23175.00 1334.00
20161207  10:54:00 23175.00 23205.00 23175.00 23195.00 678.00
20161207  10:55:00 23195.00 23230.00 23190.00 23230.00 1574.00
20161207  10:56:00 23230.00 23230.00 23185.00 23205.00 1626.00
20161207  10:57:00 23205.00 23215.00 23190.00 23200.00 1308.00
20161207  10:58:00 23200.00 23210.00 23185.00 23205.00 808.00
20161207  10:59:00 23200.00 23220.00 23195.00 23205.00 1524.00
20161207  11:00:00 23210.00 23260.00 23210.00 23235.00 2410.00
20161207  11:01:00 23235.00 23245.00 23220.00 23230.00 816.00
20161207  11:02:00 23230.00 23230.00 23185.00 23210.00 1692.00
20161207  11:03:00 23210.00 23210.00 23175.00 23175.00 1340.00
20161207  11:04:00 23175.00 23210.00 23170.00 23200.00 1320.00
20161207  11:05:00 23200.00 23210.00 23185.00 23185.00 504.00
20161207  11:06:00 23185.00 23195.00 23170.00 23170.00 864.00
20161207  11:07:00 23175.00 23200.00 23165.00 23165.00 920.00
20161207  11:08:00 23165.00 23180.00 23160.00 23170.00 438.00
20161207  11:09:00 23170.00 23180.00 23165.00 23180.00 602.00
20161207  11:10:00 23185.00 23185.00 23130.00 23130.00 996.00
20161207  11:11:00 23130.00 23130.00 23075.00 23095.00 2318.00
20161207  11:12:00 23095.00 23095.00 23020.00 23020.00 3468.00
20161207  11:13:00 23020.00 23065.00 23020.00 23065.00 1926.00
20161207  11:14:00 23065.00 23115.00 23050.00 23100.00 1924.00
20161207  11:15:00 23095.00 23100.00 23050.00 23075.00 1238.00
20161207  11:16:00 23075.00 23075.00 23035.00 23060.00 1566.00
20161207  11:17:00 23065.00 23090.00 23065.00 23080.00 1324.00
20161207  11:18:00 23085.00 23085.00 23050.00 23070.00 680.00
20161207  11:19:00 23075.00 23085.00 23040.00 23040.00 798.00
20161207  11:20:00 23045.00 23070.00 23035.00 23070.00 694.00
20161207  11:21:00 23065.00 23070.00 23040.00 23045.00 514.00
20161207  11:22:00 23045.00 23065.00 23035.00 23060.00 870.00
20161207  11:23:00 23060.00 23085.00 23060.00 23085.00 646.00
20161207  11:24:00 23085.00 23115.00 23075.00 23100.00 1242.00
20161207  11:25:00 23105.00 23105.00 23080.00 23090.00 498.00
20161207  11:26:00 23090.00 23105.00 23080.00 23085.00 436.00
20161207  11:27:00 23080.00 23095.00 23080.00 23090.00 166.00
20161207  11:28:00 23095.00 23110.00 23085.00 23110.00 688.00
20161207  11:29:00 23115.00 23125.00 23105.00 23105.00 1028.00
20161207  13:30:00 23135.00 23160.00 23135.00 23160.00 1450.00
20161207  13:31:00 23160.00 23175.00 23145.00 23150.00 1348.00
20161207  13:32:00 23150.00 23185.00 23150.00 23180.00 1018.00
20161207  13:33:00 23175.00 23180.00 23165.00 23170.00 690.00
20161207  13:34:00 23170.00 23175.00 23160.00 23160.00 612.00
20161207  13:35:00 23155.00 23165.00 23145.00 23165.00 586.00
20161207  13:36:00 23165.00 23185.00 23160.00 23185.00 1030.00
20161207  13:37:00 23185.00 23195.00 23170.00 23175.00 1116.00
20161207  13:38:00 23175.00 23195.00 23175.00 23195.00 918.00
20161207  13:39:00 23195.00 23210.00 23185.00 23205.00 1560.00
20161207  13:40:00 23200.00 23215.00 23175.00 23210.00 1132.00
20161207  13:41:00 23215.00 23265.00 23210.00 23245.00 2566.00
20161207  13:42:00 23245.00 23265.00 23235.00 23245.00 2224.00
20161207  13:43:00 23245.00 23260.00 23240.00 23255.00 1138.00
20161207  13:44:00 23250.00 23255.00 23220.00 23240.00 1622.00
20161207  13:45:00 23245.00 23250.00 23235.00 23240.00 784.00
20161207  13:46:00 23240.00 23260.00 23230.00 23255.00 1336.00
20161207  13:47:00 23250.00 23280.00 23245.00 23270.00 1738.00
20161207  13:48:00 23275.00 23290.00 23255.00 23255.00 3186.00
20161207  13:49:00 23255.00 23300.00 23255.00 23290.00 2166.00
20161207  13:50:00 23285.00 23290.00 23230.00 23235.00 2166.00
20161207  13:51:00 23230.00 23240.00 23200.00 23230.00 1634.00
20161207  13:52:00 23225.00 23235.00 23210.00 23230.00 726.00
20161207  13:53:00 23225.00 23230.00 23215.00 23225.00 660.00
20161207  13:54:00 23225.00 23250.00 23215.00 23245.00 1056.00
20161207  13:55:00 23245.00 23275.00 23240.00 23255.00 1104.00
20161207  13:56:00 23255.00 23255.00 23225.00 23235.00 990.00
20161207  13:57:00 23235.00 23250.00 23205.00 23215.00 1072.00
20161207  13:58:00 23215.00 23255.00 23215.00 23255.00 610.00
20161207  13:59:00 23255.00 23260.00 23245.00 23250.00 946.00
20161207  14:00:00 23245.00 23260.00 23235.00 23250.00 690.00
20161207  14:01:00 23250.00 23260.00 23245.00 23245.00 736.00
20161207  14:02:00 23240.00 23245.00 23220.00 23240.00 844.00
20161207  14:03:00 23240.00 23270.00 23235.00 23265.00 654.00
20161207  14:04:00 23265.00 23300.00 23260.00 23295.00 2436.00
20161207  14:05:00 23290.00 23310.00 23265.00 23275.00 2262.00
20161207  14:06:00 23270.00 23275.00 23255.00 23275.00 990.00
20161207  14:07:00 23275.00 23285.00 23260.00 23270.00 802.00
20161207  14:08:00 23270.00 23275.00 23235.00 23255.00 874.00
20161207  14:09:00 23250.00 23265.00 23250.00 23250.00 572.00
20161207  14:10:00 23250.00 23270.00 23245.00 23260.00 534.00
20161207  14:11:00 23260.00 23265.00 23255.00 23260.00 406.00
20161207  14:12:00 23260.00 23275.00 23255.00 23255.00 650.00
20161207  14:13:00 23255.00 23265.00 23245.00 23265.00 590.00
20161207  14:14:00 23260.00 23300.00 23260.00 23285.00 1812.00
20161207  14:15:00 23285.00 23290.00 23240.00 23240.00 1048.00
20161207  14:16:00 23240.00 23260.00 23225.00 23255.00 1348.00
20161207  14:17:00 23260.00 23310.00 23255.00 23310.00 1508.00
20161207  14:18:00 23310.00 23320.00 23290.00 23300.00 2142.00
20161207  14:19:00 23300.00 23330.00 23300.00 23325.00 2212.00
20161207  14:20:00 23330.00 23410.00 23330.00 23410.00 6792.00
20161207  14:21:00 23405.00 23490.00 23405.00 23485.00 7796.00
20161207  14:22:00 23485.00 23485.00 23425.00 23445.00 5528.00
20161207  14:23:00 23450.00 23460.00 23425.00 23445.00 3418.00
20161207  14:24:00 23445.00 23450.00 23415.00 23440.00 2376.00
20161207  14:25:00 23445.00 23445.00 23395.00 23400.00 3158.00
20161207  14:26:00 23400.00 23425.00 23385.00 23415.00 1904.00
20161207  14:27:00 23415.00 23425.00 23405.00 23420.00 1536.00
20161207  14:28:00 23420.00 23425.00 23390.00 23410.00 1434.00
20161207  14:29:00 23405.00 23410.00 23390.00 23390.00 1252.00
20161207  14:30:00 23390.00 23420.00 23390.00 23415.00 1374.00
20161207  14:31:00 23415.00 23445.00 23410.00 23440.00 2256.00
20161207  14:32:00 23445.00 23470.00 23425.00 23430.00 2218.00
20161207  14:33:00 23430.00 23445.00 23415.00 23420.00 1852.00
20161207  14:34:00 23415.00 23470.00 23410.00 23465.00 1966.00
20161207  14:35:00 23465.00 23470.00 23445.00 23455.00 2100.00
20161207  14:36:00 23460.00 23470.00 23440.00 23455.00 1032.00
20161207  14:37:00 23455.00 23490.00 23445.00 23475.00 2482.00
20161207  14:38:00 23475.00 23525.00 23465.00 23490.00 3666.00
20161207  14:39:00 23490.00 23495.00 23480.00 23485.00 1768.00
20161207  14:40:00 23485.00 23520.00 23480.00 23495.00 1896.00
20161207  14:41:00 23490.00 23505.00 23460.00 23475.00 1534.00
20161207  14:42:00 23475.00 23475.00 23390.00 23410.00 3134.00
20161207  14:43:00 23400.00 23415.00 23390.00 23405.00 2306.00
20161207  14:44:00 23400.00 23435.00 23400.00 23415.00 2974.00
20161207  14:45:00 23420.00 23450.00 23420.00 23430.00 1610.00
20161207  14:46:00 23430.00 23435.00 23415.00 23425.00 904.00
20161207  14:47:00 23425.00 23440.00 23420.00 23435.00 972.00
20161207  14:48:00 23430.00 23430.00 23415.00 23415.00 620.00
20161207  14:49:00 23415.00 23430.00 23415.00 23425.00 878.00
20161207  14:50:00 23425.00 23430.00 23410.00 23420.00 836.00
20161207  14:51:00 23420.00 23430.00 23410.00 23410.00 952.00
20161207  14:52:00 23410.00 23445.00 23410.00 23445.00 1282.00
20161207  14:53:00 23445.00 23450.00 23415.00 23425.00 1052.00
20161207  14:54:00 23425.00 23435.00 23415.00 23420.00 950.00
20161207  14:55:00 23420.00 23425.00 23360.00 23375.00 3730.00
20161207  14:56:00 23375.00 23380.00 23355.00 23380.00 2404.00
20161207  14:57:00 23380.00 23380.00 23360.00 23365.00 2570.00
20161207  14:58:00 23370.00 23370.00 23340.00 23350.00 2716.00
20161207  14:59:00 23340.00 23340.00 23305.00 23305.00 4086.00
20161207  15:00:00 23310.00 23310.00 23310.00 23310.00  34.00
