20160714  21:00:00 17010.00 17035.00 17010.00 17025.00 2746.00
20160714  21:01:00 17025.00 17030.00 17015.00 17025.00 1450.00
20160714  21:02:00 17025.00 17025.00 17010.00 17015.00 1086.00
20160714  21:03:00 17015.00 17015.00 16985.00 16985.00 1704.00
20160714  21:04:00 16985.00 17010.00 16985.00 17005.00 1364.00
20160714  21:05:00 17005.00 17020.00 17005.00 17020.00 918.00
20160714  21:06:00 17020.00 17030.00 17010.00 17025.00 1334.00
20160714  21:07:00 17025.00 17065.00 17025.00 17065.00 3142.00
20160714  21:08:00 17060.00 17065.00 17040.00 17050.00 1844.00
20160714  21:09:00 17055.00 17055.00 17040.00 17050.00 1798.00
20160714  21:10:00 17050.00 17070.00 17045.00 17065.00 2194.00
20160714  21:11:00 17060.00 17065.00 17045.00 17060.00 1070.00
20160714  21:12:00 17055.00 17060.00 17035.00 17045.00 1458.00
20160714  21:13:00 17050.00 17090.00 17045.00 17085.00 2998.00
20160714  21:14:00 17080.00 17105.00 17070.00 17105.00 3108.00
20160714  21:15:00 17105.00 17120.00 17080.00 17080.00 2870.00
20160714  21:16:00 17080.00 17085.00 17070.00 17075.00 1018.00
20160714  21:17:00 17075.00 17090.00 17075.00 17090.00 1094.00
20160714  21:18:00 17085.00 17085.00 17065.00 17070.00 780.00
20160714  21:19:00 17070.00 17080.00 17065.00 17065.00 274.00
20160714  21:20:00 17065.00 17075.00 17065.00 17075.00 504.00
20160714  21:21:00 17075.00 17080.00 17065.00 17075.00 802.00
20160714  21:22:00 17075.00 17080.00 17065.00 17080.00 664.00
20160714  21:23:00 17075.00 17080.00 17065.00 17075.00 732.00
20160714  21:24:00 17080.00 17085.00 17070.00 17080.00 612.00
20160714  21:25:00 17080.00 17080.00 17065.00 17070.00 912.00
20160714  21:26:00 17070.00 17075.00 17065.00 17075.00 502.00
20160714  21:27:00 17075.00 17075.00 17050.00 17060.00 1194.00
20160714  21:28:00 17060.00 17065.00 17040.00 17040.00 1804.00
20160714  21:29:00 17045.00 17055.00 17040.00 17050.00 1274.00
20160714  21:30:00 17050.00 17060.00 17025.00 17025.00 2236.00
20160714  21:31:00 17025.00 17050.00 17025.00 17045.00 1068.00
20160714  21:32:00 17045.00 17055.00 17035.00 17035.00 824.00
20160714  21:33:00 17035.00 17040.00 16970.00 16975.00 4012.00
20160714  21:34:00 16975.00 17005.00 16975.00 17000.00 2050.00
20160714  21:35:00 17000.00 17005.00 16985.00 17000.00 1312.00
20160714  21:36:00 16995.00 17020.00 16995.00 17015.00 902.00
20160714  21:37:00 17015.00 17020.00 17000.00 17005.00 846.00
20160714  21:38:00 17000.00 17015.00 17000.00 17000.00 682.00
20160714  21:39:00 17000.00 17010.00 16995.00 17010.00 318.00
20160714  21:40:00 17005.00 17010.00 16980.00 17000.00 1634.00
20160714  21:41:00 17000.00 17005.00 16985.00 16995.00 1052.00
20160714  21:42:00 16995.00 17005.00 16995.00 17000.00 856.00
20160714  21:43:00 17000.00 17000.00 16985.00 16985.00 376.00
20160714  21:44:00 16985.00 16990.00 16950.00 16955.00 2910.00
20160714  21:45:00 16960.00 16960.00 16910.00 16930.00 3866.00
20160714  21:46:00 16930.00 16955.00 16930.00 16945.00 1216.00
20160714  21:47:00 16945.00 16955.00 16935.00 16955.00 742.00
20160714  21:48:00 16955.00 16955.00 16935.00 16940.00 1466.00
20160714  21:49:00 16940.00 16950.00 16930.00 16950.00 402.00
20160714  21:50:00 16950.00 16950.00 16930.00 16935.00 792.00
20160714  21:51:00 16935.00 16950.00 16935.00 16945.00 568.00
20160714  21:52:00 16945.00 16955.00 16945.00 16945.00 280.00
20160714  21:53:00 16950.00 16965.00 16950.00 16965.00 778.00
20160714  21:54:00 16965.00 16970.00 16955.00 16965.00 452.00
20160714  21:55:00 16965.00 16965.00 16945.00 16945.00 456.00
20160714  21:56:00 16950.00 16965.00 16945.00 16965.00 602.00
20160714  21:57:00 16965.00 16985.00 16960.00 16985.00 720.00
20160714  21:58:00 16980.00 16985.00 16965.00 16970.00 512.00
20160714  21:59:00 16970.00 16970.00 16945.00 16955.00 1032.00
20160714  22:00:00 16955.00 16955.00 16925.00 16940.00 2010.00
20160714  22:01:00 16940.00 16950.00 16930.00 16945.00 548.00
20160714  22:02:00 16945.00 16945.00 16935.00 16935.00 274.00
20160714  22:03:00 16935.00 16945.00 16935.00 16935.00 188.00
20160714  22:04:00 16935.00 16955.00 16935.00 16955.00 402.00
20160714  22:05:00 16950.00 16955.00 16950.00 16955.00 368.00
20160714  22:06:00 16955.00 16960.00 16950.00 16960.00 456.00
20160714  22:07:00 16960.00 16960.00 16950.00 16950.00 380.00
20160714  22:08:00 16950.00 16955.00 16945.00 16945.00 260.00
20160714  22:09:00 16945.00 16960.00 16945.00 16955.00 420.00
20160714  22:10:00 16955.00 16970.00 16955.00 16970.00 372.00
20160714  22:11:00 16965.00 16975.00 16955.00 16960.00 486.00
20160714  22:12:00 16960.00 16960.00 16945.00 16945.00 412.00
20160714  22:13:00 16945.00 16955.00 16945.00 16955.00 382.00
20160714  22:14:00 16955.00 16960.00 16935.00 16935.00 1200.00
20160714  22:15:00 16935.00 16940.00 16920.00 16920.00 1572.00
20160714  22:16:00 16925.00 16935.00 16925.00 16930.00 656.00
20160714  22:17:00 16930.00 16935.00 16910.00 16910.00 1582.00
20160714  22:18:00 16910.00 16930.00 16880.00 16890.00 3654.00
20160714  22:19:00 16890.00 16910.00 16875.00 16900.00 1680.00
20160714  22:20:00 16905.00 16910.00 16890.00 16900.00 992.00
20160714  22:21:00 16900.00 16915.00 16895.00 16915.00 916.00
20160714  22:22:00 16915.00 16925.00 16910.00 16920.00 556.00
20160714  22:23:00 16920.00 16930.00 16920.00 16930.00 460.00
20160714  22:24:00 16930.00 16930.00 16920.00 16930.00 408.00
20160714  22:25:00 16930.00 16935.00 16925.00 16930.00 362.00
20160714  22:26:00 16930.00 16930.00 16920.00 16925.00 388.00
20160714  22:27:00 16920.00 16925.00 16915.00 16915.00 272.00
20160714  22:28:00 16920.00 16920.00 16910.00 16915.00 610.00
20160714  22:29:00 16910.00 16925.00 16905.00 16925.00 904.00
20160714  22:30:00 16920.00 16930.00 16920.00 16925.00 816.00
20160714  22:31:00 16925.00 16930.00 16915.00 16925.00 356.00
20160714  22:32:00 16925.00 16930.00 16925.00 16930.00 292.00
20160714  22:33:00 16930.00 16950.00 16930.00 16945.00 406.00
20160714  22:34:00 16945.00 16950.00 16945.00 16945.00 382.00
20160714  22:35:00 16950.00 16950.00 16940.00 16945.00 384.00
20160714  22:36:00 16945.00 16945.00 16935.00 16935.00 100.00
20160714  22:37:00 16935.00 16940.00 16925.00 16935.00 534.00
20160714  22:38:00 16935.00 16940.00 16930.00 16930.00  70.00
20160714  22:39:00 16935.00 16940.00 16935.00 16935.00 164.00
20160714  22:40:00 16935.00 16940.00 16935.00 16940.00 380.00
20160714  22:41:00 16940.00 16950.00 16940.00 16950.00 382.00
20160714  22:42:00 16950.00 16955.00 16945.00 16955.00 298.00
20160714  22:43:00 16950.00 16950.00 16935.00 16945.00 472.00
20160714  22:44:00 16945.00 16960.00 16945.00 16955.00 436.00
20160714  22:45:00 16955.00 16965.00 16945.00 16950.00 556.00
20160714  22:46:00 16950.00 16950.00 16950.00 16950.00 202.00
20160714  22:47:00 16950.00 16955.00 16945.00 16950.00 206.00
20160714  22:48:00 16950.00 16965.00 16950.00 16960.00 384.00
20160714  22:49:00 16960.00 16965.00 16955.00 16960.00 268.00
20160714  22:50:00 16960.00 16960.00 16955.00 16960.00 146.00
20160714  22:51:00 16960.00 16960.00 16950.00 16950.00 780.00
20160714  22:52:00 16950.00 16950.00 16945.00 16945.00 166.00
20160714  22:53:00 16945.00 16965.00 16945.00 16965.00 376.00
20160714  22:54:00 16970.00 16975.00 16960.00 16960.00 648.00
20160714  22:55:00 16960.00 16960.00 16955.00 16955.00  94.00
20160714  22:56:00 16955.00 16960.00 16950.00 16960.00 380.00
20160714  22:57:00 16960.00 16960.00 16950.00 16950.00 182.00
20160714  22:58:00 16950.00 16955.00 16950.00 16950.00 206.00
20160714  22:59:00 16950.00 16950.00 16940.00 16945.00 282.00
20160714  23:00:00 16945.00 16950.00 16945.00 16945.00 220.00
20160714  23:01:00 16950.00 16955.00 16950.00 16950.00 388.00
20160714  23:02:00 16950.00 16950.00 16945.00 16950.00 310.00
20160714  23:03:00 16950.00 16955.00 16945.00 16945.00 196.00
20160714  23:04:00 16945.00 16950.00 16945.00 16950.00 156.00
20160714  23:05:00 16955.00 16960.00 16955.00 16955.00 244.00
20160714  23:06:00 16955.00 16970.00 16955.00 16970.00 540.00
20160714  23:07:00 16970.00 16990.00 16970.00 16980.00 1214.00
20160714  23:08:00 16980.00 16985.00 16980.00 16985.00 808.00
20160714  23:09:00 16980.00 17010.00 16980.00 16995.00 2362.00
20160714  23:10:00 16990.00 17000.00 16975.00 16980.00 1320.00
20160714  23:11:00 16980.00 16995.00 16975.00 16990.00 456.00
20160714  23:12:00 16990.00 17005.00 16990.00 16995.00 1200.00
20160714  23:13:00 17000.00 17000.00 16990.00 16995.00 892.00
20160714  23:14:00 16995.00 17005.00 16995.00 17005.00 818.00
20160714  23:15:00 17005.00 17015.00 17000.00 17005.00 864.00
20160714  23:16:00 17005.00 17010.00 16995.00 17000.00 656.00
20160714  23:17:00 17000.00 17005.00 16995.00 17000.00 928.00
20160714  23:18:00 17000.00 17000.00 16990.00 16995.00 996.00
20160714  23:19:00 16995.00 17000.00 16990.00 17000.00 188.00
20160714  23:20:00 16995.00 17000.00 16970.00 16975.00 774.00
20160714  23:21:00 16975.00 16985.00 16970.00 16975.00 888.00
20160714  23:22:00 16975.00 16980.00 16975.00 16975.00 166.00
20160714  23:23:00 16975.00 16990.00 16975.00 16990.00 308.00
20160714  23:24:00 16990.00 16995.00 16985.00 16985.00 200.00
20160714  23:25:00 16985.00 16990.00 16985.00 16990.00 214.00
20160714  23:26:00 16990.00 16990.00 16985.00 16985.00 208.00
20160714  23:27:00 16985.00 16985.00 16975.00 16975.00 368.00
20160714  23:28:00 16975.00 16975.00 16970.00 16970.00 488.00
20160714  23:29:00 16970.00 16980.00 16970.00 16980.00 574.00
20160714  23:30:00 16980.00 16985.00 16975.00 16980.00 354.00
20160714  23:31:00 16985.00 16985.00 16980.00 16980.00  96.00
20160714  23:32:00 16980.00 16995.00 16980.00 16990.00 772.00
20160714  23:33:00 16995.00 16995.00 16985.00 16990.00 290.00
20160714  23:34:00 16990.00 16995.00 16990.00 16990.00 350.00
20160714  23:35:00 16985.00 16990.00 16985.00 16990.00 164.00
20160714  23:36:00 16985.00 16990.00 16980.00 16985.00 116.00
20160714  23:37:00 16985.00 16985.00 16970.00 16970.00 338.00
20160714  23:38:00 16970.00 16985.00 16970.00 16985.00 264.00
20160714  23:39:00 16985.00 16990.00 16980.00 16990.00 106.00
20160714  23:40:00 16990.00 17000.00 16985.00 16995.00 354.00
20160714  23:41:00 16995.00 17000.00 16995.00 17000.00 388.00
20160714  23:42:00 17005.00 17010.00 17005.00 17005.00 634.00
20160714  23:43:00 17005.00 17010.00 17005.00 17005.00 282.00
20160714  23:44:00 17005.00 17010.00 16980.00 16985.00 642.00
20160714  23:45:00 16985.00 16985.00 16975.00 16980.00 454.00
20160714  23:46:00 16985.00 16985.00 16980.00 16985.00  72.00
20160714  23:47:00 16985.00 16985.00 16975.00 16975.00 300.00
20160714  23:48:00 16975.00 16975.00 16955.00 16955.00 760.00
20160714  23:49:00 16955.00 16970.00 16955.00 16960.00 582.00
20160714  23:50:00 16960.00 16965.00 16950.00 16960.00 610.00
20160714  23:51:00 16965.00 16965.00 16960.00 16965.00 178.00
20160714  23:52:00 16965.00 16970.00 16960.00 16960.00 324.00
20160714  23:53:00 16960.00 16965.00 16960.00 16965.00  90.00
20160714  23:54:00 16965.00 16970.00 16960.00 16965.00 278.00
20160714  23:55:00 16965.00 16965.00 16955.00 16955.00 250.00
20160714  23:56:00 16955.00 16960.00 16955.00 16955.00  82.00
20160714  23:57:00 16955.00 16955.00 16955.00 16955.00 106.00
20160714  23:58:00 16955.00 16960.00 16955.00 16955.00 118.00
20160714  23:59:00 16955.00 16955.00 16950.00 16955.00 170.00
20160715  00:00:00 16955.00 16965.00 16955.00 16965.00 228.00
20160715  00:01:00 16965.00 16965.00 16960.00 16960.00 266.00
20160715  00:02:00 16960.00 16970.00 16960.00 16970.00 172.00
20160715  00:03:00 16970.00 16975.00 16965.00 16970.00 304.00
20160715  00:04:00 16970.00 16975.00 16970.00 16975.00 240.00
20160715  00:05:00 16975.00 16980.00 16975.00 16980.00 130.00
20160715  00:06:00 16980.00 16980.00 16970.00 16970.00  58.00
20160715  00:07:00 16970.00 16975.00 16970.00 16970.00 100.00
20160715  00:08:00 16970.00 16970.00 16970.00 16970.00  16.00
20160715  00:09:00 16970.00 16980.00 16970.00 16980.00 126.00
20160715  00:10:00 16980.00 16980.00 16980.00 16980.00  46.00
20160715  00:11:00 16980.00 16980.00 16975.00 16980.00  74.00
20160715  00:12:00 16980.00 16980.00 16975.00 16975.00  60.00
20160715  00:13:00 16975.00 16975.00 16970.00 16970.00   8.00
20160715  00:14:00 16970.00 16980.00 16970.00 16980.00 334.00
20160715  00:15:00 16980.00 16980.00 16980.00 16980.00  48.00
20160715  00:16:00 16980.00 16980.00 16975.00 16980.00 156.00
20160715  00:17:00 16980.00 16980.00 16975.00 16975.00   8.00
20160715  00:18:00 16975.00 16975.00 16970.00 16970.00  48.00
20160715  00:19:00 16970.00 16970.00 16970.00 16970.00 114.00
20160715  00:20:00 16970.00 16970.00 16965.00 16965.00 166.00
20160715  00:21:00 16965.00 16970.00 16965.00 16970.00   6.00
20160715  00:22:00 16970.00 16970.00 16965.00 16965.00  24.00
20160715  00:23:00 16965.00 16970.00 16955.00 16955.00 264.00
20160715  00:24:00 16955.00 16960.00 16950.00 16960.00 238.00
20160715  00:25:00 16960.00 16960.00 16950.00 16955.00  48.00
20160715  00:26:00 16955.00 16960.00 16950.00 16955.00 250.00
20160715  00:27:00 16955.00 16965.00 16955.00 16960.00 112.00
20160715  00:28:00 16960.00 16965.00 16960.00 16965.00  54.00
20160715  00:29:00 16965.00 16965.00 16960.00 16960.00  48.00
20160715  00:30:00 16960.00 16960.00 16950.00 16950.00 178.00
20160715  00:31:00 16950.00 16960.00 16945.00 16960.00 210.00
20160715  00:32:00 16965.00 16965.00 16955.00 16960.00  74.00
20160715  00:33:00 16960.00 16960.00 16960.00 16960.00  84.00
20160715  00:34:00 16960.00 16960.00 16955.00 16955.00  24.00
20160715  00:35:00 16955.00 16960.00 16955.00 16960.00  10.00
20160715  00:36:00 16960.00 16960.00 16960.00 16960.00   2.00
20160715  00:37:00 16960.00 16960.00 16955.00 16955.00  42.00
20160715  00:38:00 16955.00 16955.00 16955.00 16955.00   0.00
20160715  00:39:00 16955.00 16955.00 16950.00 16955.00 190.00
20160715  00:40:00 16955.00 16960.00 16955.00 16960.00  48.00
20160715  00:41:00 16965.00 16965.00 16960.00 16965.00  70.00
20160715  00:42:00 16965.00 16970.00 16960.00 16965.00 254.00
20160715  00:43:00 16965.00 16965.00 16965.00 16965.00   2.00
20160715  00:44:00 16965.00 16965.00 16965.00 16965.00  82.00
20160715  00:45:00 16965.00 16965.00 16955.00 16955.00 142.00
20160715  00:46:00 16955.00 16960.00 16955.00 16960.00  46.00
20160715  00:47:00 16960.00 16965.00 16960.00 16965.00 256.00
20160715  00:48:00 16965.00 16970.00 16960.00 16965.00  86.00
20160715  00:49:00 16965.00 16965.00 16960.00 16965.00 220.00
20160715  00:50:00 16965.00 16970.00 16960.00 16965.00 170.00
20160715  00:51:00 16965.00 16970.00 16965.00 16970.00  14.00
20160715  00:52:00 16970.00 16970.00 16965.00 16970.00  94.00
20160715  00:53:00 16970.00 16970.00 16965.00 16965.00  68.00
20160715  00:54:00 16965.00 16965.00 16960.00 16960.00  22.00
20160715  00:55:00 16960.00 16970.00 16960.00 16970.00 202.00
20160715  00:56:00 16970.00 16975.00 16965.00 16975.00 146.00
20160715  00:57:00 16975.00 16975.00 16965.00 16970.00 116.00
20160715  00:58:00 16965.00 16970.00 16965.00 16965.00 190.00
20160715  00:59:00 16965.00 16970.00 16960.00 16960.00 256.00
20160715  09:00:00 16955.00 16960.00 16930.00 16935.00 1218.00
20160715  09:01:00 16940.00 16945.00 16930.00 16935.00 1986.00
20160715  09:02:00 16935.00 16950.00 16930.00 16950.00 1156.00
20160715  09:03:00 16965.00 16970.00 16950.00 16960.00 1424.00
20160715  09:04:00 16960.00 16990.00 16960.00 16980.00 1144.00
20160715  09:05:00 16980.00 16985.00 16960.00 16960.00 954.00
20160715  09:06:00 16960.00 16960.00 16935.00 16940.00 894.00
20160715  09:07:00 16945.00 16965.00 16935.00 16945.00 1140.00
20160715  09:08:00 16950.00 16970.00 16945.00 16970.00 758.00
20160715  09:09:00 16970.00 16970.00 16955.00 16960.00 502.00
20160715  09:10:00 16960.00 16965.00 16950.00 16950.00 488.00
20160715  09:11:00 16950.00 16950.00 16940.00 16950.00 952.00
20160715  09:12:00 16950.00 16965.00 16945.00 16960.00 634.00
20160715  09:13:00 16960.00 16960.00 16945.00 16950.00 340.00
20160715  09:14:00 16950.00 16965.00 16950.00 16955.00 750.00
20160715  09:15:00 16955.00 16960.00 16940.00 16945.00 574.00
20160715  09:16:00 16945.00 16955.00 16940.00 16950.00 394.00
20160715  09:17:00 16955.00 16955.00 16945.00 16950.00 210.00
20160715  09:18:00 16950.00 16950.00 16940.00 16945.00 358.00
20160715  09:19:00 16950.00 16950.00 16940.00 16945.00 494.00
20160715  09:20:00 16945.00 16950.00 16935.00 16945.00 816.00
20160715  09:21:00 16945.00 16950.00 16935.00 16940.00 434.00
20160715  09:22:00 16940.00 16950.00 16935.00 16950.00 300.00
20160715  09:23:00 16950.00 16950.00 16945.00 16950.00 188.00
20160715  09:24:00 16945.00 16950.00 16935.00 16940.00 274.00
20160715  09:25:00 16940.00 16950.00 16940.00 16945.00 304.00
20160715  09:26:00 16945.00 16945.00 16930.00 16935.00 424.00
20160715  09:27:00 16930.00 16940.00 16930.00 16940.00 560.00
20160715  09:28:00 16940.00 16945.00 16925.00 16935.00 566.00
20160715  09:29:00 16925.00 16940.00 16925.00 16930.00 454.00
20160715  09:30:00 16930.00 16930.00 16905.00 16905.00 2052.00
20160715  09:31:00 16905.00 16905.00 16870.00 16870.00 3714.00
20160715  09:32:00 16875.00 16895.00 16865.00 16890.00 2736.00
20160715  09:33:00 16890.00 16890.00 16855.00 16865.00 2100.00
20160715  09:34:00 16860.00 16885.00 16860.00 16885.00 812.00
20160715  09:35:00 16885.00 16885.00 16865.00 16870.00 1410.00
20160715  09:36:00 16870.00 16880.00 16865.00 16880.00 524.00
20160715  09:37:00 16880.00 16885.00 16875.00 16880.00 370.00
20160715  09:38:00 16880.00 16885.00 16875.00 16885.00 290.00
20160715  09:39:00 16885.00 16900.00 16885.00 16895.00 984.00
20160715  09:40:00 16895.00 16905.00 16895.00 16900.00 506.00
20160715  09:41:00 16900.00 16905.00 16890.00 16895.00 682.00
20160715  09:42:00 16895.00 16900.00 16895.00 16900.00 370.00
20160715  09:43:00 16900.00 16900.00 16885.00 16890.00 292.00
20160715  09:44:00 16885.00 16895.00 16875.00 16875.00 712.00
20160715  09:45:00 16875.00 16875.00 16865.00 16865.00 1138.00
20160715  09:46:00 16865.00 16870.00 16855.00 16865.00 1574.00
20160715  09:47:00 16865.00 16880.00 16865.00 16875.00 708.00
20160715  09:48:00 16875.00 16885.00 16875.00 16885.00 654.00
20160715  09:49:00 16885.00 16885.00 16870.00 16875.00 662.00
20160715  09:50:00 16875.00 16880.00 16870.00 16880.00 220.00
20160715  09:51:00 16880.00 16890.00 16880.00 16890.00 504.00
20160715  09:52:00 16890.00 16900.00 16885.00 16895.00 368.00
20160715  09:53:00 16895.00 16900.00 16885.00 16885.00 498.00
20160715  09:54:00 16885.00 16890.00 16875.00 16875.00 460.00
20160715  09:55:00 16875.00 16885.00 16875.00 16880.00 654.00
20160715  09:56:00 16880.00 16895.00 16875.00 16890.00 720.00
20160715  09:57:00 16890.00 16890.00 16880.00 16880.00 470.00
20160715  09:58:00 16880.00 16895.00 16880.00 16890.00 760.00
20160715  09:59:00 16890.00 16895.00 16885.00 16890.00 546.00
20160715  10:00:00 16890.00 16890.00 16880.00 16885.00 936.00
20160715  10:01:00 16885.00 16895.00 16875.00 16890.00 576.00
20160715  10:02:00 16890.00 16925.00 16885.00 16920.00 1644.00
20160715  10:03:00 16925.00 16935.00 16920.00 16935.00 852.00
20160715  10:04:00 16935.00 16945.00 16930.00 16935.00 1352.00
20160715  10:05:00 16935.00 16940.00 16920.00 16925.00 748.00
20160715  10:06:00 16925.00 16940.00 16925.00 16940.00 664.00
20160715  10:07:00 16940.00 16940.00 16930.00 16935.00 758.00
20160715  10:08:00 16935.00 16940.00 16930.00 16935.00 526.00
20160715  10:09:00 16930.00 16935.00 16925.00 16930.00 788.00
20160715  10:10:00 16930.00 16935.00 16925.00 16935.00 192.00
20160715  10:11:00 16930.00 16930.00 16915.00 16925.00 752.00
20160715  10:12:00 16925.00 16935.00 16925.00 16930.00 448.00
20160715  10:13:00 16930.00 16935.00 16925.00 16935.00 394.00
20160715  10:14:00 16935.00 16950.00 16935.00 16950.00 736.00
20160715  10:30:00 16960.00 16975.00 16960.00 16960.00 3950.00
20160715  10:31:00 16960.00 16965.00 16950.00 16955.00 1604.00
20160715  10:32:00 16955.00 16960.00 16955.00 16960.00 844.00
20160715  10:33:00 16960.00 16960.00 16955.00 16955.00 626.00
20160715  10:34:00 16955.00 16960.00 16950.00 16955.00 494.00
20160715  10:35:00 16955.00 16955.00 16950.00 16950.00 780.00
20160715  10:36:00 16950.00 16950.00 16940.00 16945.00 632.00
20160715  10:37:00 16950.00 16950.00 16945.00 16945.00 120.00
20160715  10:38:00 16950.00 16950.00 16945.00 16945.00 380.00
20160715  10:39:00 16945.00 16955.00 16940.00 16950.00 1020.00
20160715  10:40:00 16950.00 16955.00 16945.00 16955.00 500.00
20160715  10:41:00 16955.00 16960.00 16950.00 16960.00 516.00
20160715  10:42:00 16960.00 16960.00 16955.00 16955.00 114.00
20160715  10:43:00 16955.00 16965.00 16955.00 16960.00 798.00
20160715  10:44:00 16960.00 16965.00 16955.00 16965.00 722.00
20160715  10:45:00 16965.00 16985.00 16965.00 16985.00 1696.00
20160715  10:46:00 16985.00 16990.00 16970.00 16980.00 1218.00
20160715  10:47:00 16980.00 16980.00 16970.00 16975.00 262.00
20160715  10:48:00 16975.00 16975.00 16965.00 16970.00 686.00
20160715  10:49:00 16970.00 16975.00 16970.00 16970.00 350.00
20160715  10:50:00 16975.00 16975.00 16970.00 16975.00 492.00
20160715  10:51:00 16975.00 16980.00 16975.00 16975.00 266.00
20160715  10:52:00 16975.00 16975.00 16960.00 16965.00 456.00
20160715  10:53:00 16970.00 16975.00 16960.00 16965.00 538.00
20160715  10:54:00 16965.00 16970.00 16965.00 16965.00 244.00
20160715  10:55:00 16965.00 16980.00 16960.00 16970.00 644.00
20160715  10:56:00 16970.00 16975.00 16970.00 16970.00 170.00
20160715  10:57:00 16970.00 16980.00 16970.00 16980.00 608.00
20160715  10:58:00 16980.00 17010.00 16980.00 17005.00 2800.00
20160715  10:59:00 17005.00 17035.00 17000.00 17035.00 2490.00
20160715  11:00:00 17035.00 17045.00 17010.00 17015.00 2386.00
20160715  11:01:00 17010.00 17020.00 16995.00 17000.00 1772.00
20160715  11:02:00 17000.00 17000.00 16995.00 17000.00 652.00
20160715  11:03:00 17000.00 17020.00 17000.00 17015.00 1362.00
20160715  11:04:00 17015.00 17015.00 17000.00 17005.00 1074.00
20160715  11:05:00 17005.00 17010.00 16995.00 17000.00 476.00
20160715  11:06:00 17000.00 17005.00 16995.00 17005.00 410.00
20160715  11:07:00 17005.00 17005.00 17000.00 17005.00 186.00
20160715  11:08:00 17005.00 17010.00 16985.00 16985.00 786.00
20160715  11:09:00 16985.00 17000.00 16985.00 17000.00 656.00
20160715  11:10:00 17000.00 17010.00 16995.00 17005.00 708.00
20160715  11:11:00 17005.00 17005.00 16990.00 17000.00 768.00
20160715  11:12:00 17000.00 17010.00 16995.00 17005.00 514.00
20160715  11:13:00 17005.00 17005.00 17000.00 17000.00 634.00
20160715  11:14:00 17000.00 17020.00 17000.00 17015.00 746.00
20160715  11:15:00 17015.00 17020.00 17010.00 17015.00 296.00
20160715  11:16:00 17015.00 17015.00 17000.00 17000.00 528.00
20160715  11:17:00 17000.00 17010.00 17000.00 17005.00 208.00
20160715  11:18:00 17005.00 17005.00 16995.00 16995.00 606.00
20160715  11:19:00 16995.00 16995.00 16980.00 16980.00 518.00
20160715  11:20:00 16980.00 16980.00 16970.00 16975.00 1076.00
20160715  11:21:00 16975.00 16980.00 16965.00 16975.00 1148.00
20160715  11:22:00 16975.00 16975.00 16965.00 16975.00 660.00
20160715  11:23:00 16975.00 16975.00 16960.00 16960.00 818.00
20160715  11:24:00 16960.00 16965.00 16960.00 16965.00 200.00
20160715  11:25:00 16965.00 16975.00 16960.00 16975.00 432.00
20160715  11:26:00 16975.00 16975.00 16960.00 16960.00 666.00
20160715  11:27:00 16960.00 16960.00 16940.00 16950.00 1786.00
20160715  11:28:00 16950.00 16955.00 16945.00 16955.00 1164.00
20160715  11:29:00 16955.00 16955.00 16945.00 16950.00 1244.00
20160715  13:30:00 16955.00 16970.00 16950.00 16965.00 1106.00
20160715  13:31:00 16960.00 16965.00 16960.00 16960.00 468.00
20160715  13:32:00 16960.00 16970.00 16955.00 16965.00 822.00
20160715  13:33:00 16965.00 16975.00 16960.00 16965.00 264.00
20160715  13:34:00 16965.00 16965.00 16955.00 16960.00 584.00
20160715  13:35:00 16960.00 16965.00 16960.00 16960.00 376.00
20160715  13:36:00 16960.00 16960.00 16955.00 16960.00 144.00
20160715  13:37:00 16960.00 16960.00 16950.00 16955.00 542.00
20160715  13:38:00 16955.00 16955.00 16925.00 16930.00 1854.00
20160715  13:39:00 16930.00 16945.00 16925.00 16940.00 1004.00
20160715  13:40:00 16945.00 16945.00 16935.00 16945.00 870.00
20160715  13:41:00 16945.00 16945.00 16930.00 16940.00 458.00
20160715  13:42:00 16945.00 16950.00 16940.00 16945.00 424.00
20160715  13:43:00 16945.00 16955.00 16945.00 16955.00 588.00
20160715  13:44:00 16955.00 16955.00 16945.00 16950.00 442.00
20160715  13:45:00 16950.00 16950.00 16930.00 16935.00 506.00
20160715  13:46:00 16935.00 16950.00 16935.00 16945.00 492.00
20160715  13:47:00 16950.00 16950.00 16945.00 16950.00 162.00
20160715  13:48:00 16950.00 16950.00 16945.00 16950.00 142.00
20160715  13:49:00 16950.00 16955.00 16950.00 16950.00 146.00
20160715  13:50:00 16945.00 16955.00 16945.00 16955.00 216.00
20160715  13:51:00 16955.00 16960.00 16955.00 16955.00 264.00
20160715  13:52:00 16955.00 16960.00 16950.00 16960.00 492.00
20160715  13:53:00 16960.00 16960.00 16955.00 16960.00 116.00
20160715  13:54:00 16960.00 16965.00 16960.00 16965.00 402.00
20160715  13:55:00 16960.00 16965.00 16955.00 16955.00 518.00
20160715  13:56:00 16955.00 16965.00 16950.00 16965.00 260.00
20160715  13:57:00 16965.00 16965.00 16955.00 16955.00 306.00
20160715  13:58:00 16955.00 16960.00 16955.00 16955.00  50.00
20160715  13:59:00 16955.00 16960.00 16950.00 16955.00 260.00
20160715  14:00:00 16955.00 16955.00 16945.00 16950.00 556.00
20160715  14:01:00 16950.00 16950.00 16940.00 16940.00 388.00
20160715  14:02:00 16940.00 16950.00 16935.00 16950.00 552.00
20160715  14:03:00 16950.00 16955.00 16945.00 16950.00 178.00
20160715  14:04:00 16950.00 16970.00 16950.00 16965.00 694.00
20160715  14:05:00 16965.00 16970.00 16960.00 16960.00 318.00
20160715  14:06:00 16960.00 16970.00 16960.00 16965.00 192.00
20160715  14:07:00 16965.00 17000.00 16965.00 16990.00 1864.00
20160715  14:08:00 16995.00 17000.00 16985.00 16995.00 1298.00
20160715  14:09:00 16995.00 17000.00 16985.00 16985.00 468.00
20160715  14:10:00 16985.00 16990.00 16980.00 16985.00 348.00
20160715  14:11:00 16985.00 17000.00 16985.00 16990.00 1248.00
20160715  14:12:00 16990.00 17010.00 16990.00 17005.00 1512.00
20160715  14:13:00 17005.00 17010.00 16990.00 16990.00 1012.00
20160715  14:14:00 16990.00 17005.00 16990.00 16995.00 450.00
20160715  14:15:00 16995.00 17010.00 16995.00 16995.00 720.00
20160715  14:16:00 16995.00 17000.00 16990.00 16990.00 326.00
20160715  14:17:00 16990.00 16995.00 16980.00 16985.00 264.00
20160715  14:18:00 16985.00 16990.00 16975.00 16980.00 580.00
20160715  14:19:00 16985.00 16985.00 16980.00 16985.00 208.00
20160715  14:20:00 16985.00 17000.00 16985.00 17000.00 264.00
20160715  14:21:00 17000.00 17000.00 16995.00 16995.00 224.00
20160715  14:22:00 16995.00 17000.00 16985.00 16985.00 210.00
20160715  14:23:00 16985.00 16990.00 16985.00 16985.00 176.00
20160715  14:24:00 16985.00 16985.00 16965.00 16965.00 954.00
20160715  14:25:00 16965.00 16975.00 16965.00 16965.00 340.00
20160715  14:26:00 16965.00 16970.00 16965.00 16970.00 244.00
20160715  14:27:00 16970.00 16970.00 16935.00 16940.00 1326.00
20160715  14:28:00 16940.00 16960.00 16935.00 16950.00 1100.00
20160715  14:29:00 16950.00 16960.00 16945.00 16955.00 366.00
20160715  14:30:00 16955.00 16965.00 16950.00 16960.00 418.00
20160715  14:31:00 16960.00 16970.00 16960.00 16970.00 508.00
20160715  14:32:00 16970.00 16970.00 16960.00 16960.00 606.00
20160715  14:33:00 16960.00 16960.00 16940.00 16945.00 932.00
20160715  14:34:00 16945.00 16960.00 16945.00 16955.00 510.00
20160715  14:35:00 16955.00 16955.00 16950.00 16955.00  92.00
20160715  14:36:00 16955.00 16960.00 16955.00 16960.00 160.00
20160715  14:37:00 16960.00 16975.00 16960.00 16975.00 624.00
20160715  14:38:00 16975.00 16985.00 16970.00 16980.00 602.00
20160715  14:39:00 16980.00 16990.00 16975.00 16985.00 450.00
20160715  14:40:00 16985.00 17000.00 16985.00 16990.00 956.00
20160715  14:41:00 16985.00 16990.00 16980.00 16990.00 466.00
20160715  14:42:00 16990.00 16995.00 16985.00 16985.00 598.00
20160715  14:43:00 16995.00 16995.00 16985.00 16990.00 214.00
20160715  14:44:00 16990.00 16995.00 16985.00 16990.00 354.00
20160715  14:45:00 16990.00 17000.00 16985.00 16990.00 924.00
20160715  14:46:00 16990.00 16990.00 16980.00 16985.00 540.00
20160715  14:47:00 16985.00 16985.00 16980.00 16985.00 184.00
20160715  14:48:00 16985.00 16985.00 16980.00 16980.00 548.00
20160715  14:49:00 16980.00 16990.00 16980.00 16985.00 872.00
20160715  14:50:00 16985.00 17000.00 16985.00 16990.00 1658.00
20160715  14:51:00 16990.00 17000.00 16990.00 16995.00 406.00
20160715  14:52:00 16995.00 17005.00 16990.00 17000.00 694.00
20160715  14:53:00 17000.00 17015.00 16995.00 17005.00 1248.00
20160715  14:54:00 17005.00 17010.00 17005.00 17010.00 1124.00
20160715  14:55:00 17010.00 17020.00 17010.00 17010.00 1444.00
20160715  14:56:00 17015.00 17030.00 17010.00 17025.00 968.00
20160715  14:57:00 17030.00 17040.00 17025.00 17040.00 1580.00
20160715  14:58:00 17040.00 17060.00 17035.00 17060.00 2214.00
20160715  14:59:00 17055.00 17080.00 17055.00 17075.00 3750.00
20160715  15:00:00 17055.00 17055.00 17055.00 17055.00  42.00
