20161201  21:00:00 23050.00 23180.00 23050.00 23170.00 5204.00
20161201  21:01:00 23165.00 23165.00 23085.00 23095.00 2582.00
20161201  21:02:00 23095.00 23100.00 23060.00 23095.00 1844.00
20161201  21:03:00 23095.00 23205.00 23090.00 23195.00 2906.00
20161201  21:04:00 23195.00 23195.00 23150.00 23160.00 1838.00
20161201  21:05:00 23155.00 23195.00 23140.00 23165.00 1896.00
20161201  21:06:00 23170.00 23195.00 23125.00 23160.00 1482.00
20161201  21:07:00 23160.00 23160.00 23080.00 23080.00 1464.00
20161201  21:08:00 23085.00 23085.00 23005.00 23060.00 2428.00
20161201  21:09:00 23065.00 23065.00 23000.00 23000.00 2334.00
20161201  21:10:00 23000.00 23085.00 23000.00 23075.00 2052.00
20161201  21:11:00 23070.00 23095.00 23060.00 23070.00 1206.00
20161201  21:12:00 23070.00 23095.00 23045.00 23080.00 954.00
20161201  21:13:00 23080.00 23155.00 23080.00 23105.00 1702.00
20161201  21:14:00 23110.00 23150.00 23110.00 23125.00 1712.00
20161201  21:15:00 23125.00 23130.00 23090.00 23090.00 820.00
20161201  21:16:00 23090.00 23155.00 23090.00 23150.00 1458.00
20161201  21:17:00 23140.00 23145.00 23105.00 23115.00 612.00
20161201  21:18:00 23115.00 23120.00 23055.00 23060.00 1206.00
20161201  21:19:00 23060.00 23105.00 23055.00 23075.00 972.00
20161201  21:20:00 23075.00 23110.00 23075.00 23080.00 988.00
20161201  21:21:00 23080.00 23080.00 23040.00 23060.00 1094.00
20161201  21:22:00 23060.00 23065.00 22985.00 22995.00 1978.00
20161201  21:23:00 22995.00 23080.00 22980.00 23050.00 1410.00
20161201  21:24:00 23050.00 23065.00 23025.00 23025.00 836.00
20161201  21:25:00 23025.00 23060.00 22990.00 23015.00 1294.00
20161201  21:26:00 23015.00 23060.00 23010.00 23055.00 786.00
20161201  21:27:00 23050.00 23060.00 23020.00 23035.00 734.00
20161201  21:28:00 23035.00 23040.00 23020.00 23025.00 392.00
20161201  21:29:00 23025.00 23040.00 22995.00 22995.00 1200.00
20161201  21:30:00 22995.00 23025.00 22950.00 23025.00 2206.00
20161201  21:31:00 23025.00 23030.00 22965.00 22985.00 690.00
20161201  21:32:00 22990.00 23020.00 22980.00 23005.00 1050.00
20161201  21:33:00 23000.00 23050.00 22995.00 23050.00 1234.00
20161201  21:34:00 23050.00 23060.00 23020.00 23035.00 1730.00
20161201  21:35:00 23040.00 23040.00 22995.00 23005.00 716.00
20161201  21:36:00 23005.00 23035.00 22985.00 22990.00 848.00
20161201  21:37:00 22990.00 23025.00 22980.00 23000.00 1660.00
20161201  21:38:00 23000.00 23000.00 22915.00 22945.00 2052.00
20161201  21:39:00 22945.00 22975.00 22865.00 22870.00 2998.00
20161201  21:40:00 22865.00 22905.00 22845.00 22905.00 2594.00
20161201  21:41:00 22900.00 22905.00 22800.00 22835.00 2156.00
20161201  21:42:00 22830.00 22840.00 22760.00 22775.00 3268.00
20161201  21:43:00 22775.00 22840.00 22770.00 22840.00 2024.00
20161201  21:44:00 22845.00 22880.00 22845.00 22870.00 1294.00
20161201  21:45:00 22870.00 22880.00 22830.00 22850.00 1680.00
20161201  21:46:00 22850.00 22910.00 22850.00 22900.00 1236.00
20161201  21:47:00 22900.00 22905.00 22865.00 22875.00 802.00
20161201  21:48:00 22875.00 22940.00 22875.00 22925.00 1562.00
20161201  21:49:00 22915.00 22925.00 22880.00 22890.00 1094.00
20161201  21:50:00 22890.00 22940.00 22890.00 22935.00 1448.00
20161201  21:51:00 22930.00 22965.00 22925.00 22965.00 1414.00
20161201  21:52:00 22975.00 22980.00 22935.00 22955.00 1164.00
20161201  21:53:00 22955.00 22960.00 22930.00 22935.00 844.00
20161201  21:54:00 22940.00 22980.00 22935.00 22960.00 904.00
20161201  21:55:00 22960.00 22970.00 22940.00 22955.00 1184.00
20161201  21:56:00 22955.00 22965.00 22925.00 22955.00 832.00
20161201  21:57:00 22955.00 22955.00 22910.00 22910.00 460.00
20161201  21:58:00 22915.00 22920.00 22885.00 22895.00 610.00
20161201  21:59:00 22895.00 22920.00 22885.00 22895.00 544.00
20161201  22:00:00 22895.00 22895.00 22860.00 22860.00 1036.00
20161201  22:01:00 22860.00 22890.00 22860.00 22880.00 450.00
20161201  22:02:00 22880.00 22945.00 22870.00 22935.00 1014.00
20161201  22:03:00 22945.00 22970.00 22925.00 22925.00 926.00
20161201  22:04:00 22930.00 23055.00 22920.00 23015.00 1954.00
20161201  22:05:00 23015.00 23015.00 22985.00 22995.00 1112.00
20161201  22:06:00 22995.00 23025.00 22990.00 23000.00 1088.00
20161201  22:07:00 23000.00 23000.00 22950.00 22965.00 982.00
20161201  22:08:00 22965.00 23010.00 22960.00 23005.00 782.00
20161201  22:09:00 23000.00 23035.00 22980.00 23030.00 928.00
20161201  22:10:00 23035.00 23080.00 23005.00 23075.00 2826.00
20161201  22:11:00 23075.00 23120.00 23075.00 23115.00 2386.00
20161201  22:12:00 23120.00 23125.00 23095.00 23105.00 1806.00
20161201  22:13:00 23100.00 23110.00 23085.00 23110.00 1104.00
20161201  22:14:00 23100.00 23115.00 23070.00 23115.00 1932.00
20161201  22:15:00 23115.00 23120.00 23070.00 23080.00 800.00
20161201  22:16:00 23080.00 23090.00 23055.00 23060.00 1644.00
20161201  22:17:00 23060.00 23080.00 23055.00 23075.00 832.00
20161201  22:18:00 23085.00 23085.00 23055.00 23075.00 652.00
20161201  22:19:00 23075.00 23115.00 23075.00 23080.00 1492.00
20161201  22:20:00 23075.00 23110.00 23070.00 23105.00 962.00
20161201  22:21:00 23100.00 23105.00 23035.00 23035.00 918.00
20161201  22:22:00 23040.00 23060.00 23010.00 23025.00 1252.00
20161201  22:23:00 23020.00 23040.00 23015.00 23040.00 760.00
20161201  22:24:00 23040.00 23045.00 23000.00 23010.00 1748.00
20161201  22:25:00 23020.00 23020.00 22980.00 23000.00 1358.00
20161201  22:26:00 23000.00 23015.00 22975.00 22985.00 822.00
20161201  22:27:00 22985.00 23035.00 22975.00 23030.00 1082.00
20161201  22:28:00 23040.00 23040.00 23020.00 23025.00 596.00
20161201  22:29:00 23020.00 23030.00 22990.00 23005.00 1354.00
20161201  22:30:00 23005.00 23005.00 22935.00 22955.00 1770.00
20161201  22:31:00 22950.00 22980.00 22940.00 22950.00 1050.00
20161201  22:32:00 22950.00 22980.00 22945.00 22965.00 508.00
20161201  22:33:00 22965.00 22965.00 22940.00 22955.00 1002.00
20161201  22:34:00 22955.00 23010.00 22955.00 23010.00 766.00
20161201  22:35:00 23015.00 23015.00 22975.00 22990.00 350.00
20161201  22:36:00 22995.00 22995.00 22980.00 22990.00 214.00
20161201  22:37:00 22990.00 23010.00 22985.00 22990.00 550.00
20161201  22:38:00 22990.00 23010.00 22985.00 23010.00 560.00
20161201  22:39:00 23010.00 23035.00 23005.00 23025.00 930.00
20161201  22:40:00 23025.00 23040.00 23015.00 23030.00 440.00
20161201  22:41:00 23030.00 23030.00 22980.00 22990.00 562.00
20161201  22:42:00 22990.00 22995.00 22940.00 22975.00 1200.00
20161201  22:43:00 22970.00 23010.00 22970.00 23010.00 466.00
20161201  22:44:00 23015.00 23050.00 22990.00 23015.00 686.00
20161201  22:45:00 23015.00 23015.00 22955.00 22985.00 966.00
20161201  22:46:00 22975.00 22985.00 22945.00 22945.00 1076.00
20161201  22:47:00 22945.00 22965.00 22910.00 22925.00 1460.00
20161201  22:48:00 22925.00 22960.00 22920.00 22920.00 790.00
20161201  22:49:00 22920.00 22955.00 22920.00 22930.00 950.00
20161201  22:50:00 22925.00 22945.00 22915.00 22935.00 794.00
20161201  22:51:00 22935.00 22940.00 22895.00 22930.00 1834.00
20161201  22:52:00 22935.00 22945.00 22885.00 22910.00 1108.00
20161201  22:53:00 22910.00 22975.00 22910.00 22950.00 912.00
20161201  22:54:00 22950.00 22950.00 22925.00 22950.00 300.00
20161201  22:55:00 22940.00 22950.00 22930.00 22940.00 360.00
20161201  22:56:00 22940.00 22980.00 22940.00 22975.00 684.00
20161201  22:57:00 22975.00 22990.00 22950.00 22950.00 636.00
20161201  22:58:00 22950.00 22995.00 22950.00 22980.00 406.00
20161201  22:59:00 22980.00 22980.00 22960.00 22960.00 330.00
20161201  23:00:00 22960.00 22965.00 22920.00 22960.00 828.00
20161201  23:01:00 22960.00 22975.00 22960.00 22970.00 338.00
20161201  23:02:00 22970.00 22995.00 22965.00 22975.00 472.00
20161201  23:03:00 22975.00 22985.00 22970.00 22985.00 448.00
20161201  23:04:00 22990.00 23020.00 22980.00 23010.00 692.00
20161201  23:05:00 23010.00 23015.00 23000.00 23000.00 540.00
20161201  23:06:00 23005.00 23005.00 22970.00 22985.00 336.00
20161201  23:07:00 22985.00 22985.00 22950.00 22950.00 320.00
20161201  23:08:00 22955.00 23000.00 22945.00 22995.00 544.00
20161201  23:09:00 22995.00 23010.00 22980.00 22985.00 416.00
20161201  23:10:00 22985.00 22995.00 22970.00 22975.00 224.00
20161201  23:11:00 22975.00 22985.00 22925.00 22925.00 450.00
20161201  23:12:00 22930.00 22960.00 22930.00 22945.00 346.00
20161201  23:13:00 22945.00 22945.00 22910.00 22935.00 502.00
20161201  23:14:00 22935.00 22945.00 22935.00 22940.00 160.00
20161201  23:15:00 22940.00 22950.00 22925.00 22935.00 200.00
20161201  23:16:00 22935.00 22950.00 22935.00 22950.00 192.00
20161201  23:17:00 22950.00 22980.00 22945.00 22975.00 362.00
20161201  23:18:00 22975.00 22975.00 22950.00 22955.00 314.00
20161201  23:19:00 22955.00 22955.00 22930.00 22950.00 652.00
20161201  23:20:00 22950.00 22950.00 22870.00 22880.00 1802.00
20161201  23:21:00 22875.00 22895.00 22865.00 22890.00 772.00
20161201  23:22:00 22895.00 22900.00 22885.00 22895.00 200.00
20161201  23:23:00 22895.00 22915.00 22840.00 22855.00 1156.00
20161201  23:24:00 22855.00 22885.00 22845.00 22865.00 1106.00
20161201  23:25:00 22865.00 22875.00 22840.00 22855.00 738.00
20161201  23:26:00 22865.00 22890.00 22855.00 22880.00 734.00
20161201  23:27:00 22880.00 22885.00 22860.00 22865.00 404.00
20161201  23:28:00 22865.00 22910.00 22865.00 22905.00 750.00
20161201  23:29:00 22905.00 22910.00 22900.00 22905.00 604.00
20161201  23:30:00 22915.00 22915.00 22905.00 22910.00 494.00
20161201  23:31:00 22910.00 22910.00 22875.00 22910.00 560.00
20161201  23:32:00 22910.00 22920.00 22900.00 22910.00 580.00
20161201  23:33:00 22910.00 22935.00 22905.00 22905.00 882.00
20161201  23:34:00 22905.00 22930.00 22905.00 22920.00 346.00
20161201  23:35:00 22915.00 22920.00 22895.00 22900.00 418.00
20161201  23:36:00 22900.00 22920.00 22885.00 22920.00 560.00
20161201  23:37:00 22920.00 22975.00 22910.00 22965.00 1792.00
20161201  23:38:00 22965.00 22980.00 22960.00 22965.00 896.00
20161201  23:39:00 22965.00 22970.00 22950.00 22955.00 878.00
20161201  23:40:00 22960.00 23015.00 22960.00 23000.00 2072.00
20161201  23:41:00 22995.00 23000.00 22970.00 22990.00 572.00
20161201  23:42:00 22990.00 23030.00 22990.00 23010.00 1342.00
20161201  23:43:00 23010.00 23010.00 22990.00 22990.00 518.00
20161201  23:44:00 22990.00 23000.00 22980.00 22980.00 302.00
20161201  23:45:00 22980.00 23010.00 22975.00 23005.00 578.00
20161201  23:46:00 23005.00 23035.00 23005.00 23010.00 882.00
20161201  23:47:00 23015.00 23015.00 22980.00 22980.00 468.00
20161201  23:48:00 22985.00 22995.00 22975.00 22985.00 194.00
20161201  23:49:00 22985.00 22995.00 22985.00 22985.00 268.00
20161201  23:50:00 22985.00 22990.00 22975.00 22980.00 398.00
20161201  23:51:00 22980.00 22985.00 22965.00 22970.00 380.00
20161201  23:52:00 22970.00 22975.00 22950.00 22965.00 574.00
20161201  23:53:00 22965.00 22970.00 22900.00 22910.00 1130.00
20161201  23:54:00 22905.00 22935.00 22905.00 22920.00 754.00
20161201  23:55:00 22920.00 22955.00 22915.00 22945.00 520.00
20161201  23:56:00 22945.00 22955.00 22940.00 22945.00 300.00
20161201  23:57:00 22945.00 22945.00 22935.00 22940.00 232.00
20161201  23:58:00 22945.00 22970.00 22935.00 22960.00 214.00
20161201  23:59:00 22960.00 22980.00 22960.00 22975.00 432.00
20161202  00:00:00 22975.00 22995.00 22965.00 22990.00 582.00
20161202  00:01:00 22995.00 22995.00 22975.00 22985.00 638.00
20161202  00:02:00 22985.00 22985.00 22970.00 22970.00 192.00
20161202  00:03:00 22970.00 22980.00 22955.00 22980.00 478.00
20161202  00:04:00 22980.00 22990.00 22980.00 22985.00 272.00
20161202  00:05:00 22985.00 23010.00 22980.00 23005.00 380.00
20161202  00:06:00 23005.00 23005.00 22970.00 22970.00 388.00
20161202  00:07:00 22970.00 22985.00 22970.00 22985.00 218.00
20161202  00:08:00 22980.00 23025.00 22970.00 23025.00 498.00
20161202  00:09:00 23025.00 23035.00 23000.00 23020.00 776.00
20161202  00:10:00 23020.00 23040.00 23010.00 23015.00 886.00
20161202  00:11:00 23010.00 23020.00 23005.00 23015.00 216.00
20161202  00:12:00 23015.00 23015.00 22980.00 22990.00 326.00
20161202  00:13:00 22990.00 22995.00 22960.00 22975.00 674.00
20161202  00:14:00 22975.00 22975.00 22965.00 22970.00 114.00
20161202  00:15:00 22970.00 22975.00 22945.00 22960.00 434.00
20161202  00:16:00 22960.00 22980.00 22960.00 22980.00 288.00
20161202  00:17:00 22985.00 22985.00 22950.00 22960.00 256.00
20161202  00:18:00 22960.00 22970.00 22950.00 22965.00 144.00
20161202  00:19:00 22965.00 22980.00 22965.00 22975.00  96.00
20161202  00:20:00 22975.00 22980.00 22955.00 22960.00 350.00
20161202  00:21:00 22960.00 22975.00 22950.00 22970.00 302.00
20161202  00:22:00 22975.00 22995.00 22975.00 22980.00 346.00
20161202  00:23:00 22980.00 22980.00 22960.00 22975.00 160.00
20161202  00:24:00 22980.00 22990.00 22980.00 22980.00  88.00
20161202  00:25:00 22985.00 22985.00 22975.00 22975.00  42.00
20161202  00:26:00 22975.00 22980.00 22970.00 22975.00 100.00
20161202  00:27:00 22975.00 22980.00 22960.00 22975.00 166.00
20161202  00:28:00 22975.00 22975.00 22940.00 22955.00 362.00
20161202  00:29:00 22950.00 22965.00 22950.00 22965.00  84.00
20161202  00:30:00 22965.00 22970.00 22930.00 22935.00 348.00
20161202  00:31:00 22935.00 22950.00 22930.00 22940.00 348.00
20161202  00:32:00 22940.00 22940.00 22915.00 22915.00 366.00
20161202  00:33:00 22920.00 22935.00 22910.00 22935.00 276.00
20161202  00:34:00 22930.00 22930.00 22870.00 22875.00 1392.00
20161202  00:35:00 22870.00 22885.00 22860.00 22875.00 850.00
20161202  00:36:00 22875.00 22885.00 22850.00 22885.00 1096.00
20161202  00:37:00 22885.00 22885.00 22865.00 22865.00 308.00
20161202  00:38:00 22865.00 22865.00 22805.00 22805.00 1914.00
20161202  00:39:00 22805.00 22825.00 22790.00 22810.00 1414.00
20161202  00:40:00 22810.00 22815.00 22790.00 22815.00 762.00
20161202  00:41:00 22820.00 22835.00 22810.00 22830.00 458.00
20161202  00:42:00 22830.00 22835.00 22800.00 22825.00 782.00
20161202  00:43:00 22825.00 22835.00 22820.00 22830.00 354.00
20161202  00:44:00 22830.00 22860.00 22830.00 22840.00 482.00
20161202  00:45:00 22840.00 22850.00 22835.00 22845.00 304.00
20161202  00:46:00 22845.00 22845.00 22830.00 22835.00 222.00
20161202  00:47:00 22835.00 22835.00 22780.00 22810.00 788.00
20161202  00:48:00 22810.00 22815.00 22795.00 22815.00 338.00
20161202  00:49:00 22810.00 22825.00 22810.00 22825.00 468.00
20161202  00:50:00 22825.00 22830.00 22795.00 22800.00 664.00
20161202  00:51:00 22795.00 22820.00 22795.00 22815.00 276.00
20161202  00:52:00 22810.00 22810.00 22800.00 22810.00 228.00
20161202  00:53:00 22810.00 22820.00 22810.00 22820.00  80.00
20161202  00:54:00 22820.00 22860.00 22820.00 22850.00 674.00
20161202  00:55:00 22845.00 22845.00 22825.00 22825.00 268.00
20161202  00:56:00 22825.00 22830.00 22815.00 22815.00 234.00
20161202  00:57:00 22815.00 22845.00 22815.00 22845.00 300.00
20161202  00:58:00 22845.00 22850.00 22835.00 22835.00 432.00
20161202  00:59:00 22835.00 22885.00 22830.00 22875.00 1036.00
20161202  01:00:00 22875.00 22875.00 22875.00 22875.00   4.00
20161202  09:00:00 22925.00 22985.00 22895.00 22920.00 2932.00
20161202  09:01:00 22930.00 22940.00 22835.00 22835.00 1372.00
20161202  09:02:00 22835.00 22850.00 22720.00 22735.00 3656.00
20161202  09:03:00 22730.00 22785.00 22720.00 22765.00 1978.00
20161202  09:04:00 22765.00 22805.00 22760.00 22785.00 1448.00
20161202  09:05:00 22785.00 22800.00 22760.00 22780.00 1604.00
20161202  09:06:00 22780.00 22790.00 22700.00 22710.00 2236.00
20161202  09:07:00 22715.00 22745.00 22675.00 22700.00 2536.00
20161202  09:08:00 22700.00 22725.00 22660.00 22705.00 2766.00
20161202  09:09:00 22700.00 22700.00 22630.00 22630.00 2458.00
20161202  09:10:00 22640.00 22710.00 22640.00 22685.00 2218.00
20161202  09:11:00 22680.00 22725.00 22675.00 22705.00 1880.00
20161202  09:12:00 22700.00 22730.00 22685.00 22705.00 1404.00
20161202  09:13:00 22705.00 22720.00 22655.00 22660.00 2060.00
20161202  09:14:00 22660.00 22695.00 22645.00 22670.00 1900.00
20161202  09:15:00 22660.00 22715.00 22650.00 22700.00 1806.00
20161202  09:16:00 22700.00 22730.00 22690.00 22730.00 1348.00
20161202  09:17:00 22730.00 22740.00 22710.00 22725.00 1122.00
20161202  09:18:00 22725.00 22750.00 22725.00 22745.00 1022.00
20161202  09:19:00 22740.00 22750.00 22725.00 22730.00 790.00
20161202  09:20:00 22730.00 22740.00 22720.00 22735.00 752.00
20161202  09:21:00 22735.00 22740.00 22720.00 22730.00 520.00
20161202  09:22:00 22725.00 22725.00 22705.00 22710.00 1054.00
20161202  09:23:00 22715.00 22725.00 22695.00 22705.00 970.00
20161202  09:24:00 22705.00 22730.00 22700.00 22720.00 844.00
20161202  09:25:00 22720.00 22745.00 22715.00 22745.00 640.00
20161202  09:26:00 22745.00 22785.00 22740.00 22785.00 2282.00
20161202  09:27:00 22785.00 22790.00 22775.00 22780.00 766.00
20161202  09:28:00 22780.00 22805.00 22770.00 22790.00 962.00
20161202  09:29:00 22790.00 22810.00 22780.00 22790.00 848.00
20161202  09:30:00 22790.00 22800.00 22755.00 22780.00 1002.00
20161202  09:31:00 22785.00 22790.00 22760.00 22785.00 952.00
20161202  09:32:00 22775.00 22795.00 22750.00 22785.00 830.00
20161202  09:33:00 22785.00 22795.00 22775.00 22780.00 414.00
20161202  09:34:00 22780.00 22780.00 22745.00 22760.00 642.00
20161202  09:35:00 22760.00 22765.00 22720.00 22750.00 1014.00
20161202  09:36:00 22755.00 22755.00 22725.00 22735.00 550.00
20161202  09:37:00 22725.00 22765.00 22715.00 22765.00 654.00
20161202  09:38:00 22760.00 22765.00 22720.00 22740.00 1482.00
20161202  09:39:00 22745.00 22750.00 22720.00 22730.00 480.00
20161202  09:40:00 22735.00 22745.00 22725.00 22740.00 484.00
20161202  09:41:00 22745.00 22750.00 22720.00 22725.00 418.00
20161202  09:42:00 22725.00 22745.00 22720.00 22740.00 378.00
20161202  09:43:00 22740.00 22740.00 22705.00 22705.00 466.00
20161202  09:44:00 22705.00 22705.00 22650.00 22670.00 2056.00
20161202  09:45:00 22670.00 22675.00 22630.00 22650.00 1912.00
20161202  09:46:00 22650.00 22680.00 22645.00 22675.00 1418.00
20161202  09:47:00 22675.00 22680.00 22650.00 22655.00 1338.00
20161202  09:48:00 22650.00 22670.00 22600.00 22605.00 2446.00
20161202  09:49:00 22610.00 22630.00 22600.00 22625.00 2074.00
20161202  09:50:00 22625.00 22640.00 22605.00 22605.00 922.00
20161202  09:51:00 22610.00 22655.00 22605.00 22650.00 884.00
20161202  09:52:00 22645.00 22655.00 22635.00 22655.00 552.00
20161202  09:53:00 22655.00 22660.00 22645.00 22660.00 628.00
20161202  09:54:00 22655.00 22665.00 22650.00 22655.00 382.00
20161202  09:55:00 22655.00 22665.00 22650.00 22655.00 818.00
20161202  09:56:00 22655.00 22655.00 22635.00 22650.00 432.00
20161202  09:57:00 22650.00 22650.00 22635.00 22635.00 248.00
20161202  09:58:00 22635.00 22640.00 22570.00 22590.00 1852.00
20161202  09:59:00 22590.00 22630.00 22585.00 22615.00 1328.00
20161202  10:00:00 22620.00 22620.00 22610.00 22610.00 472.00
20161202  10:01:00 22610.00 22630.00 22610.00 22625.00 316.00
20161202  10:02:00 22625.00 22625.00 22580.00 22590.00 614.00
20161202  10:03:00 22590.00 22615.00 22580.00 22610.00 612.00
20161202  10:04:00 22610.00 22625.00 22605.00 22610.00 322.00
20161202  10:05:00 22610.00 22640.00 22610.00 22640.00 550.00
20161202  10:06:00 22640.00 22655.00 22620.00 22625.00 464.00
20161202  10:07:00 22620.00 22630.00 22620.00 22620.00 312.00
20161202  10:08:00 22620.00 22630.00 22610.00 22610.00 394.00
20161202  10:09:00 22605.00 22615.00 22605.00 22615.00 122.00
20161202  10:10:00 22615.00 22620.00 22570.00 22570.00 944.00
20161202  10:11:00 22565.00 22595.00 22560.00 22590.00 758.00
20161202  10:12:00 22590.00 22600.00 22575.00 22580.00 364.00
20161202  10:13:00 22585.00 22585.00 22565.00 22575.00 482.00
20161202  10:14:00 22570.00 22580.00 22520.00 22520.00 1544.00
20161202  10:30:00 22520.00 22560.00 22505.00 22505.00 1816.00
20161202  10:31:00 22510.00 22535.00 22490.00 22520.00 2126.00
20161202  10:32:00 22525.00 22525.00 22505.00 22515.00 820.00
20161202  10:33:00 22520.00 22525.00 22495.00 22495.00 1066.00
20161202  10:34:00 22495.00 22530.00 22490.00 22520.00 1956.00
20161202  10:35:00 22520.00 22545.00 22515.00 22535.00 834.00
20161202  10:36:00 22535.00 22570.00 22535.00 22560.00 1380.00
20161202  10:37:00 22560.00 22570.00 22540.00 22545.00 910.00
20161202  10:38:00 22545.00 22545.00 22510.00 22525.00 1154.00
20161202  10:39:00 22530.00 22535.00 22520.00 22525.00 450.00
20161202  10:40:00 22525.00 22530.00 22470.00 22485.00 1582.00
20161202  10:41:00 22480.00 22515.00 22480.00 22505.00 1252.00
20161202  10:42:00 22505.00 22520.00 22500.00 22510.00 404.00
20161202  10:43:00 22510.00 22520.00 22480.00 22500.00 1266.00
20161202  10:44:00 22500.00 22510.00 22490.00 22490.00 594.00
20161202  10:45:00 22495.00 22500.00 22485.00 22490.00 812.00
20161202  10:46:00 22485.00 22490.00 22450.00 22460.00 1720.00
20161202  10:47:00 22460.00 22490.00 22420.00 22470.00 3416.00
20161202  10:48:00 22475.00 22475.00 22440.00 22455.00 1884.00
20161202  10:49:00 22455.00 22460.00 22365.00 22370.00 2522.00
20161202  10:50:00 22370.00 22415.00 22370.00 22390.00 2528.00
20161202  10:51:00 22390.00 22440.00 22390.00 22435.00 2416.00
20161202  10:52:00 22435.00 22460.00 22430.00 22435.00 1420.00
20161202  10:53:00 22440.00 22455.00 22435.00 22435.00 1096.00
20161202  10:54:00 22435.00 22450.00 22420.00 22430.00 914.00
20161202  10:55:00 22430.00 22450.00 22420.00 22445.00 952.00
20161202  10:56:00 22440.00 22470.00 22440.00 22455.00 1300.00
20161202  10:57:00 22455.00 22455.00 22440.00 22450.00 282.00
20161202  10:58:00 22450.00 22470.00 22445.00 22470.00 594.00
20161202  10:59:00 22470.00 22470.00 22440.00 22440.00 942.00
20161202  11:00:00 22440.00 22455.00 22430.00 22450.00 1046.00
20161202  11:01:00 22450.00 22450.00 22410.00 22415.00 1600.00
20161202  11:02:00 22420.00 22425.00 22395.00 22400.00 766.00
20161202  11:03:00 22400.00 22425.00 22375.00 22425.00 1584.00
20161202  11:04:00 22425.00 22425.00 22385.00 22395.00 534.00
20161202  11:05:00 22390.00 22415.00 22385.00 22405.00 882.00
20161202  11:06:00 22410.00 22420.00 22395.00 22415.00 756.00
20161202  11:07:00 22415.00 22440.00 22405.00 22435.00 562.00
20161202  11:08:00 22435.00 22455.00 22430.00 22455.00 984.00
20161202  11:09:00 22455.00 22460.00 22430.00 22435.00 720.00
20161202  11:10:00 22435.00 22470.00 22435.00 22455.00 1506.00
20161202  11:11:00 22455.00 22460.00 22415.00 22415.00 984.00
20161202  11:12:00 22415.00 22450.00 22415.00 22450.00 514.00
20161202  11:13:00 22450.00 22450.00 22435.00 22440.00 284.00
20161202  11:14:00 22440.00 22445.00 22410.00 22415.00 794.00
20161202  11:15:00 22420.00 22455.00 22420.00 22450.00 784.00
20161202  11:16:00 22450.00 22520.00 22445.00 22510.00 2166.00
20161202  11:17:00 22510.00 22515.00 22495.00 22505.00 1250.00
20161202  11:18:00 22505.00 22515.00 22490.00 22500.00 658.00
20161202  11:19:00 22500.00 22500.00 22465.00 22470.00 766.00
20161202  11:20:00 22470.00 22475.00 22445.00 22450.00 790.00
20161202  11:21:00 22455.00 22455.00 22395.00 22395.00 1832.00
20161202  11:22:00 22395.00 22415.00 22320.00 22340.00 3982.00
20161202  11:23:00 22350.00 22380.00 22335.00 22375.00 1742.00
20161202  11:24:00 22375.00 22395.00 22335.00 22345.00 1644.00
20161202  11:25:00 22345.00 22350.00 22265.00 22285.00 3310.00
20161202  11:26:00 22275.00 22300.00 22255.00 22265.00 2408.00
20161202  11:27:00 22255.00 22275.00 22190.00 22195.00 2500.00
20161202  11:28:00 22195.00 22200.00 22150.00 22170.00 2842.00
20161202  11:29:00 22170.00 22175.00 22130.00 22150.00 2964.00
20161202  13:30:00 22220.00 22230.00 22110.00 22150.00 4426.00
20161202  13:31:00 22150.00 22200.00 22150.00 22165.00 1858.00
20161202  13:32:00 22160.00 22245.00 22160.00 22220.00 1772.00
20161202  13:33:00 22220.00 22235.00 22200.00 22210.00 1970.00
20161202  13:34:00 22215.00 22220.00 22180.00 22185.00 1598.00
20161202  13:35:00 22185.00 22195.00 22170.00 22175.00 1700.00
20161202  13:36:00 22170.00 22175.00 22100.00 22110.00 4236.00
20161202  13:37:00 22120.00 22130.00 22095.00 22125.00 3056.00
20161202  13:38:00 22125.00 22125.00 22085.00 22100.00 2112.00
20161202  13:39:00 22095.00 22100.00 22035.00 22035.00 2104.00
20161202  13:40:00 22030.00 22125.00 22020.00 22115.00 4086.00
20161202  13:41:00 22115.00 22120.00 22095.00 22110.00 1508.00
20161202  13:42:00 22115.00 22155.00 22105.00 22130.00 1286.00
20161202  13:43:00 22135.00 22155.00 22130.00 22150.00 1678.00
20161202  13:44:00 22140.00 22150.00 22125.00 22125.00 1094.00
20161202  13:45:00 22130.00 22130.00 22090.00 22105.00 1232.00
20161202  13:46:00 22105.00 22125.00 22095.00 22120.00 982.00
20161202  13:47:00 22125.00 22130.00 22100.00 22130.00 1074.00
20161202  13:48:00 22135.00 22150.00 22115.00 22130.00 716.00
20161202  13:49:00 22135.00 22185.00 22135.00 22170.00 1708.00
20161202  13:50:00 22170.00 22175.00 22130.00 22130.00 1578.00
20161202  13:51:00 22130.00 22140.00 22115.00 22135.00 810.00
20161202  13:52:00 22135.00 22135.00 22115.00 22120.00 992.00
20161202  13:53:00 22120.00 22140.00 22115.00 22130.00 888.00
20161202  13:54:00 22135.00 22135.00 22115.00 22125.00 598.00
20161202  13:55:00 22125.00 22130.00 22100.00 22115.00 1138.00
20161202  13:56:00 22115.00 22120.00 22110.00 22115.00 584.00
20161202  13:57:00 22120.00 22125.00 22115.00 22115.00 646.00
20161202  13:58:00 22115.00 22120.00 22105.00 22115.00 438.00
20161202  13:59:00 22120.00 22125.00 22105.00 22120.00 928.00
20161202  14:00:00 22120.00 22120.00 22090.00 22090.00 1294.00
20161202  14:01:00 22085.00 22125.00 22075.00 22115.00 1164.00
20161202  14:02:00 22110.00 22115.00 22105.00 22110.00 266.00
20161202  14:03:00 22115.00 22115.00 22095.00 22110.00 720.00
20161202  14:04:00 22110.00 22110.00 22080.00 22080.00 672.00
20161202  14:05:00 22080.00 22110.00 22075.00 22100.00 706.00
20161202  14:06:00 22100.00 22105.00 22095.00 22105.00 358.00
20161202  14:07:00 22105.00 22115.00 22090.00 22115.00 630.00
20161202  14:08:00 22120.00 22120.00 22105.00 22110.00 440.00
20161202  14:09:00 22110.00 22110.00 22080.00 22085.00 376.00
20161202  14:10:00 22080.00 22095.00 22080.00 22085.00 480.00
20161202  14:11:00 22085.00 22110.00 22080.00 22105.00 584.00
20161202  14:12:00 22100.00 22115.00 22090.00 22110.00 564.00
20161202  14:13:00 22110.00 22110.00 22090.00 22105.00 602.00
20161202  14:14:00 22105.00 22110.00 22090.00 22100.00 678.00
20161202  14:15:00 22095.00 22105.00 22090.00 22090.00 546.00
20161202  14:16:00 22085.00 22100.00 22070.00 22090.00 934.00
20161202  14:17:00 22090.00 22095.00 22035.00 22040.00 1222.00
20161202  14:18:00 22050.00 22085.00 22030.00 22080.00 968.00
20161202  14:19:00 22080.00 22090.00 22050.00 22080.00 468.00
20161202  14:20:00 22075.00 22075.00 22055.00 22060.00 514.00
20161202  14:21:00 22065.00 22065.00 22035.00 22060.00 590.00
20161202  14:22:00 22060.00 22090.00 22060.00 22075.00 756.00
20161202  14:23:00 22075.00 22075.00 22015.00 22035.00 1168.00
20161202  14:24:00 22035.00 22050.00 22020.00 22030.00 1340.00
20161202  14:25:00 22035.00 22050.00 22015.00 22025.00 1532.00
20161202  14:26:00 22020.00 22035.00 22015.00 22035.00 1006.00
20161202  14:27:00 22030.00 22095.00 22030.00 22095.00 1460.00
20161202  14:28:00 22095.00 22105.00 22080.00 22095.00 1196.00
20161202  14:29:00 22100.00 22170.00 22095.00 22160.00 2172.00
20161202  14:30:00 22160.00 22180.00 22140.00 22175.00 1722.00
20161202  14:31:00 22170.00 22230.00 22145.00 22230.00 2286.00
20161202  14:32:00 22230.00 22260.00 22225.00 22230.00 3352.00
20161202  14:33:00 22225.00 22250.00 22225.00 22235.00 1398.00
20161202  14:34:00 22235.00 22235.00 22205.00 22225.00 1160.00
20161202  14:35:00 22225.00 22225.00 22165.00 22180.00 1682.00
20161202  14:36:00 22180.00 22215.00 22160.00 22205.00 1496.00
20161202  14:37:00 22215.00 22225.00 22190.00 22225.00 922.00
20161202  14:38:00 22215.00 22250.00 22210.00 22250.00 1666.00
20161202  14:39:00 22245.00 22250.00 22220.00 22235.00 1480.00
20161202  14:40:00 22235.00 22245.00 22225.00 22240.00 742.00
20161202  14:41:00 22240.00 22255.00 22225.00 22225.00 1348.00
20161202  14:42:00 22225.00 22300.00 22225.00 22290.00 2570.00
20161202  14:43:00 22290.00 22310.00 22260.00 22300.00 2114.00
20161202  14:44:00 22295.00 22400.00 22280.00 22370.00 2786.00
20161202  14:45:00 22370.00 22370.00 22350.00 22350.00 1722.00
20161202  14:46:00 22350.00 22360.00 22310.00 22315.00 1706.00
20161202  14:47:00 22315.00 22335.00 22295.00 22310.00 1036.00
20161202  14:48:00 22315.00 22325.00 22305.00 22320.00 504.00
20161202  14:49:00 22320.00 22320.00 22290.00 22320.00 880.00
20161202  14:50:00 22320.00 22320.00 22300.00 22320.00 918.00
20161202  14:51:00 22320.00 22355.00 22320.00 22340.00 1070.00
20161202  14:52:00 22345.00 22395.00 22340.00 22390.00 1776.00
20161202  14:53:00 22385.00 22390.00 22360.00 22385.00 1664.00
20161202  14:54:00 22395.00 22420.00 22385.00 22415.00 2504.00
20161202  14:55:00 22420.00 22460.00 22415.00 22420.00 3190.00
20161202  14:56:00 22425.00 22440.00 22380.00 22390.00 1482.00
20161202  14:57:00 22390.00 22390.00 22365.00 22385.00 1556.00
20161202  14:58:00 22380.00 22390.00 22345.00 22350.00 1448.00
20161202  14:59:00 22345.00 22390.00 22335.00 22350.00 2450.00
20161202  15:00:00 22350.00 22350.00 22350.00 22350.00   0.00
