20160127  21:00:00 13090.00 13095.00 13065.00 13085.00 5740.00
20160127  21:01:00 13085.00 13090.00 13080.00 13080.00 2306.00
20160127  21:02:00 13080.00 13080.00 13065.00 13070.00 1634.00
20160127  21:03:00 13075.00 13080.00 13070.00 13075.00 2296.00
20160127  21:04:00 13075.00 13075.00 13065.00 13070.00 918.00
20160127  21:05:00 13065.00 13080.00 13065.00 13075.00 1598.00
20160127  21:06:00 13075.00 13080.00 13070.00 13075.00 620.00
20160127  21:07:00 13075.00 13075.00 13055.00 13055.00 1666.00
20160127  21:08:00 13050.00 13060.00 13050.00 13060.00 808.00
20160127  21:09:00 13060.00 13060.00 13055.00 13060.00 1000.00
20160127  21:10:00 13055.00 13070.00 13050.00 13065.00 2140.00
20160127  21:11:00 13065.00 13075.00 13065.00 13075.00 1048.00
20160127  21:12:00 13070.00 13075.00 13060.00 13060.00 1274.00
20160127  21:13:00 13060.00 13070.00 13060.00 13070.00 706.00
20160127  21:14:00 13070.00 13070.00 13060.00 13065.00 1074.00
20160127  21:15:00 13065.00 13065.00 13055.00 13060.00 1408.00
20160127  21:16:00 13060.00 13065.00 13055.00 13060.00 1478.00
20160127  21:17:00 13060.00 13065.00 13050.00 13050.00 1336.00
20160127  21:18:00 13050.00 13055.00 13050.00 13055.00 772.00
20160127  21:19:00 13055.00 13055.00 13050.00 13055.00 848.00
20160127  21:20:00 13055.00 13060.00 13050.00 13055.00 330.00
20160127  21:21:00 13055.00 13065.00 13055.00 13060.00 1070.00
20160127  21:22:00 13060.00 13065.00 13055.00 13060.00 742.00
20160127  21:23:00 13060.00 13070.00 13060.00 13065.00 976.00
20160127  21:24:00 13070.00 13070.00 13060.00 13065.00 1008.00
20160127  21:25:00 13065.00 13065.00 13055.00 13060.00 876.00
20160127  21:26:00 13060.00 13065.00 13055.00 13060.00 1404.00
20160127  21:27:00 13060.00 13065.00 13060.00 13060.00 2074.00
20160127  21:28:00 13060.00 13070.00 13060.00 13070.00 136.00
20160127  21:29:00 13070.00 13070.00 13065.00 13065.00 442.00
20160127  21:30:00 13065.00 13075.00 13065.00 13070.00 1976.00
20160127  21:31:00 13070.00 13075.00 13070.00 13070.00 810.00
20160127  21:32:00 13070.00 13080.00 13070.00 13075.00 1240.00
20160127  21:33:00 13075.00 13080.00 13070.00 13075.00 930.00
20160127  21:34:00 13075.00 13075.00 13070.00 13070.00 256.00
20160127  21:35:00 13070.00 13070.00 13065.00 13070.00 1424.00
20160127  21:36:00 13070.00 13075.00 13070.00 13070.00 342.00
20160127  21:37:00 13070.00 13070.00 13070.00 13070.00 148.00
20160127  21:38:00 13070.00 13075.00 13070.00 13070.00 816.00
20160127  21:39:00 13070.00 13080.00 13070.00 13075.00 842.00
20160127  21:40:00 13075.00 13080.00 13075.00 13075.00 652.00
20160127  21:41:00 13075.00 13090.00 13075.00 13085.00 1640.00
20160127  21:42:00 13085.00 13085.00 13075.00 13080.00 1370.00
20160127  21:43:00 13075.00 13080.00 13065.00 13070.00 1220.00
20160127  21:44:00 13070.00 13075.00 13065.00 13075.00 606.00
20160127  21:45:00 13075.00 13075.00 13060.00 13060.00 1326.00
20160127  21:46:00 13060.00 13065.00 13060.00 13065.00 546.00
20160127  21:47:00 13065.00 13065.00 13060.00 13060.00 260.00
20160127  21:48:00 13060.00 13065.00 13060.00 13065.00 1116.00
20160127  21:49:00 13065.00 13065.00 13060.00 13065.00 614.00
20160127  21:50:00 13065.00 13070.00 13060.00 13065.00 1164.00
20160127  21:51:00 13065.00 13070.00 13065.00 13065.00 554.00
20160127  21:52:00 13065.00 13070.00 13065.00 13070.00 286.00
20160127  21:53:00 13070.00 13070.00 13060.00 13065.00 282.00
20160127  21:54:00 13065.00 13065.00 13055.00 13060.00 1412.00
20160127  21:55:00 13060.00 13065.00 13060.00 13065.00 514.00
20160127  21:56:00 13065.00 13065.00 13055.00 13060.00 766.00
20160127  21:57:00 13060.00 13070.00 13060.00 13065.00 576.00
20160127  21:58:00 13070.00 13070.00 13060.00 13065.00 770.00
20160127  21:59:00 13065.00 13065.00 13060.00 13060.00 192.00
20160127  22:00:00 13060.00 13060.00 13055.00 13060.00 388.00
20160127  22:01:00 13060.00 13065.00 13060.00 13065.00 970.00
20160127  22:02:00 13065.00 13065.00 13055.00 13055.00 482.00
20160127  22:03:00 13055.00 13060.00 13055.00 13055.00 448.00
20160127  22:04:00 13055.00 13060.00 13055.00 13055.00 228.00
20160127  22:05:00 13060.00 13060.00 13055.00 13055.00 654.00
20160127  22:06:00 13055.00 13055.00 13020.00 13025.00 4186.00
20160127  22:07:00 13020.00 13030.00 13020.00 13030.00 1794.00
20160127  22:08:00 13030.00 13030.00 13025.00 13025.00 1876.00
20160127  22:09:00 13025.00 13035.00 13025.00 13030.00 1562.00
20160127  22:10:00 13030.00 13035.00 13025.00 13030.00 788.00
20160127  22:11:00 13035.00 13035.00 13025.00 13025.00 606.00
20160127  22:12:00 13030.00 13030.00 13025.00 13030.00 868.00
20160127  22:13:00 13030.00 13035.00 13030.00 13030.00 386.00
20160127  22:14:00 13030.00 13035.00 13025.00 13030.00 914.00
20160127  22:15:00 13030.00 13040.00 13025.00 13040.00 764.00
20160127  22:16:00 13040.00 13040.00 13035.00 13040.00 672.00
20160127  22:17:00 13040.00 13045.00 13035.00 13040.00 734.00
20160127  22:18:00 13040.00 13050.00 13040.00 13050.00 778.00
20160127  22:19:00 13050.00 13050.00 13040.00 13045.00 656.00
20160127  22:20:00 13045.00 13045.00 13040.00 13045.00 162.00
20160127  22:21:00 13040.00 13045.00 13040.00 13040.00 568.00
20160127  22:22:00 13040.00 13045.00 13040.00 13045.00 480.00
20160127  22:23:00 13045.00 13050.00 13045.00 13050.00 256.00
20160127  22:24:00 13045.00 13045.00 13040.00 13045.00 580.00
20160127  22:25:00 13040.00 13050.00 13040.00 13050.00 266.00
20160127  22:26:00 13050.00 13050.00 13045.00 13045.00  78.00
20160127  22:27:00 13050.00 13055.00 13050.00 13050.00 756.00
20160127  22:28:00 13045.00 13050.00 13045.00 13045.00 254.00
20160127  22:29:00 13045.00 13050.00 13045.00 13045.00 406.00
20160127  22:30:00 13045.00 13050.00 13040.00 13045.00 452.00
20160127  22:31:00 13045.00 13060.00 13045.00 13060.00 1398.00
20160127  22:32:00 13060.00 13060.00 13050.00 13050.00 1070.00
20160127  22:33:00 13050.00 13055.00 13045.00 13050.00 230.00
20160127  22:34:00 13050.00 13055.00 13050.00 13055.00 210.00
20160127  22:35:00 13055.00 13065.00 13055.00 13060.00 840.00
20160127  22:36:00 13060.00 13065.00 13050.00 13055.00 848.00
20160127  22:37:00 13055.00 13060.00 13055.00 13055.00  38.00
20160127  22:38:00 13055.00 13060.00 13055.00 13060.00 112.00
20160127  22:39:00 13060.00 13065.00 13060.00 13065.00 384.00
20160127  22:40:00 13065.00 13065.00 13055.00 13060.00 456.00
20160127  22:41:00 13060.00 13070.00 13060.00 13065.00 872.00
20160127  22:42:00 13065.00 13075.00 13065.00 13070.00 1604.00
20160127  22:43:00 13070.00 13070.00 13065.00 13070.00  98.00
20160127  22:44:00 13070.00 13070.00 13060.00 13065.00 412.00
20160127  22:45:00 13065.00 13070.00 13065.00 13065.00 462.00
20160127  22:46:00 13065.00 13070.00 13065.00 13070.00 184.00
20160127  22:47:00 13070.00 13070.00 13060.00 13065.00 634.00
20160127  22:48:00 13065.00 13070.00 13060.00 13070.00 948.00
20160127  22:49:00 13070.00 13080.00 13070.00 13075.00 710.00
20160127  22:50:00 13075.00 13085.00 13075.00 13075.00 968.00
20160127  22:51:00 13075.00 13080.00 13070.00 13070.00 1206.00
20160127  22:52:00 13070.00 13075.00 13070.00 13075.00 572.00
20160127  22:53:00 13075.00 13075.00 13070.00 13070.00 264.00
20160127  22:54:00 13070.00 13075.00 13070.00 13075.00 302.00
20160127  22:55:00 13075.00 13080.00 13070.00 13075.00 656.00
20160127  22:56:00 13070.00 13075.00 13070.00 13075.00  48.00
20160127  22:57:00 13075.00 13075.00 13070.00 13070.00 412.00
20160127  22:58:00 13070.00 13075.00 13070.00 13070.00 194.00
20160127  22:59:00 13070.00 13075.00 13065.00 13070.00 224.00
20160127  23:00:00 13070.00 13075.00 13070.00 13070.00 152.00
20160127  23:01:00 13070.00 13070.00 13060.00 13060.00 434.00
20160127  23:02:00 13060.00 13065.00 13060.00 13060.00 414.00
20160127  23:03:00 13060.00 13065.00 13055.00 13060.00 310.00
20160127  23:04:00 13060.00 13065.00 13055.00 13060.00 654.00
20160127  23:05:00 13060.00 13065.00 13060.00 13065.00 256.00
20160127  23:06:00 13065.00 13070.00 13060.00 13065.00 284.00
20160127  23:07:00 13065.00 13065.00 13065.00 13065.00 122.00
20160127  23:08:00 13065.00 13065.00 13065.00 13065.00 172.00
20160127  23:09:00 13065.00 13065.00 13065.00 13065.00  90.00
20160127  23:10:00 13065.00 13065.00 13065.00 13065.00 112.00
20160127  23:11:00 13065.00 13070.00 13055.00 13055.00 394.00
20160127  23:12:00 13055.00 13055.00 13045.00 13045.00 1182.00
20160127  23:13:00 13045.00 13050.00 13040.00 13045.00 1096.00
20160127  23:14:00 13045.00 13045.00 13030.00 13030.00 1508.00
20160127  23:15:00 13030.00 13040.00 13030.00 13035.00 1218.00
20160127  23:16:00 13035.00 13040.00 13035.00 13040.00 1032.00
20160127  23:17:00 13040.00 13040.00 13035.00 13035.00 492.00
20160127  23:18:00 13035.00 13035.00 13020.00 13025.00 2110.00
20160127  23:19:00 13025.00 13030.00 13020.00 13025.00 992.00
20160127  23:20:00 13025.00 13025.00 13005.00 13020.00 2748.00
20160127  23:21:00 13015.00 13020.00 13010.00 13010.00 1618.00
20160127  23:22:00 13010.00 13010.00 12995.00 13005.00 2462.00
20160127  23:23:00 13005.00 13010.00 13000.00 13010.00 1752.00
20160127  23:24:00 13010.00 13010.00 12995.00 13005.00 2406.00
20160127  23:25:00 13005.00 13005.00 13000.00 13005.00 382.00
20160127  23:26:00 13005.00 13005.00 13000.00 13005.00 282.00
20160127  23:27:00 13000.00 13000.00 12995.00 13000.00 950.00
20160127  23:28:00 13000.00 13005.00 12995.00 13000.00 1086.00
20160127  23:29:00 13000.00 13000.00 12990.00 13000.00 1092.00
20160127  23:30:00 13000.00 13000.00 12990.00 12990.00 2074.00
20160127  23:31:00 12990.00 13000.00 12990.00 13000.00 1454.00
20160127  23:32:00 13000.00 13005.00 12995.00 13000.00 1420.00
20160127  23:33:00 13000.00 13005.00 12995.00 13005.00 482.00
20160127  23:34:00 13005.00 13005.00 13000.00 13000.00 444.00
20160127  23:35:00 13000.00 13010.00 13000.00 13010.00 1426.00
20160127  23:36:00 13010.00 13015.00 13005.00 13010.00 1944.00
20160127  23:37:00 13010.00 13010.00 13005.00 13010.00 276.00
20160127  23:38:00 13010.00 13020.00 13005.00 13020.00 1282.00
20160127  23:39:00 13020.00 13020.00 13015.00 13015.00 1720.00
20160127  23:40:00 13020.00 13020.00 13010.00 13010.00 430.00
20160127  23:41:00 13010.00 13020.00 13010.00 13020.00 458.00
20160127  23:42:00 13020.00 13020.00 13010.00 13010.00 166.00
20160127  23:43:00 13010.00 13020.00 13010.00 13020.00 644.00
20160127  23:44:00 13020.00 13030.00 13020.00 13030.00 642.00
20160127  23:45:00 13030.00 13030.00 13020.00 13020.00 936.00
20160127  23:46:00 13020.00 13020.00 13015.00 13015.00 146.00
20160127  23:47:00 13015.00 13030.00 13015.00 13030.00 472.00
20160127  23:48:00 13030.00 13030.00 13020.00 13025.00 334.00
20160127  23:49:00 13025.00 13025.00 13015.00 13015.00 584.00
20160127  23:50:00 13020.00 13025.00 13015.00 13025.00 262.00
20160127  23:51:00 13025.00 13035.00 13020.00 13030.00 688.00
20160127  23:52:00 13030.00 13040.00 13025.00 13030.00 1652.00
20160127  23:53:00 13025.00 13040.00 13025.00 13030.00 1238.00
20160127  23:54:00 13030.00 13040.00 13025.00 13035.00 866.00
20160127  23:55:00 13035.00 13040.00 13035.00 13035.00 606.00
20160127  23:56:00 13035.00 13040.00 13035.00 13035.00 654.00
20160127  23:57:00 13035.00 13035.00 13030.00 13030.00 626.00
20160127  23:58:00 13030.00 13035.00 13025.00 13025.00 296.00
20160127  23:59:00 13025.00 13035.00 13025.00 13035.00 374.00
20160128  00:00:00 13035.00 13045.00 13035.00 13040.00 796.00
20160128  00:01:00 13040.00 13040.00 13030.00 13040.00 426.00
20160128  00:02:00 13040.00 13040.00 13035.00 13035.00  28.00
20160128  00:03:00 13035.00 13040.00 13035.00 13040.00 196.00
20160128  00:04:00 13035.00 13040.00 13035.00 13040.00 634.00
20160128  00:05:00 13040.00 13040.00 13035.00 13040.00  28.00
20160128  00:06:00 13040.00 13040.00 13035.00 13040.00 856.00
20160128  00:07:00 13040.00 13040.00 13040.00 13040.00 470.00
20160128  00:08:00 13040.00 13040.00 13035.00 13035.00 400.00
20160128  00:09:00 13035.00 13040.00 13035.00 13040.00  58.00
20160128  00:10:00 13040.00 13040.00 13030.00 13030.00 584.00
20160128  00:11:00 13030.00 13035.00 13030.00 13030.00 270.00
20160128  00:12:00 13030.00 13030.00 13025.00 13030.00 248.00
20160128  00:13:00 13030.00 13035.00 13030.00 13035.00 218.00
20160128  00:14:00 13035.00 13035.00 13030.00 13035.00 604.00
20160128  00:15:00 13035.00 13035.00 13030.00 13030.00 444.00
20160128  00:16:00 13030.00 13040.00 13030.00 13035.00 1166.00
20160128  00:17:00 13035.00 13055.00 13035.00 13055.00 1640.00
20160128  00:18:00 13055.00 13055.00 13045.00 13050.00 628.00
20160128  00:19:00 13055.00 13055.00 13045.00 13045.00 1568.00
20160128  00:20:00 13045.00 13055.00 13040.00 13050.00 1528.00
20160128  00:21:00 13050.00 13050.00 13045.00 13050.00 544.00
20160128  00:22:00 13050.00 13055.00 13050.00 13050.00 382.00
20160128  00:23:00 13050.00 13070.00 13050.00 13060.00 1876.00
20160128  00:24:00 13060.00 13060.00 13055.00 13055.00 446.00
20160128  00:25:00 13055.00 13055.00 13045.00 13050.00 298.00
20160128  00:26:00 13050.00 13050.00 13045.00 13050.00 316.00
20160128  00:27:00 13050.00 13060.00 13050.00 13060.00 496.00
20160128  00:28:00 13060.00 13060.00 13055.00 13060.00 200.00
20160128  00:29:00 13060.00 13060.00 13050.00 13055.00 316.00
20160128  00:30:00 13055.00 13060.00 13055.00 13060.00 194.00
20160128  00:31:00 13060.00 13060.00 13050.00 13050.00 442.00
20160128  00:32:00 13050.00 13055.00 13050.00 13050.00  52.00
20160128  00:33:00 13050.00 13055.00 13050.00 13050.00  22.00
20160128  00:34:00 13050.00 13080.00 13050.00 13075.00 2078.00
20160128  00:35:00 13075.00 13085.00 13070.00 13075.00 1670.00
20160128  00:36:00 13080.00 13085.00 13075.00 13080.00 1068.00
20160128  00:37:00 13080.00 13085.00 13070.00 13070.00 666.00
20160128  00:38:00 13070.00 13075.00 13070.00 13075.00  72.00
20160128  00:39:00 13075.00 13075.00 13065.00 13075.00 812.00
20160128  00:40:00 13075.00 13080.00 13065.00 13065.00 572.00
20160128  00:41:00 13065.00 13070.00 13060.00 13065.00 672.00
20160128  00:42:00 13065.00 13070.00 13065.00 13065.00 328.00
20160128  00:43:00 13065.00 13065.00 13060.00 13060.00 552.00
20160128  00:44:00 13060.00 13070.00 13060.00 13065.00 124.00
20160128  00:45:00 13065.00 13070.00 13060.00 13065.00 298.00
20160128  00:46:00 13065.00 13070.00 13065.00 13065.00 224.00
20160128  00:47:00 13065.00 13070.00 13060.00 13060.00 360.00
20160128  00:48:00 13060.00 13065.00 13060.00 13065.00 262.00
20160128  00:49:00 13065.00 13070.00 13060.00 13070.00 766.00
20160128  00:50:00 13070.00 13075.00 13070.00 13075.00 626.00
20160128  00:51:00 13075.00 13080.00 13075.00 13075.00 524.00
20160128  00:52:00 13075.00 13080.00 13070.00 13075.00 506.00
20160128  00:53:00 13075.00 13075.00 13070.00 13070.00 166.00
20160128  00:54:00 13075.00 13075.00 13065.00 13075.00 504.00
20160128  00:55:00 13075.00 13075.00 13070.00 13075.00 488.00
20160128  00:56:00 13075.00 13080.00 13075.00 13080.00 196.00
20160128  00:57:00 13075.00 13080.00 13070.00 13075.00 532.00
20160128  00:58:00 13075.00 13080.00 13075.00 13075.00 774.00
20160128  00:59:00 13075.00 13075.00 13065.00 13070.00 1500.00
20160128  01:00:00 13065.00 13065.00 13065.00 13065.00   4.00
20160128  09:00:00 13060.00 13080.00 13055.00 13055.00 3606.00
20160128  09:01:00 13055.00 13060.00 13045.00 13050.00 1430.00
20160128  09:02:00 13050.00 13070.00 13050.00 13065.00 1268.00
20160128  09:03:00 13065.00 13065.00 13035.00 13040.00 2264.00
20160128  09:04:00 13040.00 13045.00 13035.00 13035.00 1850.00
20160128  09:05:00 13035.00 13050.00 13030.00 13045.00 1132.00
20160128  09:06:00 13045.00 13050.00 13035.00 13035.00 772.00
20160128  09:07:00 13035.00 13040.00 13025.00 13030.00 928.00
20160128  09:08:00 13030.00 13035.00 13025.00 13030.00 934.00
20160128  09:09:00 13030.00 13030.00 13020.00 13025.00 1080.00
20160128  09:10:00 13025.00 13035.00 13025.00 13035.00 972.00
20160128  09:11:00 13035.00 13040.00 13025.00 13035.00 996.00
20160128  09:12:00 13040.00 13045.00 13035.00 13045.00 1050.00
20160128  09:13:00 13040.00 13045.00 13035.00 13040.00 588.00
20160128  09:14:00 13040.00 13040.00 13035.00 13035.00 338.00
20160128  09:15:00 13035.00 13040.00 13025.00 13025.00 548.00
20160128  09:16:00 13025.00 13035.00 13025.00 13030.00 248.00
20160128  09:17:00 13030.00 13035.00 13030.00 13035.00 770.00
20160128  09:18:00 13035.00 13040.00 13030.00 13035.00 410.00
20160128  09:19:00 13035.00 13035.00 13030.00 13035.00 182.00
20160128  09:20:00 13035.00 13035.00 13030.00 13030.00 260.00
20160128  09:21:00 13035.00 13040.00 13030.00 13035.00 228.00
20160128  09:22:00 13040.00 13040.00 13035.00 13035.00 242.00
20160128  09:23:00 13040.00 13040.00 13035.00 13040.00 382.00
20160128  09:24:00 13040.00 13040.00 13035.00 13040.00 416.00
20160128  09:25:00 13040.00 13040.00 13035.00 13035.00 286.00
20160128  09:26:00 13035.00 13035.00 13030.00 13035.00 778.00
20160128  09:27:00 13035.00 13035.00 13035.00 13035.00 278.00
20160128  09:28:00 13035.00 13035.00 13035.00 13035.00   8.00
20160128  09:29:00 13035.00 13040.00 13035.00 13035.00  66.00
20160128  09:30:00 13035.00 13045.00 13035.00 13045.00 658.00
20160128  09:31:00 13040.00 13060.00 13040.00 13060.00 1780.00
20160128  09:32:00 13060.00 13065.00 13050.00 13060.00 1808.00
20160128  09:33:00 13055.00 13060.00 13050.00 13050.00 1002.00
20160128  09:34:00 13055.00 13055.00 13050.00 13050.00 254.00
20160128  09:35:00 13050.00 13050.00 13040.00 13045.00 1026.00
20160128  09:36:00 13045.00 13045.00 13040.00 13040.00 484.00
20160128  09:37:00 13040.00 13045.00 13040.00 13040.00 296.00
20160128  09:38:00 13040.00 13055.00 13040.00 13055.00 718.00
20160128  09:39:00 13050.00 13055.00 13050.00 13050.00 644.00
20160128  09:40:00 13050.00 13050.00 13045.00 13050.00  60.00
20160128  09:41:00 13050.00 13050.00 13045.00 13045.00  36.00
20160128  09:42:00 13045.00 13055.00 13045.00 13055.00 596.00
20160128  09:43:00 13055.00 13055.00 13050.00 13055.00 146.00
20160128  09:44:00 13055.00 13055.00 13050.00 13050.00 320.00
20160128  09:45:00 13050.00 13050.00 13045.00 13050.00 162.00
20160128  09:46:00 13050.00 13050.00 13040.00 13045.00 456.00
20160128  09:47:00 13045.00 13045.00 13040.00 13040.00  32.00
20160128  09:48:00 13040.00 13050.00 13040.00 13045.00 158.00
20160128  09:49:00 13045.00 13050.00 13045.00 13045.00  66.00
20160128  09:50:00 13045.00 13050.00 13045.00 13050.00 322.00
20160128  09:51:00 13050.00 13055.00 13050.00 13050.00 494.00
20160128  09:52:00 13050.00 13050.00 13045.00 13050.00 188.00
20160128  09:53:00 13050.00 13055.00 13050.00 13050.00  18.00
20160128  09:54:00 13050.00 13055.00 13050.00 13050.00  82.00
20160128  09:55:00 13050.00 13055.00 13050.00 13055.00  34.00
20160128  09:56:00 13055.00 13055.00 13050.00 13050.00  44.00
20160128  09:57:00 13050.00 13050.00 13050.00 13050.00 212.00
20160128  09:58:00 13050.00 13050.00 13045.00 13050.00 408.00
20160128  09:59:00 13050.00 13055.00 13045.00 13050.00 558.00
20160128  10:00:00 13050.00 13060.00 13050.00 13055.00 1454.00
20160128  10:01:00 13055.00 13060.00 13045.00 13055.00 1754.00
20160128  10:02:00 13055.00 13055.00 13040.00 13050.00 1436.00
20160128  10:03:00 13050.00 13055.00 13040.00 13055.00 1032.00
20160128  10:04:00 13055.00 13055.00 13045.00 13050.00 250.00
20160128  10:05:00 13045.00 13050.00 13045.00 13045.00 876.00
20160128  10:06:00 13045.00 13055.00 13045.00 13050.00 378.00
20160128  10:07:00 13050.00 13055.00 13050.00 13055.00  48.00
20160128  10:08:00 13055.00 13055.00 13050.00 13050.00  18.00
20160128  10:09:00 13050.00 13050.00 13045.00 13050.00 810.00
20160128  10:10:00 13050.00 13050.00 13040.00 13050.00 954.00
20160128  10:11:00 13050.00 13055.00 13045.00 13050.00 326.00
20160128  10:12:00 13050.00 13050.00 13050.00 13050.00   2.00
20160128  10:13:00 13050.00 13055.00 13040.00 13050.00 1506.00
20160128  10:14:00 13050.00 13055.00 13050.00 13050.00 398.00
20160128  10:30:00 13055.00 13055.00 13040.00 13045.00 558.00
20160128  10:31:00 13045.00 13045.00 13035.00 13035.00 606.00
20160128  10:32:00 13035.00 13045.00 13035.00 13045.00 718.00
20160128  10:33:00 13045.00 13045.00 13040.00 13045.00  74.00
20160128  10:34:00 13040.00 13050.00 13040.00 13050.00 170.00
20160128  10:35:00 13050.00 13055.00 13040.00 13050.00 1188.00
20160128  10:36:00 13050.00 13055.00 13035.00 13050.00 1816.00
20160128  10:37:00 13050.00 13055.00 13045.00 13045.00 402.00
20160128  10:38:00 13045.00 13050.00 13040.00 13050.00 1202.00
20160128  10:39:00 13050.00 13050.00 13050.00 13050.00 198.00
20160128  10:40:00 13050.00 13060.00 13050.00 13060.00 452.00
20160128  10:41:00 13060.00 13060.00 13050.00 13050.00 530.00
20160128  10:42:00 13055.00 13060.00 13050.00 13050.00 472.00
20160128  10:43:00 13050.00 13055.00 13050.00 13055.00 1538.00
20160128  10:44:00 13055.00 13055.00 13050.00 13055.00 1074.00
20160128  10:45:00 13055.00 13060.00 13050.00 13050.00 1334.00
20160128  10:46:00 13050.00 13060.00 13050.00 13055.00 558.00
20160128  10:47:00 13055.00 13060.00 13050.00 13055.00 1450.00
20160128  10:48:00 13055.00 13055.00 13050.00 13055.00 130.00
20160128  10:49:00 13055.00 13055.00 13055.00 13055.00 104.00
20160128  10:50:00 13055.00 13055.00 13055.00 13055.00 768.00
20160128  10:51:00 13055.00 13060.00 13050.00 13055.00 340.00
20160128  10:52:00 13055.00 13055.00 13055.00 13055.00 652.00
20160128  10:53:00 13055.00 13055.00 13050.00 13050.00 854.00
20160128  10:54:00 13050.00 13055.00 13045.00 13055.00 210.00
20160128  10:55:00 13055.00 13060.00 13050.00 13060.00 678.00
20160128  10:56:00 13060.00 13060.00 13055.00 13060.00  76.00
20160128  10:57:00 13055.00 13060.00 13050.00 13055.00 336.00
20160128  10:58:00 13050.00 13055.00 13050.00 13055.00  16.00
20160128  10:59:00 13055.00 13055.00 13050.00 13055.00 196.00
20160128  11:00:00 13055.00 13055.00 13035.00 13035.00 1018.00
20160128  11:01:00 13035.00 13045.00 13030.00 13045.00 580.00
20160128  11:02:00 13045.00 13045.00 13040.00 13045.00 636.00
20160128  11:03:00 13045.00 13045.00 13035.00 13040.00 1414.00
20160128  11:04:00 13040.00 13045.00 13040.00 13045.00 1042.00
20160128  11:05:00 13050.00 13050.00 13045.00 13050.00  74.00
20160128  11:06:00 13050.00 13055.00 13050.00 13050.00 436.00
20160128  11:07:00 13050.00 13055.00 13050.00 13050.00 1174.00
20160128  11:08:00 13050.00 13055.00 13050.00 13055.00 838.00
20160128  11:09:00 13055.00 13055.00 13050.00 13050.00 1420.00
20160128  11:10:00 13050.00 13055.00 13050.00 13050.00 834.00
20160128  11:11:00 13050.00 13050.00 13050.00 13050.00  52.00
20160128  11:12:00 13050.00 13050.00 13040.00 13050.00 1306.00
20160128  11:13:00 13050.00 13050.00 13045.00 13045.00 506.00
20160128  11:14:00 13045.00 13045.00 13045.00 13045.00  14.00
20160128  11:15:00 13045.00 13050.00 13040.00 13045.00 370.00
20160128  11:16:00 13045.00 13050.00 13045.00 13050.00 412.00
20160128  11:17:00 13050.00 13055.00 13045.00 13050.00 324.00
20160128  11:18:00 13050.00 13055.00 13050.00 13055.00 270.00
20160128  11:19:00 13055.00 13055.00 13050.00 13050.00  22.00
20160128  11:20:00 13050.00 13050.00 13050.00 13050.00  96.00
20160128  11:21:00 13050.00 13050.00 13045.00 13045.00 132.00
20160128  11:22:00 13045.00 13050.00 13045.00 13050.00 862.00
20160128  11:23:00 13050.00 13050.00 13045.00 13050.00 316.00
20160128  11:24:00 13050.00 13050.00 13045.00 13050.00 924.00
20160128  11:25:00 13050.00 13055.00 13045.00 13050.00 574.00
20160128  11:26:00 13050.00 13050.00 13045.00 13050.00 184.00
20160128  11:27:00 13050.00 13050.00 13045.00 13050.00 350.00
20160128  11:28:00 13050.00 13050.00 13045.00 13045.00 620.00
20160128  11:29:00 13045.00 13050.00 13040.00 13040.00 862.00
20160128  13:30:00 13045.00 13045.00 13040.00 13045.00 786.00
20160128  13:31:00 13045.00 13055.00 13045.00 13055.00 508.00
20160128  13:32:00 13055.00 13055.00 13050.00 13055.00 242.00
20160128  13:33:00 13055.00 13055.00 13050.00 13050.00 368.00
20160128  13:34:00 13050.00 13050.00 13045.00 13050.00 290.00
20160128  13:35:00 13055.00 13055.00 13045.00 13050.00 332.00
20160128  13:36:00 13050.00 13055.00 13045.00 13050.00 498.00
20160128  13:37:00 13050.00 13050.00 13045.00 13045.00 298.00
20160128  13:38:00 13045.00 13050.00 13040.00 13045.00 548.00
20160128  13:39:00 13045.00 13045.00 13035.00 13035.00 1236.00
20160128  13:40:00 13035.00 13040.00 13030.00 13040.00 458.00
20160128  13:41:00 13040.00 13040.00 13035.00 13035.00 158.00
20160128  13:42:00 13035.00 13040.00 13030.00 13035.00 632.00
20160128  13:43:00 13035.00 13040.00 13035.00 13040.00 726.00
20160128  13:44:00 13040.00 13040.00 13030.00 13030.00 872.00
20160128  13:45:00 13030.00 13035.00 13030.00 13030.00 744.00
20160128  13:46:00 13035.00 13045.00 13035.00 13040.00 696.00
20160128  13:47:00 13040.00 13040.00 13035.00 13040.00 318.00
20160128  13:48:00 13040.00 13040.00 13035.00 13035.00 680.00
20160128  13:49:00 13035.00 13040.00 13025.00 13030.00 1590.00
20160128  13:50:00 13030.00 13035.00 13025.00 13025.00 668.00
20160128  13:51:00 13025.00 13030.00 13025.00 13030.00 670.00
20160128  13:52:00 13025.00 13035.00 13025.00 13030.00 604.00
20160128  13:53:00 13030.00 13030.00 13025.00 13030.00 260.00
20160128  13:54:00 13025.00 13035.00 13025.00 13030.00 416.00
20160128  13:55:00 13030.00 13030.00 13025.00 13025.00 558.00
20160128  13:56:00 13025.00 13035.00 13025.00 13030.00 622.00
20160128  13:57:00 13030.00 13035.00 13030.00 13030.00  64.00
20160128  13:58:00 13030.00 13035.00 13030.00 13035.00 264.00
20160128  13:59:00 13030.00 13035.00 13025.00 13030.00 720.00
20160128  14:00:00 13030.00 13030.00 13015.00 13015.00 1466.00
20160128  14:01:00 13015.00 13025.00 13015.00 13020.00 428.00
20160128  14:02:00 13020.00 13030.00 13020.00 13030.00 704.00
20160128  14:03:00 13030.00 13035.00 13025.00 13030.00 218.00
20160128  14:04:00 13035.00 13045.00 13035.00 13040.00 1874.00
20160128  14:05:00 13040.00 13040.00 13035.00 13040.00 1266.00
20160128  14:06:00 13040.00 13040.00 13030.00 13035.00 526.00
20160128  14:07:00 13035.00 13040.00 13030.00 13030.00 778.00
20160128  14:08:00 13030.00 13040.00 13030.00 13040.00 506.00
20160128  14:09:00 13040.00 13045.00 13035.00 13045.00 630.00
20160128  14:10:00 13045.00 13050.00 13040.00 13050.00 1014.00
20160128  14:11:00 13050.00 13050.00 13045.00 13045.00 480.00
20160128  14:12:00 13045.00 13050.00 13040.00 13050.00 1006.00
20160128  14:13:00 13050.00 13050.00 13040.00 13045.00 1074.00
20160128  14:14:00 13045.00 13050.00 13040.00 13050.00 1002.00
20160128  14:15:00 13050.00 13050.00 13045.00 13045.00 374.00
20160128  14:16:00 13045.00 13050.00 13035.00 13040.00 870.00
20160128  14:17:00 13040.00 13040.00 13035.00 13035.00 104.00
20160128  14:18:00 13035.00 13035.00 13030.00 13035.00 740.00
20160128  14:19:00 13035.00 13035.00 13030.00 13035.00 534.00
20160128  14:20:00 13035.00 13035.00 13025.00 13030.00 952.00
20160128  14:21:00 13030.00 13030.00 13025.00 13025.00 138.00
20160128  14:22:00 13025.00 13035.00 13025.00 13035.00 810.00
20160128  14:23:00 13035.00 13040.00 13030.00 13035.00 642.00
20160128  14:24:00 13035.00 13035.00 13030.00 13030.00 206.00
20160128  14:25:00 13030.00 13040.00 13030.00 13035.00 146.00
20160128  14:26:00 13035.00 13040.00 13030.00 13030.00 828.00
20160128  14:27:00 13030.00 13030.00 13025.00 13025.00 396.00
20160128  14:28:00 13025.00 13025.00 13015.00 13015.00 876.00
20160128  14:29:00 13015.00 13015.00 13000.00 13005.00 2442.00
20160128  14:30:00 13005.00 13005.00 12995.00 13000.00 3086.00
20160128  14:31:00 13005.00 13005.00 12985.00 12995.00 3600.00
20160128  14:32:00 12995.00 13005.00 12995.00 13000.00 1726.00
20160128  14:33:00 13000.00 13000.00 12995.00 13000.00 506.00
20160128  14:34:00 13000.00 13005.00 12995.00 13000.00 612.00
20160128  14:35:00 13000.00 13005.00 12995.00 13000.00 1282.00
20160128  14:36:00 13000.00 13000.00 12995.00 13000.00 154.00
20160128  14:37:00 13000.00 13000.00 12975.00 12975.00 2334.00
20160128  14:38:00 12975.00 12980.00 12955.00 12970.00 3636.00
20160128  14:39:00 12970.00 12970.00 12955.00 12960.00 1630.00
20160128  14:40:00 12960.00 12975.00 12960.00 12970.00 2106.00
20160128  14:41:00 12970.00 12980.00 12970.00 12980.00 1060.00
20160128  14:42:00 12980.00 12985.00 12975.00 12975.00 1062.00
20160128  14:43:00 12975.00 12975.00 12965.00 12970.00 2496.00
20160128  14:44:00 12970.00 12975.00 12965.00 12970.00 654.00
20160128  14:45:00 12970.00 12970.00 12960.00 12965.00 1026.00
20160128  14:46:00 12965.00 12975.00 12960.00 12975.00 1016.00
20160128  14:47:00 12975.00 12990.00 12970.00 12985.00 1496.00
20160128  14:48:00 12985.00 12990.00 12980.00 12980.00 638.00
20160128  14:49:00 12985.00 12995.00 12985.00 12990.00 1312.00
20160128  14:50:00 12990.00 13000.00 12990.00 13000.00 1654.00
20160128  14:51:00 13000.00 13005.00 12995.00 13005.00 1010.00
20160128  14:52:00 13005.00 13005.00 12990.00 12995.00 1380.00
20160128  14:53:00 12995.00 12995.00 12990.00 12990.00 756.00
20160128  14:54:00 12985.00 12995.00 12985.00 12985.00 644.00
20160128  14:55:00 12985.00 12990.00 12980.00 12990.00 390.00
20160128  14:56:00 12985.00 12990.00 12980.00 12985.00 716.00
20160128  14:57:00 12990.00 12990.00 12980.00 12980.00 552.00
20160128  14:58:00 12980.00 12990.00 12980.00 12985.00 986.00
20160128  14:59:00 12980.00 12985.00 12975.00 12975.00 2088.00
20160128  15:00:00 12980.00 12980.00 12980.00 12980.00   2.00
