20170103  21:00:00 21115.00 21150.00 21100.00 21125.00 2274.00
20170103  21:01:00 21120.00 21125.00 21085.00 21095.00 1350.00
20170103  21:02:00 21095.00 21165.00 21090.00 21155.00 1416.00
20170103  21:03:00 21155.00 21165.00 21135.00 21160.00 1396.00
20170103  21:04:00 21160.00 21180.00 21130.00 21145.00 1652.00
20170103  21:05:00 21150.00 21165.00 21145.00 21165.00 1204.00
20170103  21:06:00 21165.00 21165.00 21155.00 21165.00 722.00
20170103  21:07:00 21165.00 21190.00 21150.00 21190.00 1358.00
20170103  21:08:00 21180.00 21185.00 21155.00 21165.00 1042.00
20170103  21:09:00 21165.00 21175.00 21155.00 21160.00 1068.00
20170103  21:10:00 21155.00 21160.00 21125.00 21125.00 1276.00
20170103  21:11:00 21125.00 21135.00 21110.00 21130.00 1894.00
20170103  21:12:00 21130.00 21130.00 21105.00 21105.00 872.00
20170103  21:13:00 21105.00 21115.00 21095.00 21110.00 1252.00
20170103  21:14:00 21110.00 21115.00 21070.00 21085.00 1428.00
20170103  21:15:00 21085.00 21105.00 21085.00 21105.00 512.00
20170103  21:16:00 21105.00 21140.00 21105.00 21140.00 930.00
20170103  21:17:00 21140.00 21150.00 21135.00 21140.00 1064.00
20170103  21:18:00 21140.00 21155.00 21125.00 21145.00 916.00
20170103  21:19:00 21145.00 21175.00 21135.00 21175.00 1338.00
20170103  21:20:00 21175.00 21190.00 21160.00 21165.00 1978.00
20170103  21:21:00 21165.00 21170.00 21145.00 21150.00 1372.00
20170103  21:22:00 21150.00 21170.00 21150.00 21160.00 596.00
20170103  21:23:00 21160.00 21175.00 21155.00 21160.00 732.00
20170103  21:24:00 21160.00 21165.00 21155.00 21155.00 560.00
20170103  21:25:00 21155.00 21165.00 21155.00 21160.00 538.00
20170103  21:26:00 21160.00 21165.00 21150.00 21160.00 524.00
20170103  21:27:00 21160.00 21160.00 21135.00 21140.00 806.00
20170103  21:28:00 21140.00 21155.00 21120.00 21120.00 818.00
20170103  21:29:00 21120.00 21135.00 21105.00 21115.00 936.00
20170103  21:30:00 21110.00 21115.00 21085.00 21105.00 1874.00
20170103  21:31:00 21100.00 21105.00 21085.00 21095.00 1064.00
20170103  21:32:00 21100.00 21125.00 21095.00 21115.00 932.00
20170103  21:33:00 21115.00 21115.00 21045.00 21060.00 2138.00
20170103  21:34:00 21060.00 21080.00 21035.00 21045.00 2076.00
20170103  21:35:00 21045.00 21070.00 21040.00 21065.00 1550.00
20170103  21:36:00 21060.00 21060.00 21035.00 21040.00 1248.00
20170103  21:37:00 21040.00 21060.00 21035.00 21035.00 756.00
20170103  21:38:00 21035.00 21085.00 21035.00 21080.00 1058.00
20170103  21:39:00 21075.00 21080.00 21060.00 21060.00 856.00
20170103  21:40:00 21060.00 21070.00 21050.00 21060.00 758.00
20170103  21:41:00 21060.00 21060.00 21015.00 21020.00 2242.00
20170103  21:42:00 21025.00 21045.00 21025.00 21030.00 1200.00
20170103  21:43:00 21030.00 21030.00 20990.00 21015.00 2070.00
20170103  21:44:00 21020.00 21020.00 20960.00 20980.00 1874.00
20170103  21:45:00 20980.00 21000.00 20970.00 20995.00 1116.00
20170103  21:46:00 20995.00 21010.00 20990.00 21005.00 500.00
20170103  21:47:00 21000.00 21005.00 20965.00 20965.00 646.00
20170103  21:48:00 20960.00 20985.00 20945.00 20980.00 1426.00
20170103  21:49:00 20985.00 20985.00 20970.00 20975.00 752.00
20170103  21:50:00 20980.00 20980.00 20955.00 20955.00 1386.00
20170103  21:51:00 20945.00 20945.00 20880.00 20905.00 4060.00
20170103  21:52:00 20900.00 20900.00 20875.00 20890.00 1734.00
20170103  21:53:00 20890.00 20900.00 20870.00 20890.00 1682.00
20170103  21:54:00 20885.00 20890.00 20845.00 20875.00 1990.00
20170103  21:55:00 20875.00 20880.00 20850.00 20855.00 1486.00
20170103  21:56:00 20855.00 20900.00 20855.00 20890.00 1594.00
20170103  21:57:00 20890.00 20895.00 20870.00 20880.00 948.00
20170103  21:58:00 20880.00 20890.00 20850.00 20890.00 1374.00
20170103  21:59:00 20895.00 20920.00 20890.00 20915.00 1960.00
20170103  22:00:00 20915.00 20915.00 20890.00 20905.00 890.00
20170103  22:01:00 20905.00 20905.00 20890.00 20895.00 576.00
20170103  22:02:00 20900.00 20920.00 20900.00 20905.00 624.00
20170103  22:03:00 20905.00 20925.00 20905.00 20925.00 612.00
20170103  22:04:00 20925.00 20935.00 20890.00 20895.00 1016.00
20170103  22:05:00 20895.00 20905.00 20885.00 20905.00 870.00
20170103  22:06:00 20905.00 20920.00 20890.00 20905.00 782.00
20170103  22:07:00 20905.00 20915.00 20900.00 20910.00 584.00
20170103  22:08:00 20910.00 20910.00 20885.00 20890.00 894.00
20170103  22:09:00 20895.00 20910.00 20880.00 20880.00 816.00
20170103  22:10:00 20885.00 20895.00 20870.00 20870.00 1002.00
20170103  22:11:00 20870.00 20880.00 20860.00 20860.00 574.00
20170103  22:12:00 20855.00 20875.00 20825.00 20860.00 2922.00
20170103  22:13:00 20860.00 20880.00 20850.00 20865.00 1114.00
20170103  22:14:00 20865.00 20870.00 20840.00 20840.00 1142.00
20170103  22:15:00 20840.00 20845.00 20795.00 20795.00 2714.00
20170103  22:16:00 20795.00 20810.00 20785.00 20800.00 2380.00
20170103  22:17:00 20790.00 20790.00 20735.00 20755.00 3782.00
20170103  22:18:00 20760.00 20780.00 20755.00 20765.00 1552.00
20170103  22:19:00 20765.00 20775.00 20750.00 20765.00 1472.00
20170103  22:20:00 20765.00 20790.00 20740.00 20750.00 2476.00
20170103  22:21:00 20750.00 20750.00 20685.00 20695.00 4234.00
20170103  22:22:00 20700.00 20730.00 20700.00 20720.00 1910.00
20170103  22:23:00 20725.00 20735.00 20725.00 20725.00 1194.00
20170103  22:24:00 20725.00 20740.00 20715.00 20735.00 862.00
20170103  22:25:00 20735.00 20740.00 20715.00 20735.00 464.00
20170103  22:26:00 20735.00 20760.00 20735.00 20755.00 1414.00
20170103  22:27:00 20755.00 20775.00 20750.00 20775.00 1530.00
20170103  22:28:00 20780.00 20785.00 20755.00 20760.00 984.00
20170103  22:29:00 20760.00 20795.00 20760.00 20785.00 1238.00
20170103  22:30:00 20785.00 20785.00 20760.00 20765.00 1196.00
20170103  22:31:00 20765.00 20765.00 20740.00 20755.00 1434.00
20170103  22:32:00 20755.00 20785.00 20750.00 20780.00 626.00
20170103  22:33:00 20780.00 20780.00 20760.00 20770.00 420.00
20170103  22:34:00 20770.00 20770.00 20755.00 20755.00 394.00
20170103  22:35:00 20755.00 20775.00 20755.00 20755.00 468.00
20170103  22:36:00 20755.00 20755.00 20735.00 20735.00 834.00
20170103  22:37:00 20735.00 20755.00 20720.00 20730.00 830.00
20170103  22:38:00 20730.00 20755.00 20730.00 20745.00 416.00
20170103  22:39:00 20745.00 20760.00 20715.00 20720.00 890.00
20170103  22:40:00 20720.00 20765.00 20720.00 20760.00 1174.00
20170103  22:41:00 20765.00 20765.00 20750.00 20760.00 662.00
20170103  22:42:00 20760.00 20760.00 20730.00 20745.00 726.00
20170103  22:43:00 20745.00 20765.00 20735.00 20755.00 602.00
20170103  22:44:00 20755.00 20765.00 20745.00 20760.00 252.00
20170103  22:45:00 20770.00 20770.00 20730.00 20745.00 896.00
20170103  22:46:00 20745.00 20755.00 20735.00 20745.00 886.00
20170103  22:47:00 20745.00 20755.00 20740.00 20755.00 686.00
20170103  22:48:00 20755.00 20765.00 20740.00 20755.00 1398.00
20170103  22:49:00 20755.00 20765.00 20745.00 20755.00 896.00
20170103  22:50:00 20760.00 20780.00 20760.00 20765.00 664.00
20170103  22:51:00 20765.00 20770.00 20755.00 20760.00 566.00
20170103  22:52:00 20760.00 20770.00 20760.00 20760.00 310.00
20170103  22:53:00 20760.00 20760.00 20750.00 20760.00 546.00
20170103  22:54:00 20760.00 20810.00 20760.00 20805.00 1744.00
20170103  22:55:00 20810.00 20820.00 20795.00 20810.00 2236.00
20170103  22:56:00 20810.00 20835.00 20800.00 20830.00 2000.00
20170103  22:57:00 20830.00 20855.00 20825.00 20850.00 2036.00
20170103  22:58:00 20850.00 20850.00 20830.00 20835.00 1202.00
20170103  22:59:00 20835.00 20850.00 20835.00 20835.00 1444.00
20170103  23:00:00 20845.00 20845.00 20825.00 20825.00 2026.00
20170103  23:01:00 20820.00 20830.00 20820.00 20830.00 786.00
20170103  23:02:00 20825.00 20835.00 20820.00 20835.00 934.00
20170103  23:03:00 20835.00 20835.00 20820.00 20825.00 670.00
20170103  23:04:00 20825.00 20830.00 20820.00 20825.00 738.00
20170103  23:05:00 20825.00 20830.00 20820.00 20820.00 818.00
20170103  23:06:00 20820.00 20835.00 20815.00 20830.00 1068.00
20170103  23:07:00 20830.00 20850.00 20830.00 20850.00 1060.00
20170103  23:08:00 20850.00 20855.00 20825.00 20840.00 1472.00
20170103  23:09:00 20840.00 20850.00 20840.00 20845.00 634.00
20170103  23:10:00 20845.00 20875.00 20845.00 20875.00 1538.00
20170103  23:11:00 20880.00 20895.00 20875.00 20895.00 2002.00
20170103  23:12:00 20895.00 20905.00 20885.00 20890.00 1844.00
20170103  23:13:00 20890.00 20895.00 20885.00 20885.00 1122.00
20170103  23:14:00 20885.00 20895.00 20885.00 20885.00 836.00
20170103  23:15:00 20885.00 20900.00 20880.00 20895.00 986.00
20170103  23:16:00 20900.00 20905.00 20885.00 20890.00 1394.00
20170103  23:17:00 20890.00 20890.00 20880.00 20880.00 320.00
20170103  23:18:00 20880.00 20885.00 20875.00 20885.00 1068.00
20170103  23:19:00 20885.00 20885.00 20865.00 20870.00 1118.00
20170103  23:20:00 20875.00 20875.00 20865.00 20870.00 702.00
20170103  23:21:00 20870.00 20875.00 20865.00 20865.00 282.00
20170103  23:22:00 20870.00 20870.00 20860.00 20865.00 618.00
20170103  23:23:00 20865.00 20865.00 20855.00 20860.00 542.00
20170103  23:24:00 20865.00 20870.00 20860.00 20865.00 496.00
20170103  23:25:00 20865.00 20865.00 20850.00 20860.00 656.00
20170103  23:26:00 20860.00 20870.00 20855.00 20865.00 310.00
20170103  23:27:00 20865.00 20880.00 20860.00 20875.00 664.00
20170103  23:28:00 20875.00 20875.00 20870.00 20870.00 306.00
20170103  23:29:00 20875.00 20875.00 20860.00 20860.00 578.00
20170103  23:30:00 20860.00 20860.00 20835.00 20840.00 1406.00
20170103  23:31:00 20835.00 20840.00 20825.00 20825.00 1058.00
20170103  23:32:00 20825.00 20830.00 20815.00 20815.00 1234.00
20170103  23:33:00 20815.00 20820.00 20805.00 20815.00 1528.00
20170103  23:34:00 20815.00 20815.00 20790.00 20800.00 1394.00
20170103  23:35:00 20800.00 20800.00 20780.00 20785.00 1496.00
20170103  23:36:00 20780.00 20800.00 20780.00 20800.00 982.00
20170103  23:37:00 20800.00 20805.00 20785.00 20805.00 662.00
20170103  23:38:00 20800.00 20805.00 20790.00 20790.00 628.00
20170103  23:39:00 20790.00 20800.00 20790.00 20800.00 394.00
20170103  23:40:00 20800.00 20800.00 20790.00 20795.00 306.00
20170103  23:41:00 20795.00 20795.00 20785.00 20790.00 622.00
20170103  23:42:00 20790.00 20810.00 20790.00 20805.00 470.00
20170103  23:43:00 20805.00 20805.00 20795.00 20800.00 332.00
20170103  23:44:00 20800.00 20805.00 20795.00 20805.00 178.00
20170103  23:45:00 20805.00 20805.00 20785.00 20795.00 350.00
20170103  23:46:00 20795.00 20805.00 20795.00 20800.00 370.00
20170103  23:47:00 20800.00 20810.00 20800.00 20810.00 324.00
20170103  23:48:00 20810.00 20815.00 20805.00 20815.00 786.00
20170103  23:49:00 20815.00 20825.00 20815.00 20820.00 802.00
20170103  23:50:00 20825.00 20835.00 20820.00 20830.00 886.00
20170103  23:51:00 20830.00 20835.00 20825.00 20825.00 422.00
20170103  23:52:00 20825.00 20830.00 20825.00 20825.00 116.00
20170103  23:53:00 20825.00 20830.00 20825.00 20825.00 266.00
20170103  23:54:00 20825.00 20830.00 20820.00 20830.00 230.00
20170103  23:55:00 20830.00 20850.00 20830.00 20840.00 1034.00
20170103  23:56:00 20840.00 20840.00 20825.00 20825.00 528.00
20170103  23:57:00 20825.00 20830.00 20820.00 20825.00 258.00
20170103  23:58:00 20825.00 20830.00 20820.00 20825.00 124.00
20170103  23:59:00 20825.00 20830.00 20815.00 20815.00 370.00
20170104  00:00:00 20815.00 20830.00 20810.00 20825.00 784.00
20170104  00:01:00 20825.00 20830.00 20820.00 20820.00 180.00
20170104  00:02:00 20820.00 20825.00 20815.00 20825.00 190.00
20170104  00:03:00 20825.00 20830.00 20820.00 20825.00 146.00
20170104  00:04:00 20825.00 20830.00 20820.00 20830.00 222.00
20170104  00:05:00 20830.00 20840.00 20825.00 20830.00 482.00
20170104  00:06:00 20830.00 20835.00 20825.00 20830.00 126.00
20170104  00:07:00 20835.00 20835.00 20820.00 20825.00 226.00
20170104  00:08:00 20825.00 20825.00 20815.00 20820.00 136.00
20170104  00:09:00 20820.00 20830.00 20820.00 20830.00 138.00
20170104  00:10:00 20830.00 20830.00 20820.00 20825.00  84.00
20170104  00:11:00 20825.00 20825.00 20815.00 20820.00 154.00
20170104  00:12:00 20820.00 20825.00 20820.00 20820.00  78.00
20170104  00:13:00 20820.00 20835.00 20820.00 20830.00 252.00
20170104  00:14:00 20830.00 20840.00 20830.00 20840.00 212.00
20170104  00:15:00 20840.00 20840.00 20830.00 20835.00 318.00
20170104  00:16:00 20835.00 20835.00 20830.00 20835.00 162.00
20170104  00:17:00 20835.00 20835.00 20830.00 20830.00 144.00
20170104  00:18:00 20830.00 20840.00 20830.00 20840.00 114.00
20170104  00:19:00 20835.00 20835.00 20830.00 20835.00  78.00
20170104  00:20:00 20835.00 20835.00 20820.00 20820.00 216.00
20170104  00:21:00 20820.00 20830.00 20820.00 20825.00 222.00
20170104  00:22:00 20825.00 20840.00 20825.00 20840.00 162.00
20170104  00:23:00 20840.00 20850.00 20840.00 20850.00 462.00
20170104  00:24:00 20850.00 20875.00 20850.00 20865.00 944.00
20170104  00:25:00 20870.00 20880.00 20865.00 20870.00 530.00
20170104  00:26:00 20870.00 20875.00 20860.00 20860.00 282.00
20170104  00:27:00 20860.00 20865.00 20845.00 20845.00 598.00
20170104  00:28:00 20845.00 20845.00 20825.00 20825.00 668.00
20170104  00:29:00 20825.00 20835.00 20815.00 20830.00 574.00
20170104  00:30:00 20830.00 20840.00 20825.00 20830.00 408.00
20170104  00:31:00 20830.00 20830.00 20825.00 20830.00 160.00
20170104  00:32:00 20830.00 20845.00 20825.00 20845.00 372.00
20170104  00:33:00 20845.00 20850.00 20830.00 20830.00 322.00
20170104  00:34:00 20830.00 20835.00 20825.00 20835.00 152.00
20170104  00:35:00 20830.00 20835.00 20820.00 20820.00 298.00
20170104  00:36:00 20820.00 20830.00 20815.00 20820.00 344.00
20170104  00:37:00 20820.00 20825.00 20820.00 20825.00  60.00
20170104  00:38:00 20825.00 20830.00 20825.00 20825.00 160.00
20170104  00:39:00 20825.00 20830.00 20805.00 20815.00 686.00
20170104  00:40:00 20815.00 20815.00 20805.00 20810.00 406.00
20170104  00:41:00 20810.00 20815.00 20805.00 20815.00 494.00
20170104  00:42:00 20810.00 20815.00 20805.00 20815.00 288.00
20170104  00:43:00 20820.00 20820.00 20810.00 20815.00 104.00
20170104  00:44:00 20815.00 20820.00 20805.00 20810.00 366.00
20170104  00:45:00 20810.00 20810.00 20800.00 20800.00 326.00
20170104  00:46:00 20805.00 20805.00 20785.00 20790.00 730.00
20170104  00:47:00 20790.00 20800.00 20785.00 20800.00 276.00
20170104  00:48:00 20800.00 20810.00 20795.00 20800.00 190.00
20170104  00:49:00 20800.00 20805.00 20795.00 20795.00 284.00
20170104  00:50:00 20795.00 20800.00 20785.00 20790.00 290.00
20170104  00:51:00 20790.00 20790.00 20770.00 20780.00 438.00
20170104  00:52:00 20780.00 20790.00 20775.00 20785.00 364.00
20170104  00:53:00 20785.00 20790.00 20780.00 20785.00 276.00
20170104  00:54:00 20785.00 20785.00 20775.00 20780.00 304.00
20170104  00:55:00 20785.00 20800.00 20780.00 20795.00 574.00
20170104  00:56:00 20795.00 20800.00 20795.00 20800.00 194.00
20170104  00:57:00 20795.00 20795.00 20780.00 20790.00 560.00
20170104  00:58:00 20790.00 20800.00 20790.00 20795.00 260.00
20170104  00:59:00 20800.00 20805.00 20790.00 20800.00 966.00
20170104  01:00:00 20800.00 20800.00 20800.00 20800.00   4.00
20170104  09:00:00 20870.00 20870.00 20830.00 20855.00 3866.00
20170104  09:01:00 20850.00 20885.00 20840.00 20870.00 2926.00
20170104  09:02:00 20870.00 20875.00 20845.00 20855.00 1838.00
20170104  09:03:00 20855.00 20860.00 20840.00 20845.00 1204.00
20170104  09:04:00 20845.00 20880.00 20835.00 20855.00 1342.00
20170104  09:05:00 20855.00 20890.00 20855.00 20890.00 2036.00
20170104  09:06:00 20890.00 20890.00 20860.00 20860.00 1200.00
20170104  09:07:00 20860.00 20875.00 20850.00 20875.00 794.00
20170104  09:08:00 20875.00 20875.00 20845.00 20845.00 608.00
20170104  09:09:00 20845.00 20855.00 20835.00 20835.00 896.00
20170104  09:10:00 20835.00 20865.00 20830.00 20865.00 890.00
20170104  09:11:00 20865.00 20870.00 20845.00 20855.00 528.00
20170104  09:12:00 20850.00 20855.00 20825.00 20825.00 1002.00
20170104  09:13:00 20825.00 20830.00 20795.00 20800.00 1680.00
20170104  09:14:00 20800.00 20805.00 20775.00 20785.00 1664.00
20170104  09:15:00 20785.00 20820.00 20780.00 20815.00 1642.00
20170104  09:16:00 20820.00 20840.00 20810.00 20825.00 724.00
20170104  09:17:00 20825.00 20855.00 20825.00 20835.00 970.00
20170104  09:18:00 20835.00 20860.00 20835.00 20855.00 734.00
20170104  09:19:00 20860.00 20860.00 20835.00 20835.00 654.00
20170104  09:20:00 20835.00 20855.00 20830.00 20850.00 748.00
20170104  09:21:00 20850.00 20850.00 20820.00 20820.00 932.00
20170104  09:22:00 20820.00 20855.00 20820.00 20850.00 1260.00
20170104  09:23:00 20850.00 20860.00 20845.00 20860.00 980.00
20170104  09:24:00 20855.00 20865.00 20845.00 20845.00 724.00
20170104  09:25:00 20845.00 20845.00 20830.00 20845.00 554.00
20170104  09:26:00 20845.00 20865.00 20840.00 20865.00 510.00
20170104  09:27:00 20865.00 20880.00 20865.00 20875.00 762.00
20170104  09:28:00 20875.00 20895.00 20870.00 20885.00 870.00
20170104  09:29:00 20885.00 20895.00 20870.00 20870.00 580.00
20170104  09:30:00 20870.00 20880.00 20860.00 20860.00 518.00
20170104  09:31:00 20860.00 20870.00 20825.00 20825.00 1474.00
20170104  09:32:00 20825.00 20830.00 20805.00 20805.00 1240.00
20170104  09:33:00 20805.00 20815.00 20760.00 20770.00 2310.00
20170104  09:34:00 20775.00 20795.00 20750.00 20760.00 2852.00
20170104  09:35:00 20765.00 20800.00 20760.00 20795.00 1200.00
20170104  09:36:00 20800.00 20805.00 20785.00 20790.00 730.00
20170104  09:37:00 20790.00 20795.00 20775.00 20795.00 524.00
20170104  09:38:00 20795.00 20805.00 20785.00 20790.00 1126.00
20170104  09:39:00 20785.00 20795.00 20765.00 20790.00 1068.00
20170104  09:40:00 20790.00 20790.00 20775.00 20775.00 562.00
20170104  09:41:00 20775.00 20800.00 20775.00 20795.00 540.00
20170104  09:42:00 20800.00 20800.00 20775.00 20775.00 864.00
20170104  09:43:00 20780.00 20785.00 20765.00 20765.00 1184.00
20170104  09:44:00 20770.00 20775.00 20750.00 20760.00 2184.00
20170104  09:45:00 20770.00 20770.00 20740.00 20750.00 1656.00
20170104  09:46:00 20755.00 20760.00 20730.00 20755.00 2498.00
20170104  09:47:00 20755.00 20775.00 20745.00 20765.00 936.00
20170104  09:48:00 20765.00 20775.00 20755.00 20765.00 1384.00
20170104  09:49:00 20770.00 20770.00 20755.00 20770.00 552.00
20170104  09:50:00 20770.00 20770.00 20745.00 20760.00 802.00
20170104  09:51:00 20760.00 20765.00 20750.00 20755.00 766.00
20170104  09:52:00 20750.00 20760.00 20735.00 20735.00 646.00
20170104  09:53:00 20740.00 20745.00 20715.00 20715.00 1918.00
20170104  09:54:00 20715.00 20725.00 20685.00 20710.00 3394.00
20170104  09:55:00 20705.00 20735.00 20705.00 20725.00 1224.00
20170104  09:56:00 20725.00 20745.00 20715.00 20745.00 924.00
20170104  09:57:00 20745.00 20770.00 20740.00 20770.00 906.00
20170104  09:58:00 20765.00 20770.00 20760.00 20765.00 618.00
20170104  09:59:00 20765.00 20775.00 20755.00 20755.00 1156.00
20170104  10:00:00 20755.00 20760.00 20745.00 20750.00 956.00
20170104  10:01:00 20750.00 20780.00 20750.00 20775.00 1100.00
20170104  10:02:00 20775.00 20785.00 20770.00 20780.00 534.00
20170104  10:03:00 20775.00 20780.00 20755.00 20760.00 794.00
20170104  10:04:00 20760.00 20770.00 20740.00 20755.00 912.00
20170104  10:05:00 20755.00 20770.00 20745.00 20765.00 878.00
20170104  10:06:00 20760.00 20765.00 20750.00 20760.00 524.00
20170104  10:07:00 20755.00 20765.00 20750.00 20755.00 714.00
20170104  10:08:00 20755.00 20770.00 20755.00 20765.00 426.00
20170104  10:09:00 20765.00 20775.00 20760.00 20775.00 684.00
20170104  10:10:00 20775.00 20845.00 20775.00 20840.00 2156.00
20170104  10:11:00 20835.00 20885.00 20820.00 20885.00 2262.00
20170104  10:12:00 20885.00 20995.00 20880.00 20935.00 5776.00
20170104  10:13:00 20930.00 20985.00 20930.00 20970.00 3814.00
20170104  10:14:00 20965.00 20975.00 20940.00 20950.00 1324.00
20170104  10:30:00 20945.00 20985.00 20945.00 20955.00 2222.00
20170104  10:31:00 20955.00 21010.00 20950.00 21000.00 2680.00
20170104  10:32:00 21000.00 21000.00 20955.00 20965.00 1706.00
20170104  10:33:00 20965.00 20970.00 20950.00 20955.00 932.00
20170104  10:34:00 20960.00 20960.00 20945.00 20955.00 902.00
20170104  10:35:00 20960.00 20965.00 20945.00 20945.00 892.00
20170104  10:36:00 20945.00 20955.00 20945.00 20950.00 486.00
20170104  10:37:00 20950.00 20970.00 20950.00 20970.00 532.00
20170104  10:38:00 20970.00 20970.00 20940.00 20940.00 984.00
20170104  10:39:00 20940.00 20945.00 20925.00 20925.00 1050.00
20170104  10:40:00 20925.00 20940.00 20920.00 20930.00 1324.00
20170104  10:41:00 20930.00 20935.00 20915.00 20925.00 744.00
20170104  10:42:00 20920.00 20930.00 20920.00 20920.00 718.00
20170104  10:43:00 20920.00 20925.00 20910.00 20920.00 682.00
20170104  10:44:00 20920.00 20925.00 20915.00 20920.00 768.00
20170104  10:45:00 20915.00 20935.00 20910.00 20935.00 1074.00
20170104  10:46:00 20935.00 20935.00 20925.00 20930.00 584.00
20170104  10:47:00 20930.00 20945.00 20930.00 20945.00 552.00
20170104  10:48:00 20945.00 20950.00 20935.00 20945.00 528.00
20170104  10:49:00 20945.00 20950.00 20930.00 20935.00 400.00
20170104  10:50:00 20935.00 20940.00 20925.00 20930.00 546.00
20170104  10:51:00 20925.00 20930.00 20920.00 20925.00 338.00
20170104  10:52:00 20930.00 20930.00 20925.00 20925.00 136.00
20170104  10:53:00 20925.00 20930.00 20915.00 20915.00 418.00
20170104  10:54:00 20915.00 20930.00 20915.00 20930.00 508.00
20170104  10:55:00 20925.00 20940.00 20925.00 20935.00 532.00
20170104  10:56:00 20935.00 20935.00 20925.00 20930.00 224.00
20170104  10:57:00 20930.00 20935.00 20925.00 20925.00 278.00
20170104  10:58:00 20925.00 20930.00 20925.00 20925.00 218.00
20170104  10:59:00 20920.00 20960.00 20920.00 20960.00 1266.00
20170104  11:00:00 20965.00 20980.00 20960.00 20960.00 1316.00
20170104  11:01:00 20960.00 20980.00 20955.00 20970.00 898.00
20170104  11:02:00 20975.00 20990.00 20960.00 20970.00 1464.00
20170104  11:03:00 20970.00 20995.00 20970.00 20990.00 1050.00
20170104  11:04:00 20995.00 21000.00 20975.00 20990.00 1622.00
20170104  11:05:00 20990.00 20995.00 20980.00 20980.00 718.00
20170104  11:06:00 20980.00 20985.00 20975.00 20985.00 718.00
20170104  11:07:00 20985.00 21045.00 20980.00 21030.00 2814.00
20170104  11:08:00 21025.00 21065.00 21025.00 21060.00 3284.00
20170104  11:09:00 21060.00 21075.00 21035.00 21070.00 2600.00
20170104  11:10:00 21070.00 21075.00 21055.00 21070.00 1522.00
20170104  11:11:00 21070.00 21095.00 21065.00 21095.00 1664.00
20170104  11:12:00 21095.00 21135.00 21085.00 21105.00 4628.00
20170104  11:13:00 21105.00 21110.00 21090.00 21100.00 1942.00
20170104  11:14:00 21100.00 21150.00 21100.00 21145.00 3352.00
20170104  11:15:00 21145.00 21175.00 21145.00 21175.00 3674.00
20170104  11:16:00 21170.00 21180.00 21145.00 21150.00 2584.00
20170104  11:17:00 21150.00 21155.00 21135.00 21140.00 1612.00
20170104  11:18:00 21140.00 21180.00 21135.00 21165.00 1916.00
20170104  11:19:00 21170.00 21190.00 21155.00 21175.00 3660.00
20170104  11:20:00 21175.00 21180.00 21165.00 21165.00 1964.00
20170104  11:21:00 21165.00 21180.00 21155.00 21165.00 842.00
20170104  11:22:00 21170.00 21180.00 21160.00 21170.00 1260.00
20170104  11:23:00 21170.00 21185.00 21170.00 21175.00 1318.00
20170104  11:24:00 21180.00 21180.00 21160.00 21165.00 2468.00
20170104  11:25:00 21165.00 21210.00 21165.00 21205.00 3458.00
20170104  11:26:00 21215.00 21225.00 21185.00 21195.00 1470.00
20170104  11:27:00 21195.00 21220.00 21190.00 21215.00 1834.00
20170104  11:28:00 21215.00 21230.00 21200.00 21215.00 1820.00
20170104  11:29:00 21225.00 21250.00 21215.00 21240.00 2496.00
20170104  13:30:00 21245.00 21265.00 21230.00 21235.00 4588.00
20170104  13:31:00 21230.00 21250.00 21225.00 21240.00 2582.00
20170104  13:32:00 21240.00 21245.00 21225.00 21225.00 1710.00
20170104  13:33:00 21230.00 21230.00 21205.00 21205.00 1594.00
20170104  13:34:00 21205.00 21215.00 21190.00 21195.00 1834.00
20170104  13:35:00 21190.00 21200.00 21185.00 21190.00 1208.00
20170104  13:36:00 21195.00 21200.00 21180.00 21190.00 1216.00
20170104  13:37:00 21190.00 21195.00 21160.00 21170.00 2182.00
20170104  13:38:00 21170.00 21180.00 21165.00 21170.00 1138.00
20170104  13:39:00 21170.00 21180.00 21170.00 21180.00 888.00
20170104  13:40:00 21180.00 21190.00 21175.00 21185.00 1484.00
20170104  13:41:00 21185.00 21190.00 21175.00 21185.00 972.00
20170104  13:42:00 21185.00 21185.00 21175.00 21175.00 654.00
20170104  13:43:00 21175.00 21180.00 21165.00 21170.00 1056.00
20170104  13:44:00 21170.00 21190.00 21160.00 21190.00 1136.00
20170104  13:45:00 21185.00 21190.00 21175.00 21180.00 846.00
20170104  13:46:00 21180.00 21180.00 21160.00 21165.00 1388.00
20170104  13:47:00 21165.00 21175.00 21160.00 21160.00 614.00
20170104  13:48:00 21160.00 21175.00 21160.00 21165.00 1054.00
20170104  13:49:00 21165.00 21175.00 21165.00 21165.00 552.00
20170104  13:50:00 21165.00 21175.00 21160.00 21170.00 852.00
20170104  13:51:00 21170.00 21175.00 21155.00 21160.00 1106.00
20170104  13:52:00 21160.00 21160.00 21145.00 21145.00 1142.00
20170104  13:53:00 21145.00 21165.00 21140.00 21160.00 2012.00
20170104  13:54:00 21160.00 21180.00 21160.00 21170.00 1098.00
20170104  13:55:00 21170.00 21175.00 21165.00 21175.00 588.00
20170104  13:56:00 21170.00 21185.00 21170.00 21175.00 1108.00
20170104  13:57:00 21175.00 21195.00 21170.00 21195.00 640.00
20170104  13:58:00 21195.00 21220.00 21190.00 21210.00 2060.00
20170104  13:59:00 21210.00 21215.00 21190.00 21200.00 980.00
20170104  14:00:00 21200.00 21205.00 21180.00 21185.00 736.00
20170104  14:01:00 21185.00 21195.00 21180.00 21190.00 316.00
20170104  14:02:00 21190.00 21190.00 21165.00 21170.00 678.00
20170104  14:03:00 21170.00 21175.00 21165.00 21175.00 358.00
20170104  14:04:00 21175.00 21190.00 21170.00 21185.00 560.00
20170104  14:05:00 21185.00 21190.00 21180.00 21185.00 346.00
20170104  14:06:00 21185.00 21185.00 21170.00 21175.00 264.00
20170104  14:07:00 21175.00 21190.00 21175.00 21185.00 544.00
20170104  14:08:00 21190.00 21215.00 21190.00 21215.00 1110.00
20170104  14:09:00 21215.00 21220.00 21180.00 21190.00 1752.00
20170104  14:10:00 21190.00 21210.00 21185.00 21210.00 654.00
20170104  14:11:00 21210.00 21210.00 21195.00 21195.00 396.00
20170104  14:12:00 21195.00 21200.00 21195.00 21195.00 214.00
20170104  14:13:00 21195.00 21195.00 21190.00 21190.00 262.00
20170104  14:14:00 21195.00 21210.00 21190.00 21210.00 1266.00
20170104  14:15:00 21210.00 21215.00 21200.00 21210.00 808.00
20170104  14:16:00 21210.00 21210.00 21190.00 21195.00 562.00
20170104  14:17:00 21190.00 21200.00 21190.00 21195.00 236.00
20170104  14:18:00 21195.00 21200.00 21190.00 21190.00 444.00
20170104  14:19:00 21190.00 21200.00 21190.00 21195.00 206.00
20170104  14:20:00 21195.00 21200.00 21185.00 21190.00 530.00
20170104  14:21:00 21185.00 21190.00 21180.00 21180.00 450.00
20170104  14:22:00 21175.00 21215.00 21175.00 21215.00 1104.00
20170104  14:23:00 21215.00 21245.00 21205.00 21245.00 1632.00
20170104  14:24:00 21245.00 21270.00 21235.00 21245.00 3020.00
20170104  14:25:00 21250.00 21250.00 21220.00 21225.00 1020.00
20170104  14:26:00 21225.00 21230.00 21210.00 21215.00 1068.00
20170104  14:27:00 21215.00 21220.00 21205.00 21215.00 992.00
20170104  14:28:00 21215.00 21220.00 21185.00 21185.00 956.00
20170104  14:29:00 21185.00 21190.00 21160.00 21160.00 2106.00
20170104  14:30:00 21160.00 21185.00 21160.00 21170.00 1132.00
20170104  14:31:00 21170.00 21175.00 21150.00 21160.00 1248.00
20170104  14:32:00 21160.00 21170.00 21155.00 21160.00 812.00
20170104  14:33:00 21160.00 21165.00 21160.00 21160.00 442.00
20170104  14:34:00 21160.00 21165.00 21150.00 21165.00 982.00
20170104  14:35:00 21160.00 21165.00 21150.00 21160.00 700.00
20170104  14:36:00 21155.00 21190.00 21155.00 21185.00 1406.00
20170104  14:37:00 21180.00 21185.00 21175.00 21180.00 418.00
20170104  14:38:00 21175.00 21205.00 21175.00 21195.00 1084.00
20170104  14:39:00 21195.00 21200.00 21180.00 21200.00 1182.00
20170104  14:40:00 21200.00 21215.00 21195.00 21205.00 1104.00
20170104  14:41:00 21205.00 21205.00 21185.00 21190.00 658.00
20170104  14:42:00 21195.00 21235.00 21190.00 21230.00 1586.00
20170104  14:43:00 21220.00 21250.00 21205.00 21250.00 1734.00
20170104  14:44:00 21250.00 21280.00 21235.00 21270.00 3274.00
20170104  14:45:00 21270.00 21290.00 21260.00 21265.00 2714.00
20170104  14:46:00 21265.00 21265.00 21240.00 21260.00 1628.00
20170104  14:47:00 21255.00 21260.00 21240.00 21260.00 1224.00
20170104  14:48:00 21260.00 21275.00 21255.00 21275.00 1400.00
20170104  14:49:00 21270.00 21275.00 21250.00 21250.00 1292.00
20170104  14:50:00 21250.00 21250.00 21230.00 21230.00 1146.00
20170104  14:51:00 21230.00 21260.00 21230.00 21255.00 1048.00
20170104  14:52:00 21255.00 21260.00 21215.00 21230.00 1730.00
20170104  14:53:00 21225.00 21240.00 21220.00 21230.00 810.00
20170104  14:54:00 21230.00 21240.00 21225.00 21235.00 1296.00
20170104  14:55:00 21230.00 21250.00 21225.00 21245.00 1542.00
20170104  14:56:00 21245.00 21245.00 21230.00 21240.00 808.00
20170104  14:57:00 21240.00 21245.00 21225.00 21230.00 858.00
20170104  14:58:00 21230.00 21240.00 21205.00 21215.00 1748.00
20170104  14:59:00 21210.00 21210.00 21180.00 21190.00 2664.00
20170104  15:00:00 21180.00 21180.00 21180.00 21180.00   4.00
