20170310  21:00:00 22060.00 22070.00 22035.00 22045.00 3038.00
20170310  21:01:00 22040.00 22060.00 22040.00 22050.00 2106.00
20170310  21:02:00 22050.00 22050.00 22005.00 22020.00 2816.00
20170310  21:03:00 22015.00 22030.00 22005.00 22015.00 3312.00
20170310  21:04:00 22005.00 22015.00 21990.00 22000.00 2758.00
20170310  21:05:00 22000.00 22005.00 21965.00 21990.00 2328.00
20170310  21:06:00 21985.00 22000.00 21965.00 22000.00 2096.00
20170310  21:07:00 22000.00 22040.00 21995.00 22040.00 3232.00
20170310  21:08:00 22040.00 22135.00 22040.00 22130.00 6468.00
20170310  21:09:00 22130.00 22150.00 22105.00 22125.00 5784.00
20170310  21:10:00 22125.00 22155.00 22120.00 22130.00 4716.00
20170310  21:11:00 22140.00 22175.00 22140.00 22165.00 5418.00
20170310  21:12:00 22160.00 22190.00 22155.00 22180.00 3918.00
20170310  21:13:00 22185.00 22185.00 22160.00 22160.00 2306.00
20170310  21:14:00 22165.00 22165.00 22145.00 22155.00 1676.00
20170310  21:15:00 22155.00 22155.00 22140.00 22145.00 1278.00
20170310  21:16:00 22145.00 22165.00 22145.00 22150.00 1180.00
20170310  21:17:00 22150.00 22180.00 22150.00 22180.00 1166.00
20170310  21:18:00 22180.00 22180.00 22160.00 22170.00 1336.00
20170310  21:19:00 22170.00 22180.00 22155.00 22165.00 1674.00
20170310  21:20:00 22165.00 22185.00 22160.00 22180.00 1604.00
20170310  21:21:00 22180.00 22180.00 22160.00 22165.00 1324.00
20170310  21:22:00 22165.00 22180.00 22150.00 22180.00 1354.00
20170310  21:23:00 22185.00 22200.00 22170.00 22175.00 2716.00
20170310  21:24:00 22175.00 22175.00 22160.00 22160.00 930.00
20170310  21:25:00 22160.00 22165.00 22140.00 22140.00 1858.00
20170310  21:26:00 22140.00 22150.00 22130.00 22145.00 2590.00
20170310  21:27:00 22150.00 22165.00 22145.00 22155.00 1244.00
20170310  21:28:00 22155.00 22155.00 22140.00 22145.00 700.00
20170310  21:29:00 22145.00 22160.00 22140.00 22160.00 862.00
20170310  21:30:00 22155.00 22165.00 22155.00 22155.00 1888.00
20170310  21:31:00 22155.00 22165.00 22150.00 22165.00 1230.00
20170310  21:32:00 22165.00 22210.00 22165.00 22190.00 3260.00
20170310  21:33:00 22190.00 22200.00 22180.00 22200.00 1726.00
20170310  21:34:00 22195.00 22205.00 22170.00 22180.00 1842.00
20170310  21:35:00 22180.00 22190.00 22175.00 22190.00 784.00
20170310  21:36:00 22190.00 22195.00 22175.00 22175.00 738.00
20170310  21:37:00 22175.00 22190.00 22170.00 22180.00 818.00
20170310  21:38:00 22185.00 22205.00 22180.00 22200.00 1362.00
20170310  21:39:00 22200.00 22205.00 22175.00 22185.00 1248.00
20170310  21:40:00 22185.00 22190.00 22170.00 22190.00 1358.00
20170310  21:41:00 22190.00 22235.00 22180.00 22230.00 3210.00
20170310  21:42:00 22235.00 22280.00 22235.00 22275.00 4702.00
20170310  21:43:00 22270.00 22285.00 22260.00 22285.00 2902.00
20170310  21:44:00 22280.00 22285.00 22270.00 22275.00 3234.00
20170310  21:45:00 22275.00 22285.00 22265.00 22270.00 2392.00
20170310  21:46:00 22275.00 22295.00 22270.00 22290.00 2466.00
20170310  21:47:00 22290.00 22310.00 22290.00 22305.00 5258.00
20170310  21:48:00 22305.00 22320.00 22300.00 22305.00 3516.00
20170310  21:49:00 22305.00 22325.00 22305.00 22315.00 2526.00
20170310  21:50:00 22315.00 22320.00 22305.00 22305.00 2574.00
20170310  21:51:00 22305.00 22315.00 22305.00 22310.00 1416.00
20170310  21:52:00 22305.00 22320.00 22305.00 22310.00 922.00
20170310  21:53:00 22310.00 22320.00 22305.00 22305.00 2400.00
20170310  21:54:00 22305.00 22335.00 22305.00 22320.00 3006.00
20170310  21:55:00 22320.00 22325.00 22310.00 22315.00 1240.00
20170310  21:56:00 22315.00 22340.00 22310.00 22340.00 2192.00
20170310  21:57:00 22345.00 22380.00 22345.00 22380.00 6074.00
20170310  21:58:00 22375.00 22375.00 22350.00 22355.00 2486.00
20170310  21:59:00 22350.00 22390.00 22350.00 22380.00 3422.00
20170310  22:00:00 22380.00 22380.00 22340.00 22340.00 4674.00
20170310  22:01:00 22340.00 22345.00 22315.00 22325.00 2392.00
20170310  22:02:00 22325.00 22330.00 22310.00 22310.00 1830.00
20170310  22:03:00 22315.00 22325.00 22310.00 22310.00 1524.00
20170310  22:04:00 22310.00 22320.00 22305.00 22305.00 1736.00
20170310  22:05:00 22305.00 22320.00 22300.00 22310.00 1606.00
20170310  22:06:00 22310.00 22315.00 22300.00 22300.00 2162.00
20170310  22:07:00 22300.00 22320.00 22300.00 22310.00 2868.00
20170310  22:08:00 22310.00 22315.00 22295.00 22300.00 1600.00
20170310  22:09:00 22300.00 22305.00 22295.00 22295.00 1358.00
20170310  22:10:00 22295.00 22320.00 22295.00 22310.00 1396.00
20170310  22:11:00 22315.00 22315.00 22310.00 22310.00 820.00
20170310  22:12:00 22310.00 22310.00 22290.00 22290.00 938.00
20170310  22:13:00 22290.00 22300.00 22250.00 22255.00 4540.00
20170310  22:14:00 22250.00 22265.00 22240.00 22245.00 3454.00
20170310  22:15:00 22245.00 22260.00 22240.00 22255.00 2956.00
20170310  22:16:00 22255.00 22260.00 22240.00 22255.00 2138.00
20170310  22:17:00 22255.00 22260.00 22245.00 22250.00 2020.00
20170310  22:18:00 22250.00 22250.00 22235.00 22245.00 1286.00
20170310  22:19:00 22245.00 22255.00 22240.00 22250.00 1284.00
20170310  22:20:00 22250.00 22275.00 22245.00 22275.00 2232.00
20170310  22:21:00 22270.00 22295.00 22270.00 22295.00 2204.00
20170310  22:22:00 22290.00 22325.00 22285.00 22315.00 3068.00
20170310  22:23:00 22315.00 22315.00 22285.00 22290.00 1996.00
20170310  22:24:00 22290.00 22290.00 22245.00 22245.00 2430.00
20170310  22:25:00 22245.00 22250.00 22235.00 22235.00 2714.00
20170310  22:26:00 22235.00 22250.00 22225.00 22245.00 1980.00
20170310  22:27:00 22245.00 22255.00 22230.00 22235.00 1786.00
20170310  22:28:00 22235.00 22245.00 22215.00 22215.00 2280.00
20170310  22:29:00 22215.00 22235.00 22195.00 22195.00 3430.00
20170310  22:30:00 22195.00 22195.00 22160.00 22175.00 4314.00
20170310  22:31:00 22170.00 22205.00 22170.00 22195.00 2074.00
20170310  22:32:00 22195.00 22205.00 22185.00 22200.00 1432.00
20170310  22:33:00 22200.00 22205.00 22190.00 22200.00 1096.00
20170310  22:34:00 22200.00 22230.00 22195.00 22225.00 2094.00
20170310  22:35:00 22225.00 22250.00 22220.00 22245.00 2104.00
20170310  22:36:00 22245.00 22245.00 22235.00 22235.00 826.00
20170310  22:37:00 22240.00 22245.00 22230.00 22230.00 712.00
20170310  22:38:00 22235.00 22255.00 22230.00 22255.00 1174.00
20170310  22:39:00 22255.00 22255.00 22235.00 22245.00 930.00
20170310  22:40:00 22245.00 22250.00 22235.00 22250.00 1768.00
20170310  22:41:00 22245.00 22275.00 22235.00 22250.00 2150.00
20170310  22:42:00 22250.00 22250.00 22230.00 22230.00 1502.00
20170310  22:43:00 22230.00 22235.00 22225.00 22225.00 1288.00
20170310  22:44:00 22225.00 22225.00 22185.00 22190.00 2478.00
20170310  22:45:00 22190.00 22200.00 22180.00 22195.00 2420.00
20170310  22:46:00 22190.00 22235.00 22180.00 22230.00 2064.00
20170310  22:47:00 22235.00 22235.00 22220.00 22220.00 794.00
20170310  22:48:00 22225.00 22225.00 22180.00 22180.00 1050.00
20170310  22:49:00 22180.00 22210.00 22180.00 22210.00 1852.00
20170310  22:50:00 22205.00 22205.00 22180.00 22185.00 1556.00
20170310  22:51:00 22185.00 22195.00 22170.00 22185.00 1768.00
20170310  22:52:00 22185.00 22230.00 22175.00 22225.00 1842.00
20170310  22:53:00 22230.00 22235.00 22185.00 22190.00 1796.00
20170310  22:54:00 22190.00 22225.00 22185.00 22215.00 1162.00
20170310  22:55:00 22210.00 22220.00 22205.00 22210.00 586.00
20170310  22:56:00 22205.00 22210.00 22185.00 22210.00 1094.00
20170310  22:57:00 22210.00 22210.00 22195.00 22205.00 816.00
20170310  22:58:00 22205.00 22250.00 22205.00 22250.00 2078.00
20170310  22:59:00 22250.00 22250.00 22220.00 22225.00 1778.00
20170310  23:00:00 22225.00 22235.00 22225.00 22230.00 1078.00
20170310  23:01:00 22230.00 22255.00 22230.00 22240.00 2084.00
20170310  23:02:00 22240.00 22245.00 22235.00 22240.00 1694.00
20170310  23:03:00 22240.00 22245.00 22215.00 22215.00 1408.00
20170310  23:04:00 22220.00 22225.00 22175.00 22175.00 2326.00
20170310  23:05:00 22180.00 22180.00 22140.00 22160.00 3980.00
20170310  23:06:00 22160.00 22165.00 22105.00 22125.00 3702.00
20170310  23:07:00 22120.00 22130.00 22105.00 22105.00 2054.00
20170310  23:08:00 22105.00 22135.00 22105.00 22135.00 1824.00
20170310  23:09:00 22135.00 22160.00 22135.00 22145.00 1576.00
20170310  23:10:00 22145.00 22165.00 22140.00 22160.00 1756.00
20170310  23:11:00 22160.00 22165.00 22145.00 22150.00 880.00
20170310  23:12:00 22150.00 22150.00 22135.00 22145.00 1322.00
20170310  23:13:00 22150.00 22155.00 22145.00 22155.00 1034.00
20170310  23:14:00 22155.00 22155.00 22140.00 22145.00 864.00
20170310  23:15:00 22145.00 22145.00 22135.00 22140.00 534.00
20170310  23:16:00 22140.00 22150.00 22140.00 22145.00 470.00
20170310  23:17:00 22145.00 22150.00 22135.00 22145.00 442.00
20170310  23:18:00 22145.00 22150.00 22120.00 22125.00 1056.00
20170310  23:19:00 22120.00 22125.00 22080.00 22110.00 3166.00
20170310  23:20:00 22110.00 22120.00 22100.00 22100.00 1448.00
20170310  23:21:00 22100.00 22115.00 22090.00 22090.00 1458.00
20170310  23:22:00 22090.00 22105.00 22080.00 22100.00 2006.00
20170310  23:23:00 22100.00 22100.00 22075.00 22080.00 2148.00
20170310  23:24:00 22080.00 22080.00 22055.00 22060.00 3082.00
20170310  23:25:00 22060.00 22070.00 22050.00 22055.00 1484.00
20170310  23:26:00 22055.00 22090.00 22055.00 22070.00 2050.00
20170310  23:27:00 22070.00 22080.00 22060.00 22075.00 1362.00
20170310  23:28:00 22075.00 22085.00 22070.00 22075.00 586.00
20170310  23:29:00 22080.00 22085.00 22060.00 22065.00 1546.00
20170310  23:30:00 22065.00 22075.00 22050.00 22075.00 2148.00
20170310  23:31:00 22075.00 22085.00 22065.00 22080.00 1942.00
20170310  23:32:00 22080.00 22130.00 22080.00 22130.00 2958.00
20170310  23:33:00 22130.00 22135.00 22115.00 22125.00 1858.00
20170310  23:34:00 22125.00 22130.00 22110.00 22120.00 1292.00
20170310  23:35:00 22120.00 22120.00 22090.00 22090.00 2200.00
20170310  23:36:00 22095.00 22095.00 22070.00 22090.00 1726.00
20170310  23:37:00 22090.00 22095.00 22065.00 22065.00 1526.00
20170310  23:38:00 22065.00 22065.00 22010.00 22020.00 5364.00
20170310  23:39:00 22010.00 22020.00 22000.00 22015.00 3332.00
20170310  23:40:00 22020.00 22020.00 21980.00 22010.00 3510.00
20170310  23:41:00 22010.00 22015.00 21975.00 22000.00 3932.00
20170310  23:42:00 21995.00 22010.00 21995.00 21995.00 1964.00
20170310  23:43:00 21995.00 22010.00 21975.00 21995.00 3308.00
20170310  23:44:00 21990.00 22015.00 21990.00 22015.00 1122.00
20170310  23:45:00 22015.00 22015.00 21960.00 21970.00 3610.00
20170310  23:46:00 21970.00 22000.00 21970.00 21990.00 1758.00
20170310  23:47:00 21990.00 22005.00 21975.00 21995.00 1598.00
20170310  23:48:00 22005.00 22010.00 21985.00 22005.00 1078.00
20170310  23:49:00 22010.00 22015.00 22000.00 22005.00 762.00
20170310  23:50:00 22010.00 22010.00 21985.00 21985.00 980.00
20170310  23:51:00 21985.00 21990.00 21975.00 21975.00 1616.00
20170310  23:52:00 21975.00 21995.00 21970.00 21985.00 1136.00
20170310  23:53:00 21985.00 22000.00 21980.00 21990.00 724.00
20170310  23:54:00 21990.00 22005.00 21985.00 21995.00 1558.00
20170310  23:55:00 22000.00 22005.00 21970.00 21970.00 1778.00
20170310  23:56:00 21970.00 21970.00 21920.00 21930.00 4418.00
20170310  23:57:00 21925.00 21945.00 21900.00 21905.00 3196.00
20170310  23:58:00 21905.00 21920.00 21890.00 21895.00 3416.00
20170310  23:59:00 21905.00 21920.00 21900.00 21910.00 2462.00
20170311  00:00:00 21905.00 21925.00 21905.00 21915.00 2422.00
20170311  00:01:00 21910.00 21915.00 21895.00 21900.00 1716.00
20170311  00:02:00 21900.00 21910.00 21895.00 21895.00 1164.00
20170311  00:03:00 21895.00 21935.00 21895.00 21910.00 1864.00
20170311  00:04:00 21910.00 21925.00 21910.00 21910.00 942.00
20170311  00:05:00 21910.00 21925.00 21905.00 21925.00 852.00
20170311  00:06:00 21920.00 21925.00 21905.00 21905.00 1102.00
20170311  00:07:00 21905.00 21920.00 21900.00 21915.00 556.00
20170311  00:08:00 21910.00 21950.00 21910.00 21940.00 1490.00
20170311  00:09:00 21945.00 21945.00 21930.00 21935.00 946.00
20170311  00:10:00 21935.00 21945.00 21920.00 21940.00 1108.00
20170311  00:11:00 21940.00 21980.00 21940.00 21965.00 2602.00
20170311  00:12:00 21965.00 21970.00 21955.00 21965.00 1078.00
20170311  00:13:00 21960.00 21965.00 21955.00 21965.00 896.00
20170311  00:14:00 21960.00 21965.00 21950.00 21965.00 912.00
20170311  00:15:00 21965.00 21965.00 21950.00 21955.00 666.00
20170311  00:16:00 21950.00 21965.00 21945.00 21945.00 860.00
20170311  00:17:00 21945.00 21970.00 21945.00 21970.00 692.00
20170311  00:18:00 21970.00 21975.00 21965.00 21965.00 690.00
20170311  00:19:00 21965.00 21970.00 21960.00 21970.00 416.00
20170311  00:20:00 21965.00 21965.00 21955.00 21960.00 484.00
20170311  00:21:00 21960.00 21960.00 21940.00 21945.00 830.00
20170311  00:22:00 21945.00 21950.00 21940.00 21945.00 174.00
20170311  00:23:00 21945.00 21955.00 21930.00 21935.00 892.00
20170311  00:24:00 21935.00 21965.00 21935.00 21965.00 400.00
20170311  00:25:00 21965.00 21980.00 21960.00 21970.00 1066.00
20170311  00:26:00 21970.00 21975.00 21960.00 21970.00 534.00
20170311  00:27:00 21970.00 21990.00 21970.00 21990.00 1758.00
20170311  00:28:00 21990.00 21990.00 21980.00 21980.00 782.00
20170311  00:29:00 21980.00 21980.00 21970.00 21970.00 610.00
20170311  00:30:00 21970.00 21985.00 21970.00 21980.00 610.00
20170311  00:31:00 21980.00 21985.00 21975.00 21980.00 418.00
20170311  00:32:00 21975.00 21990.00 21975.00 21990.00 506.00
20170311  00:33:00 21990.00 21990.00 21985.00 21990.00 238.00
20170311  00:34:00 21990.00 22015.00 21985.00 22015.00 1682.00
20170311  00:35:00 22015.00 22015.00 21990.00 22000.00 1468.00
20170311  00:36:00 22000.00 22000.00 21985.00 21990.00 392.00
20170311  00:37:00 21990.00 22000.00 21985.00 21990.00 830.00
20170311  00:38:00 21990.00 21995.00 21985.00 21990.00 348.00
20170311  00:39:00 21990.00 21990.00 21975.00 21975.00 1100.00
20170311  00:40:00 21975.00 21980.00 21950.00 21955.00 788.00
20170311  00:41:00 21960.00 21960.00 21935.00 21940.00 1244.00
20170311  00:42:00 21940.00 21940.00 21920.00 21930.00 1146.00
20170311  00:43:00 21935.00 21945.00 21930.00 21945.00 964.00
20170311  00:44:00 21945.00 21950.00 21930.00 21930.00 1054.00
20170311  00:45:00 21930.00 21945.00 21930.00 21945.00 1218.00
20170311  00:46:00 21950.00 21965.00 21940.00 21950.00 1022.00
20170311  00:47:00 21950.00 21965.00 21945.00 21955.00 870.00
20170311  00:48:00 21955.00 21960.00 21940.00 21945.00 540.00
20170311  00:49:00 21945.00 21965.00 21940.00 21965.00 602.00
20170311  00:50:00 21965.00 21980.00 21960.00 21970.00 1144.00
20170311  00:51:00 21970.00 21980.00 21970.00 21975.00 260.00
20170311  00:52:00 21970.00 21980.00 21970.00 21975.00 256.00
20170311  00:53:00 21975.00 21980.00 21950.00 21965.00 758.00
20170311  00:54:00 21970.00 21990.00 21970.00 21990.00 896.00
20170311  00:55:00 21995.00 22015.00 21985.00 22005.00 1838.00
20170311  00:56:00 22005.00 22015.00 22000.00 22005.00 908.00
20170311  00:57:00 22005.00 22015.00 22000.00 22010.00 884.00
20170311  00:58:00 22005.00 22010.00 22000.00 22010.00 632.00
20170311  00:59:00 22010.00 22020.00 21995.00 21995.00 1460.00
20170311  01:00:00 21995.00 21995.00 21995.00 21995.00   6.00
20170313  09:00:00 22005.00 22140.00 22005.00 22140.00 6590.00
20170313  09:01:00 22145.00 22160.00 22135.00 22155.00 4152.00
20170313  09:02:00 22150.00 22260.00 22150.00 22245.00 6610.00
20170313  09:03:00 22245.00 22280.00 22240.00 22265.00 4464.00
20170313  09:04:00 22265.00 22290.00 22265.00 22270.00 4766.00
20170313  09:05:00 22270.00 22340.00 22265.00 22335.00 7566.00
20170313  09:06:00 22330.00 22355.00 22300.00 22305.00 4804.00
20170313  09:07:00 22300.00 22315.00 22300.00 22305.00 3274.00
20170313  09:08:00 22305.00 22310.00 22295.00 22295.00 3050.00
20170313  09:09:00 22300.00 22315.00 22285.00 22310.00 3434.00
20170313  09:10:00 22305.00 22325.00 22305.00 22320.00 2860.00
20170313  09:11:00 22315.00 22320.00 22285.00 22285.00 1392.00
20170313  09:12:00 22285.00 22285.00 22240.00 22250.00 3430.00
20170313  09:13:00 22250.00 22285.00 22250.00 22280.00 1888.00
20170313  09:14:00 22280.00 22285.00 22265.00 22285.00 1846.00
20170313  09:15:00 22285.00 22330.00 22285.00 22295.00 2560.00
20170313  09:16:00 22295.00 22315.00 22270.00 22270.00 1730.00
20170313  09:17:00 22270.00 22295.00 22270.00 22285.00 1386.00
20170313  09:18:00 22285.00 22290.00 22260.00 22260.00 1414.00
20170313  09:19:00 22260.00 22265.00 22240.00 22245.00 2212.00
20170313  09:20:00 22245.00 22250.00 22230.00 22235.00 1950.00
20170313  09:21:00 22235.00 22240.00 22220.00 22220.00 3282.00
20170313  09:22:00 22225.00 22280.00 22225.00 22270.00 3292.00
20170313  09:23:00 22270.00 22275.00 22245.00 22270.00 1710.00
20170313  09:24:00 22265.00 22270.00 22240.00 22255.00 2220.00
20170313  09:25:00 22255.00 22290.00 22250.00 22265.00 1884.00
20170313  09:26:00 22260.00 22270.00 22255.00 22270.00 1176.00
20170313  09:27:00 22255.00 22280.00 22255.00 22270.00 1124.00
20170313  09:28:00 22270.00 22270.00 22255.00 22265.00 714.00
20170313  09:29:00 22265.00 22320.00 22260.00 22310.00 1846.00
20170313  09:30:00 22310.00 22340.00 22300.00 22335.00 3470.00
20170313  09:31:00 22335.00 22340.00 22320.00 22325.00 1706.00
20170313  09:32:00 22325.00 22365.00 22325.00 22360.00 4996.00
20170313  09:33:00 22360.00 22365.00 22315.00 22320.00 2352.00
20170313  09:34:00 22320.00 22320.00 22295.00 22300.00 1900.00
20170313  09:35:00 22300.00 22305.00 22290.00 22300.00 2016.00
20170313  09:36:00 22300.00 22300.00 22280.00 22290.00 1494.00
20170313  09:37:00 22290.00 22315.00 22285.00 22315.00 1384.00
20170313  09:38:00 22315.00 22315.00 22290.00 22295.00 944.00
20170313  09:39:00 22295.00 22295.00 22280.00 22290.00 648.00
20170313  09:40:00 22290.00 22305.00 22290.00 22295.00 794.00
20170313  09:41:00 22295.00 22310.00 22295.00 22310.00 982.00
20170313  09:42:00 22310.00 22340.00 22305.00 22310.00 2060.00
20170313  09:43:00 22310.00 22315.00 22300.00 22305.00 440.00
20170313  09:44:00 22305.00 22315.00 22295.00 22300.00 760.00
20170313  09:45:00 22295.00 22335.00 22295.00 22335.00 1356.00
20170313  09:46:00 22335.00 22335.00 22305.00 22310.00 798.00
20170313  09:47:00 22310.00 22310.00 22290.00 22300.00 1246.00
20170313  09:48:00 22300.00 22310.00 22295.00 22300.00 980.00
20170313  09:49:00 22300.00 22320.00 22300.00 22315.00 796.00
20170313  09:50:00 22305.00 22330.00 22305.00 22320.00 862.00
20170313  09:51:00 22320.00 22320.00 22290.00 22290.00 946.00
20170313  09:52:00 22290.00 22290.00 22260.00 22275.00 2058.00
20170313  09:53:00 22275.00 22280.00 22265.00 22275.00 1078.00
20170313  09:54:00 22275.00 22280.00 22260.00 22265.00 1406.00
20170313  09:55:00 22270.00 22290.00 22265.00 22285.00 950.00
20170313  09:56:00 22285.00 22325.00 22285.00 22315.00 1372.00
20170313  09:57:00 22315.00 22320.00 22295.00 22300.00 1076.00
20170313  09:58:00 22300.00 22310.00 22295.00 22310.00 746.00
20170313  09:59:00 22305.00 22315.00 22295.00 22315.00 862.00
20170313  10:00:00 22310.00 22315.00 22290.00 22295.00 1050.00
20170313  10:01:00 22295.00 22305.00 22285.00 22285.00 932.00
20170313  10:02:00 22285.00 22290.00 22275.00 22275.00 620.00
20170313  10:03:00 22280.00 22295.00 22270.00 22275.00 1518.00
20170313  10:04:00 22275.00 22305.00 22275.00 22305.00 1348.00
20170313  10:05:00 22305.00 22315.00 22295.00 22310.00 790.00
20170313  10:06:00 22310.00 22330.00 22310.00 22325.00 1168.00
20170313  10:07:00 22325.00 22345.00 22315.00 22340.00 1658.00
20170313  10:08:00 22335.00 22335.00 22325.00 22335.00 1384.00
20170313  10:09:00 22340.00 22365.00 22330.00 22365.00 2400.00
20170313  10:10:00 22355.00 22415.00 22355.00 22410.00 7850.00
20170313  10:11:00 22415.00 22420.00 22375.00 22380.00 3900.00
20170313  10:12:00 22380.00 22390.00 22355.00 22370.00 2406.00
20170313  10:13:00 22375.00 22380.00 22340.00 22345.00 1540.00
20170313  10:14:00 22345.00 22355.00 22325.00 22330.00 2308.00
20170313  10:30:00 22330.00 22350.00 22320.00 22320.00 2932.00
20170313  10:31:00 22320.00 22330.00 22310.00 22325.00 1284.00
20170313  10:32:00 22325.00 22335.00 22315.00 22325.00 926.00
20170313  10:33:00 22325.00 22330.00 22320.00 22320.00 622.00
20170313  10:34:00 22325.00 22325.00 22310.00 22315.00 1350.00
20170313  10:35:00 22320.00 22330.00 22320.00 22320.00 814.00
20170313  10:36:00 22320.00 22325.00 22315.00 22325.00 590.00
20170313  10:37:00 22320.00 22330.00 22310.00 22310.00 788.00
20170313  10:38:00 22315.00 22325.00 22310.00 22320.00 1278.00
20170313  10:39:00 22320.00 22320.00 22305.00 22310.00 644.00
20170313  10:40:00 22310.00 22315.00 22305.00 22310.00 736.00
20170313  10:41:00 22310.00 22315.00 22305.00 22315.00 456.00
20170313  10:42:00 22315.00 22320.00 22300.00 22310.00 1374.00
20170313  10:43:00 22310.00 22330.00 22310.00 22325.00 1166.00
20170313  10:44:00 22325.00 22325.00 22295.00 22295.00 1180.00
20170313  10:45:00 22300.00 22325.00 22300.00 22320.00 1226.00
20170313  10:46:00 22320.00 22320.00 22305.00 22310.00 478.00
20170313  10:47:00 22305.00 22315.00 22300.00 22310.00 420.00
20170313  10:48:00 22310.00 22315.00 22300.00 22310.00 870.00
20170313  10:49:00 22305.00 22310.00 22295.00 22300.00 388.00
20170313  10:50:00 22300.00 22315.00 22300.00 22310.00 598.00
20170313  10:51:00 22310.00 22315.00 22305.00 22315.00 324.00
20170313  10:52:00 22315.00 22320.00 22295.00 22305.00 1126.00
20170313  10:53:00 22305.00 22315.00 22305.00 22310.00 486.00
20170313  10:54:00 22310.00 22330.00 22310.00 22330.00 742.00
20170313  10:55:00 22325.00 22345.00 22320.00 22345.00 1924.00
20170313  10:56:00 22345.00 22345.00 22320.00 22325.00 1014.00
20170313  10:57:00 22320.00 22325.00 22305.00 22305.00 930.00
20170313  10:58:00 22305.00 22315.00 22305.00 22305.00 440.00
20170313  10:59:00 22305.00 22315.00 22300.00 22315.00 550.00
20170313  11:00:00 22315.00 22320.00 22305.00 22310.00 820.00
20170313  11:01:00 22310.00 22320.00 22305.00 22315.00 476.00
20170313  11:02:00 22315.00 22340.00 22315.00 22325.00 1232.00
20170313  11:03:00 22330.00 22330.00 22320.00 22320.00 418.00
20170313  11:04:00 22320.00 22330.00 22320.00 22325.00 424.00
20170313  11:05:00 22325.00 22350.00 22325.00 22335.00 1186.00
20170313  11:06:00 22335.00 22335.00 22315.00 22315.00 848.00
20170313  11:07:00 22315.00 22325.00 22315.00 22320.00 522.00
20170313  11:08:00 22320.00 22330.00 22320.00 22325.00 588.00
20170313  11:09:00 22325.00 22340.00 22310.00 22335.00 754.00
20170313  11:10:00 22335.00 22345.00 22320.00 22325.00 742.00
20170313  11:11:00 22325.00 22335.00 22325.00 22335.00 156.00
20170313  11:12:00 22325.00 22330.00 22315.00 22325.00 1196.00
20170313  11:13:00 22325.00 22335.00 22325.00 22335.00 646.00
20170313  11:14:00 22335.00 22335.00 22320.00 22325.00 908.00
20170313  11:15:00 22330.00 22340.00 22320.00 22340.00 1502.00
20170313  11:16:00 22340.00 22350.00 22330.00 22345.00 1000.00
20170313  11:17:00 22340.00 22370.00 22340.00 22355.00 2114.00
20170313  11:18:00 22355.00 22370.00 22350.00 22370.00 1028.00
20170313  11:19:00 22370.00 22380.00 22350.00 22370.00 1768.00
20170313  11:20:00 22365.00 22365.00 22345.00 22345.00 1034.00
20170313  11:21:00 22340.00 22365.00 22340.00 22360.00 1160.00
20170313  11:22:00 22360.00 22370.00 22345.00 22350.00 1012.00
20170313  11:23:00 22350.00 22360.00 22335.00 22340.00 1510.00
20170313  11:24:00 22340.00 22375.00 22335.00 22370.00 1682.00
20170313  11:25:00 22370.00 22405.00 22370.00 22375.00 2730.00
20170313  11:26:00 22375.00 22375.00 22350.00 22370.00 1196.00
20170313  11:27:00 22370.00 22435.00 22365.00 22410.00 4088.00
20170313  11:28:00 22415.00 22415.00 22380.00 22380.00 1988.00
20170313  11:29:00 22380.00 22380.00 22350.00 22375.00 1666.00
20170313  13:30:00 22380.00 22405.00 22375.00 22380.00 2516.00
20170313  13:31:00 22380.00 22390.00 22365.00 22370.00 1604.00
20170313  13:32:00 22375.00 22385.00 22370.00 22375.00 1684.00
20170313  13:33:00 22375.00 22380.00 22365.00 22375.00 1526.00
20170313  13:34:00 22375.00 22400.00 22370.00 22400.00 1616.00
20170313  13:35:00 22395.00 22410.00 22390.00 22405.00 1076.00
20170313  13:36:00 22405.00 22460.00 22405.00 22445.00 4058.00
20170313  13:37:00 22440.00 22455.00 22440.00 22455.00 3148.00
20170313  13:38:00 22455.00 22460.00 22430.00 22445.00 2356.00
20170313  13:39:00 22440.00 22480.00 22440.00 22475.00 3108.00
20170313  13:40:00 22465.00 22465.00 22425.00 22430.00 2622.00
20170313  13:41:00 22435.00 22445.00 22425.00 22435.00 1246.00
20170313  13:42:00 22435.00 22435.00 22405.00 22410.00 1714.00
20170313  13:43:00 22410.00 22420.00 22405.00 22410.00 1064.00
20170313  13:44:00 22410.00 22430.00 22405.00 22425.00 922.00
20170313  13:45:00 22425.00 22435.00 22420.00 22425.00 1342.00
20170313  13:46:00 22425.00 22430.00 22410.00 22415.00 1270.00
20170313  13:47:00 22415.00 22425.00 22410.00 22420.00 1150.00
20170313  13:48:00 22420.00 22445.00 22420.00 22440.00 1366.00
20170313  13:49:00 22440.00 22445.00 22435.00 22435.00 500.00
20170313  13:50:00 22435.00 22465.00 22435.00 22460.00 1472.00
20170313  13:51:00 22460.00 22460.00 22440.00 22440.00 542.00
20170313  13:52:00 22440.00 22445.00 22420.00 22430.00 1012.00
20170313  13:53:00 22430.00 22430.00 22410.00 22410.00 1140.00
20170313  13:54:00 22410.00 22435.00 22410.00 22430.00 936.00
20170313  13:55:00 22430.00 22450.00 22430.00 22430.00 1124.00
20170313  13:56:00 22430.00 22435.00 22420.00 22425.00 528.00
20170313  13:57:00 22430.00 22445.00 22425.00 22445.00 536.00
20170313  13:58:00 22440.00 22445.00 22425.00 22435.00 622.00
20170313  13:59:00 22435.00 22460.00 22430.00 22455.00 1582.00
20170313  14:00:00 22450.00 22580.00 22450.00 22545.00 11580.00
20170313  14:01:00 22545.00 22555.00 22525.00 22550.00 3098.00
20170313  14:02:00 22550.00 22550.00 22515.00 22515.00 2598.00
20170313  14:03:00 22515.00 22530.00 22500.00 22520.00 3298.00
20170313  14:04:00 22515.00 22520.00 22490.00 22520.00 2626.00
20170313  14:05:00 22520.00 22530.00 22515.00 22530.00 2204.00
20170313  14:06:00 22530.00 22575.00 22520.00 22570.00 3150.00
20170313  14:07:00 22570.00 22590.00 22555.00 22575.00 5126.00
20170313  14:08:00 22580.00 22580.00 22565.00 22575.00 1988.00
20170313  14:09:00 22575.00 22590.00 22560.00 22565.00 1764.00
20170313  14:10:00 22565.00 22580.00 22555.00 22555.00 2516.00
20170313  14:11:00 22560.00 22565.00 22545.00 22560.00 1828.00
20170313  14:12:00 22555.00 22605.00 22555.00 22590.00 2398.00
20170313  14:13:00 22590.00 22590.00 22535.00 22550.00 2320.00
20170313  14:14:00 22550.00 22555.00 22540.00 22540.00 1596.00
20170313  14:15:00 22540.00 22545.00 22530.00 22530.00 3380.00
20170313  14:16:00 22530.00 22530.00 22520.00 22520.00 1278.00
20170313  14:17:00 22525.00 22530.00 22510.00 22510.00 1910.00
20170313  14:18:00 22510.00 22525.00 22510.00 22520.00 1054.00
20170313  14:19:00 22520.00 22525.00 22510.00 22510.00 714.00
20170313  14:20:00 22510.00 22515.00 22490.00 22500.00 2056.00
20170313  14:21:00 22495.00 22510.00 22490.00 22510.00 1044.00
20170313  14:22:00 22510.00 22515.00 22500.00 22515.00 934.00
20170313  14:23:00 22515.00 22515.00 22475.00 22485.00 4118.00
20170313  14:24:00 22490.00 22495.00 22480.00 22490.00 732.00
20170313  14:25:00 22495.00 22505.00 22485.00 22500.00 788.00
20170313  14:26:00 22500.00 22510.00 22490.00 22510.00 794.00
20170313  14:27:00 22510.00 22515.00 22490.00 22495.00 828.00
20170313  14:28:00 22495.00 22505.00 22495.00 22500.00 494.00
20170313  14:29:00 22500.00 22510.00 22500.00 22505.00 412.00
20170313  14:30:00 22505.00 22530.00 22505.00 22530.00 1884.00
20170313  14:31:00 22530.00 22530.00 22515.00 22525.00 1248.00
20170313  14:32:00 22525.00 22535.00 22515.00 22525.00 1494.00
20170313  14:33:00 22520.00 22530.00 22510.00 22520.00 706.00
20170313  14:34:00 22520.00 22525.00 22515.00 22525.00 806.00
20170313  14:35:00 22525.00 22540.00 22520.00 22525.00 1334.00
20170313  14:36:00 22525.00 22530.00 22515.00 22515.00 1114.00
20170313  14:37:00 22515.00 22545.00 22515.00 22540.00 1516.00
20170313  14:38:00 22540.00 22540.00 22520.00 22530.00 1410.00
20170313  14:39:00 22530.00 22540.00 22530.00 22535.00 540.00
20170313  14:40:00 22530.00 22545.00 22530.00 22545.00 750.00
20170313  14:41:00 22545.00 22580.00 22545.00 22560.00 2400.00
20170313  14:42:00 22560.00 22580.00 22560.00 22575.00 1154.00
20170313  14:43:00 22575.00 22585.00 22565.00 22580.00 1240.00
20170313  14:44:00 22580.00 22600.00 22575.00 22595.00 2178.00
20170313  14:45:00 22595.00 22595.00 22575.00 22575.00 2360.00
20170313  14:46:00 22575.00 22575.00 22560.00 22565.00 1532.00
20170313  14:47:00 22565.00 22595.00 22560.00 22595.00 1228.00
20170313  14:48:00 22585.00 22590.00 22575.00 22585.00 1234.00
20170313  14:49:00 22585.00 22590.00 22575.00 22580.00 734.00
20170313  14:50:00 22580.00 22585.00 22570.00 22585.00 1104.00
20170313  14:51:00 22580.00 22600.00 22580.00 22585.00 1808.00
20170313  14:52:00 22590.00 22590.00 22565.00 22570.00 1572.00
20170313  14:53:00 22565.00 22570.00 22540.00 22550.00 2888.00
20170313  14:54:00 22550.00 22565.00 22550.00 22555.00 1120.00
20170313  14:55:00 22555.00 22570.00 22540.00 22570.00 1748.00
20170313  14:56:00 22570.00 22605.00 22565.00 22595.00 2460.00
20170313  14:57:00 22590.00 22620.00 22585.00 22595.00 2896.00
20170313  14:58:00 22590.00 22605.00 22580.00 22585.00 1914.00
20170313  14:59:00 22585.00 22585.00 22540.00 22560.00 3100.00
20170313  15:00:00 22550.00 22550.00 22550.00 22550.00  12.00
