20170511  21:00:00 21935.00 21935.00 21885.00 21890.00 3444.00
20170511  21:01:00 21890.00 21895.00 21870.00 21880.00 2440.00
20170511  21:02:00 21875.00 21885.00 21840.00 21840.00 2332.00
20170511  21:03:00 21845.00 21860.00 21840.00 21850.00 1342.00
20170511  21:04:00 21850.00 21855.00 21835.00 21845.00 1796.00
20170511  21:05:00 21845.00 21875.00 21840.00 21865.00 1774.00
20170511  21:06:00 21865.00 21875.00 21850.00 21850.00 1294.00
20170511  21:07:00 21850.00 21865.00 21820.00 21825.00 2674.00
20170511  21:08:00 21830.00 21840.00 21815.00 21840.00 1884.00
20170511  21:09:00 21840.00 21860.00 21830.00 21830.00 1874.00
20170511  21:10:00 21825.00 21845.00 21820.00 21845.00 1250.00
20170511  21:11:00 21845.00 21850.00 21835.00 21840.00 488.00
20170511  21:12:00 21840.00 21860.00 21840.00 21845.00 850.00
20170511  21:13:00 21840.00 21845.00 21830.00 21840.00 772.00
20170511  21:14:00 21840.00 21840.00 21815.00 21815.00 1238.00
20170511  21:15:00 21810.00 21820.00 21795.00 21805.00 2710.00
20170511  21:16:00 21805.00 21830.00 21805.00 21825.00 1446.00
20170511  21:17:00 21825.00 21830.00 21810.00 21825.00 1596.00
20170511  21:18:00 21825.00 21835.00 21815.00 21820.00 928.00
20170511  21:19:00 21825.00 21825.00 21805.00 21810.00 1930.00
20170511  21:20:00 21810.00 21810.00 21795.00 21805.00 1818.00
20170511  21:21:00 21805.00 21830.00 21795.00 21825.00 1134.00
20170511  21:22:00 21825.00 21830.00 21820.00 21825.00 574.00
20170511  21:23:00 21825.00 21830.00 21820.00 21820.00 680.00
20170511  21:24:00 21815.00 21830.00 21810.00 21815.00 620.00
20170511  21:25:00 21810.00 21820.00 21800.00 21815.00 1052.00
20170511  21:26:00 21815.00 21830.00 21805.00 21810.00 792.00
20170511  21:27:00 21810.00 21830.00 21800.00 21825.00 1036.00
20170511  21:28:00 21825.00 21825.00 21810.00 21820.00 870.00
20170511  21:29:00 21820.00 21830.00 21810.00 21820.00 1210.00
20170511  21:30:00 21820.00 21825.00 21810.00 21820.00 946.00
20170511  21:31:00 21815.00 21820.00 21800.00 21805.00 1018.00
20170511  21:32:00 21805.00 21810.00 21800.00 21810.00 1158.00
20170511  21:33:00 21810.00 21815.00 21795.00 21795.00 1132.00
20170511  21:34:00 21790.00 21810.00 21790.00 21805.00 1088.00
20170511  21:35:00 21805.00 21810.00 21795.00 21805.00 1012.00
20170511  21:36:00 21805.00 21815.00 21805.00 21810.00 648.00
20170511  21:37:00 21805.00 21820.00 21805.00 21820.00 858.00
20170511  21:38:00 21820.00 21830.00 21815.00 21825.00 818.00
20170511  21:39:00 21830.00 21830.00 21815.00 21825.00 720.00
20170511  21:40:00 21825.00 21825.00 21805.00 21810.00 1306.00
20170511  21:41:00 21815.00 21830.00 21810.00 21825.00 752.00
20170511  21:42:00 21825.00 21825.00 21815.00 21815.00 648.00
20170511  21:43:00 21815.00 21820.00 21810.00 21815.00 772.00
20170511  21:44:00 21815.00 21820.00 21805.00 21805.00 1246.00
20170511  21:45:00 21805.00 21815.00 21800.00 21805.00 1992.00
20170511  21:46:00 21805.00 21815.00 21790.00 21795.00 1050.00
20170511  21:47:00 21795.00 21800.00 21730.00 21735.00 5692.00
20170511  21:48:00 21735.00 21740.00 21700.00 21715.00 5802.00
20170511  21:49:00 21720.00 21720.00 21680.00 21685.00 4566.00
20170511  21:50:00 21685.00 21710.00 21670.00 21705.00 2568.00
20170511  21:51:00 21705.00 21715.00 21685.00 21685.00 1810.00
20170511  21:52:00 21685.00 21690.00 21675.00 21680.00 1418.00
20170511  21:53:00 21680.00 21680.00 21655.00 21680.00 2078.00
20170511  21:54:00 21685.00 21700.00 21680.00 21685.00 1450.00
20170511  21:55:00 21685.00 21695.00 21680.00 21690.00 610.00
20170511  21:56:00 21690.00 21705.00 21690.00 21700.00 650.00
20170511  21:57:00 21695.00 21715.00 21690.00 21715.00 830.00
20170511  21:58:00 21715.00 21720.00 21705.00 21715.00 1318.00
20170511  21:59:00 21715.00 21720.00 21705.00 21705.00 1004.00
20170511  22:00:00 21710.00 21720.00 21700.00 21710.00 742.00
20170511  22:01:00 21705.00 21710.00 21685.00 21690.00 642.00
20170511  22:02:00 21690.00 21690.00 21680.00 21685.00 792.00
20170511  22:03:00 21685.00 21710.00 21680.00 21705.00 684.00
20170511  22:04:00 21705.00 21720.00 21700.00 21720.00 482.00
20170511  22:05:00 21720.00 21720.00 21700.00 21710.00 848.00
20170511  22:06:00 21710.00 21725.00 21705.00 21725.00 718.00
20170511  22:07:00 21725.00 21740.00 21720.00 21730.00 1254.00
20170511  22:08:00 21730.00 21740.00 21725.00 21730.00 730.00
20170511  22:09:00 21730.00 21755.00 21730.00 21750.00 958.00
20170511  22:10:00 21750.00 21760.00 21740.00 21740.00 1384.00
20170511  22:11:00 21740.00 21755.00 21735.00 21745.00 754.00
20170511  22:12:00 21745.00 21755.00 21735.00 21740.00 852.00
20170511  22:13:00 21740.00 21740.00 21735.00 21735.00 230.00
20170511  22:14:00 21735.00 21735.00 21720.00 21720.00 568.00
20170511  22:15:00 21720.00 21740.00 21720.00 21730.00 284.00
20170511  22:16:00 21730.00 21735.00 21685.00 21685.00 1728.00
20170511  22:17:00 21680.00 21715.00 21680.00 21695.00 1078.00
20170511  22:18:00 21695.00 21705.00 21695.00 21700.00 410.00
20170511  22:19:00 21700.00 21700.00 21695.00 21700.00 334.00
20170511  22:20:00 21700.00 21710.00 21700.00 21700.00 490.00
20170511  22:21:00 21700.00 21715.00 21700.00 21715.00 466.00
20170511  22:22:00 21715.00 21715.00 21695.00 21695.00 542.00
20170511  22:23:00 21700.00 21700.00 21665.00 21665.00 898.00
20170511  22:24:00 21665.00 21685.00 21630.00 21645.00 3430.00
20170511  22:25:00 21640.00 21640.00 21595.00 21610.00 4902.00
20170511  22:26:00 21605.00 21610.00 21560.00 21560.00 5574.00
20170511  22:27:00 21555.00 21590.00 21555.00 21590.00 2870.00
20170511  22:28:00 21585.00 21595.00 21580.00 21590.00 1706.00
20170511  22:29:00 21590.00 21590.00 21560.00 21565.00 2224.00
20170511  22:30:00 21565.00 21595.00 21560.00 21590.00 2228.00
20170511  22:31:00 21590.00 21615.00 21590.00 21615.00 1500.00
20170511  22:32:00 21610.00 21615.00 21595.00 21610.00 902.00
20170511  22:33:00 21600.00 21620.00 21600.00 21620.00 854.00
20170511  22:34:00 21615.00 21620.00 21605.00 21605.00 546.00
20170511  22:35:00 21605.00 21615.00 21595.00 21605.00 978.00
20170511  22:36:00 21605.00 21610.00 21590.00 21600.00 738.00
20170511  22:37:00 21600.00 21605.00 21585.00 21585.00 764.00
20170511  22:38:00 21585.00 21595.00 21580.00 21585.00 718.00
20170511  22:39:00 21585.00 21585.00 21565.00 21565.00 784.00
20170511  22:40:00 21565.00 21585.00 21565.00 21580.00 598.00
20170511  22:41:00 21580.00 21585.00 21570.00 21575.00 426.00
20170511  22:42:00 21575.00 21595.00 21575.00 21585.00 608.00
20170511  22:43:00 21585.00 21585.00 21560.00 21570.00 1090.00
20170511  22:44:00 21570.00 21575.00 21535.00 21550.00 2366.00
20170511  22:45:00 21550.00 21565.00 21545.00 21560.00 1370.00
20170511  22:46:00 21560.00 21570.00 21550.00 21565.00 666.00
20170511  22:47:00 21570.00 21595.00 21565.00 21590.00 926.00
20170511  22:48:00 21590.00 21595.00 21575.00 21575.00 1028.00
20170511  22:49:00 21575.00 21585.00 21575.00 21575.00 420.00
20170511  22:50:00 21575.00 21580.00 21555.00 21580.00 1466.00
20170511  22:51:00 21580.00 21580.00 21570.00 21575.00 512.00
20170511  22:52:00 21570.00 21585.00 21570.00 21575.00 962.00
20170511  22:53:00 21575.00 21580.00 21570.00 21575.00 242.00
20170511  22:54:00 21580.00 21580.00 21565.00 21565.00 796.00
20170511  22:55:00 21565.00 21570.00 21550.00 21560.00 1152.00
20170511  22:56:00 21555.00 21565.00 21550.00 21565.00 1238.00
20170511  22:57:00 21565.00 21570.00 21560.00 21565.00 1236.00
20170511  22:58:00 21565.00 21575.00 21555.00 21560.00 752.00
20170511  22:59:00 21560.00 21560.00 21540.00 21540.00 1562.00
20170511  23:00:00 21545.00 21550.00 21535.00 21550.00 1270.00
20170511  23:01:00 21545.00 21550.00 21520.00 21525.00 1982.00
20170511  23:02:00 21525.00 21535.00 21515.00 21535.00 1376.00
20170511  23:03:00 21535.00 21535.00 21455.00 21490.00 7480.00
20170511  23:04:00 21495.00 21500.00 21480.00 21485.00 2570.00
20170511  23:05:00 21485.00 21495.00 21475.00 21490.00 1776.00
20170511  23:06:00 21490.00 21515.00 21480.00 21510.00 1738.00
20170511  23:07:00 21515.00 21530.00 21505.00 21525.00 1276.00
20170511  23:08:00 21525.00 21530.00 21515.00 21525.00 738.00
20170511  23:09:00 21525.00 21530.00 21520.00 21525.00 624.00
20170511  23:10:00 21525.00 21530.00 21515.00 21525.00 720.00
20170511  23:11:00 21525.00 21525.00 21515.00 21515.00 380.00
20170511  23:12:00 21515.00 21525.00 21515.00 21520.00 382.00
20170511  23:13:00 21520.00 21525.00 21515.00 21520.00 350.00
20170511  23:14:00 21520.00 21520.00 21505.00 21510.00 740.00
20170511  23:15:00 21510.00 21520.00 21495.00 21500.00 1590.00
20170511  23:16:00 21495.00 21505.00 21485.00 21495.00 1698.00
20170511  23:17:00 21495.00 21515.00 21495.00 21510.00 2932.00
20170511  23:18:00 21505.00 21505.00 21495.00 21500.00 966.00
20170511  23:19:00 21500.00 21505.00 21495.00 21500.00 518.00
20170511  23:20:00 21500.00 21505.00 21500.00 21505.00 460.00
20170511  23:21:00 21505.00 21525.00 21505.00 21525.00 938.00
20170511  23:22:00 21520.00 21555.00 21520.00 21550.00 2286.00
20170511  23:23:00 21550.00 21560.00 21545.00 21560.00 1080.00
20170511  23:24:00 21555.00 21555.00 21540.00 21545.00 672.00
20170511  23:25:00 21550.00 21560.00 21545.00 21550.00 442.00
20170511  23:26:00 21550.00 21560.00 21550.00 21550.00 516.00
20170511  23:27:00 21550.00 21550.00 21540.00 21540.00 692.00
20170511  23:28:00 21540.00 21550.00 21540.00 21550.00 442.00
20170511  23:29:00 21550.00 21555.00 21540.00 21540.00 886.00
20170511  23:30:00 21540.00 21545.00 21540.00 21540.00 366.00
20170511  23:31:00 21540.00 21540.00 21535.00 21535.00 472.00
20170511  23:32:00 21535.00 21545.00 21535.00 21545.00 442.00
20170511  23:33:00 21545.00 21555.00 21540.00 21550.00 548.00
20170511  23:34:00 21550.00 21580.00 21550.00 21575.00 1376.00
20170511  23:35:00 21580.00 21580.00 21565.00 21570.00 966.00
20170511  23:36:00 21570.00 21570.00 21560.00 21560.00 364.00
20170511  23:37:00 21560.00 21565.00 21555.00 21555.00 466.00
20170511  23:38:00 21555.00 21560.00 21555.00 21555.00 166.00
20170511  23:39:00 21555.00 21560.00 21550.00 21555.00 224.00
20170511  23:40:00 21555.00 21560.00 21555.00 21560.00 232.00
20170511  23:41:00 21560.00 21565.00 21555.00 21555.00 360.00
20170511  23:42:00 21555.00 21555.00 21550.00 21550.00 134.00
20170511  23:43:00 21550.00 21555.00 21545.00 21555.00 480.00
20170511  23:44:00 21555.00 21560.00 21550.00 21560.00 274.00
20170511  23:45:00 21560.00 21565.00 21555.00 21560.00 344.00
20170511  23:46:00 21555.00 21560.00 21555.00 21555.00 150.00
20170511  23:47:00 21555.00 21565.00 21555.00 21560.00 202.00
20170511  23:48:00 21560.00 21570.00 21560.00 21570.00 352.00
20170511  23:49:00 21570.00 21575.00 21565.00 21565.00 660.00
20170511  23:50:00 21565.00 21580.00 21565.00 21580.00 630.00
20170511  23:51:00 21575.00 21585.00 21575.00 21575.00 564.00
20170511  23:52:00 21575.00 21585.00 21575.00 21580.00 300.00
20170511  23:53:00 21585.00 21600.00 21585.00 21595.00 1292.00
20170511  23:54:00 21600.00 21605.00 21590.00 21595.00 1566.00
20170511  23:55:00 21590.00 21595.00 21585.00 21590.00 1022.00
20170511  23:56:00 21590.00 21600.00 21590.00 21595.00 592.00
20170511  23:57:00 21595.00 21605.00 21590.00 21595.00 900.00
20170511  23:58:00 21600.00 21600.00 21585.00 21585.00 418.00
20170511  23:59:00 21585.00 21585.00 21570.00 21580.00 844.00
20170512  00:00:00 21580.00 21590.00 21575.00 21590.00 292.00
20170512  00:01:00 21590.00 21590.00 21585.00 21585.00  94.00
20170512  00:02:00 21585.00 21585.00 21580.00 21585.00 142.00
20170512  00:03:00 21585.00 21590.00 21585.00 21585.00  84.00
20170512  00:04:00 21585.00 21585.00 21575.00 21580.00 158.00
20170512  00:05:00 21580.00 21585.00 21575.00 21580.00 218.00
20170512  00:06:00 21580.00 21590.00 21580.00 21580.00 198.00
20170512  00:07:00 21585.00 21585.00 21585.00 21585.00 146.00
20170512  00:08:00 21585.00 21585.00 21565.00 21565.00 390.00
20170512  00:09:00 21565.00 21575.00 21565.00 21565.00 402.00
20170512  00:10:00 21565.00 21570.00 21565.00 21565.00 158.00
20170512  00:11:00 21565.00 21570.00 21565.00 21565.00  78.00
20170512  00:12:00 21565.00 21570.00 21565.00 21570.00 198.00
20170512  00:13:00 21570.00 21570.00 21565.00 21565.00  54.00
20170512  00:14:00 21565.00 21570.00 21560.00 21560.00 254.00
20170512  00:15:00 21565.00 21565.00 21555.00 21560.00 376.00
20170512  00:16:00 21560.00 21570.00 21560.00 21570.00 194.00
20170512  00:17:00 21570.00 21570.00 21560.00 21560.00 168.00
20170512  00:18:00 21560.00 21570.00 21560.00 21565.00 262.00
20170512  00:19:00 21565.00 21570.00 21560.00 21560.00 112.00
20170512  00:20:00 21565.00 21565.00 21560.00 21565.00 174.00
20170512  00:21:00 21565.00 21565.00 21560.00 21565.00 192.00
20170512  00:22:00 21565.00 21575.00 21565.00 21570.00 374.00
20170512  00:23:00 21570.00 21570.00 21565.00 21570.00 244.00
20170512  00:24:00 21570.00 21575.00 21570.00 21570.00  54.00
20170512  00:25:00 21570.00 21575.00 21570.00 21575.00 242.00
20170512  00:26:00 21575.00 21585.00 21575.00 21575.00 186.00
20170512  00:27:00 21575.00 21580.00 21570.00 21580.00  82.00
20170512  00:28:00 21580.00 21585.00 21580.00 21585.00 170.00
20170512  00:29:00 21585.00 21585.00 21580.00 21580.00 112.00
20170512  00:30:00 21580.00 21580.00 21565.00 21565.00 342.00
20170512  00:31:00 21565.00 21570.00 21565.00 21565.00 122.00
20170512  00:32:00 21565.00 21570.00 21560.00 21560.00 320.00
20170512  00:33:00 21560.00 21570.00 21560.00 21560.00 100.00
20170512  00:34:00 21560.00 21570.00 21560.00 21560.00  96.00
20170512  00:35:00 21565.00 21570.00 21565.00 21565.00  92.00
20170512  00:36:00 21565.00 21570.00 21565.00 21565.00  60.00
20170512  00:37:00 21565.00 21570.00 21560.00 21560.00 218.00
20170512  00:38:00 21565.00 21575.00 21565.00 21570.00 156.00
20170512  00:39:00 21570.00 21570.00 21565.00 21565.00  80.00
20170512  00:40:00 21565.00 21570.00 21565.00 21570.00  48.00
20170512  00:41:00 21570.00 21570.00 21560.00 21565.00 104.00
20170512  00:42:00 21565.00 21565.00 21565.00 21565.00  30.00
20170512  00:43:00 21565.00 21570.00 21565.00 21565.00  78.00
20170512  00:44:00 21565.00 21565.00 21565.00 21565.00  12.00
20170512  00:45:00 21565.00 21570.00 21565.00 21565.00  36.00
20170512  00:46:00 21565.00 21565.00 21560.00 21560.00  82.00
20170512  00:47:00 21555.00 21560.00 21550.00 21550.00 238.00
20170512  00:48:00 21550.00 21555.00 21545.00 21555.00  80.00
20170512  00:49:00 21555.00 21555.00 21550.00 21550.00 180.00
20170512  00:50:00 21550.00 21555.00 21540.00 21545.00 318.00
20170512  00:51:00 21545.00 21555.00 21545.00 21550.00  92.00
20170512  00:52:00 21550.00 21555.00 21545.00 21550.00  72.00
20170512  00:53:00 21555.00 21555.00 21550.00 21555.00 136.00
20170512  00:54:00 21555.00 21555.00 21550.00 21555.00 114.00
20170512  00:55:00 21555.00 21560.00 21550.00 21555.00 144.00
20170512  00:56:00 21555.00 21560.00 21555.00 21560.00  60.00
20170512  00:57:00 21560.00 21560.00 21550.00 21550.00 438.00
20170512  00:58:00 21545.00 21560.00 21545.00 21560.00 300.00
20170512  00:59:00 21560.00 21560.00 21535.00 21535.00 692.00
20170512  01:00:00 21535.00 21535.00 21535.00 21535.00  10.00
20170512  09:00:00 21535.00 21535.00 21505.00 21515.00 2604.00
20170512  09:01:00 21520.00 21545.00 21515.00 21545.00 1384.00
20170512  09:02:00 21550.00 21575.00 21540.00 21570.00 2660.00
20170512  09:03:00 21570.00 21575.00 21550.00 21560.00 680.00
20170512  09:04:00 21555.00 21560.00 21540.00 21560.00 1416.00
20170512  09:05:00 21550.00 21555.00 21535.00 21535.00 1046.00
20170512  09:06:00 21540.00 21540.00 21515.00 21515.00 1934.00
20170512  09:07:00 21515.00 21520.00 21510.00 21515.00 1192.00
20170512  09:08:00 21515.00 21515.00 21465.00 21470.00 3696.00
20170512  09:09:00 21475.00 21515.00 21465.00 21495.00 3328.00
20170512  09:10:00 21500.00 21510.00 21490.00 21510.00 1538.00
20170512  09:11:00 21510.00 21510.00 21480.00 21485.00 2090.00
20170512  09:12:00 21490.00 21510.00 21475.00 21510.00 1574.00
20170512  09:13:00 21510.00 21515.00 21495.00 21495.00 806.00
20170512  09:14:00 21495.00 21510.00 21495.00 21510.00 594.00
20170512  09:15:00 21510.00 21515.00 21500.00 21505.00 988.00
20170512  09:16:00 21505.00 21585.00 21505.00 21580.00 2534.00
20170512  09:17:00 21580.00 21580.00 21555.00 21565.00 1530.00
20170512  09:18:00 21565.00 21565.00 21540.00 21550.00 1638.00
20170512  09:19:00 21550.00 21565.00 21545.00 21555.00 916.00
20170512  09:20:00 21555.00 21555.00 21535.00 21540.00 1082.00
20170512  09:21:00 21540.00 21555.00 21530.00 21550.00 1216.00
20170512  09:22:00 21555.00 21555.00 21545.00 21545.00 460.00
20170512  09:23:00 21545.00 21565.00 21540.00 21565.00 454.00
20170512  09:24:00 21565.00 21570.00 21555.00 21565.00 480.00
20170512  09:25:00 21565.00 21570.00 21545.00 21550.00 664.00
20170512  09:26:00 21550.00 21555.00 21550.00 21550.00 366.00
20170512  09:27:00 21550.00 21565.00 21550.00 21560.00 798.00
20170512  09:28:00 21555.00 21560.00 21540.00 21545.00 646.00
20170512  09:29:00 21545.00 21550.00 21540.00 21545.00 384.00
20170512  09:30:00 21545.00 21560.00 21535.00 21545.00 1032.00
20170512  09:31:00 21550.00 21550.00 21540.00 21545.00 492.00
20170512  09:32:00 21545.00 21565.00 21540.00 21550.00 600.00
20170512  09:33:00 21550.00 21555.00 21540.00 21545.00 424.00
20170512  09:34:00 21545.00 21565.00 21540.00 21550.00 808.00
20170512  09:35:00 21550.00 21560.00 21535.00 21545.00 644.00
20170512  09:36:00 21545.00 21545.00 21520.00 21520.00 2190.00
20170512  09:37:00 21515.00 21525.00 21510.00 21515.00 1416.00
20170512  09:38:00 21510.00 21530.00 21510.00 21520.00 944.00
20170512  09:39:00 21520.00 21525.00 21515.00 21525.00 412.00
20170512  09:40:00 21525.00 21530.00 21515.00 21515.00 332.00
20170512  09:41:00 21515.00 21520.00 21510.00 21515.00 330.00
20170512  09:42:00 21515.00 21520.00 21510.00 21515.00 260.00
20170512  09:43:00 21515.00 21530.00 21515.00 21530.00 700.00
20170512  09:44:00 21530.00 21535.00 21520.00 21520.00 226.00
20170512  09:45:00 21525.00 21530.00 21520.00 21530.00 672.00
20170512  09:46:00 21530.00 21530.00 21515.00 21515.00 330.00
20170512  09:47:00 21515.00 21525.00 21515.00 21520.00 148.00
20170512  09:48:00 21520.00 21535.00 21520.00 21530.00 526.00
20170512  09:49:00 21530.00 21545.00 21530.00 21535.00 704.00
20170512  09:50:00 21535.00 21550.00 21535.00 21540.00 762.00
20170512  09:51:00 21540.00 21545.00 21535.00 21545.00 590.00
20170512  09:52:00 21545.00 21555.00 21540.00 21540.00 560.00
20170512  09:53:00 21540.00 21555.00 21540.00 21550.00 806.00
20170512  09:54:00 21550.00 21550.00 21540.00 21550.00 164.00
20170512  09:55:00 21550.00 21550.00 21525.00 21535.00 660.00
20170512  09:56:00 21535.00 21545.00 21535.00 21535.00 380.00
20170512  09:57:00 21535.00 21540.00 21515.00 21515.00 808.00
20170512  09:58:00 21520.00 21520.00 21495.00 21505.00 1788.00
20170512  09:59:00 21505.00 21515.00 21490.00 21500.00 1654.00
20170512  10:00:00 21500.00 21505.00 21480.00 21495.00 1436.00
20170512  10:01:00 21495.00 21505.00 21495.00 21505.00 566.00
20170512  10:02:00 21505.00 21505.00 21485.00 21490.00 1500.00
20170512  10:03:00 21490.00 21500.00 21485.00 21500.00 620.00
20170512  10:04:00 21495.00 21520.00 21495.00 21520.00 1516.00
20170512  10:05:00 21520.00 21520.00 21500.00 21515.00 918.00
20170512  10:06:00 21515.00 21550.00 21515.00 21540.00 1262.00
20170512  10:07:00 21540.00 21580.00 21540.00 21565.00 1860.00
20170512  10:08:00 21565.00 21565.00 21550.00 21555.00 888.00
20170512  10:09:00 21555.00 21560.00 21540.00 21555.00 956.00
20170512  10:10:00 21550.00 21555.00 21540.00 21545.00 482.00
20170512  10:11:00 21545.00 21550.00 21530.00 21545.00 1472.00
20170512  10:12:00 21545.00 21550.00 21535.00 21535.00 676.00
20170512  10:13:00 21535.00 21550.00 21530.00 21550.00 496.00
20170512  10:14:00 21545.00 21545.00 21530.00 21540.00 620.00
20170512  10:30:00 21545.00 21555.00 21545.00 21555.00 1128.00
20170512  10:31:00 21550.00 21550.00 21540.00 21540.00 760.00
20170512  10:32:00 21540.00 21545.00 21540.00 21540.00 324.00
20170512  10:33:00 21540.00 21545.00 21540.00 21540.00 162.00
20170512  10:34:00 21540.00 21545.00 21520.00 21525.00 520.00
20170512  10:35:00 21520.00 21535.00 21515.00 21535.00 678.00
20170512  10:36:00 21535.00 21540.00 21520.00 21520.00 626.00
20170512  10:37:00 21520.00 21520.00 21495.00 21510.00 1384.00
20170512  10:38:00 21510.00 21520.00 21500.00 21515.00 784.00
20170512  10:39:00 21515.00 21525.00 21505.00 21525.00 306.00
20170512  10:40:00 21525.00 21535.00 21520.00 21530.00 640.00
20170512  10:41:00 21530.00 21535.00 21525.00 21530.00  78.00
20170512  10:42:00 21530.00 21535.00 21520.00 21535.00 618.00
20170512  10:43:00 21535.00 21540.00 21525.00 21535.00 942.00
20170512  10:44:00 21535.00 21535.00 21515.00 21525.00 688.00
20170512  10:45:00 21525.00 21530.00 21515.00 21525.00 336.00
20170512  10:46:00 21525.00 21530.00 21515.00 21520.00 912.00
20170512  10:47:00 21520.00 21525.00 21515.00 21520.00 664.00
20170512  10:48:00 21520.00 21520.00 21515.00 21520.00 338.00
20170512  10:49:00 21520.00 21525.00 21520.00 21525.00 458.00
20170512  10:50:00 21525.00 21525.00 21520.00 21525.00 364.00
20170512  10:51:00 21525.00 21535.00 21520.00 21535.00 1204.00
20170512  10:52:00 21535.00 21535.00 21530.00 21530.00 268.00
20170512  10:53:00 21525.00 21545.00 21525.00 21540.00 544.00
20170512  10:54:00 21540.00 21545.00 21535.00 21540.00 716.00
20170512  10:55:00 21535.00 21555.00 21535.00 21540.00 1234.00
20170512  10:56:00 21540.00 21555.00 21535.00 21555.00 552.00
20170512  10:57:00 21550.00 21560.00 21545.00 21560.00 878.00
20170512  10:58:00 21560.00 21570.00 21555.00 21565.00 1600.00
20170512  10:59:00 21560.00 21560.00 21550.00 21555.00 572.00
20170512  11:00:00 21555.00 21565.00 21545.00 21545.00 714.00
20170512  11:01:00 21545.00 21550.00 21545.00 21545.00 166.00
20170512  11:02:00 21545.00 21555.00 21545.00 21550.00 388.00
20170512  11:03:00 21545.00 21545.00 21535.00 21535.00 306.00
20170512  11:04:00 21535.00 21540.00 21525.00 21530.00 444.00
20170512  11:05:00 21530.00 21540.00 21525.00 21540.00 540.00
20170512  11:06:00 21540.00 21540.00 21530.00 21540.00 320.00
20170512  11:07:00 21540.00 21540.00 21530.00 21530.00 106.00
20170512  11:08:00 21530.00 21535.00 21515.00 21520.00 776.00
20170512  11:09:00 21520.00 21525.00 21520.00 21520.00 776.00
20170512  11:10:00 21520.00 21525.00 21515.00 21525.00 418.00
20170512  11:11:00 21525.00 21530.00 21525.00 21530.00 234.00
20170512  11:12:00 21530.00 21535.00 21525.00 21535.00 462.00
20170512  11:13:00 21535.00 21545.00 21530.00 21530.00 786.00
20170512  11:14:00 21530.00 21540.00 21530.00 21540.00 392.00
20170512  11:15:00 21540.00 21540.00 21525.00 21530.00 296.00
20170512  11:16:00 21530.00 21540.00 21530.00 21540.00 444.00
20170512  11:17:00 21540.00 21540.00 21530.00 21530.00 160.00
20170512  11:18:00 21530.00 21530.00 21520.00 21525.00 574.00
20170512  11:19:00 21525.00 21530.00 21520.00 21525.00 370.00
20170512  11:20:00 21525.00 21530.00 21510.00 21510.00 970.00
20170512  11:21:00 21515.00 21525.00 21510.00 21515.00 650.00
20170512  11:22:00 21515.00 21520.00 21510.00 21510.00 570.00
20170512  11:23:00 21515.00 21520.00 21510.00 21510.00 272.00
20170512  11:24:00 21510.00 21515.00 21505.00 21510.00 314.00
20170512  11:25:00 21510.00 21520.00 21510.00 21515.00 900.00
20170512  11:26:00 21515.00 21520.00 21510.00 21520.00 306.00
20170512  11:27:00 21520.00 21530.00 21520.00 21525.00 198.00
20170512  11:28:00 21525.00 21525.00 21515.00 21515.00 294.00
20170512  11:29:00 21515.00 21525.00 21515.00 21520.00 572.00
20170512  13:30:00 21525.00 21530.00 21515.00 21525.00 1192.00
20170512  13:31:00 21520.00 21525.00 21495.00 21500.00 2360.00
20170512  13:32:00 21500.00 21510.00 21490.00 21490.00 1154.00
20170512  13:33:00 21490.00 21515.00 21485.00 21510.00 1726.00
20170512  13:34:00 21515.00 21515.00 21500.00 21510.00 986.00
20170512  13:35:00 21510.00 21555.00 21505.00 21550.00 1628.00
20170512  13:36:00 21550.00 21560.00 21530.00 21535.00 1826.00
20170512  13:37:00 21540.00 21550.00 21535.00 21550.00 860.00
20170512  13:38:00 21550.00 21555.00 21535.00 21535.00 1076.00
20170512  13:39:00 21535.00 21550.00 21530.00 21545.00 748.00
20170512  13:40:00 21545.00 21555.00 21535.00 21555.00 770.00
20170512  13:41:00 21555.00 21615.00 21555.00 21605.00 4890.00
20170512  13:42:00 21605.00 21620.00 21600.00 21605.00 2818.00
20170512  13:43:00 21600.00 21665.00 21600.00 21660.00 4774.00
20170512  13:44:00 21660.00 21680.00 21645.00 21650.00 3182.00
20170512  13:45:00 21650.00 21660.00 21635.00 21640.00 2508.00
20170512  13:46:00 21640.00 21645.00 21630.00 21630.00 1388.00
20170512  13:47:00 21630.00 21635.00 21625.00 21635.00 948.00
20170512  13:48:00 21635.00 21635.00 21610.00 21610.00 1074.00
20170512  13:49:00 21610.00 21620.00 21605.00 21610.00 1706.00
20170512  13:50:00 21610.00 21615.00 21605.00 21610.00 638.00
20170512  13:51:00 21605.00 21620.00 21605.00 21620.00 590.00
20170512  13:52:00 21620.00 21620.00 21595.00 21600.00 1530.00
20170512  13:53:00 21605.00 21620.00 21600.00 21610.00 1170.00
20170512  13:54:00 21610.00 21620.00 21605.00 21615.00 700.00
20170512  13:55:00 21615.00 21630.00 21610.00 21620.00 1392.00
20170512  13:56:00 21620.00 21630.00 21615.00 21625.00 608.00
20170512  13:57:00 21625.00 21625.00 21610.00 21620.00 642.00
20170512  13:58:00 21620.00 21620.00 21600.00 21610.00 870.00
20170512  13:59:00 21610.00 21615.00 21605.00 21610.00 376.00
20170512  14:00:00 21610.00 21635.00 21610.00 21620.00 1726.00
20170512  14:01:00 21620.00 21625.00 21615.00 21625.00 598.00
20170512  14:02:00 21625.00 21640.00 21610.00 21610.00 1580.00
20170512  14:03:00 21610.00 21630.00 21595.00 21630.00 2010.00
20170512  14:04:00 21635.00 21650.00 21625.00 21645.00 2032.00
20170512  14:05:00 21645.00 21675.00 21645.00 21675.00 2754.00
20170512  14:06:00 21675.00 21685.00 21650.00 21655.00 2688.00
20170512  14:07:00 21655.00 21660.00 21635.00 21640.00 1028.00
20170512  14:08:00 21640.00 21640.00 21610.00 21620.00 1674.00
20170512  14:09:00 21620.00 21630.00 21620.00 21620.00 1078.00
20170512  14:10:00 21625.00 21630.00 21615.00 21615.00 590.00
20170512  14:11:00 21615.00 21630.00 21615.00 21625.00 850.00
20170512  14:12:00 21625.00 21635.00 21620.00 21630.00 1346.00
20170512  14:13:00 21630.00 21635.00 21625.00 21625.00 734.00
20170512  14:14:00 21625.00 21630.00 21620.00 21620.00 352.00
20170512  14:15:00 21620.00 21625.00 21605.00 21615.00 906.00
20170512  14:16:00 21615.00 21640.00 21605.00 21640.00 1522.00
20170512  14:17:00 21640.00 21670.00 21640.00 21670.00 2356.00
20170512  14:18:00 21670.00 21675.00 21655.00 21665.00 1326.00
20170512  14:19:00 21665.00 21665.00 21640.00 21650.00 1286.00
20170512  14:20:00 21645.00 21655.00 21645.00 21645.00 1186.00
20170512  14:21:00 21650.00 21655.00 21640.00 21645.00 654.00
20170512  14:22:00 21645.00 21645.00 21625.00 21640.00 872.00
20170512  14:23:00 21640.00 21645.00 21630.00 21635.00 818.00
20170512  14:24:00 21635.00 21655.00 21635.00 21640.00 664.00
20170512  14:25:00 21640.00 21645.00 21635.00 21635.00 682.00
20170512  14:26:00 21635.00 21635.00 21625.00 21630.00 886.00
20170512  14:27:00 21630.00 21630.00 21610.00 21615.00 1154.00
20170512  14:28:00 21615.00 21625.00 21615.00 21620.00 998.00
20170512  14:29:00 21620.00 21620.00 21610.00 21610.00 682.00
20170512  14:30:00 21610.00 21630.00 21605.00 21620.00 1256.00
20170512  14:31:00 21620.00 21630.00 21610.00 21625.00 554.00
20170512  14:32:00 21625.00 21625.00 21615.00 21615.00 920.00
20170512  14:33:00 21620.00 21620.00 21615.00 21620.00 796.00
20170512  14:34:00 21620.00 21620.00 21600.00 21610.00 1482.00
20170512  14:35:00 21605.00 21610.00 21585.00 21595.00 1490.00
20170512  14:36:00 21595.00 21610.00 21595.00 21600.00 926.00
20170512  14:37:00 21600.00 21610.00 21595.00 21605.00 558.00
20170512  14:38:00 21605.00 21605.00 21595.00 21600.00 372.00
20170512  14:39:00 21600.00 21605.00 21590.00 21590.00 854.00
20170512  14:40:00 21590.00 21600.00 21585.00 21600.00 904.00
20170512  14:41:00 21600.00 21605.00 21590.00 21600.00 1156.00
20170512  14:42:00 21600.00 21605.00 21590.00 21600.00 630.00
20170512  14:43:00 21600.00 21625.00 21600.00 21610.00 1544.00
20170512  14:44:00 21615.00 21640.00 21610.00 21640.00 1018.00
20170512  14:45:00 21640.00 21645.00 21620.00 21620.00 994.00
20170512  14:46:00 21620.00 21630.00 21620.00 21625.00 716.00
20170512  14:47:00 21630.00 21640.00 21615.00 21615.00 1164.00
20170512  14:48:00 21615.00 21625.00 21615.00 21625.00 426.00
20170512  14:49:00 21625.00 21640.00 21625.00 21635.00 758.00
20170512  14:50:00 21635.00 21635.00 21605.00 21615.00 1112.00
20170512  14:51:00 21615.00 21615.00 21595.00 21605.00 794.00
20170512  14:52:00 21600.00 21620.00 21600.00 21615.00 848.00
20170512  14:53:00 21615.00 21625.00 21615.00 21620.00 250.00
20170512  14:54:00 21620.00 21630.00 21620.00 21625.00 570.00
20170512  14:55:00 21630.00 21630.00 21620.00 21620.00 458.00
20170512  14:56:00 21625.00 21625.00 21610.00 21610.00 766.00
20170512  14:57:00 21610.00 21615.00 21605.00 21610.00 1156.00
20170512  14:58:00 21610.00 21620.00 21605.00 21615.00 868.00
20170512  14:59:00 21615.00 21620.00 21605.00 21610.00 2124.00
20170512  15:00:00 21610.00 21610.00 21610.00 21610.00   0.00
