20170213  21:00:00 24060.00 24095.00 24045.00 24090.00 1854.00
20170213  21:01:00 24090.00 24090.00 24055.00 24070.00 1346.00
20170213  21:02:00 24070.00 24075.00 24050.00 24055.00 860.00
20170213  21:03:00 24055.00 24070.00 24015.00 24040.00 732.00
20170213  21:04:00 24050.00 24060.00 24040.00 24055.00 512.00
20170213  21:05:00 24055.00 24105.00 24050.00 24095.00 1214.00
20170213  21:06:00 24095.00 24105.00 24075.00 24075.00 1522.00
20170213  21:07:00 24070.00 24075.00 24040.00 24050.00 1236.00
20170213  21:08:00 24050.00 24080.00 24040.00 24080.00 1110.00
20170213  21:09:00 24080.00 24085.00 24045.00 24075.00 860.00
20170213  21:10:00 24075.00 24075.00 24040.00 24040.00 634.00
20170213  21:11:00 24045.00 24050.00 24025.00 24050.00 460.00
20170213  21:12:00 24050.00 24060.00 24040.00 24055.00 574.00
20170213  21:13:00 24055.00 24065.00 24050.00 24060.00 578.00
20170213  21:14:00 24065.00 24065.00 24035.00 24045.00 972.00
20170213  21:15:00 24045.00 24050.00 24020.00 24025.00 912.00
20170213  21:16:00 24025.00 24030.00 23985.00 23995.00 2052.00
20170213  21:17:00 23995.00 24000.00 23980.00 24000.00 1092.00
20170213  21:18:00 24000.00 24000.00 23960.00 23975.00 950.00
20170213  21:19:00 23975.00 23990.00 23960.00 23965.00 1844.00
20170213  21:20:00 23970.00 23995.00 23965.00 23985.00 642.00
20170213  21:21:00 23985.00 23990.00 23975.00 23980.00 522.00
20170213  21:22:00 23980.00 23985.00 23970.00 23980.00 382.00
20170213  21:23:00 23980.00 23985.00 23975.00 23975.00 136.00
20170213  21:24:00 23975.00 23980.00 23950.00 23960.00 582.00
20170213  21:25:00 23960.00 23980.00 23955.00 23980.00 978.00
20170213  21:26:00 23980.00 24000.00 23975.00 23995.00 402.00
20170213  21:27:00 23995.00 24000.00 23985.00 23985.00 274.00
20170213  21:28:00 23980.00 23985.00 23975.00 23980.00 360.00
20170213  21:29:00 23980.00 23995.00 23975.00 23975.00 474.00
20170213  21:30:00 23975.00 23975.00 23905.00 23910.00 1590.00
20170213  21:31:00 23910.00 23930.00 23835.00 23885.00 4090.00
20170213  21:32:00 23890.00 23900.00 23855.00 23865.00 2058.00
20170213  21:33:00 23870.00 23880.00 23845.00 23855.00 2060.00
20170213  21:34:00 23860.00 23895.00 23860.00 23890.00 730.00
20170213  21:35:00 23890.00 23890.00 23875.00 23880.00 490.00
20170213  21:36:00 23880.00 23905.00 23880.00 23895.00 908.00
20170213  21:37:00 23895.00 23915.00 23885.00 23905.00 878.00
20170213  21:38:00 23905.00 23905.00 23890.00 23895.00 542.00
20170213  21:39:00 23895.00 23910.00 23890.00 23900.00 868.00
20170213  21:40:00 23900.00 23910.00 23900.00 23905.00 368.00
20170213  21:41:00 23905.00 23920.00 23900.00 23920.00 424.00
20170213  21:42:00 23920.00 23925.00 23900.00 23900.00 466.00
20170213  21:43:00 23900.00 23915.00 23895.00 23910.00 750.00
20170213  21:44:00 23910.00 23920.00 23900.00 23905.00 482.00
20170213  21:45:00 23905.00 23910.00 23895.00 23900.00 428.00
20170213  21:46:00 23900.00 23915.00 23880.00 23905.00 640.00
20170213  21:47:00 23910.00 23915.00 23900.00 23915.00 472.00
20170213  21:48:00 23910.00 23960.00 23910.00 23950.00 1128.00
20170213  21:49:00 23955.00 23965.00 23945.00 23955.00 944.00
20170213  21:50:00 23955.00 23960.00 23945.00 23955.00 730.00
20170213  21:51:00 23960.00 23970.00 23950.00 23950.00 306.00
20170213  21:52:00 23955.00 23970.00 23945.00 23950.00 390.00
20170213  21:53:00 23950.00 23960.00 23945.00 23955.00 322.00
20170213  21:54:00 23955.00 23955.00 23935.00 23945.00 302.00
20170213  21:55:00 23945.00 23950.00 23945.00 23945.00 142.00
20170213  21:56:00 23945.00 23945.00 23935.00 23940.00 234.00
20170213  21:57:00 23940.00 23980.00 23940.00 23970.00 858.00
20170213  21:58:00 23970.00 23980.00 23965.00 23975.00 378.00
20170213  21:59:00 23975.00 23985.00 23960.00 23975.00 520.00
20170213  22:00:00 23975.00 23975.00 23940.00 23950.00 450.00
20170213  22:01:00 23950.00 23955.00 23940.00 23940.00 266.00
20170213  22:02:00 23940.00 23945.00 23935.00 23935.00 348.00
20170213  22:03:00 23935.00 23950.00 23920.00 23920.00 782.00
20170213  22:04:00 23920.00 23945.00 23920.00 23940.00 822.00
20170213  22:05:00 23935.00 23960.00 23930.00 23960.00 990.00
20170213  22:06:00 23965.00 23980.00 23955.00 23980.00 478.00
20170213  22:07:00 23975.00 23995.00 23970.00 23985.00 1116.00
20170213  22:08:00 23985.00 23985.00 23970.00 23975.00 316.00
20170213  22:09:00 23975.00 23985.00 23975.00 23975.00 244.00
20170213  22:10:00 23975.00 23975.00 23940.00 23940.00 402.00
20170213  22:11:00 23940.00 23960.00 23940.00 23960.00 332.00
20170213  22:12:00 23960.00 23960.00 23935.00 23950.00 566.00
20170213  22:13:00 23950.00 23950.00 23920.00 23935.00 524.00
20170213  22:14:00 23930.00 23935.00 23890.00 23890.00 1394.00
20170213  22:15:00 23895.00 23915.00 23890.00 23910.00 1010.00
20170213  22:16:00 23910.00 23915.00 23895.00 23900.00 450.00
20170213  22:17:00 23900.00 23920.00 23900.00 23915.00 270.00
20170213  22:18:00 23910.00 23915.00 23895.00 23905.00 340.00
20170213  22:19:00 23905.00 23915.00 23905.00 23910.00 280.00
20170213  22:20:00 23915.00 23915.00 23910.00 23910.00 144.00
20170213  22:21:00 23910.00 23925.00 23895.00 23915.00 516.00
20170213  22:22:00 23910.00 23910.00 23865.00 23870.00 938.00
20170213  22:23:00 23870.00 23900.00 23870.00 23895.00 440.00
20170213  22:24:00 23895.00 23895.00 23870.00 23885.00 772.00
20170213  22:25:00 23885.00 23895.00 23870.00 23895.00 922.00
20170213  22:26:00 23890.00 23890.00 23880.00 23885.00 622.00
20170213  22:27:00 23885.00 23890.00 23875.00 23890.00 484.00
20170213  22:28:00 23885.00 23885.00 23880.00 23885.00 278.00
20170213  22:29:00 23885.00 23890.00 23880.00 23885.00 516.00
20170213  22:30:00 23880.00 23885.00 23875.00 23880.00 242.00
20170213  22:31:00 23880.00 23880.00 23840.00 23855.00 890.00
20170213  22:32:00 23855.00 23885.00 23845.00 23885.00 1104.00
20170213  22:33:00 23885.00 23890.00 23880.00 23880.00 790.00
20170213  22:34:00 23880.00 23895.00 23880.00 23895.00 532.00
20170213  22:35:00 23890.00 23890.00 23880.00 23880.00 360.00
20170213  22:36:00 23880.00 23885.00 23870.00 23880.00 436.00
20170213  22:37:00 23880.00 23905.00 23880.00 23900.00 704.00
20170213  22:38:00 23900.00 23900.00 23875.00 23880.00 696.00
20170213  22:39:00 23880.00 23905.00 23880.00 23895.00 260.00
20170213  22:40:00 23895.00 23895.00 23870.00 23880.00 326.00
20170213  22:41:00 23880.00 23900.00 23870.00 23890.00 476.00
20170213  22:42:00 23890.00 23905.00 23890.00 23900.00 294.00
20170213  22:43:00 23900.00 23915.00 23900.00 23910.00 286.00
20170213  22:44:00 23910.00 23915.00 23905.00 23905.00 210.00
20170213  22:45:00 23905.00 23905.00 23895.00 23900.00 242.00
20170213  22:46:00 23900.00 23900.00 23890.00 23890.00 370.00
20170213  22:47:00 23890.00 23900.00 23890.00 23895.00 212.00
20170213  22:48:00 23895.00 23935.00 23890.00 23925.00 476.00
20170213  22:49:00 23935.00 23945.00 23925.00 23935.00 1204.00
20170213  22:50:00 23930.00 23940.00 23920.00 23925.00 454.00
20170213  22:51:00 23925.00 23930.00 23920.00 23920.00 370.00
20170213  22:52:00 23920.00 23920.00 23910.00 23920.00 334.00
20170213  22:53:00 23920.00 23925.00 23915.00 23915.00 196.00
20170213  22:54:00 23915.00 23920.00 23905.00 23905.00 244.00
20170213  22:55:00 23905.00 23905.00 23875.00 23885.00 830.00
20170213  22:56:00 23885.00 23915.00 23865.00 23895.00 650.00
20170213  22:57:00 23895.00 23900.00 23885.00 23885.00  98.00
20170213  22:58:00 23885.00 23905.00 23885.00 23905.00 164.00
20170213  22:59:00 23905.00 23905.00 23890.00 23900.00 214.00
20170213  23:00:00 23900.00 23900.00 23820.00 23845.00 2942.00
20170213  23:01:00 23845.00 23850.00 23825.00 23845.00 1248.00
20170213  23:02:00 23845.00 23860.00 23835.00 23835.00 744.00
20170213  23:03:00 23835.00 23855.00 23835.00 23850.00 340.00
20170213  23:04:00 23850.00 23855.00 23840.00 23855.00 300.00
20170213  23:05:00 23855.00 23860.00 23850.00 23860.00 168.00
20170213  23:06:00 23860.00 23865.00 23855.00 23860.00 260.00
20170213  23:07:00 23860.00 23860.00 23835.00 23840.00 1002.00
20170213  23:08:00 23840.00 23855.00 23830.00 23850.00 252.00
20170213  23:09:00 23850.00 23850.00 23840.00 23845.00 188.00
20170213  23:10:00 23840.00 23845.00 23830.00 23835.00 364.00
20170213  23:11:00 23830.00 23830.00 23825.00 23830.00 458.00
20170213  23:12:00 23830.00 23835.00 23800.00 23815.00 1240.00
20170213  23:13:00 23815.00 23815.00 23795.00 23800.00 718.00
20170213  23:14:00 23800.00 23810.00 23795.00 23795.00 724.00
20170213  23:15:00 23795.00 23805.00 23780.00 23805.00 882.00
20170213  23:16:00 23805.00 23815.00 23805.00 23810.00 544.00
20170213  23:17:00 23810.00 23820.00 23805.00 23820.00 300.00
20170213  23:18:00 23815.00 23820.00 23810.00 23815.00 312.00
20170213  23:19:00 23815.00 23825.00 23810.00 23825.00 618.00
20170213  23:20:00 23820.00 23825.00 23810.00 23820.00 476.00
20170213  23:21:00 23825.00 23830.00 23820.00 23825.00 186.00
20170213  23:22:00 23825.00 23830.00 23810.00 23815.00 432.00
20170213  23:23:00 23815.00 23815.00 23800.00 23815.00 632.00
20170213  23:24:00 23815.00 23845.00 23815.00 23845.00 910.00
20170213  23:25:00 23845.00 23845.00 23835.00 23840.00 336.00
20170213  23:26:00 23840.00 23840.00 23835.00 23835.00 136.00
20170213  23:27:00 23835.00 23835.00 23835.00 23835.00 116.00
20170213  23:28:00 23835.00 23835.00 23830.00 23830.00 184.00
20170213  23:29:00 23830.00 23845.00 23830.00 23835.00 120.00
20170213  23:30:00 23835.00 23835.00 23830.00 23830.00 118.00
20170213  23:31:00 23830.00 23840.00 23830.00 23835.00 174.00
20170213  23:32:00 23835.00 23840.00 23835.00 23840.00  36.00
20170213  23:33:00 23835.00 23850.00 23835.00 23850.00 308.00
20170213  23:34:00 23850.00 23860.00 23845.00 23850.00 544.00
20170213  23:35:00 23850.00 23855.00 23845.00 23855.00 238.00
20170213  23:36:00 23855.00 23860.00 23850.00 23850.00 164.00
20170213  23:37:00 23850.00 23855.00 23840.00 23855.00 332.00
20170213  23:38:00 23855.00 23855.00 23850.00 23850.00 200.00
20170213  23:39:00 23850.00 23875.00 23845.00 23870.00 398.00
20170213  23:40:00 23870.00 23875.00 23860.00 23860.00 218.00
20170213  23:41:00 23865.00 23875.00 23860.00 23870.00 242.00
20170213  23:42:00 23870.00 23870.00 23865.00 23870.00 212.00
20170213  23:43:00 23870.00 23890.00 23865.00 23890.00 674.00
20170213  23:44:00 23890.00 23890.00 23875.00 23885.00 316.00
20170213  23:45:00 23885.00 23890.00 23880.00 23880.00 290.00
20170213  23:46:00 23880.00 23880.00 23875.00 23880.00 100.00
20170213  23:47:00 23885.00 23885.00 23880.00 23885.00  82.00
20170213  23:48:00 23885.00 23885.00 23870.00 23870.00 196.00
20170213  23:49:00 23870.00 23880.00 23870.00 23875.00 412.00
20170213  23:50:00 23875.00 23885.00 23875.00 23880.00 366.00
20170213  23:51:00 23880.00 23895.00 23880.00 23890.00 440.00
20170213  23:52:00 23890.00 23895.00 23885.00 23890.00 148.00
20170213  23:53:00 23890.00 23890.00 23885.00 23885.00 168.00
20170213  23:54:00 23885.00 23925.00 23885.00 23915.00 782.00
20170213  23:55:00 23915.00 23925.00 23915.00 23915.00 520.00
20170213  23:56:00 23915.00 23915.00 23910.00 23910.00  58.00
20170213  23:57:00 23910.00 23920.00 23910.00 23920.00 136.00
20170213  23:58:00 23915.00 23920.00 23900.00 23900.00 562.00
20170213  23:59:00 23905.00 23910.00 23895.00 23905.00 272.00
20170214  00:00:00 23905.00 23905.00 23895.00 23900.00  90.00
20170214  00:01:00 23900.00 23905.00 23895.00 23900.00  60.00
20170214  00:02:00 23900.00 23905.00 23895.00 23900.00  86.00
20170214  00:03:00 23895.00 23900.00 23890.00 23895.00 102.00
20170214  00:04:00 23895.00 23900.00 23890.00 23895.00  88.00
20170214  00:05:00 23895.00 23895.00 23885.00 23895.00 104.00
20170214  00:06:00 23895.00 23910.00 23895.00 23900.00  94.00
20170214  00:07:00 23900.00 23905.00 23900.00 23900.00  36.00
20170214  00:08:00 23900.00 23905.00 23900.00 23900.00  24.00
20170214  00:09:00 23900.00 23900.00 23895.00 23900.00  92.00
20170214  00:10:00 23900.00 23900.00 23880.00 23890.00 198.00
20170214  00:11:00 23890.00 23890.00 23880.00 23880.00  54.00
20170214  00:12:00 23880.00 23885.00 23880.00 23885.00  78.00
20170214  00:13:00 23885.00 23890.00 23885.00 23885.00  56.00
20170214  00:14:00 23885.00 23890.00 23885.00 23885.00  42.00
20170214  00:15:00 23885.00 23895.00 23880.00 23895.00  94.00
20170214  00:16:00 23890.00 23890.00 23880.00 23890.00 130.00
20170214  00:17:00 23890.00 23890.00 23885.00 23890.00  66.00
20170214  00:18:00 23890.00 23900.00 23890.00 23895.00 132.00
20170214  00:19:00 23900.00 23915.00 23900.00 23910.00 166.00
20170214  00:20:00 23910.00 23910.00 23895.00 23900.00 138.00
20170214  00:21:00 23900.00 23900.00 23900.00 23900.00  22.00
20170214  00:22:00 23900.00 23900.00 23895.00 23895.00  46.00
20170214  00:23:00 23900.00 23900.00 23890.00 23890.00  36.00
20170214  00:24:00 23890.00 23890.00 23875.00 23885.00 228.00
20170214  00:25:00 23885.00 23885.00 23870.00 23880.00 132.00
20170214  00:26:00 23885.00 23885.00 23875.00 23880.00 178.00
20170214  00:27:00 23880.00 23880.00 23875.00 23875.00  38.00
20170214  00:28:00 23875.00 23885.00 23875.00 23885.00  54.00
20170214  00:29:00 23885.00 23885.00 23870.00 23875.00 104.00
20170214  00:30:00 23875.00 23875.00 23870.00 23870.00  62.00
20170214  00:31:00 23870.00 23875.00 23855.00 23865.00 318.00
20170214  00:32:00 23860.00 23865.00 23850.00 23865.00 376.00
20170214  00:33:00 23865.00 23865.00 23855.00 23855.00  74.00
20170214  00:34:00 23850.00 23865.00 23845.00 23865.00 242.00
20170214  00:35:00 23865.00 23875.00 23860.00 23875.00 116.00
20170214  00:36:00 23875.00 23905.00 23875.00 23895.00 442.00
20170214  00:37:00 23890.00 23895.00 23885.00 23890.00 106.00
20170214  00:38:00 23890.00 23890.00 23885.00 23885.00  28.00
20170214  00:39:00 23885.00 23885.00 23880.00 23885.00  46.00
20170214  00:40:00 23885.00 23890.00 23880.00 23890.00 110.00
20170214  00:41:00 23890.00 23900.00 23885.00 23890.00 182.00
20170214  00:42:00 23890.00 23895.00 23860.00 23865.00 310.00
20170214  00:43:00 23865.00 23865.00 23830.00 23835.00 480.00
20170214  00:44:00 23835.00 23840.00 23805.00 23805.00 668.00
20170214  00:45:00 23805.00 23815.00 23800.00 23815.00 364.00
20170214  00:46:00 23815.00 23820.00 23805.00 23805.00 434.00
20170214  00:47:00 23810.00 23825.00 23805.00 23820.00 176.00
20170214  00:48:00 23820.00 23835.00 23815.00 23835.00 120.00
20170214  00:49:00 23835.00 23835.00 23785.00 23795.00 534.00
20170214  00:50:00 23790.00 23790.00 23760.00 23770.00 898.00
20170214  00:51:00 23775.00 23780.00 23765.00 23770.00 326.00
20170214  00:52:00 23775.00 23775.00 23745.00 23750.00 844.00
20170214  00:53:00 23740.00 23750.00 23735.00 23740.00 574.00
20170214  00:54:00 23740.00 23740.00 23725.00 23730.00 634.00
20170214  00:55:00 23730.00 23740.00 23725.00 23740.00 286.00
20170214  00:56:00 23740.00 23750.00 23735.00 23750.00 254.00
20170214  00:57:00 23750.00 23755.00 23745.00 23745.00 608.00
20170214  00:58:00 23745.00 23745.00 23730.00 23745.00 526.00
20170214  00:59:00 23740.00 23750.00 23735.00 23740.00 566.00
20170214  01:00:00 23740.00 23740.00 23740.00 23740.00   0.00
20170214  09:00:00 23755.00 23820.00 23755.00 23800.00 2378.00
20170214  09:01:00 23800.00 23810.00 23780.00 23800.00 1000.00
20170214  09:02:00 23800.00 23810.00 23790.00 23805.00 902.00
20170214  09:03:00 23800.00 23820.00 23800.00 23815.00 616.00
20170214  09:04:00 23815.00 23825.00 23790.00 23800.00 1018.00
20170214  09:05:00 23800.00 23820.00 23800.00 23815.00 742.00
20170214  09:06:00 23815.00 23880.00 23815.00 23870.00 2008.00
20170214  09:07:00 23875.00 23875.00 23855.00 23860.00 694.00
20170214  09:08:00 23860.00 23865.00 23830.00 23850.00 778.00
20170214  09:09:00 23850.00 23875.00 23850.00 23870.00 1164.00
20170214  09:10:00 23870.00 23870.00 23835.00 23845.00 1258.00
20170214  09:11:00 23845.00 23870.00 23840.00 23865.00 892.00
20170214  09:12:00 23870.00 23875.00 23855.00 23855.00 502.00
20170214  09:13:00 23855.00 23890.00 23855.00 23875.00 590.00
20170214  09:14:00 23875.00 23880.00 23855.00 23865.00 610.00
20170214  09:15:00 23865.00 23875.00 23850.00 23850.00 654.00
20170214  09:16:00 23845.00 23860.00 23835.00 23850.00 656.00
20170214  09:17:00 23850.00 23855.00 23830.00 23840.00 586.00
20170214  09:18:00 23840.00 23850.00 23830.00 23845.00 314.00
20170214  09:19:00 23845.00 23860.00 23840.00 23855.00 490.00
20170214  09:20:00 23855.00 23865.00 23850.00 23850.00 342.00
20170214  09:21:00 23850.00 23860.00 23850.00 23855.00 304.00
20170214  09:22:00 23855.00 23870.00 23855.00 23870.00 308.00
20170214  09:23:00 23870.00 23880.00 23865.00 23865.00 610.00
20170214  09:24:00 23865.00 23865.00 23860.00 23865.00 310.00
20170214  09:25:00 23860.00 23865.00 23845.00 23855.00 188.00
20170214  09:26:00 23855.00 23860.00 23850.00 23855.00 184.00
20170214  09:27:00 23855.00 23860.00 23850.00 23855.00 296.00
20170214  09:28:00 23855.00 23865.00 23850.00 23860.00 198.00
20170214  09:29:00 23865.00 23875.00 23860.00 23870.00 384.00
20170214  09:30:00 23870.00 23875.00 23865.00 23875.00 468.00
20170214  09:31:00 23875.00 23890.00 23860.00 23860.00 1148.00
20170214  09:32:00 23860.00 23885.00 23860.00 23875.00 610.00
20170214  09:33:00 23875.00 23890.00 23875.00 23885.00 902.00
20170214  09:34:00 23885.00 23885.00 23860.00 23870.00 632.00
20170214  09:35:00 23870.00 23880.00 23870.00 23870.00 356.00
20170214  09:36:00 23870.00 23880.00 23865.00 23880.00 226.00
20170214  09:37:00 23880.00 23880.00 23865.00 23870.00 422.00
20170214  09:38:00 23870.00 23885.00 23865.00 23865.00 970.00
20170214  09:39:00 23865.00 23870.00 23840.00 23840.00 1642.00
20170214  09:40:00 23840.00 23860.00 23830.00 23855.00 1048.00
20170214  09:41:00 23855.00 23855.00 23825.00 23830.00 822.00
20170214  09:42:00 23840.00 23865.00 23830.00 23845.00 1060.00
20170214  09:43:00 23845.00 23855.00 23840.00 23845.00 608.00
20170214  09:44:00 23845.00 23865.00 23845.00 23855.00 920.00
20170214  09:45:00 23855.00 23860.00 23845.00 23850.00 788.00
20170214  09:46:00 23850.00 23855.00 23830.00 23835.00 1178.00
20170214  09:47:00 23835.00 23840.00 23800.00 23810.00 1412.00
20170214  09:48:00 23805.00 23810.00 23770.00 23770.00 1440.00
20170214  09:49:00 23765.00 23775.00 23745.00 23760.00 1624.00
20170214  09:50:00 23760.00 23785.00 23755.00 23780.00 1758.00
20170214  09:51:00 23780.00 23780.00 23760.00 23765.00 1874.00
20170214  09:52:00 23765.00 23800.00 23765.00 23790.00 1316.00
20170214  09:53:00 23785.00 23800.00 23785.00 23800.00 606.00
20170214  09:54:00 23800.00 23800.00 23775.00 23790.00 606.00
20170214  09:55:00 23790.00 23790.00 23765.00 23775.00 712.00
20170214  09:56:00 23775.00 23790.00 23770.00 23780.00 744.00
20170214  09:57:00 23780.00 23780.00 23760.00 23775.00 644.00
20170214  09:58:00 23775.00 23775.00 23750.00 23755.00 942.00
20170214  09:59:00 23755.00 23765.00 23715.00 23720.00 2206.00
20170214  10:00:00 23715.00 23760.00 23710.00 23745.00 1336.00
20170214  10:01:00 23745.00 23760.00 23745.00 23745.00 958.00
20170214  10:02:00 23745.00 23760.00 23735.00 23755.00 738.00
20170214  10:03:00 23755.00 23755.00 23735.00 23750.00 648.00
20170214  10:04:00 23750.00 23750.00 23730.00 23735.00 714.00
20170214  10:05:00 23730.00 23740.00 23725.00 23735.00 542.00
20170214  10:06:00 23735.00 23765.00 23730.00 23760.00 704.00
20170214  10:07:00 23760.00 23765.00 23750.00 23760.00 680.00
20170214  10:08:00 23755.00 23760.00 23740.00 23740.00 732.00
20170214  10:09:00 23740.00 23770.00 23740.00 23770.00 568.00
20170214  10:10:00 23765.00 23770.00 23755.00 23760.00 298.00
20170214  10:11:00 23760.00 23765.00 23755.00 23760.00 224.00
20170214  10:12:00 23760.00 23770.00 23755.00 23770.00 302.00
20170214  10:13:00 23770.00 23770.00 23755.00 23760.00 318.00
20170214  10:14:00 23760.00 23760.00 23750.00 23750.00 456.00
20170214  10:30:00 23755.00 23780.00 23750.00 23770.00 896.00
20170214  10:31:00 23770.00 23770.00 23760.00 23765.00 444.00
20170214  10:32:00 23765.00 23770.00 23765.00 23765.00 146.00
20170214  10:33:00 23765.00 23775.00 23765.00 23770.00 182.00
20170214  10:34:00 23770.00 23790.00 23770.00 23785.00 242.00
20170214  10:35:00 23780.00 23790.00 23780.00 23785.00 444.00
20170214  10:36:00 23785.00 23795.00 23780.00 23790.00 326.00
20170214  10:37:00 23790.00 23790.00 23780.00 23780.00  74.00
20170214  10:38:00 23780.00 23785.00 23775.00 23785.00 314.00
20170214  10:39:00 23785.00 23805.00 23780.00 23795.00 514.00
20170214  10:40:00 23795.00 23805.00 23795.00 23800.00 376.00
20170214  10:41:00 23800.00 23805.00 23795.00 23795.00 492.00
20170214  10:42:00 23795.00 23820.00 23790.00 23815.00 666.00
20170214  10:43:00 23815.00 23820.00 23805.00 23815.00 442.00
20170214  10:44:00 23820.00 23820.00 23800.00 23810.00 312.00
20170214  10:45:00 23810.00 23835.00 23810.00 23825.00 512.00
20170214  10:46:00 23825.00 23825.00 23810.00 23815.00 374.00
20170214  10:47:00 23815.00 23820.00 23810.00 23820.00 492.00
20170214  10:48:00 23820.00 23820.00 23805.00 23805.00 462.00
20170214  10:49:00 23805.00 23815.00 23805.00 23805.00 256.00
20170214  10:50:00 23805.00 23820.00 23805.00 23810.00 278.00
20170214  10:51:00 23810.00 23815.00 23805.00 23810.00  88.00
20170214  10:52:00 23810.00 23815.00 23805.00 23815.00 126.00
20170214  10:53:00 23815.00 23820.00 23810.00 23820.00 212.00
20170214  10:54:00 23820.00 23820.00 23810.00 23810.00 234.00
20170214  10:55:00 23810.00 23820.00 23805.00 23805.00 228.00
20170214  10:56:00 23805.00 23810.00 23800.00 23805.00 138.00
20170214  10:57:00 23805.00 23810.00 23800.00 23810.00 470.00
20170214  10:58:00 23810.00 23820.00 23810.00 23815.00 138.00
20170214  10:59:00 23820.00 23820.00 23805.00 23810.00 212.00
20170214  11:00:00 23810.00 23820.00 23810.00 23815.00 110.00
20170214  11:01:00 23820.00 23830.00 23815.00 23830.00 430.00
20170214  11:02:00 23830.00 23830.00 23815.00 23830.00 348.00
20170214  11:03:00 23825.00 23830.00 23815.00 23825.00 342.00
20170214  11:04:00 23825.00 23850.00 23825.00 23845.00 682.00
20170214  11:05:00 23845.00 23845.00 23835.00 23835.00 262.00
20170214  11:06:00 23835.00 23845.00 23835.00 23840.00 376.00
20170214  11:07:00 23840.00 23845.00 23825.00 23835.00 500.00
20170214  11:08:00 23835.00 23840.00 23825.00 23830.00 202.00
20170214  11:09:00 23830.00 23830.00 23825.00 23830.00 150.00
20170214  11:10:00 23830.00 23835.00 23830.00 23830.00 100.00
20170214  11:11:00 23830.00 23840.00 23830.00 23840.00 110.00
20170214  11:12:00 23840.00 23840.00 23825.00 23825.00 210.00
20170214  11:13:00 23825.00 23840.00 23825.00 23840.00 324.00
20170214  11:14:00 23840.00 23845.00 23830.00 23845.00 380.00
20170214  11:15:00 23845.00 23845.00 23835.00 23840.00 116.00
20170214  11:16:00 23840.00 23840.00 23825.00 23825.00 422.00
20170214  11:17:00 23825.00 23835.00 23825.00 23835.00 166.00
20170214  11:18:00 23835.00 23835.00 23825.00 23825.00 140.00
20170214  11:19:00 23830.00 23835.00 23825.00 23830.00 134.00
20170214  11:20:00 23830.00 23830.00 23815.00 23830.00 592.00
20170214  11:21:00 23830.00 23840.00 23830.00 23840.00 158.00
20170214  11:22:00 23840.00 23860.00 23835.00 23850.00 1114.00
20170214  11:23:00 23850.00 23855.00 23840.00 23840.00 490.00
20170214  11:24:00 23840.00 23850.00 23835.00 23840.00 114.00
20170214  11:25:00 23840.00 23845.00 23830.00 23840.00 384.00
20170214  11:26:00 23840.00 23845.00 23835.00 23840.00 116.00
20170214  11:27:00 23840.00 23845.00 23835.00 23840.00  84.00
20170214  11:28:00 23840.00 23850.00 23840.00 23850.00 222.00
20170214  11:29:00 23845.00 23850.00 23840.00 23845.00 132.00
20170214  13:30:00 23845.00 23860.00 23840.00 23850.00 680.00
20170214  13:31:00 23850.00 23855.00 23825.00 23825.00 506.00
20170214  13:32:00 23830.00 23845.00 23825.00 23835.00 516.00
20170214  13:33:00 23835.00 23835.00 23830.00 23835.00  46.00
20170214  13:34:00 23835.00 23835.00 23810.00 23825.00 730.00
20170214  13:35:00 23825.00 23830.00 23805.00 23815.00 870.00
20170214  13:36:00 23815.00 23820.00 23810.00 23820.00 482.00
20170214  13:37:00 23820.00 23845.00 23820.00 23845.00 376.00
20170214  13:38:00 23845.00 23845.00 23830.00 23835.00 298.00
20170214  13:39:00 23835.00 23835.00 23820.00 23825.00 192.00
20170214  13:40:00 23825.00 23840.00 23815.00 23840.00 592.00
20170214  13:41:00 23835.00 23840.00 23825.00 23825.00 360.00
20170214  13:42:00 23825.00 23830.00 23825.00 23830.00  84.00
20170214  13:43:00 23830.00 23835.00 23820.00 23820.00 450.00
20170214  13:44:00 23820.00 23830.00 23820.00 23825.00 250.00
20170214  13:45:00 23830.00 23845.00 23830.00 23835.00 1108.00
20170214  13:46:00 23835.00 23850.00 23835.00 23850.00 478.00
20170214  13:47:00 23850.00 23860.00 23840.00 23850.00 758.00
20170214  13:48:00 23850.00 23860.00 23845.00 23860.00 1000.00
20170214  13:49:00 23860.00 23895.00 23860.00 23885.00 1644.00
20170214  13:50:00 23885.00 23890.00 23850.00 23865.00 956.00
20170214  13:51:00 23865.00 23875.00 23860.00 23870.00 334.00
20170214  13:52:00 23870.00 23895.00 23870.00 23890.00 668.00
20170214  13:53:00 23885.00 23885.00 23875.00 23875.00 400.00
20170214  13:54:00 23880.00 23895.00 23875.00 23890.00 366.00
20170214  13:55:00 23895.00 23900.00 23880.00 23900.00 778.00
20170214  13:56:00 23900.00 23900.00 23880.00 23890.00 392.00
20170214  13:57:00 23890.00 23905.00 23885.00 23900.00 444.00
20170214  13:58:00 23900.00 23900.00 23890.00 23895.00 240.00
20170214  13:59:00 23895.00 23900.00 23890.00 23895.00 292.00
20170214  14:00:00 23895.00 23900.00 23875.00 23885.00 844.00
20170214  14:01:00 23880.00 23890.00 23880.00 23880.00 308.00
20170214  14:02:00 23880.00 23890.00 23880.00 23885.00 230.00
20170214  14:03:00 23885.00 23895.00 23885.00 23895.00 274.00
20170214  14:04:00 23895.00 23900.00 23890.00 23890.00 530.00
20170214  14:05:00 23885.00 23935.00 23885.00 23930.00 1736.00
20170214  14:06:00 23935.00 23960.00 23930.00 23955.00 1418.00
20170214  14:07:00 23955.00 23955.00 23930.00 23935.00 826.00
20170214  14:08:00 23935.00 23950.00 23930.00 23950.00 482.00
20170214  14:09:00 23950.00 23960.00 23935.00 23945.00 992.00
20170214  14:10:00 23945.00 23955.00 23940.00 23945.00 672.00
20170214  14:11:00 23945.00 23970.00 23940.00 23960.00 864.00
20170214  14:12:00 23955.00 23955.00 23930.00 23935.00 702.00
20170214  14:13:00 23935.00 23940.00 23930.00 23935.00 242.00
20170214  14:14:00 23935.00 23945.00 23930.00 23935.00 402.00
20170214  14:15:00 23935.00 23965.00 23935.00 23965.00 788.00
20170214  14:16:00 23965.00 23965.00 23955.00 23965.00 648.00
20170214  14:17:00 23965.00 23965.00 23945.00 23950.00 1018.00
20170214  14:18:00 23950.00 23965.00 23940.00 23955.00 1336.00
20170214  14:19:00 23955.00 23960.00 23940.00 23945.00 536.00
20170214  14:20:00 23945.00 23960.00 23940.00 23955.00 616.00
20170214  14:21:00 23960.00 23965.00 23950.00 23955.00 814.00
20170214  14:22:00 23955.00 23955.00 23940.00 23945.00 600.00
20170214  14:23:00 23945.00 23955.00 23945.00 23945.00 368.00
20170214  14:24:00 23945.00 23970.00 23940.00 23955.00 1116.00
20170214  14:25:00 23955.00 23990.00 23955.00 23970.00 1122.00
20170214  14:26:00 23970.00 23975.00 23955.00 23975.00 524.00
20170214  14:27:00 23975.00 23985.00 23970.00 23980.00 428.00
20170214  14:28:00 23980.00 23980.00 23970.00 23975.00 292.00
20170214  14:29:00 23975.00 24005.00 23975.00 24005.00 822.00
20170214  14:30:00 24005.00 24010.00 23985.00 23985.00 992.00
20170214  14:31:00 23990.00 24000.00 23980.00 23990.00 472.00
20170214  14:32:00 23990.00 23990.00 23985.00 23985.00 168.00
20170214  14:33:00 23985.00 23990.00 23975.00 23975.00 268.00
20170214  14:34:00 23975.00 23995.00 23975.00 23995.00 364.00
20170214  14:35:00 23995.00 24000.00 23970.00 23970.00 566.00
20170214  14:36:00 23970.00 23985.00 23960.00 23965.00 406.00
20170214  14:37:00 23965.00 23965.00 23950.00 23950.00 522.00
20170214  14:38:00 23950.00 23970.00 23950.00 23965.00 550.00
20170214  14:39:00 23965.00 23965.00 23955.00 23965.00 548.00
20170214  14:40:00 23965.00 23970.00 23955.00 23960.00 712.00
20170214  14:41:00 23960.00 23970.00 23955.00 23970.00 346.00
20170214  14:42:00 23970.00 23975.00 23950.00 23955.00 454.00
20170214  14:43:00 23950.00 23960.00 23940.00 23945.00 438.00
20170214  14:44:00 23945.00 23955.00 23940.00 23955.00 558.00
20170214  14:45:00 23955.00 23960.00 23945.00 23955.00 444.00
20170214  14:46:00 23955.00 23955.00 23945.00 23950.00 438.00
20170214  14:47:00 23950.00 23950.00 23945.00 23945.00 302.00
20170214  14:48:00 23950.00 23950.00 23930.00 23945.00 692.00
20170214  14:49:00 23945.00 23950.00 23940.00 23945.00 272.00
20170214  14:50:00 23945.00 23945.00 23915.00 23915.00 908.00
20170214  14:51:00 23920.00 23920.00 23890.00 23895.00 1470.00
20170214  14:52:00 23890.00 23920.00 23890.00 23910.00 690.00
20170214  14:53:00 23910.00 23920.00 23910.00 23920.00 242.00
20170214  14:54:00 23920.00 23925.00 23915.00 23920.00 236.00
20170214  14:55:00 23920.00 23920.00 23905.00 23920.00 592.00
20170214  14:56:00 23920.00 23925.00 23915.00 23920.00 338.00
20170214  14:57:00 23920.00 23920.00 23905.00 23910.00 860.00
20170214  14:58:00 23910.00 23910.00 23900.00 23900.00 1074.00
20170214  14:59:00 23900.00 23915.00 23895.00 23910.00 892.00
20170214  15:00:00 23890.00 23890.00 23890.00 23890.00 166.00
