20141107  09:00:00 2527.00 2534.00 2526.00 2534.00 77048.00
20141107  09:01:00 2533.00 2534.00 2531.00 2533.00 54434.00
20141107  09:02:00 2534.00 2535.00 2531.00 2533.00 44904.00
20141107  09:03:00 2532.00 2533.00 2531.00 2532.00 31788.00
20141107  09:04:00 2532.00 2533.00 2531.00 2532.00 22380.00
20141107  09:05:00 2532.00 2535.00 2532.00 2533.00 29668.00
20141107  09:06:00 2532.00 2533.00 2529.00 2530.00 47560.00
20141107  09:07:00 2529.00 2530.00 2527.00 2529.00 48888.00
20141107  09:08:00 2529.00 2532.00 2529.00 2530.00 26076.00
20141107  09:09:00 2530.00 2532.00 2530.00 2531.00 25562.00
20141107  09:10:00 2531.00 2534.00 2530.00 2531.00 38438.00
20141107  09:11:00 2532.00 2532.00 2529.00 2529.00 35036.00
20141107  09:12:00 2530.00 2530.00 2528.00 2528.00 22378.00
20141107  09:13:00 2528.00 2530.00 2527.00 2529.00 23854.00
20141107  09:14:00 2530.00 2530.00 2528.00 2528.00 17086.00
20141107  09:15:00 2528.00 2530.00 2527.00 2528.00 20290.00
20141107  09:16:00 2527.00 2528.00 2527.00 2528.00 16916.00
20141107  09:17:00 2528.00 2531.00 2527.00 2530.00 33632.00
20141107  09:18:00 2530.00 2531.00 2529.00 2530.00 16438.00
20141107  09:19:00 2530.00 2533.00 2529.00 2532.00 31922.00
20141107  09:20:00 2532.00 2532.00 2530.00 2531.00 21340.00
20141107  09:21:00 2530.00 2531.00 2530.00 2531.00 28356.00
20141107  09:22:00 2531.00 2531.00 2528.00 2529.00 16000.00
20141107  09:23:00 2529.00 2531.00 2529.00 2530.00 5612.00
20141107  09:24:00 2531.00 2532.00 2530.00 2531.00 13374.00
20141107  09:25:00 2531.00 2535.00 2530.00 2533.00 66062.00
20141107  09:26:00 2533.00 2542.00 2532.00 2542.00 132872.00
20141107  09:27:00 2542.00 2550.00 2540.00 2547.00 170008.00
20141107  09:28:00 2547.00 2547.00 2543.00 2545.00 103230.00
20141107  09:29:00 2545.00 2547.00 2542.00 2545.00 66424.00
20141107  09:30:00 2545.00 2547.00 2542.00 2543.00 56698.00
20141107  09:31:00 2543.00 2544.00 2541.00 2541.00 49072.00
20141107  09:32:00 2541.00 2543.00 2541.00 2542.00 24888.00
20141107  09:33:00 2542.00 2542.00 2540.00 2541.00 26078.00
20141107  09:34:00 2541.00 2541.00 2539.00 2540.00 22726.00
20141107  09:35:00 2540.00 2543.00 2539.00 2542.00 35494.00
20141107  09:36:00 2541.00 2543.00 2540.00 2541.00 24900.00
20141107  09:37:00 2541.00 2541.00 2539.00 2539.00 26410.00
20141107  09:38:00 2539.00 2540.00 2534.00 2536.00 78682.00
20141107  09:39:00 2535.00 2536.00 2534.00 2536.00 47100.00
20141107  09:40:00 2536.00 2538.00 2535.00 2538.00 16738.00
20141107  09:41:00 2538.00 2538.00 2536.00 2536.00 11846.00
20141107  09:42:00 2536.00 2538.00 2536.00 2536.00 15158.00
20141107  09:43:00 2537.00 2537.00 2535.00 2537.00 18022.00
20141107  09:44:00 2536.00 2538.00 2536.00 2536.00 15948.00
20141107  09:45:00 2536.00 2537.00 2536.00 2537.00 17498.00
20141107  09:46:00 2537.00 2539.00 2537.00 2538.00 14636.00
20141107  09:47:00 2538.00 2539.00 2537.00 2538.00 13102.00
20141107  09:48:00 2538.00 2538.00 2536.00 2537.00 17148.00
20141107  09:49:00 2537.00 2539.00 2537.00 2538.00 10700.00
20141107  09:50:00 2538.00 2540.00 2537.00 2539.00 18686.00
20141107  09:51:00 2539.00 2540.00 2537.00 2537.00 9454.00
20141107  09:52:00 2538.00 2538.00 2536.00 2537.00 16620.00
20141107  09:53:00 2537.00 2537.00 2535.00 2535.00 19476.00
20141107  09:54:00 2535.00 2537.00 2535.00 2536.00 11804.00
20141107  09:55:00 2536.00 2537.00 2535.00 2537.00 9034.00
20141107  09:56:00 2537.00 2537.00 2535.00 2536.00 7396.00
20141107  09:57:00 2537.00 2537.00 2536.00 2537.00 4962.00
20141107  09:58:00 2537.00 2538.00 2536.00 2538.00 8536.00
20141107  09:59:00 2538.00 2538.00 2537.00 2537.00 5080.00
20141107  10:00:00 2538.00 2539.00 2537.00 2539.00 16246.00
20141107  10:01:00 2539.00 2540.00 2538.00 2539.00 10178.00
20141107  10:02:00 2538.00 2539.00 2537.00 2538.00 8246.00
20141107  10:03:00 2538.00 2539.00 2537.00 2538.00 4606.00
20141107  10:04:00 2538.00 2540.00 2538.00 2539.00 12204.00
20141107  10:05:00 2538.00 2542.00 2538.00 2541.00 40936.00
20141107  10:06:00 2541.00 2542.00 2538.00 2540.00 15774.00
20141107  10:07:00 2539.00 2541.00 2539.00 2540.00 15152.00
20141107  10:08:00 2540.00 2540.00 2538.00 2539.00 15882.00
20141107  10:09:00 2539.00 2542.00 2539.00 2540.00 21136.00
20141107  10:10:00 2540.00 2541.00 2539.00 2539.00 15202.00
20141107  10:11:00 2539.00 2540.00 2538.00 2539.00 10780.00
20141107  10:12:00 2539.00 2540.00 2537.00 2537.00 18474.00
20141107  10:13:00 2537.00 2538.00 2535.00 2535.00 41246.00
20141107  10:14:00 2535.00 2537.00 2534.00 2536.00 16844.00
20141107  10:30:00 2536.00 2538.00 2536.00 2537.00 10832.00
20141107  10:31:00 2537.00 2537.00 2536.00 2537.00 3728.00
20141107  10:32:00 2537.00 2538.00 2537.00 2538.00 1130.00
20141107  10:33:00 2538.00 2538.00 2536.00 2537.00 14970.00
20141107  10:34:00 2537.00 2538.00 2537.00 2537.00 6426.00
20141107  10:35:00 2537.00 2538.00 2537.00 2537.00 2356.00
20141107  10:36:00 2537.00 2538.00 2537.00 2538.00 2410.00
20141107  10:37:00 2537.00 2539.00 2537.00 2538.00 14484.00
20141107  10:38:00 2538.00 2539.00 2537.00 2538.00 3448.00
20141107  10:39:00 2539.00 2541.00 2538.00 2540.00 21946.00
20141107  10:40:00 2540.00 2540.00 2539.00 2539.00 9856.00
20141107  10:41:00 2539.00 2541.00 2539.00 2541.00 12388.00
20141107  10:42:00 2541.00 2543.00 2540.00 2540.00 28466.00
20141107  10:43:00 2541.00 2542.00 2539.00 2540.00 16524.00
20141107  10:44:00 2540.00 2541.00 2538.00 2539.00 17866.00
20141107  10:45:00 2539.00 2539.00 2538.00 2538.00 12978.00
20141107  10:46:00 2539.00 2540.00 2538.00 2539.00 7910.00
20141107  10:47:00 2540.00 2540.00 2538.00 2539.00 14718.00
20141107  10:48:00 2539.00 2540.00 2537.00 2537.00 17034.00
20141107  10:49:00 2538.00 2538.00 2537.00 2538.00 6214.00
20141107  10:50:00 2538.00 2539.00 2537.00 2538.00 9156.00
20141107  10:51:00 2537.00 2538.00 2537.00 2537.00 15516.00
20141107  10:52:00 2537.00 2539.00 2537.00 2538.00 7494.00
20141107  10:53:00 2538.00 2539.00 2538.00 2539.00 2828.00
20141107  10:54:00 2539.00 2539.00 2537.00 2538.00 7416.00
20141107  10:55:00 2538.00 2538.00 2535.00 2535.00 29498.00
20141107  10:56:00 2535.00 2536.00 2532.00 2533.00 56094.00
20141107  10:57:00 2532.00 2535.00 2532.00 2534.00 37890.00
20141107  10:58:00 2534.00 2534.00 2531.00 2532.00 40818.00
20141107  10:59:00 2532.00 2534.00 2531.00 2531.00 26464.00
20141107  11:00:00 2532.00 2533.00 2531.00 2533.00 24952.00
20141107  11:01:00 2532.00 2534.00 2532.00 2534.00 8466.00
20141107  11:02:00 2534.00 2534.00 2532.00 2533.00 12226.00
20141107  11:03:00 2534.00 2535.00 2533.00 2534.00 22552.00
20141107  11:04:00 2534.00 2534.00 2532.00 2533.00 14182.00
20141107  11:05:00 2532.00 2534.00 2531.00 2533.00 17756.00
20141107  11:06:00 2533.00 2533.00 2531.00 2532.00 14346.00
20141107  11:07:00 2532.00 2534.00 2531.00 2532.00 16406.00
20141107  11:08:00 2532.00 2533.00 2531.00 2532.00 9812.00
20141107  11:09:00 2532.00 2534.00 2532.00 2534.00 9364.00
20141107  11:10:00 2533.00 2534.00 2532.00 2534.00 10922.00
20141107  11:11:00 2534.00 2534.00 2533.00 2533.00 5262.00
20141107  11:12:00 2533.00 2535.00 2533.00 2534.00 6290.00
20141107  11:13:00 2534.00 2534.00 2533.00 2533.00 4548.00
20141107  11:14:00 2533.00 2534.00 2532.00 2533.00 15604.00
20141107  11:15:00 2533.00 2534.00 2532.00 2532.00 12186.00
20141107  11:16:00 2532.00 2533.00 2531.00 2532.00 9248.00
20141107  11:17:00 2533.00 2535.00 2532.00 2534.00 24524.00
20141107  11:18:00 2535.00 2535.00 2534.00 2534.00 12532.00
20141107  11:19:00 2534.00 2537.00 2533.00 2536.00 23026.00
20141107  11:20:00 2537.00 2537.00 2534.00 2535.00 24588.00
20141107  11:21:00 2535.00 2536.00 2535.00 2535.00 4478.00
20141107  11:22:00 2535.00 2536.00 2535.00 2536.00 25326.00
20141107  11:23:00 2536.00 2537.00 2535.00 2535.00 10350.00
20141107  11:24:00 2535.00 2537.00 2535.00 2537.00 9920.00
20141107  11:25:00 2537.00 2537.00 2535.00 2536.00 8422.00
20141107  11:26:00 2536.00 2537.00 2536.00 2536.00 2328.00
20141107  11:27:00 2536.00 2538.00 2534.00 2534.00 26998.00
20141107  11:28:00 2534.00 2535.00 2532.00 2533.00 35254.00
20141107  11:29:00 2533.00 2533.00 2531.00 2533.00 23242.00
20141107  13:30:00 2536.00 2537.00 2534.00 2536.00 38694.00
20141107  13:31:00 2537.00 2537.00 2534.00 2535.00 17076.00
20141107  13:32:00 2535.00 2535.00 2533.00 2534.00 17462.00
20141107  13:33:00 2533.00 2534.00 2533.00 2533.00 14002.00
20141107  13:34:00 2533.00 2533.00 2531.00 2532.00 22822.00
20141107  13:35:00 2532.00 2532.00 2530.00 2530.00 53282.00
20141107  13:36:00 2530.00 2531.00 2530.00 2530.00 8982.00
20141107  13:37:00 2530.00 2531.00 2528.00 2529.00 49672.00
20141107  13:38:00 2529.00 2529.00 2526.00 2528.00 52686.00
20141107  13:39:00 2528.00 2528.00 2526.00 2528.00 23518.00
20141107  13:40:00 2528.00 2529.00 2527.00 2528.00 31544.00
20141107  13:41:00 2527.00 2528.00 2527.00 2528.00 15944.00
20141107  13:42:00 2528.00 2528.00 2522.00 2523.00 87774.00
20141107  13:43:00 2522.00 2524.00 2521.00 2522.00 67488.00
20141107  13:44:00 2522.00 2523.00 2521.00 2521.00 55160.00
20141107  13:45:00 2522.00 2522.00 2518.00 2520.00 73520.00
20141107  13:46:00 2519.00 2521.00 2519.00 2520.00 66518.00
20141107  13:47:00 2520.00 2521.00 2518.00 2520.00 43224.00
20141107  13:48:00 2520.00 2521.00 2518.00 2520.00 32038.00
20141107  13:49:00 2519.00 2521.00 2519.00 2521.00 31588.00
20141107  13:50:00 2521.00 2521.00 2519.00 2521.00 22460.00
20141107  13:51:00 2521.00 2521.00 2519.00 2519.00 19662.00
20141107  13:52:00 2519.00 2521.00 2519.00 2520.00 15354.00
20141107  13:53:00 2519.00 2520.00 2518.00 2519.00 21830.00
20141107  13:54:00 2519.00 2520.00 2518.00 2519.00 14558.00
20141107  13:55:00 2519.00 2519.00 2516.00 2517.00 55052.00
20141107  13:56:00 2517.00 2518.00 2516.00 2517.00 27178.00
20141107  13:57:00 2517.00 2520.00 2516.00 2519.00 37204.00
20141107  13:58:00 2519.00 2521.00 2518.00 2521.00 23804.00
20141107  13:59:00 2521.00 2521.00 2519.00 2519.00 13398.00
20141107  14:00:00 2519.00 2519.00 2517.00 2518.00 24828.00
20141107  14:01:00 2518.00 2518.00 2517.00 2518.00 9602.00
20141107  14:02:00 2518.00 2519.00 2517.00 2519.00 15312.00
20141107  14:03:00 2519.00 2519.00 2517.00 2517.00 12104.00
20141107  14:04:00 2518.00 2518.00 2514.00 2514.00 49654.00
20141107  14:05:00 2514.00 2516.00 2514.00 2515.00 41630.00
20141107  14:06:00 2515.00 2515.00 2508.00 2509.00 105478.00
20141107  14:07:00 2508.00 2509.00 2506.00 2508.00 86510.00
20141107  14:08:00 2509.00 2511.00 2509.00 2510.00 45162.00
20141107  14:09:00 2510.00 2512.00 2509.00 2511.00 23988.00
20141107  14:10:00 2511.00 2511.00 2509.00 2510.00 29810.00
20141107  14:11:00 2509.00 2512.00 2509.00 2512.00 25088.00
20141107  14:12:00 2512.00 2512.00 2510.00 2512.00 15544.00
20141107  14:13:00 2512.00 2512.00 2510.00 2511.00 11502.00
20141107  14:14:00 2511.00 2511.00 2509.00 2510.00 34962.00
20141107  14:15:00 2510.00 2511.00 2509.00 2510.00 16264.00
20141107  14:16:00 2510.00 2512.00 2510.00 2511.00 27470.00
20141107  14:17:00 2511.00 2514.00 2511.00 2513.00 38502.00
20141107  14:18:00 2513.00 2513.00 2511.00 2511.00 11112.00
20141107  14:19:00 2511.00 2514.00 2511.00 2514.00 15564.00
20141107  14:20:00 2513.00 2514.00 2512.00 2512.00 14230.00
20141107  14:21:00 2513.00 2513.00 2512.00 2513.00 5682.00
20141107  14:22:00 2513.00 2515.00 2512.00 2515.00 11544.00
20141107  14:23:00 2514.00 2518.00 2514.00 2516.00 68350.00
20141107  14:24:00 2517.00 2521.00 2516.00 2520.00 72506.00
20141107  14:25:00 2520.00 2523.00 2520.00 2521.00 83420.00
20141107  14:26:00 2520.00 2521.00 2517.00 2518.00 42334.00
20141107  14:27:00 2517.00 2518.00 2516.00 2516.00 11736.00
20141107  14:28:00 2516.00 2518.00 2516.00 2517.00 10042.00
20141107  14:29:00 2517.00 2519.00 2517.00 2518.00 10372.00
20141107  14:30:00 2518.00 2520.00 2517.00 2517.00 19868.00
20141107  14:31:00 2517.00 2519.00 2517.00 2518.00 18272.00
20141107  14:32:00 2518.00 2519.00 2517.00 2518.00 10800.00
20141107  14:33:00 2517.00 2521.00 2517.00 2521.00 17168.00
20141107  14:34:00 2521.00 2530.00 2520.00 2528.00 141494.00
20141107  14:35:00 2528.00 2528.00 2522.00 2522.00 75934.00
20141107  14:36:00 2523.00 2524.00 2521.00 2521.00 36722.00
20141107  14:37:00 2522.00 2524.00 2521.00 2524.00 22416.00
20141107  14:38:00 2523.00 2524.00 2521.00 2522.00 19854.00
20141107  14:39:00 2523.00 2528.00 2523.00 2527.00 82446.00
20141107  14:40:00 2527.00 2532.00 2527.00 2532.00 111610.00
20141107  14:41:00 2532.00 2535.00 2531.00 2533.00 99126.00
20141107  14:42:00 2533.00 2540.00 2533.00 2540.00 124416.00
20141107  14:43:00 2540.00 2541.00 2535.00 2536.00 96478.00
20141107  14:44:00 2535.00 2543.00 2535.00 2543.00 108768.00
20141107  14:45:00 2543.00 2544.00 2538.00 2540.00 101536.00
20141107  14:46:00 2540.00 2541.00 2536.00 2537.00 70508.00
20141107  14:47:00 2537.00 2537.00 2531.00 2533.00 98334.00
20141107  14:48:00 2533.00 2537.00 2533.00 2534.00 53612.00
20141107  14:49:00 2534.00 2535.00 2531.00 2532.00 43746.00
20141107  14:50:00 2531.00 2535.00 2531.00 2535.00 24558.00
20141107  14:51:00 2535.00 2536.00 2534.00 2535.00 23140.00
20141107  14:52:00 2536.00 2537.00 2533.00 2533.00 43628.00
20141107  14:53:00 2534.00 2537.00 2533.00 2537.00 28106.00
20141107  14:54:00 2536.00 2539.00 2536.00 2539.00 40532.00
20141107  14:55:00 2539.00 2540.00 2537.00 2538.00 44046.00
20141107  14:56:00 2538.00 2539.00 2534.00 2534.00 40498.00
20141107  14:57:00 2535.00 2535.00 2532.00 2534.00 45622.00
20141107  14:58:00 2534.00 2535.00 2532.00 2534.00 41424.00
20141107  14:59:00 2534.00 2538.00 2533.00 2537.00 65430.00
20141107  15:00:00 2536.00 2536.00 2536.00 2536.00 136.00
