20141212  15:00:00 2585.00 2585.00 2585.00 2585.00 264.00
20141212  14:59:00 2584.00 2586.00 2584.00 2585.00 64854.00
20141212  14:58:00 2581.00 2586.00 2581.00 2584.00 46700.00
20141212  14:57:00 2584.00 2585.00 2581.00 2582.00 36074.00
20141212  14:56:00 2584.00 2586.00 2583.00 2584.00 46684.00
20141212  14:55:00 2584.00 2585.00 2582.00 2584.00 59232.00
20141212  14:54:00 2579.00 2585.00 2579.00 2584.00 61204.00
20141212  14:53:00 2579.00 2581.00 2578.00 2579.00 29074.00
20141212  14:52:00 2578.00 2580.00 2577.00 2579.00 44980.00
20141212  14:51:00 2576.00 2580.00 2572.00 2579.00 51980.00
20141212  14:50:00 2578.00 2578.00 2575.00 2575.00 33558.00
20141212  14:49:00 2578.00 2578.00 2577.00 2577.00 15088.00
20141212  14:48:00 2579.00 2580.00 2578.00 2578.00 15448.00
20141212  14:47:00 2577.00 2580.00 2577.00 2580.00 26156.00
20141212  14:46:00 2578.00 2578.00 2576.00 2576.00 12870.00
20141212  14:45:00 2579.00 2580.00 2577.00 2578.00 31006.00
20141212  14:44:00 2579.00 2579.00 2577.00 2578.00 16552.00
20141212  14:43:00 2575.00 2579.00 2575.00 2578.00 18942.00
20141212  14:42:00 2576.00 2577.00 2574.00 2575.00 15348.00
20141212  14:41:00 2578.00 2578.00 2575.00 2576.00 24190.00
20141212  14:40:00 2577.00 2579.00 2577.00 2577.00 26756.00
20141212  14:39:00 2577.00 2578.00 2576.00 2577.00 16458.00
20141212  14:38:00 2579.00 2579.00 2576.00 2576.00 24336.00
20141212  14:37:00 2575.00 2579.00 2575.00 2579.00 29000.00
20141212  14:36:00 2576.00 2577.00 2575.00 2576.00 26772.00
20141212  14:35:00 2574.00 2576.00 2573.00 2576.00 18260.00
20141212  14:34:00 2575.00 2575.00 2573.00 2573.00 9758.00
20141212  14:33:00 2570.00 2576.00 2569.00 2575.00 52134.00
20141212  14:32:00 2573.00 2573.00 2570.00 2570.00 18070.00
20141212  14:31:00 2572.00 2573.00 2572.00 2572.00 4776.00
20141212  14:30:00 2573.00 2574.00 2572.00 2572.00 9256.00
20141212  14:29:00 2574.00 2574.00 2573.00 2573.00 6186.00
20141212  14:28:00 2572.00 2574.00 2572.00 2573.00 8318.00
20141212  14:27:00 2574.00 2574.00 2572.00 2572.00 8356.00
20141212  14:26:00 2573.00 2574.00 2572.00 2574.00 11184.00
20141212  14:25:00 2572.00 2573.00 2571.00 2573.00 13086.00
20141212  14:24:00 2572.00 2572.00 2570.00 2572.00 14180.00
20141212  14:23:00 2572.00 2573.00 2571.00 2572.00 13678.00
20141212  14:22:00 2572.00 2574.00 2571.00 2571.00 17840.00
20141212  14:21:00 2573.00 2573.00 2571.00 2573.00 14470.00
20141212  14:20:00 2575.00 2575.00 2570.00 2572.00 67708.00
20141212  14:19:00 2580.00 2581.00 2573.00 2575.00 63790.00
20141212  14:18:00 2575.00 2580.00 2575.00 2580.00 44184.00
20141212  14:17:00 2575.00 2577.00 2575.00 2576.00 28520.00
20141212  14:16:00 2574.00 2575.00 2573.00 2575.00 12190.00
20141212  14:15:00 2575.00 2575.00 2574.00 2574.00 2626.00
20141212  14:14:00 2575.00 2576.00 2574.00 2574.00 5344.00
20141212  14:13:00 2574.00 2575.00 2573.00 2575.00 16780.00
20141212  14:12:00 2576.00 2576.00 2574.00 2574.00 13052.00
20141212  14:11:00 2575.00 2576.00 2574.00 2575.00 4880.00
20141212  14:10:00 2574.00 2576.00 2574.00 2575.00 18260.00
20141212  14:09:00 2574.00 2575.00 2574.00 2574.00 2980.00
20141212  14:08:00 2574.00 2575.00 2573.00 2574.00 12802.00
20141212  14:07:00 2575.00 2575.00 2574.00 2575.00 1022.00
20141212  14:06:00 2575.00 2575.00 2574.00 2575.00 4536.00
20141212  14:05:00 2577.00 2577.00 2574.00 2575.00 21084.00
20141212  14:04:00 2574.00 2577.00 2573.00 2577.00 31790.00
20141212  14:03:00 2575.00 2575.00 2573.00 2574.00 13390.00
20141212  14:02:00 2575.00 2576.00 2574.00 2575.00 20380.00
20141212  14:01:00 2572.00 2575.00 2572.00 2575.00 9926.00
20141212  14:00:00 2572.00 2574.00 2570.00 2572.00 17118.00
20141212  13:59:00 2573.00 2573.00 2571.00 2571.00 11438.00
20141212  13:58:00 2573.00 2574.00 2572.00 2573.00 8702.00
20141212  13:57:00 2574.00 2574.00 2573.00 2573.00 5958.00
20141212  13:56:00 2572.00 2574.00 2571.00 2574.00 12658.00
20141212  13:55:00 2572.00 2573.00 2571.00 2571.00 9864.00
20141212  13:54:00 2573.00 2573.00 2572.00 2572.00 9556.00
20141212  13:53:00 2573.00 2573.00 2572.00 2573.00 5430.00
20141212  13:52:00 2575.00 2575.00 2572.00 2572.00 25718.00
20141212  13:51:00 2573.00 2575.00 2573.00 2575.00 8074.00
20141212  13:50:00 2573.00 2574.00 2572.00 2573.00 18618.00
20141212  13:49:00 2574.00 2574.00 2573.00 2573.00 7638.00
20141212  13:48:00 2573.00 2574.00 2573.00 2573.00 3572.00
20141212  13:47:00 2574.00 2575.00 2573.00 2573.00 33262.00
20141212  13:46:00 2572.00 2574.00 2572.00 2573.00 20360.00
20141212  13:45:00 2573.00 2574.00 2571.00 2572.00 26136.00
20141212  13:44:00 2570.00 2574.00 2570.00 2574.00 26388.00
20141212  13:43:00 2570.00 2571.00 2570.00 2571.00 33680.00
20141212  13:42:00 2568.00 2571.00 2567.00 2571.00 87406.00
20141212  13:41:00 2571.00 2572.00 2563.00 2568.00 122602.00
20141212  13:40:00 2572.00 2572.00 2568.00 2572.00 92806.00
20141212  13:39:00 2574.00 2574.00 2570.00 2572.00 64814.00
20141212  13:38:00 2577.00 2577.00 2572.00 2574.00 57372.00
20141212  13:37:00 2577.00 2578.00 2575.00 2577.00 48884.00
20141212  13:36:00 2581.00 2581.00 2577.00 2578.00 20294.00
20141212  13:35:00 2580.00 2582.00 2578.00 2581.00 34866.00
20141212  13:34:00 2578.00 2580.00 2577.00 2579.00 20392.00
20141212  13:33:00 2578.00 2578.00 2576.00 2577.00 23632.00
20141212  13:32:00 2578.00 2579.00 2576.00 2578.00 34114.00
20141212  13:31:00 2578.00 2579.00 2573.00 2579.00 61834.00
20141212  13:30:00 2580.00 2582.00 2575.00 2578.00 63524.00
20141212  11:29:00 2581.00 2582.00 2580.00 2581.00 14364.00
20141212  11:28:00 2583.00 2585.00 2580.00 2582.00 47050.00
20141212  11:27:00 2586.00 2586.00 2583.00 2583.00 9326.00
20141212  11:26:00 2585.00 2587.00 2584.00 2587.00 21136.00
20141212  11:25:00 2584.00 2585.00 2584.00 2585.00 3416.00
20141212  11:24:00 2584.00 2584.00 2582.00 2584.00 18298.00
20141212  11:23:00 2586.00 2587.00 2584.00 2585.00 17168.00
20141212  11:22:00 2587.00 2588.00 2585.00 2586.00 19812.00
20141212  11:21:00 2583.00 2588.00 2583.00 2587.00 33276.00
20141212  11:20:00 2582.00 2584.00 2582.00 2583.00 8538.00
20141212  11:19:00 2583.00 2585.00 2582.00 2583.00 16282.00
20141212  11:18:00 2583.00 2584.00 2583.00 2583.00 3492.00
20141212  11:17:00 2583.00 2584.00 2582.00 2583.00 6864.00
20141212  11:16:00 2583.00 2584.00 2582.00 2582.00 16912.00
20141212  11:15:00 2584.00 2586.00 2583.00 2583.00 29210.00
20141212  11:14:00 2583.00 2585.00 2582.00 2584.00 21956.00
20141212  11:13:00 2583.00 2583.00 2582.00 2583.00 3180.00
20141212  11:12:00 2581.00 2583.00 2580.00 2583.00 8912.00
20141212  11:11:00 2580.00 2581.00 2580.00 2580.00 5764.00
20141212  11:10:00 2581.00 2582.00 2580.00 2580.00 2852.00
20141212  11:09:00 2581.00 2582.00 2581.00 2582.00 6134.00
20141212  11:08:00 2581.00 2582.00 2579.00 2582.00 10408.00
20141212  11:07:00 2580.00 2581.00 2580.00 2580.00 3624.00
20141212  11:06:00 2581.00 2581.00 2579.00 2580.00 16746.00
20141212  11:05:00 2583.00 2583.00 2580.00 2580.00 16614.00
20141212  11:04:00 2583.00 2584.00 2581.00 2583.00 22032.00
20141212  11:03:00 2581.00 2583.00 2580.00 2583.00 18042.00
20141212  11:02:00 2580.00 2581.00 2579.00 2581.00 5446.00
20141212  11:01:00 2581.00 2582.00 2579.00 2580.00 19958.00
20141212  11:00:00 2578.00 2581.00 2577.00 2580.00 21986.00
20141212  10:59:00 2579.00 2580.00 2578.00 2578.00 14750.00
20141212  10:58:00 2581.00 2581.00 2578.00 2579.00 16288.00
20141212  10:57:00 2580.00 2581.00 2579.00 2581.00 20028.00
20141212  10:56:00 2579.00 2580.00 2578.00 2580.00 18708.00
20141212  10:55:00 2580.00 2580.00 2576.00 2579.00 77746.00
20141212  10:54:00 2585.00 2585.00 2579.00 2580.00 71778.00
20141212  10:53:00 2585.00 2587.00 2584.00 2585.00 31648.00
20141212  10:52:00 2586.00 2587.00 2584.00 2585.00 23562.00
20141212  10:51:00 2587.00 2588.00 2585.00 2587.00 30848.00
20141212  10:50:00 2589.00 2591.00 2587.00 2587.00 68072.00
20141212  10:49:00 2586.00 2590.00 2586.00 2590.00 86224.00
20141212  10:48:00 2584.00 2587.00 2584.00 2585.00 39830.00
20141212  10:47:00 2583.00 2585.00 2582.00 2585.00 16970.00
20141212  10:46:00 2584.00 2585.00 2582.00 2582.00 13700.00
20141212  10:45:00 2584.00 2585.00 2583.00 2584.00 23368.00
20141212  10:44:00 2582.00 2585.00 2582.00 2584.00 28604.00
20141212  10:43:00 2583.00 2583.00 2581.00 2582.00 25392.00
20141212  10:42:00 2583.00 2584.00 2582.00 2583.00 23460.00
20141212  10:41:00 2581.00 2584.00 2580.00 2584.00 37342.00
20141212  10:40:00 2575.00 2581.00 2575.00 2580.00 40814.00
20141212  10:39:00 2576.00 2577.00 2575.00 2576.00 5234.00
20141212  10:38:00 2576.00 2577.00 2576.00 2576.00 9164.00
20141212  10:37:00 2575.00 2577.00 2575.00 2577.00 5218.00
20141212  10:36:00 2576.00 2577.00 2575.00 2575.00 5250.00
20141212  10:35:00 2577.00 2578.00 2576.00 2577.00 13240.00
20141212  10:34:00 2577.00 2577.00 2576.00 2576.00 1794.00
20141212  10:33:00 2576.00 2577.00 2575.00 2576.00 9794.00
20141212  10:32:00 2577.00 2578.00 2575.00 2576.00 16428.00
20141212  10:31:00 2577.00 2579.00 2577.00 2577.00 10912.00
20141212  10:30:00 2577.00 2579.00 2577.00 2578.00 17956.00
20141212  10:14:00 2575.00 2578.00 2575.00 2577.00 33372.00
20141212  10:13:00 2575.00 2576.00 2575.00 2575.00 1886.00
20141212  10:12:00 2576.00 2576.00 2575.00 2576.00 2270.00
20141212  10:11:00 2574.00 2576.00 2574.00 2576.00 10052.00
20141212  10:10:00 2573.00 2575.00 2573.00 2574.00 6176.00
20141212  10:09:00 2575.00 2576.00 2573.00 2573.00 14518.00
20141212  10:08:00 2575.00 2576.00 2574.00 2575.00 23050.00
20141212  10:07:00 2573.00 2576.00 2573.00 2575.00 27686.00
20141212  10:06:00 2574.00 2574.00 2572.00 2573.00 11356.00
20141212  10:05:00 2574.00 2575.00 2573.00 2574.00 26088.00
20141212  10:04:00 2574.00 2574.00 2572.00 2574.00 20006.00
20141212  10:03:00 2572.00 2574.00 2571.00 2574.00 30382.00
20141212  10:02:00 2572.00 2572.00 2571.00 2572.00 14312.00
20141212  10:01:00 2570.00 2573.00 2570.00 2572.00 46812.00
20141212  10:00:00 2573.00 2574.00 2569.00 2570.00 91906.00
20141212  09:59:00 2575.00 2575.00 2573.00 2573.00 24718.00
20141212  09:58:00 2577.00 2578.00 2573.00 2575.00 68102.00
20141212  09:57:00 2578.00 2579.00 2577.00 2577.00 28372.00
20141212  09:56:00 2580.00 2581.00 2577.00 2578.00 35060.00
20141212  09:55:00 2580.00 2581.00 2580.00 2581.00 2852.00
20141212  09:54:00 2581.00 2581.00 2579.00 2580.00 25578.00
20141212  09:53:00 2581.00 2581.00 2580.00 2580.00 3604.00
20141212  09:52:00 2579.00 2581.00 2579.00 2581.00 24708.00
20141212  09:51:00 2581.00 2582.00 2579.00 2579.00 46450.00
20141212  09:50:00 2583.00 2584.00 2581.00 2581.00 24478.00
20141212  09:49:00 2585.00 2585.00 2583.00 2583.00 9088.00
20141212  09:48:00 2584.00 2585.00 2584.00 2585.00 1978.00
20141212  09:47:00 2584.00 2585.00 2584.00 2584.00 3856.00
20141212  09:46:00 2584.00 2586.00 2584.00 2585.00 11984.00
20141212  09:45:00 2583.00 2585.00 2583.00 2585.00 12380.00
20141212  09:44:00 2584.00 2586.00 2583.00 2583.00 13712.00
20141212  09:43:00 2587.00 2587.00 2584.00 2584.00 11220.00
20141212  09:42:00 2587.00 2588.00 2585.00 2587.00 17802.00
20141212  09:41:00 2585.00 2588.00 2584.00 2586.00 32302.00
20141212  09:40:00 2583.00 2585.00 2583.00 2584.00 4250.00
20141212  09:39:00 2585.00 2586.00 2583.00 2584.00 11214.00
20141212  09:38:00 2583.00 2586.00 2583.00 2585.00 19114.00
20141212  09:37:00 2584.00 2585.00 2583.00 2583.00 7848.00
20141212  09:36:00 2586.00 2586.00 2584.00 2585.00 18904.00
20141212  09:35:00 2585.00 2586.00 2584.00 2586.00 25210.00
20141212  09:34:00 2583.00 2585.00 2583.00 2585.00 9016.00
20141212  09:33:00 2584.00 2585.00 2583.00 2584.00 20582.00
20141212  09:32:00 2582.00 2584.00 2582.00 2583.00 13860.00
20141212  09:31:00 2583.00 2583.00 2581.00 2582.00 28886.00
20141212  09:30:00 2582.00 2584.00 2582.00 2583.00 17546.00
20141212  09:29:00 2583.00 2584.00 2581.00 2581.00 30364.00
20141212  09:28:00 2582.00 2583.00 2581.00 2582.00 33132.00
20141212  09:27:00 2585.00 2585.00 2582.00 2583.00 26106.00
20141212  09:26:00 2583.00 2585.00 2583.00 2585.00 19584.00
20141212  09:25:00 2587.00 2588.00 2583.00 2584.00 43798.00
20141212  09:24:00 2588.00 2590.00 2586.00 2586.00 42956.00
20141212  09:23:00 2588.00 2590.00 2587.00 2588.00 61596.00
20141212  09:22:00 2585.00 2588.00 2584.00 2587.00 53506.00
20141212  09:21:00 2583.00 2586.00 2582.00 2586.00 51794.00
20141212  09:20:00 2581.00 2584.00 2581.00 2583.00 39018.00
20141212  09:19:00 2582.00 2582.00 2579.00 2581.00 32638.00
20141212  09:18:00 2578.00 2582.00 2578.00 2582.00 30586.00
20141212  09:17:00 2581.00 2581.00 2578.00 2578.00 21424.00
20141212  09:16:00 2580.00 2581.00 2578.00 2581.00 22552.00
20141212  09:15:00 2579.00 2582.00 2578.00 2579.00 73422.00
20141212  09:14:00 2577.00 2579.00 2576.00 2579.00 60374.00
20141212  09:13:00 2575.00 2576.00 2574.00 2576.00 19040.00
20141212  09:12:00 2573.00 2576.00 2573.00 2574.00 15278.00
20141212  09:11:00 2575.00 2575.00 2572.00 2573.00 23124.00
20141212  09:10:00 2574.00 2576.00 2574.00 2575.00 25268.00
20141212  09:09:00 2574.00 2575.00 2573.00 2575.00 16144.00
20141212  09:08:00 2574.00 2575.00 2572.00 2574.00 24604.00
20141212  09:07:00 2572.00 2577.00 2572.00 2574.00 46752.00
20141212  09:06:00 2571.00 2574.00 2571.00 2573.00 26720.00
20141212  09:05:00 2572.00 2572.00 2569.00 2571.00 21962.00
20141212  09:04:00 2568.00 2573.00 2568.00 2572.00 25988.00
20141212  09:03:00 2570.00 2571.00 2567.00 2568.00 18298.00
20141212  09:02:00 2569.00 2571.00 2567.00 2570.00 24096.00
20141212  09:01:00 2569.00 2571.00 2568.00 2569.00 35228.00
20141212  09:00:00 2567.00 2569.00 2565.00 2569.00 45162.00
