20141120  09:00:00 2447.00 2448.00 2445.00 2447.00 43432.00
20141120  09:01:00 2447.00 2447.00 2445.00 2445.00 27902.00
20141120  09:02:00 2445.00 2447.00 2444.00 2444.00 27616.00
20141120  09:03:00 2445.00 2448.00 2444.00 2448.00 21096.00
20141120  09:04:00 2448.00 2450.00 2447.00 2450.00 27174.00
20141120  09:05:00 2449.00 2450.00 2448.00 2448.00 35314.00
20141120  09:06:00 2448.00 2454.00 2448.00 2454.00 62354.00
20141120  09:07:00 2453.00 2454.00 2451.00 2452.00 27660.00
20141120  09:08:00 2452.00 2453.00 2451.00 2453.00 25368.00
20141120  09:09:00 2453.00 2454.00 2449.00 2450.00 52464.00
20141120  09:10:00 2450.00 2452.00 2450.00 2451.00 16276.00
20141120  09:11:00 2451.00 2454.00 2450.00 2454.00 37522.00
20141120  09:12:00 2454.00 2455.00 2453.00 2454.00 37786.00
20141120  09:13:00 2454.00 2454.00 2452.00 2453.00 14186.00
20141120  09:14:00 2452.00 2454.00 2452.00 2453.00 7492.00
20141120  09:15:00 2454.00 2454.00 2449.00 2449.00 39374.00
20141120  09:16:00 2449.00 2451.00 2449.00 2450.00 22982.00
20141120  09:17:00 2450.00 2451.00 2448.00 2449.00 17840.00
20141120  09:18:00 2449.00 2450.00 2447.00 2449.00 23748.00
20141120  09:19:00 2450.00 2452.00 2449.00 2452.00 24090.00
20141120  09:20:00 2452.00 2452.00 2450.00 2450.00 9502.00
20141120  09:21:00 2451.00 2452.00 2450.00 2452.00 7424.00
20141120  09:22:00 2452.00 2456.00 2452.00 2455.00 56776.00
20141120  09:23:00 2454.00 2455.00 2453.00 2454.00 28296.00
20141120  09:24:00 2454.00 2455.00 2453.00 2453.00 15050.00
20141120  09:25:00 2454.00 2454.00 2453.00 2454.00 5476.00
20141120  09:26:00 2454.00 2454.00 2452.00 2452.00 11464.00
20141120  09:27:00 2452.00 2453.00 2452.00 2453.00 3146.00
20141120  09:28:00 2453.00 2453.00 2452.00 2452.00 1478.00
20141120  09:29:00 2452.00 2453.00 2450.00 2450.00 27960.00
20141120  09:30:00 2450.00 2451.00 2450.00 2451.00 29186.00
20141120  09:31:00 2451.00 2451.00 2449.00 2451.00 14438.00
20141120  09:32:00 2450.00 2451.00 2449.00 2450.00 17820.00
20141120  09:33:00 2450.00 2452.00 2450.00 2452.00 13498.00
20141120  09:34:00 2452.00 2453.00 2451.00 2453.00 15482.00
20141120  09:35:00 2453.00 2453.00 2451.00 2452.00 24462.00
20141120  09:36:00 2452.00 2453.00 2452.00 2453.00 2820.00
20141120  09:37:00 2452.00 2454.00 2452.00 2453.00 20628.00
20141120  09:38:00 2453.00 2454.00 2453.00 2454.00 4536.00
20141120  09:39:00 2454.00 2454.00 2453.00 2453.00 4686.00
20141120  09:40:00 2453.00 2454.00 2452.00 2452.00 13524.00
20141120  09:41:00 2452.00 2454.00 2452.00 2452.00 12194.00
20141120  09:42:00 2452.00 2454.00 2452.00 2454.00 7238.00
20141120  09:43:00 2453.00 2454.00 2452.00 2453.00 5598.00
20141120  09:44:00 2453.00 2453.00 2452.00 2452.00 9196.00
20141120  09:45:00 2452.00 2453.00 2451.00 2452.00 12904.00
20141120  09:46:00 2452.00 2454.00 2452.00 2453.00 13370.00
20141120  09:47:00 2453.00 2454.00 2452.00 2453.00 6828.00
20141120  09:48:00 2453.00 2457.00 2452.00 2456.00 61098.00
20141120  09:49:00 2456.00 2456.00 2454.00 2455.00 15610.00
20141120  09:50:00 2455.00 2457.00 2454.00 2455.00 26956.00
20141120  09:51:00 2455.00 2457.00 2454.00 2457.00 12662.00
20141120  09:52:00 2456.00 2457.00 2454.00 2454.00 24514.00
20141120  09:53:00 2454.00 2457.00 2454.00 2457.00 17274.00
20141120  09:54:00 2456.00 2457.00 2455.00 2457.00 27376.00
20141120  09:55:00 2456.00 2459.00 2456.00 2459.00 47770.00
20141120  09:56:00 2459.00 2459.00 2457.00 2458.00 33622.00
20141120  09:57:00 2457.00 2459.00 2456.00 2458.00 30736.00
20141120  09:58:00 2458.00 2458.00 2455.00 2455.00 18682.00
20141120  09:59:00 2455.00 2456.00 2455.00 2456.00 17908.00
20141120  10:00:00 2456.00 2458.00 2455.00 2456.00 36616.00
20141120  10:01:00 2455.00 2457.00 2455.00 2456.00 12210.00
20141120  10:02:00 2456.00 2457.00 2454.00 2454.00 20894.00
20141120  10:03:00 2454.00 2456.00 2454.00 2454.00 16968.00
20141120  10:04:00 2455.00 2455.00 2454.00 2454.00 18454.00
20141120  10:05:00 2454.00 2456.00 2454.00 2455.00 19514.00
20141120  10:06:00 2454.00 2455.00 2451.00 2451.00 43842.00
20141120  10:07:00 2451.00 2453.00 2450.00 2451.00 28124.00
20141120  10:08:00 2451.00 2452.00 2451.00 2452.00 3856.00
20141120  10:09:00 2451.00 2452.00 2451.00 2451.00 6808.00
20141120  10:10:00 2451.00 2452.00 2449.00 2450.00 58852.00
20141120  10:11:00 2450.00 2452.00 2450.00 2450.00 20500.00
20141120  10:12:00 2450.00 2451.00 2449.00 2450.00 28508.00
20141120  10:13:00 2450.00 2451.00 2450.00 2451.00 14872.00
20141120  10:14:00 2452.00 2452.00 2450.00 2451.00 10176.00
20141120  10:30:00 2451.00 2452.00 2449.00 2449.00 24158.00
20141120  10:31:00 2450.00 2450.00 2449.00 2449.00 7296.00
20141120  10:32:00 2449.00 2451.00 2449.00 2451.00 21504.00
20141120  10:33:00 2450.00 2451.00 2450.00 2451.00 12890.00
20141120  10:34:00 2451.00 2451.00 2448.00 2448.00 18848.00
20141120  10:35:00 2448.00 2449.00 2447.00 2448.00 21986.00
20141120  10:36:00 2449.00 2449.00 2447.00 2447.00 19638.00
20141120  10:37:00 2447.00 2448.00 2447.00 2448.00 12326.00
20141120  10:38:00 2448.00 2449.00 2448.00 2448.00 5348.00
20141120  10:39:00 2449.00 2449.00 2447.00 2447.00 18854.00
20141120  10:40:00 2447.00 2448.00 2446.00 2447.00 19392.00
20141120  10:41:00 2446.00 2448.00 2446.00 2448.00 18674.00
20141120  10:42:00 2448.00 2449.00 2447.00 2449.00 6366.00
20141120  10:43:00 2449.00 2449.00 2448.00 2448.00 2046.00
20141120  10:44:00 2448.00 2449.00 2448.00 2449.00 10654.00
20141120  10:45:00 2448.00 2449.00 2448.00 2449.00 2212.00
20141120  10:46:00 2449.00 2450.00 2448.00 2449.00 14202.00
20141120  10:47:00 2449.00 2449.00 2448.00 2448.00 848.00
20141120  10:48:00 2448.00 2449.00 2447.00 2448.00 10402.00
20141120  10:49:00 2447.00 2448.00 2447.00 2448.00 3126.00
20141120  10:50:00 2447.00 2448.00 2447.00 2448.00 7716.00
20141120  10:51:00 2447.00 2448.00 2446.00 2446.00 8676.00
20141120  10:52:00 2447.00 2447.00 2446.00 2446.00 17300.00
20141120  10:53:00 2446.00 2447.00 2445.00 2445.00 14836.00
20141120  10:54:00 2446.00 2446.00 2445.00 2445.00 20734.00
20141120  10:55:00 2446.00 2446.00 2444.00 2444.00 34766.00
20141120  10:56:00 2444.00 2445.00 2443.00 2443.00 26900.00
20141120  10:57:00 2443.00 2445.00 2443.00 2445.00 20232.00
20141120  10:58:00 2444.00 2445.00 2444.00 2445.00 4818.00
20141120  10:59:00 2445.00 2447.00 2444.00 2447.00 25886.00
20141120  11:00:00 2447.00 2447.00 2445.00 2446.00 16466.00
20141120  11:01:00 2447.00 2447.00 2446.00 2447.00 1634.00
20141120  11:02:00 2447.00 2447.00 2446.00 2447.00 6422.00
20141120  11:03:00 2446.00 2447.00 2446.00 2446.00 14632.00
20141120  11:04:00 2446.00 2447.00 2446.00 2447.00 1938.00
20141120  11:05:00 2446.00 2447.00 2445.00 2445.00 12902.00
20141120  11:06:00 2445.00 2446.00 2444.00 2444.00 25664.00
20141120  11:07:00 2444.00 2446.00 2444.00 2445.00 19238.00
20141120  11:08:00 2445.00 2447.00 2445.00 2446.00 12620.00
20141120  11:09:00 2446.00 2447.00 2446.00 2447.00 4094.00
20141120  11:10:00 2447.00 2447.00 2445.00 2446.00 8532.00
20141120  11:11:00 2446.00 2446.00 2445.00 2446.00 2634.00
20141120  11:12:00 2446.00 2446.00 2445.00 2446.00 1228.00
20141120  11:13:00 2446.00 2446.00 2445.00 2446.00 3152.00
20141120  11:14:00 2446.00 2446.00 2441.00 2442.00 47382.00
20141120  11:15:00 2441.00 2444.00 2441.00 2443.00 36038.00
20141120  11:16:00 2442.00 2443.00 2441.00 2442.00 15634.00
20141120  11:17:00 2442.00 2444.00 2442.00 2444.00 10820.00
20141120  11:18:00 2444.00 2445.00 2443.00 2444.00 16048.00
20141120  11:19:00 2444.00 2444.00 2443.00 2444.00 14052.00
20141120  11:20:00 2444.00 2446.00 2443.00 2445.00 20118.00
20141120  11:21:00 2446.00 2446.00 2444.00 2444.00 20638.00
20141120  11:22:00 2444.00 2445.00 2444.00 2445.00 886.00
20141120  11:23:00 2445.00 2445.00 2443.00 2444.00 8952.00
20141120  11:24:00 2444.00 2445.00 2443.00 2445.00 9656.00
20141120  11:25:00 2445.00 2445.00 2444.00 2445.00 666.00
20141120  11:26:00 2445.00 2445.00 2443.00 2443.00 6674.00
20141120  11:27:00 2443.00 2444.00 2443.00 2443.00 2446.00
20141120  11:28:00 2444.00 2445.00 2444.00 2445.00 8684.00
20141120  11:29:00 2444.00 2445.00 2444.00 2444.00 10134.00
20141120  13:30:00 2444.00 2446.00 2444.00 2446.00 28334.00
20141120  13:31:00 2446.00 2446.00 2444.00 2445.00 9218.00
20141120  13:32:00 2445.00 2445.00 2443.00 2445.00 13894.00
20141120  13:33:00 2445.00 2445.00 2444.00 2444.00 4256.00
20141120  13:34:00 2445.00 2446.00 2444.00 2445.00 14298.00
20141120  13:35:00 2445.00 2447.00 2445.00 2446.00 10720.00
20141120  13:36:00 2447.00 2447.00 2445.00 2446.00 10870.00
20141120  13:37:00 2446.00 2446.00 2445.00 2446.00 2462.00
20141120  13:38:00 2446.00 2446.00 2444.00 2445.00 15076.00
20141120  13:39:00 2445.00 2446.00 2445.00 2446.00 1960.00
20141120  13:40:00 2446.00 2446.00 2445.00 2446.00 1500.00
20141120  13:41:00 2445.00 2447.00 2445.00 2446.00 8122.00
20141120  13:42:00 2447.00 2447.00 2445.00 2445.00 7448.00
20141120  13:43:00 2445.00 2445.00 2443.00 2443.00 32056.00
20141120  13:44:00 2444.00 2444.00 2440.00 2441.00 56368.00
20141120  13:45:00 2440.00 2442.00 2439.00 2439.00 46732.00
20141120  13:46:00 2440.00 2440.00 2438.00 2439.00 39810.00
20141120  13:47:00 2438.00 2439.00 2437.00 2438.00 49462.00
20141120  13:48:00 2438.00 2439.00 2437.00 2438.00 28422.00
20141120  13:49:00 2438.00 2440.00 2437.00 2439.00 29332.00
20141120  13:50:00 2439.00 2440.00 2437.00 2437.00 20482.00
20141120  13:51:00 2437.00 2440.00 2437.00 2439.00 25348.00
20141120  13:52:00 2440.00 2441.00 2439.00 2441.00 16926.00
20141120  13:53:00 2441.00 2441.00 2439.00 2441.00 17370.00
20141120  13:54:00 2441.00 2441.00 2440.00 2441.00 8682.00
20141120  13:55:00 2440.00 2442.00 2440.00 2442.00 14144.00
20141120  13:56:00 2442.00 2442.00 2441.00 2442.00 3876.00
20141120  13:57:00 2441.00 2442.00 2440.00 2442.00 24312.00
20141120  13:58:00 2442.00 2442.00 2440.00 2441.00 26572.00
20141120  13:59:00 2441.00 2442.00 2440.00 2442.00 12754.00
20141120  14:00:00 2442.00 2445.00 2441.00 2445.00 36240.00
20141120  14:01:00 2445.00 2448.00 2444.00 2448.00 53456.00
20141120  14:02:00 2448.00 2448.00 2445.00 2447.00 69324.00
20141120  14:03:00 2447.00 2448.00 2447.00 2447.00 31008.00
20141120  14:04:00 2447.00 2448.00 2446.00 2446.00 19228.00
20141120  14:05:00 2446.00 2447.00 2444.00 2444.00 44448.00
20141120  14:06:00 2444.00 2445.00 2443.00 2444.00 28486.00
20141120  14:07:00 2444.00 2446.00 2444.00 2446.00 22668.00
20141120  14:08:00 2446.00 2446.00 2444.00 2445.00 7226.00
20141120  14:09:00 2444.00 2448.00 2444.00 2447.00 31802.00
20141120  14:10:00 2448.00 2448.00 2446.00 2446.00 12752.00
20141120  14:11:00 2446.00 2447.00 2445.00 2447.00 14758.00
20141120  14:12:00 2446.00 2447.00 2445.00 2446.00 9420.00
20141120  14:13:00 2446.00 2448.00 2445.00 2448.00 18900.00
20141120  14:14:00 2448.00 2448.00 2445.00 2445.00 13030.00
20141120  14:15:00 2446.00 2446.00 2444.00 2444.00 19354.00
20141120  14:16:00 2444.00 2445.00 2444.00 2444.00 16186.00
20141120  14:17:00 2445.00 2446.00 2444.00 2446.00 10924.00
20141120  14:18:00 2446.00 2447.00 2445.00 2446.00 7472.00
20141120  14:19:00 2446.00 2446.00 2445.00 2445.00 11676.00
20141120  14:20:00 2445.00 2445.00 2443.00 2444.00 20754.00
20141120  14:21:00 2444.00 2445.00 2443.00 2443.00 17450.00
20141120  14:22:00 2443.00 2444.00 2443.00 2444.00 6420.00
20141120  14:23:00 2444.00 2444.00 2443.00 2444.00 2818.00
20141120  14:24:00 2444.00 2444.00 2443.00 2443.00 2756.00
20141120  14:25:00 2443.00 2445.00 2443.00 2445.00 29584.00
20141120  14:26:00 2445.00 2445.00 2443.00 2444.00 10906.00
20141120  14:27:00 2444.00 2445.00 2443.00 2444.00 9174.00
20141120  14:28:00 2444.00 2445.00 2444.00 2444.00 1430.00
20141120  14:29:00 2444.00 2446.00 2444.00 2446.00 8580.00
20141120  14:30:00 2446.00 2446.00 2444.00 2444.00 6672.00
20141120  14:31:00 2444.00 2444.00 2443.00 2443.00 13046.00
20141120  14:32:00 2443.00 2443.00 2441.00 2442.00 32464.00
20141120  14:33:00 2442.00 2442.00 2440.00 2441.00 21334.00
20141120  14:34:00 2442.00 2442.00 2441.00 2442.00 3500.00
20141120  14:35:00 2442.00 2442.00 2440.00 2441.00 20430.00
20141120  14:36:00 2441.00 2442.00 2440.00 2442.00 20808.00
20141120  14:37:00 2442.00 2442.00 2441.00 2442.00 2658.00
20141120  14:38:00 2441.00 2442.00 2441.00 2441.00 816.00
20141120  14:39:00 2441.00 2443.00 2441.00 2443.00 8698.00
20141120  14:40:00 2443.00 2443.00 2442.00 2443.00 19146.00
20141120  14:41:00 2443.00 2444.00 2442.00 2444.00 21274.00
20141120  14:42:00 2444.00 2444.00 2443.00 2444.00 16336.00
20141120  14:43:00 2444.00 2445.00 2443.00 2444.00 18196.00
20141120  14:44:00 2444.00 2445.00 2443.00 2444.00 7206.00
20141120  14:45:00 2443.00 2444.00 2442.00 2442.00 7040.00
20141120  14:46:00 2442.00 2443.00 2442.00 2443.00 7074.00
20141120  14:47:00 2443.00 2445.00 2442.00 2445.00 18402.00
20141120  14:48:00 2445.00 2445.00 2444.00 2444.00 23308.00
20141120  14:49:00 2445.00 2445.00 2444.00 2445.00 1362.00
20141120  14:50:00 2445.00 2445.00 2443.00 2444.00 15710.00
20141120  14:51:00 2444.00 2445.00 2443.00 2444.00 6576.00
20141120  14:52:00 2444.00 2444.00 2442.00 2442.00 17256.00
20141120  14:53:00 2443.00 2443.00 2442.00 2442.00 22350.00
20141120  14:54:00 2443.00 2443.00 2442.00 2442.00 2858.00
20141120  14:55:00 2443.00 2443.00 2442.00 2443.00 6834.00
20141120  14:56:00 2442.00 2443.00 2441.00 2442.00 21484.00
20141120  14:57:00 2442.00 2442.00 2440.00 2440.00 27592.00
20141120  14:58:00 2441.00 2441.00 2440.00 2441.00 52944.00
20141120  14:59:00 2441.00 2441.00 2438.00 2439.00 65850.00
20141120  15:00:00 2439.00 2439.00 2439.00 2439.00 1302.00
