20141117  09:00:00 2529.00 2532.00 2527.00 2528.00 70378.00
20141117  09:01:00 2528.00 2530.00 2526.00 2527.00 39898.00
20141117  09:02:00 2528.00 2531.00 2527.00 2530.00 26690.00
20141117  09:03:00 2530.00 2531.00 2528.00 2530.00 14150.00
20141117  09:04:00 2529.00 2531.00 2529.00 2531.00 21704.00
20141117  09:05:00 2530.00 2532.00 2527.00 2528.00 43074.00
20141117  09:06:00 2528.00 2528.00 2524.00 2527.00 44932.00
20141117  09:07:00 2526.00 2529.00 2526.00 2529.00 19828.00
20141117  09:08:00 2529.00 2530.00 2527.00 2530.00 23878.00
20141117  09:09:00 2529.00 2531.00 2526.00 2527.00 42544.00
20141117  09:10:00 2527.00 2529.00 2527.00 2528.00 14444.00
20141117  09:11:00 2528.00 2528.00 2525.00 2526.00 23142.00
20141117  09:12:00 2525.00 2528.00 2525.00 2527.00 19922.00
20141117  09:13:00 2528.00 2528.00 2527.00 2527.00 8902.00
20141117  09:14:00 2528.00 2528.00 2527.00 2528.00 4758.00
20141117  09:15:00 2528.00 2529.00 2527.00 2529.00 11120.00
20141117  09:16:00 2529.00 2533.00 2528.00 2533.00 67758.00
20141117  09:17:00 2533.00 2535.00 2532.00 2533.00 64914.00
20141117  09:18:00 2533.00 2535.00 2533.00 2533.00 48614.00
20141117  09:19:00 2532.00 2533.00 2531.00 2532.00 27396.00
20141117  09:20:00 2532.00 2533.00 2530.00 2530.00 28974.00
20141117  09:21:00 2530.00 2532.00 2529.00 2529.00 35190.00
20141117  09:22:00 2529.00 2531.00 2528.00 2531.00 32694.00
20141117  09:23:00 2531.00 2531.00 2529.00 2529.00 12256.00
20141117  09:24:00 2529.00 2530.00 2528.00 2528.00 14410.00
20141117  09:25:00 2528.00 2532.00 2528.00 2531.00 33880.00
20141117  09:26:00 2531.00 2532.00 2528.00 2529.00 15750.00
20141117  09:27:00 2529.00 2529.00 2526.00 2527.00 42090.00
20141117  09:28:00 2527.00 2527.00 2525.00 2526.00 26258.00
20141117  09:29:00 2526.00 2527.00 2525.00 2526.00 15620.00
20141117  09:30:00 2526.00 2527.00 2526.00 2526.00 15022.00
20141117  09:31:00 2526.00 2526.00 2524.00 2524.00 36456.00
20141117  09:32:00 2525.00 2527.00 2524.00 2526.00 12040.00
20141117  09:33:00 2526.00 2527.00 2525.00 2526.00 6146.00
20141117  09:34:00 2525.00 2527.00 2525.00 2526.00 11570.00
20141117  09:35:00 2526.00 2527.00 2525.00 2527.00 7148.00
20141117  09:36:00 2527.00 2527.00 2526.00 2526.00 3876.00
20141117  09:37:00 2526.00 2527.00 2526.00 2527.00 1058.00
20141117  09:38:00 2526.00 2526.00 2524.00 2524.00 27132.00
20141117  09:39:00 2524.00 2526.00 2524.00 2526.00 12410.00
20141117  09:40:00 2525.00 2527.00 2525.00 2526.00 13952.00
20141117  09:41:00 2526.00 2527.00 2526.00 2526.00 1854.00
20141117  09:42:00 2526.00 2527.00 2524.00 2524.00 12720.00
20141117  09:43:00 2524.00 2524.00 2523.00 2523.00 37706.00
20141117  09:44:00 2523.00 2524.00 2522.00 2522.00 22142.00
20141117  09:45:00 2522.00 2524.00 2521.00 2524.00 42250.00
20141117  09:46:00 2524.00 2524.00 2522.00 2523.00 20270.00
20141117  09:47:00 2523.00 2523.00 2520.00 2520.00 24638.00
20141117  09:48:00 2521.00 2522.00 2520.00 2521.00 32614.00
20141117  09:49:00 2521.00 2521.00 2518.00 2518.00 53796.00
20141117  09:50:00 2518.00 2520.00 2518.00 2520.00 28390.00
20141117  09:51:00 2520.00 2520.00 2519.00 2520.00 17100.00
20141117  09:52:00 2520.00 2521.00 2519.00 2519.00 17826.00
20141117  09:53:00 2519.00 2521.00 2519.00 2520.00 11414.00
20141117  09:54:00 2520.00 2521.00 2520.00 2521.00 5220.00
20141117  09:55:00 2521.00 2522.00 2520.00 2521.00 13462.00
20141117  09:56:00 2521.00 2521.00 2520.00 2520.00 3378.00
20141117  09:57:00 2520.00 2522.00 2520.00 2521.00 7602.00
20141117  09:58:00 2522.00 2522.00 2521.00 2521.00 2964.00
20141117  09:59:00 2521.00 2522.00 2521.00 2521.00 2136.00
20141117  10:00:00 2521.00 2522.00 2520.00 2520.00 9540.00
20141117  10:01:00 2520.00 2521.00 2520.00 2521.00 2992.00
20141117  10:02:00 2521.00 2521.00 2520.00 2521.00 5530.00
20141117  10:03:00 2521.00 2522.00 2520.00 2522.00 10928.00
20141117  10:04:00 2522.00 2523.00 2521.00 2522.00 21792.00
20141117  10:05:00 2521.00 2522.00 2520.00 2520.00 21290.00
20141117  10:06:00 2520.00 2521.00 2518.00 2518.00 59214.00
20141117  10:07:00 2519.00 2520.00 2519.00 2519.00 7544.00
20141117  10:08:00 2520.00 2520.00 2516.00 2517.00 40506.00
20141117  10:09:00 2517.00 2517.00 2514.00 2516.00 82986.00
20141117  10:10:00 2516.00 2518.00 2515.00 2517.00 20170.00
20141117  10:11:00 2517.00 2517.00 2515.00 2516.00 13216.00
20141117  10:12:00 2516.00 2516.00 2512.00 2514.00 67530.00
20141117  10:13:00 2514.00 2515.00 2513.00 2515.00 17542.00
20141117  10:14:00 2514.00 2516.00 2514.00 2515.00 22774.00
20141117  10:30:00 2514.00 2515.00 2513.00 2513.00 18902.00
20141117  10:31:00 2513.00 2515.00 2512.00 2515.00 22628.00
20141117  10:32:00 2514.00 2516.00 2514.00 2514.00 12548.00
20141117  10:33:00 2514.00 2516.00 2513.00 2515.00 15270.00
20141117  10:34:00 2515.00 2516.00 2515.00 2516.00 4392.00
20141117  10:35:00 2516.00 2516.00 2515.00 2515.00 6646.00
20141117  10:36:00 2516.00 2516.00 2515.00 2515.00 6428.00
20141117  10:37:00 2516.00 2517.00 2515.00 2517.00 10296.00
20141117  10:38:00 2517.00 2517.00 2515.00 2516.00 16548.00
20141117  10:39:00 2516.00 2517.00 2516.00 2517.00 16222.00
20141117  10:40:00 2517.00 2518.00 2517.00 2517.00 14086.00
20141117  10:41:00 2518.00 2518.00 2517.00 2517.00 3868.00
20141117  10:42:00 2518.00 2518.00 2516.00 2517.00 8428.00
20141117  10:43:00 2516.00 2518.00 2516.00 2517.00 9502.00
20141117  10:44:00 2517.00 2519.00 2517.00 2518.00 16922.00
20141117  10:45:00 2519.00 2520.00 2518.00 2519.00 14682.00
20141117  10:46:00 2519.00 2520.00 2518.00 2518.00 13636.00
20141117  10:47:00 2518.00 2519.00 2518.00 2518.00 2210.00
20141117  10:48:00 2518.00 2519.00 2518.00 2519.00 2612.00
20141117  10:49:00 2519.00 2519.00 2516.00 2517.00 23832.00
20141117  10:50:00 2517.00 2518.00 2516.00 2517.00 9796.00
20141117  10:51:00 2517.00 2518.00 2517.00 2518.00 1696.00
20141117  10:52:00 2518.00 2518.00 2517.00 2517.00 3124.00
20141117  10:53:00 2517.00 2518.00 2517.00 2518.00 9366.00
20141117  10:54:00 2518.00 2518.00 2517.00 2518.00 4620.00
20141117  10:55:00 2518.00 2518.00 2517.00 2517.00 11858.00
20141117  10:56:00 2517.00 2519.00 2517.00 2519.00 12322.00
20141117  10:57:00 2519.00 2519.00 2516.00 2516.00 16266.00
20141117  10:58:00 2516.00 2517.00 2516.00 2516.00 1054.00
20141117  10:59:00 2516.00 2517.00 2516.00 2516.00 932.00
20141117  11:00:00 2516.00 2516.00 2514.00 2514.00 43552.00
20141117  11:01:00 2514.00 2516.00 2514.00 2516.00 12496.00
20141117  11:02:00 2515.00 2516.00 2514.00 2515.00 10612.00
20141117  11:03:00 2516.00 2516.00 2514.00 2514.00 4432.00
20141117  11:04:00 2515.00 2516.00 2514.00 2516.00 5504.00
20141117  11:05:00 2516.00 2516.00 2514.00 2516.00 11838.00
20141117  11:06:00 2515.00 2516.00 2515.00 2516.00 670.00
20141117  11:07:00 2515.00 2517.00 2515.00 2517.00 10552.00
20141117  11:08:00 2517.00 2517.00 2516.00 2517.00 728.00
20141117  11:09:00 2517.00 2517.00 2515.00 2515.00 6848.00
20141117  11:10:00 2515.00 2516.00 2514.00 2516.00 9458.00
20141117  11:11:00 2516.00 2516.00 2515.00 2515.00 1210.00
20141117  11:12:00 2516.00 2516.00 2514.00 2515.00 11752.00
20141117  11:13:00 2515.00 2515.00 2510.00 2513.00 71528.00
20141117  11:14:00 2513.00 2513.00 2509.00 2509.00 35236.00
20141117  11:15:00 2510.00 2512.00 2508.00 2510.00 70410.00
20141117  11:16:00 2510.00 2512.00 2510.00 2511.00 16474.00
20141117  11:17:00 2512.00 2513.00 2511.00 2512.00 14662.00
20141117  11:18:00 2511.00 2514.00 2511.00 2514.00 33442.00
20141117  11:19:00 2515.00 2515.00 2514.00 2514.00 35154.00
20141117  11:20:00 2514.00 2517.00 2514.00 2517.00 27862.00
20141117  11:21:00 2517.00 2517.00 2515.00 2515.00 26280.00
20141117  11:22:00 2515.00 2516.00 2515.00 2515.00 15972.00
20141117  11:23:00 2516.00 2516.00 2514.00 2514.00 10090.00
20141117  11:24:00 2514.00 2516.00 2514.00 2516.00 12568.00
20141117  11:25:00 2516.00 2516.00 2515.00 2515.00 9534.00
20141117  11:26:00 2515.00 2516.00 2515.00 2516.00 648.00
20141117  11:27:00 2516.00 2518.00 2515.00 2518.00 24740.00
20141117  11:28:00 2518.00 2518.00 2516.00 2517.00 16016.00
20141117  11:29:00 2516.00 2518.00 2516.00 2516.00 15070.00
20141117  13:30:00 2517.00 2518.00 2515.00 2518.00 55152.00
20141117  13:31:00 2518.00 2520.00 2518.00 2519.00 37890.00
20141117  13:32:00 2519.00 2520.00 2517.00 2519.00 32082.00
20141117  13:33:00 2518.00 2519.00 2517.00 2519.00 10990.00
20141117  13:34:00 2519.00 2519.00 2518.00 2519.00 8472.00
20141117  13:35:00 2518.00 2519.00 2518.00 2519.00 5054.00
20141117  13:36:00 2518.00 2520.00 2517.00 2518.00 20574.00
20141117  13:37:00 2517.00 2518.00 2517.00 2517.00 1572.00
20141117  13:38:00 2518.00 2519.00 2517.00 2517.00 10972.00
20141117  13:39:00 2518.00 2518.00 2516.00 2518.00 26608.00
20141117  13:40:00 2518.00 2518.00 2516.00 2516.00 9410.00
20141117  13:41:00 2517.00 2517.00 2515.00 2517.00 21346.00
20141117  13:42:00 2517.00 2517.00 2516.00 2517.00 13302.00
20141117  13:43:00 2516.00 2517.00 2516.00 2517.00 5528.00
20141117  13:44:00 2517.00 2517.00 2516.00 2517.00 1906.00
20141117  13:45:00 2516.00 2517.00 2515.00 2516.00 26348.00
20141117  13:46:00 2517.00 2518.00 2516.00 2518.00 7522.00
20141117  13:47:00 2518.00 2518.00 2517.00 2518.00 1294.00
20141117  13:48:00 2518.00 2519.00 2517.00 2519.00 18958.00
20141117  13:49:00 2519.00 2519.00 2517.00 2518.00 16044.00
20141117  13:50:00 2518.00 2519.00 2518.00 2518.00 5612.00
20141117  13:51:00 2518.00 2519.00 2517.00 2517.00 8850.00
20141117  13:52:00 2517.00 2518.00 2515.00 2515.00 20860.00
20141117  13:53:00 2515.00 2516.00 2515.00 2516.00 2656.00
20141117  13:54:00 2515.00 2517.00 2515.00 2515.00 14512.00
20141117  13:55:00 2516.00 2516.00 2513.00 2515.00 36938.00
20141117  13:56:00 2515.00 2516.00 2514.00 2516.00 7014.00
20141117  13:57:00 2516.00 2517.00 2515.00 2516.00 20944.00
20141117  13:58:00 2516.00 2517.00 2516.00 2516.00 576.00
20141117  13:59:00 2516.00 2517.00 2515.00 2515.00 5380.00
20141117  14:00:00 2515.00 2516.00 2515.00 2515.00 8430.00
20141117  14:01:00 2515.00 2516.00 2515.00 2515.00 2152.00
20141117  14:02:00 2515.00 2516.00 2515.00 2515.00 2576.00
20141117  14:03:00 2515.00 2516.00 2513.00 2513.00 17262.00
20141117  14:04:00 2513.00 2516.00 2513.00 2515.00 26964.00
20141117  14:05:00 2515.00 2516.00 2514.00 2515.00 11054.00
20141117  14:06:00 2515.00 2516.00 2514.00 2515.00 5170.00
20141117  14:07:00 2515.00 2516.00 2515.00 2515.00 1702.00
20141117  14:08:00 2517.00 2520.00 2517.00 2518.00 59712.00
20141117  14:09:00 2518.00 2519.00 2517.00 2517.00 13418.00
20141117  14:10:00 2518.00 2519.00 2516.00 2518.00 13590.00
20141117  14:11:00 2517.00 2518.00 2517.00 2518.00 1636.00
20141117  14:12:00 2518.00 2518.00 2516.00 2517.00 3590.00
20141117  14:13:00 2517.00 2517.00 2515.00 2516.00 11452.00
20141117  14:14:00 2515.00 2516.00 2515.00 2516.00 1960.00
20141117  14:15:00 2516.00 2517.00 2515.00 2516.00 6096.00
20141117  14:16:00 2516.00 2516.00 2514.00 2514.00 27810.00
20141117  14:17:00 2514.00 2515.00 2514.00 2515.00 4534.00
20141117  14:18:00 2515.00 2516.00 2514.00 2516.00 8588.00
20141117  14:19:00 2516.00 2516.00 2515.00 2515.00 12032.00
20141117  14:20:00 2515.00 2516.00 2515.00 2516.00 6582.00
20141117  14:21:00 2516.00 2516.00 2515.00 2516.00 686.00
20141117  14:22:00 2516.00 2516.00 2515.00 2515.00 2254.00
20141117  14:23:00 2515.00 2516.00 2514.00 2515.00 11542.00
20141117  14:24:00 2515.00 2515.00 2513.00 2514.00 16354.00
20141117  14:25:00 2514.00 2514.00 2513.00 2514.00 5078.00
20141117  14:26:00 2513.00 2514.00 2512.00 2512.00 27738.00
20141117  14:27:00 2513.00 2514.00 2512.00 2514.00 11164.00
20141117  14:28:00 2513.00 2514.00 2512.00 2512.00 5212.00
20141117  14:29:00 2512.00 2514.00 2512.00 2514.00 4510.00
20141117  14:30:00 2514.00 2514.00 2512.00 2512.00 18404.00
20141117  14:31:00 2512.00 2513.00 2512.00 2512.00 3958.00
20141117  14:32:00 2512.00 2513.00 2511.00 2512.00 13962.00
20141117  14:33:00 2513.00 2513.00 2512.00 2513.00 16202.00
20141117  14:34:00 2513.00 2514.00 2512.00 2513.00 14944.00
20141117  14:35:00 2512.00 2514.00 2512.00 2513.00 11316.00
20141117  14:36:00 2513.00 2513.00 2512.00 2513.00 6662.00
20141117  14:37:00 2513.00 2514.00 2512.00 2513.00 5152.00
20141117  14:38:00 2514.00 2514.00 2513.00 2513.00 1710.00
20141117  14:39:00 2513.00 2513.00 2511.00 2511.00 18868.00
20141117  14:40:00 2512.00 2513.00 2511.00 2513.00 7722.00
20141117  14:41:00 2512.00 2514.00 2512.00 2514.00 22970.00
20141117  14:42:00 2514.00 2514.00 2511.00 2512.00 15428.00
20141117  14:43:00 2512.00 2513.00 2511.00 2513.00 7460.00
20141117  14:44:00 2513.00 2513.00 2510.00 2510.00 30242.00
20141117  14:45:00 2509.00 2514.00 2509.00 2513.00 45124.00
20141117  14:46:00 2513.00 2519.00 2513.00 2516.00 104942.00
20141117  14:47:00 2516.00 2517.00 2513.00 2515.00 50106.00
20141117  14:48:00 2515.00 2515.00 2512.00 2513.00 19996.00
20141117  14:49:00 2513.00 2516.00 2513.00 2515.00 26622.00
20141117  14:50:00 2515.00 2516.00 2514.00 2515.00 16470.00
20141117  14:51:00 2515.00 2515.00 2514.00 2514.00 19046.00
20141117  14:52:00 2514.00 2516.00 2514.00 2514.00 23556.00
20141117  14:53:00 2514.00 2515.00 2513.00 2515.00 23840.00
20141117  14:54:00 2514.00 2515.00 2514.00 2515.00 24208.00
20141117  14:55:00 2515.00 2515.00 2514.00 2515.00 19892.00
20141117  14:56:00 2515.00 2516.00 2514.00 2515.00 58756.00
20141117  14:57:00 2515.00 2518.00 2515.00 2518.00 49916.00
20141117  14:58:00 2517.00 2518.00 2516.00 2517.00 55338.00
20141117  14:59:00 2517.00 2517.00 2513.00 2514.00 76040.00
20141117  15:00:00 2514.00 2514.00 2514.00 2514.00  94.00
