20141121  15:00:00 2448.00 2448.00 2448.00 2448.00  54.00
20141121  14:59:00 2448.00 2449.00 2447.00 2449.00 58976.00
20141121  14:58:00 2449.00 2450.00 2448.00 2449.00 69380.00
20141121  14:57:00 2453.00 2453.00 2448.00 2448.00 64358.00
20141121  14:56:00 2454.00 2455.00 2452.00 2452.00 49984.00
20141121  14:55:00 2458.00 2458.00 2453.00 2453.00 47658.00
20141121  14:54:00 2454.00 2458.00 2454.00 2458.00 46324.00
20141121  14:53:00 2458.00 2459.00 2455.00 2455.00 84130.00
20141121  14:52:00 2455.00 2459.00 2455.00 2459.00 86040.00
20141121  14:51:00 2456.00 2456.00 2453.00 2455.00 60862.00
20141121  14:50:00 2451.00 2456.00 2451.00 2455.00 90644.00
20141121  14:49:00 2450.00 2452.00 2450.00 2452.00 32060.00
20141121  14:48:00 2450.00 2450.00 2449.00 2450.00 11342.00
20141121  14:47:00 2451.00 2451.00 2449.00 2450.00 11012.00
20141121  14:46:00 2449.00 2451.00 2448.00 2451.00 16206.00
20141121  14:45:00 2448.00 2449.00 2447.00 2449.00 27196.00
20141121  14:44:00 2449.00 2450.00 2447.00 2447.00 28702.00
20141121  14:43:00 2450.00 2450.00 2449.00 2449.00 15738.00
20141121  14:42:00 2450.00 2451.00 2449.00 2450.00 16344.00
20141121  14:41:00 2450.00 2450.00 2448.00 2450.00 21684.00
20141121  14:40:00 2453.00 2453.00 2450.00 2450.00 26700.00
20141121  14:39:00 2449.00 2453.00 2449.00 2453.00 27150.00
20141121  14:38:00 2452.00 2452.00 2449.00 2449.00 23986.00
20141121  14:37:00 2449.00 2452.00 2449.00 2452.00 32672.00
20141121  14:36:00 2449.00 2451.00 2448.00 2450.00 43068.00
20141121  14:35:00 2445.00 2449.00 2445.00 2449.00 37150.00
20141121  14:34:00 2446.00 2446.00 2445.00 2445.00 9698.00
20141121  14:33:00 2445.00 2446.00 2445.00 2446.00 11024.00
20141121  14:32:00 2446.00 2446.00 2445.00 2445.00 7398.00
20141121  14:31:00 2447.00 2447.00 2445.00 2445.00 11754.00
20141121  14:30:00 2447.00 2447.00 2446.00 2446.00 8122.00
20141121  14:29:00 2447.00 2447.00 2446.00 2447.00 7138.00
20141121  14:28:00 2445.00 2447.00 2444.00 2447.00 20738.00
20141121  14:27:00 2445.00 2446.00 2444.00 2445.00 23200.00
20141121  14:26:00 2447.00 2447.00 2444.00 2444.00 37888.00
20141121  14:25:00 2445.00 2447.00 2445.00 2447.00 18360.00
20141121  14:24:00 2446.00 2447.00 2445.00 2445.00 58582.00
20141121  14:23:00 2448.00 2449.00 2446.00 2447.00 47082.00
20141121  14:22:00 2448.00 2449.00 2448.00 2449.00 5304.00
20141121  14:21:00 2447.00 2449.00 2447.00 2448.00 20420.00
20141121  14:20:00 2449.00 2450.00 2447.00 2447.00 23368.00
20141121  14:19:00 2449.00 2449.00 2447.00 2449.00 49856.00
20141121  14:18:00 2452.00 2453.00 2449.00 2450.00 37894.00
20141121  14:17:00 2451.00 2452.00 2450.00 2452.00 37758.00
20141121  14:16:00 2453.00 2454.00 2451.00 2451.00 31558.00
20141121  14:15:00 2454.00 2456.00 2452.00 2453.00 93186.00
20141121  14:14:00 2453.00 2454.00 2451.00 2453.00 57320.00
20141121  14:13:00 2448.00 2455.00 2448.00 2454.00 97334.00
20141121  14:12:00 2445.00 2450.00 2445.00 2449.00 95032.00
20141121  14:11:00 2445.00 2446.00 2445.00 2446.00 12556.00
20141121  14:10:00 2444.00 2446.00 2443.00 2445.00 28764.00
20141121  14:09:00 2444.00 2445.00 2443.00 2444.00 14256.00
20141121  14:08:00 2444.00 2445.00 2443.00 2445.00 27710.00
20141121  14:07:00 2446.00 2446.00 2444.00 2445.00 23818.00
20141121  14:06:00 2444.00 2447.00 2444.00 2447.00 55558.00
20141121  14:05:00 2442.00 2445.00 2442.00 2444.00 29120.00
20141121  14:04:00 2445.00 2445.00 2442.00 2442.00 17264.00
20141121  14:03:00 2442.00 2445.00 2441.00 2444.00 22228.00
20141121  14:02:00 2443.00 2444.00 2441.00 2442.00 33722.00
20141121  14:01:00 2444.00 2446.00 2443.00 2443.00 53996.00
20141121  14:00:00 2441.00 2444.00 2441.00 2444.00 34564.00
20141121  13:59:00 2441.00 2442.00 2440.00 2440.00 16042.00
20141121  13:58:00 2440.00 2442.00 2440.00 2442.00 29154.00
20141121  13:57:00 2441.00 2442.00 2440.00 2440.00 23042.00
20141121  13:56:00 2443.00 2443.00 2440.00 2441.00 45564.00
20141121  13:55:00 2443.00 2446.00 2442.00 2443.00 89258.00
20141121  13:54:00 2442.00 2443.00 2441.00 2443.00 55656.00
20141121  13:53:00 2443.00 2444.00 2441.00 2441.00 55698.00
20141121  13:52:00 2441.00 2445.00 2439.00 2444.00 120806.00
20141121  13:51:00 2435.00 2442.00 2435.00 2441.00 110728.00
20141121  13:50:00 2436.00 2437.00 2434.00 2435.00 52836.00
20141121  13:49:00 2433.00 2436.00 2433.00 2436.00 39688.00
20141121  13:48:00 2434.00 2434.00 2433.00 2434.00 3504.00
20141121  13:47:00 2434.00 2434.00 2432.00 2433.00 29998.00
20141121  13:46:00 2432.00 2434.00 2431.00 2434.00 35744.00
20141121  13:45:00 2432.00 2432.00 2431.00 2432.00 8254.00
20141121  13:44:00 2430.00 2432.00 2430.00 2432.00 11106.00
20141121  13:43:00 2430.00 2431.00 2430.00 2430.00 1564.00
20141121  13:42:00 2430.00 2431.00 2430.00 2430.00 16882.00
20141121  13:41:00 2432.00 2432.00 2430.00 2430.00 10518.00
20141121  13:40:00 2431.00 2432.00 2430.00 2431.00 25378.00
20141121  13:39:00 2433.00 2433.00 2431.00 2432.00 22048.00
20141121  13:38:00 2432.00 2433.00 2431.00 2432.00 16462.00
20141121  13:37:00 2432.00 2432.00 2430.00 2432.00 18428.00
20141121  13:36:00 2432.00 2434.00 2431.00 2432.00 43084.00
20141121  13:35:00 2431.00 2432.00 2430.00 2432.00 11230.00
20141121  13:34:00 2431.00 2431.00 2430.00 2430.00 7050.00
20141121  13:33:00 2432.00 2432.00 2429.00 2431.00 29788.00
20141121  13:32:00 2429.00 2432.00 2429.00 2432.00 28288.00
20141121  13:31:00 2428.00 2430.00 2428.00 2429.00 22618.00
20141121  13:30:00 2428.00 2430.00 2427.00 2429.00 22434.00
20141121  11:29:00 2428.00 2428.00 2427.00 2427.00 12966.00
20141121  11:28:00 2427.00 2428.00 2427.00 2428.00 14276.00
20141121  11:27:00 2428.00 2429.00 2427.00 2427.00 15638.00
20141121  11:26:00 2429.00 2429.00 2428.00 2428.00 14892.00
20141121  11:25:00 2428.00 2429.00 2427.00 2429.00 29592.00
20141121  11:24:00 2429.00 2429.00 2427.00 2428.00 19172.00
20141121  11:23:00 2428.00 2430.00 2428.00 2429.00 19508.00
20141121  11:22:00 2430.00 2430.00 2428.00 2429.00 19660.00
20141121  11:21:00 2429.00 2431.00 2429.00 2430.00 32004.00
20141121  11:20:00 2431.00 2431.00 2429.00 2430.00 28882.00
20141121  11:19:00 2430.00 2432.00 2430.00 2431.00 10852.00
20141121  11:18:00 2432.00 2432.00 2430.00 2430.00 17210.00
20141121  11:17:00 2431.00 2432.00 2430.00 2431.00 12908.00
20141121  11:16:00 2432.00 2432.00 2429.00 2432.00 41258.00
20141121  11:15:00 2432.00 2432.00 2430.00 2431.00 40742.00
20141121  11:14:00 2436.00 2436.00 2431.00 2431.00 76940.00
20141121  11:13:00 2434.00 2437.00 2433.00 2435.00 83412.00
20141121  11:12:00 2432.00 2434.00 2431.00 2433.00 61286.00
20141121  11:11:00 2432.00 2432.00 2430.00 2432.00 51586.00
20141121  11:10:00 2430.00 2432.00 2429.00 2432.00 33684.00
20141121  11:09:00 2429.00 2431.00 2429.00 2429.00 67680.00
20141121  11:08:00 2426.00 2429.00 2426.00 2429.00 55158.00
20141121  11:07:00 2429.00 2429.00 2426.00 2426.00 32612.00
20141121  11:06:00 2427.00 2429.00 2426.00 2429.00 93442.00
20141121  11:05:00 2426.00 2427.00 2425.00 2426.00 16444.00
20141121  11:04:00 2427.00 2427.00 2425.00 2426.00 28542.00
20141121  11:03:00 2424.00 2426.00 2424.00 2426.00 24436.00
20141121  11:02:00 2425.00 2425.00 2424.00 2424.00 3198.00
20141121  11:01:00 2424.00 2425.00 2424.00 2425.00 1272.00
20141121  11:00:00 2424.00 2425.00 2424.00 2425.00 1886.00
20141121  10:59:00 2424.00 2425.00 2424.00 2424.00 1846.00
20141121  10:58:00 2424.00 2425.00 2424.00 2424.00 1848.00
20141121  10:57:00 2424.00 2425.00 2424.00 2425.00 2866.00
20141121  10:56:00 2424.00 2425.00 2424.00 2424.00 1972.00
20141121  10:55:00 2425.00 2425.00 2424.00 2424.00 1206.00
20141121  10:54:00 2425.00 2426.00 2424.00 2425.00 3392.00
20141121  10:53:00 2425.00 2426.00 2425.00 2425.00 3232.00
20141121  10:52:00 2426.00 2426.00 2424.00 2425.00 10414.00
20141121  10:51:00 2425.00 2426.00 2424.00 2426.00 10800.00
20141121  10:50:00 2425.00 2426.00 2425.00 2426.00 13160.00
20141121  10:49:00 2424.00 2426.00 2424.00 2426.00 19616.00
20141121  10:48:00 2425.00 2425.00 2424.00 2424.00 4632.00
20141121  10:47:00 2423.00 2425.00 2422.00 2424.00 11476.00
20141121  10:46:00 2423.00 2424.00 2422.00 2422.00 12964.00
20141121  10:45:00 2422.00 2423.00 2422.00 2423.00 8362.00
20141121  10:44:00 2424.00 2424.00 2422.00 2422.00 7630.00
20141121  10:43:00 2423.00 2424.00 2423.00 2424.00 4464.00
20141121  10:42:00 2423.00 2424.00 2423.00 2423.00 3768.00
20141121  10:41:00 2423.00 2424.00 2423.00 2424.00 4802.00
20141121  10:40:00 2424.00 2424.00 2422.00 2423.00 14442.00
20141121  10:39:00 2424.00 2424.00 2423.00 2424.00 12078.00
20141121  10:38:00 2425.00 2425.00 2423.00 2423.00 13456.00
20141121  10:37:00 2425.00 2425.00 2423.00 2425.00 17658.00
20141121  10:36:00 2424.00 2425.00 2424.00 2425.00 9008.00
20141121  10:35:00 2424.00 2425.00 2423.00 2424.00 6786.00
20141121  10:34:00 2424.00 2424.00 2423.00 2424.00 4692.00
20141121  10:33:00 2425.00 2425.00 2423.00 2423.00 14652.00
20141121  10:32:00 2424.00 2425.00 2424.00 2425.00 3158.00
20141121  10:31:00 2424.00 2425.00 2424.00 2424.00 5312.00
20141121  10:30:00 2426.00 2426.00 2424.00 2425.00 13540.00
20141121  10:14:00 2426.00 2426.00 2425.00 2425.00 14112.00
20141121  10:13:00 2426.00 2428.00 2425.00 2426.00 35410.00
20141121  10:12:00 2427.00 2427.00 2425.00 2426.00 59712.00
20141121  10:11:00 2424.00 2427.00 2424.00 2426.00 57356.00
20141121  10:10:00 2423.00 2425.00 2423.00 2424.00 22184.00
20141121  10:09:00 2423.00 2424.00 2422.00 2423.00 7518.00
20141121  10:08:00 2423.00 2424.00 2422.00 2423.00 18574.00
20141121  10:07:00 2422.00 2423.00 2421.00 2423.00 26022.00
20141121  10:06:00 2422.00 2422.00 2421.00 2422.00 2464.00
20141121  10:05:00 2422.00 2422.00 2420.00 2422.00 15924.00
20141121  10:04:00 2421.00 2423.00 2421.00 2421.00 22246.00
20141121  10:03:00 2421.00 2422.00 2420.00 2421.00 22526.00
20141121  10:02:00 2422.00 2422.00 2421.00 2421.00 5768.00
20141121  10:01:00 2421.00 2422.00 2421.00 2421.00 2800.00
20141121  10:00:00 2423.00 2423.00 2421.00 2422.00 21226.00
20141121  09:59:00 2424.00 2424.00 2421.00 2422.00 22940.00
20141121  09:58:00 2424.00 2424.00 2423.00 2423.00 30972.00
20141121  09:57:00 2423.00 2424.00 2422.00 2424.00 21446.00
20141121  09:56:00 2422.00 2423.00 2422.00 2422.00 7586.00
20141121  09:55:00 2422.00 2423.00 2421.00 2422.00 16054.00
20141121  09:54:00 2422.00 2423.00 2421.00 2422.00 37434.00
20141121  09:53:00 2425.00 2425.00 2422.00 2422.00 38858.00
20141121  09:52:00 2424.00 2425.00 2424.00 2425.00 1098.00
20141121  09:51:00 2426.00 2426.00 2423.00 2425.00 24834.00
20141121  09:50:00 2425.00 2427.00 2425.00 2426.00 37886.00
20141121  09:49:00 2426.00 2426.00 2425.00 2425.00 2938.00
20141121  09:48:00 2426.00 2426.00 2425.00 2426.00 6038.00
20141121  09:47:00 2427.00 2427.00 2424.00 2426.00 21776.00
20141121  09:46:00 2425.00 2428.00 2424.00 2427.00 42482.00
20141121  09:45:00 2423.00 2425.00 2423.00 2425.00 10294.00
20141121  09:44:00 2424.00 2424.00 2423.00 2423.00 3464.00
20141121  09:43:00 2422.00 2424.00 2422.00 2424.00 17110.00
20141121  09:42:00 2422.00 2423.00 2422.00 2422.00 4210.00
20141121  09:41:00 2423.00 2424.00 2422.00 2422.00 29076.00
20141121  09:40:00 2421.00 2423.00 2421.00 2423.00 17804.00
20141121  09:39:00 2422.00 2423.00 2422.00 2422.00 10934.00
20141121  09:38:00 2423.00 2424.00 2422.00 2422.00 12530.00
20141121  09:37:00 2424.00 2424.00 2423.00 2423.00 19670.00
20141121  09:36:00 2424.00 2424.00 2423.00 2424.00 6006.00
20141121  09:35:00 2425.00 2426.00 2423.00 2424.00 27314.00
20141121  09:34:00 2424.00 2426.00 2423.00 2424.00 32756.00
20141121  09:33:00 2424.00 2425.00 2423.00 2424.00 22566.00
20141121  09:32:00 2423.00 2424.00 2422.00 2424.00 6468.00
20141121  09:31:00 2423.00 2423.00 2422.00 2422.00 6678.00
20141121  09:30:00 2422.00 2423.00 2422.00 2422.00 3974.00
20141121  09:29:00 2423.00 2423.00 2422.00 2422.00 3332.00
20141121  09:28:00 2422.00 2423.00 2422.00 2423.00 3758.00
20141121  09:27:00 2423.00 2424.00 2422.00 2422.00 13966.00
20141121  09:26:00 2422.00 2424.00 2422.00 2424.00 9182.00
20141121  09:25:00 2423.00 2423.00 2421.00 2422.00 32200.00
20141121  09:24:00 2423.00 2423.00 2422.00 2423.00 3714.00
20141121  09:23:00 2422.00 2425.00 2422.00 2422.00 23666.00
20141121  09:22:00 2424.00 2425.00 2422.00 2423.00 26980.00
20141121  09:21:00 2424.00 2424.00 2423.00 2424.00 1812.00
20141121  09:20:00 2425.00 2425.00 2423.00 2424.00 12862.00
20141121  09:19:00 2425.00 2425.00 2424.00 2425.00 19116.00
20141121  09:18:00 2424.00 2425.00 2423.00 2425.00 9636.00
20141121  09:17:00 2423.00 2424.00 2422.00 2424.00 17386.00
20141121  09:16:00 2422.00 2423.00 2422.00 2423.00 8026.00
20141121  09:15:00 2422.00 2423.00 2421.00 2422.00 22006.00
20141121  09:14:00 2425.00 2425.00 2423.00 2423.00 32438.00
20141121  09:13:00 2424.00 2426.00 2423.00 2425.00 19228.00
20141121  09:12:00 2424.00 2425.00 2423.00 2424.00 15046.00
20141121  09:11:00 2423.00 2424.00 2423.00 2424.00 14236.00
20141121  09:10:00 2424.00 2425.00 2422.00 2423.00 29156.00
20141121  09:09:00 2425.00 2425.00 2422.00 2423.00 45422.00
20141121  09:08:00 2424.00 2425.00 2423.00 2425.00 23480.00
20141121  09:07:00 2427.00 2428.00 2422.00 2424.00 56030.00
20141121  09:06:00 2426.00 2427.00 2425.00 2426.00 26144.00
20141121  09:05:00 2424.00 2427.00 2423.00 2426.00 66954.00
20141121  09:04:00 2419.00 2424.00 2418.00 2423.00 54604.00
20141121  09:03:00 2423.00 2424.00 2418.00 2419.00 82204.00
20141121  09:02:00 2427.00 2427.00 2422.00 2423.00 58412.00
20141121  09:01:00 2424.00 2427.00 2423.00 2426.00 64878.00
20141121  09:00:00 2425.00 2428.00 2419.00 2424.00 176576.00
