20150824  15:00:00 1934.00 1934.00 1934.00 1934.00 374.00
20150824  14:59:00 1930.00 1935.00 1930.00 1935.00 37384.00
20150824  14:58:00 1930.00 1931.00 1930.00 1930.00 13260.00
20150824  14:57:00 1931.00 1932.00 1930.00 1930.00 13562.00
20150824  14:56:00 1930.00 1932.00 1930.00 1931.00 9366.00
20150824  14:55:00 1931.00 1931.00 1930.00 1930.00 10366.00
20150824  14:54:00 1930.00 1931.00 1930.00 1931.00 16254.00
20150824  14:53:00 1931.00 1932.00 1930.00 1930.00 34502.00
20150824  14:52:00 1932.00 1932.00 1931.00 1931.00 10858.00
20150824  14:51:00 1935.00 1935.00 1931.00 1933.00 27550.00
20150824  14:50:00 1934.00 1935.00 1934.00 1934.00 10958.00
20150824  14:49:00 1936.00 1937.00 1934.00 1934.00 20564.00
20150824  14:48:00 1937.00 1938.00 1934.00 1936.00 31516.00
20150824  14:47:00 1939.00 1940.00 1937.00 1938.00 12352.00
20150824  14:46:00 1940.00 1940.00 1939.00 1939.00 8736.00
20150824  14:45:00 1939.00 1941.00 1939.00 1940.00 15172.00
20150824  14:44:00 1938.00 1940.00 1938.00 1940.00 8436.00
20150824  14:43:00 1940.00 1940.00 1937.00 1938.00 25374.00
20150824  14:42:00 1938.00 1942.00 1938.00 1940.00 13406.00
20150824  14:41:00 1939.00 1940.00 1938.00 1938.00 12256.00
20150824  14:40:00 1940.00 1941.00 1939.00 1939.00 11000.00
20150824  14:39:00 1939.00 1942.00 1938.00 1941.00 21644.00
20150824  14:38:00 1943.00 1944.00 1938.00 1939.00 26850.00
20150824  14:37:00 1943.00 1944.00 1942.00 1943.00 8366.00
20150824  14:36:00 1944.00 1945.00 1943.00 1944.00 7004.00
20150824  14:35:00 1944.00 1945.00 1943.00 1943.00 5948.00
20150824  14:34:00 1946.00 1946.00 1943.00 1944.00 9988.00
20150824  14:33:00 1947.00 1947.00 1945.00 1946.00 9044.00
20150824  14:32:00 1944.00 1947.00 1943.00 1946.00 17764.00
20150824  14:31:00 1945.00 1946.00 1943.00 1944.00 12888.00
20150824  14:30:00 1944.00 1946.00 1944.00 1944.00 16506.00
20150824  14:29:00 1945.00 1947.00 1944.00 1944.00 19068.00
20150824  14:28:00 1943.00 1946.00 1942.00 1946.00 24580.00
20150824  14:27:00 1940.00 1943.00 1939.00 1943.00 17862.00
20150824  14:26:00 1938.00 1941.00 1938.00 1939.00 18004.00
20150824  14:25:00 1939.00 1940.00 1937.00 1938.00 19678.00
20150824  14:24:00 1935.00 1941.00 1935.00 1940.00 36616.00
20150824  14:23:00 1942.00 1942.00 1935.00 1935.00 37160.00
20150824  14:22:00 1943.00 1944.00 1942.00 1942.00 4180.00
20150824  14:21:00 1943.00 1944.00 1942.00 1943.00 15396.00
20150824  14:20:00 1945.00 1946.00 1942.00 1943.00 14984.00
20150824  14:19:00 1947.00 1947.00 1944.00 1945.00 7640.00
20150824  14:18:00 1945.00 1947.00 1944.00 1947.00 10330.00
20150824  14:17:00 1945.00 1946.00 1945.00 1945.00 3960.00
20150824  14:16:00 1945.00 1946.00 1944.00 1946.00 8274.00
20150824  14:15:00 1946.00 1947.00 1944.00 1945.00 13268.00
20150824  14:14:00 1946.00 1947.00 1944.00 1947.00 12928.00
20150824  14:13:00 1942.00 1947.00 1941.00 1946.00 21406.00
20150824  14:12:00 1944.00 1945.00 1942.00 1942.00 20552.00
20150824  14:11:00 1947.00 1948.00 1944.00 1945.00 30454.00
20150824  14:10:00 1948.00 1949.00 1946.00 1946.00 19678.00
20150824  14:09:00 1948.00 1950.00 1948.00 1948.00 19634.00
20150824  14:08:00 1947.00 1949.00 1946.00 1948.00 23228.00
20150824  14:07:00 1948.00 1948.00 1947.00 1947.00 2344.00
20150824  14:06:00 1948.00 1948.00 1946.00 1948.00 13438.00
20150824  14:05:00 1948.00 1949.00 1947.00 1948.00 18816.00
20150824  14:04:00 1947.00 1949.00 1945.00 1948.00 27026.00
20150824  14:03:00 1949.00 1950.00 1947.00 1947.00 15290.00
20150824  14:02:00 1949.00 1950.00 1948.00 1949.00 11032.00
20150824  14:01:00 1948.00 1950.00 1948.00 1949.00 19896.00
20150824  14:00:00 1948.00 1951.00 1947.00 1948.00 30296.00
20150824  13:59:00 1946.00 1949.00 1945.00 1948.00 25018.00
20150824  13:58:00 1947.00 1950.00 1945.00 1945.00 25958.00
20150824  13:57:00 1944.00 1947.00 1943.00 1947.00 33726.00
20150824  13:56:00 1947.00 1947.00 1942.00 1944.00 34342.00
20150824  13:55:00 1950.00 1950.00 1944.00 1946.00 31204.00
20150824  13:54:00 1946.00 1950.00 1944.00 1950.00 36098.00
20150824  13:53:00 1957.00 1958.00 1946.00 1946.00 46718.00
20150824  13:52:00 1957.00 1958.00 1952.00 1957.00 45238.00
20150824  13:51:00 1953.00 1959.00 1953.00 1958.00 65914.00
20150824  13:50:00 1947.00 1953.00 1945.00 1952.00 68906.00
20150824  13:49:00 1945.00 1947.00 1941.00 1947.00 43692.00
20150824  13:48:00 1944.00 1945.00 1940.00 1944.00 34254.00
20150824  13:47:00 1945.00 1948.00 1943.00 1944.00 27996.00
20150824  13:46:00 1943.00 1948.00 1941.00 1945.00 48334.00
20150824  13:45:00 1937.00 1945.00 1937.00 1943.00 59064.00
20150824  13:44:00 1931.00 1938.00 1931.00 1937.00 34956.00
20150824  13:43:00 1930.00 1932.00 1930.00 1932.00 72306.00
20150824  13:42:00 1930.00 1930.00 1930.00 1930.00 7698.00
20150824  13:41:00 1930.00 1930.00 1930.00 1930.00 2172.00
20150824  13:40:00 1930.00 1930.00 1930.00 1930.00 1204.00
20150824  13:39:00 1930.00 1930.00 1930.00 1930.00 1120.00
20150824  13:38:00 1930.00 1930.00 1930.00 1930.00 6284.00
20150824  13:37:00 1930.00 1930.00 1930.00 1930.00 1516.00
20150824  13:36:00 1930.00 1930.00 1930.00 1930.00 732.00
20150824  13:35:00 1930.00 1930.00 1930.00 1930.00 1020.00
20150824  13:34:00 1930.00 1930.00 1930.00 1930.00 4690.00
20150824  13:33:00 1930.00 1930.00 1930.00 1930.00 832.00
20150824  13:32:00 1930.00 1930.00 1930.00 1930.00 1644.00
20150824  13:31:00 1930.00 1930.00 1930.00 1930.00 1902.00
20150824  13:30:00 1930.00 1930.00 1930.00 1930.00 8740.00
20150824  11:29:00 1930.00 1930.00 1930.00 1930.00 2010.00
20150824  11:28:00 1930.00 1931.00 1930.00 1930.00 22912.00
20150824  11:27:00 1932.00 1932.00 1930.00 1930.00 17190.00
20150824  11:26:00 1931.00 1932.00 1931.00 1932.00 2362.00
20150824  11:25:00 1931.00 1932.00 1930.00 1931.00 12956.00
20150824  11:24:00 1932.00 1933.00 1930.00 1931.00 22190.00
20150824  11:23:00 1932.00 1933.00 1931.00 1932.00 9114.00
20150824  11:22:00 1932.00 1933.00 1931.00 1932.00 6266.00
20150824  11:21:00 1932.00 1932.00 1931.00 1932.00 8900.00
20150824  11:20:00 1933.00 1934.00 1931.00 1932.00 19358.00
20150824  11:19:00 1931.00 1933.00 1931.00 1933.00 6854.00
20150824  11:18:00 1931.00 1932.00 1930.00 1931.00 10810.00
20150824  11:17:00 1931.00 1933.00 1930.00 1932.00 12258.00
20150824  11:16:00 1932.00 1932.00 1930.00 1932.00 11534.00
20150824  11:15:00 1933.00 1934.00 1931.00 1932.00 25084.00
20150824  11:14:00 1934.00 1936.00 1933.00 1933.00 16554.00
20150824  11:13:00 1936.00 1937.00 1933.00 1934.00 24022.00
20150824  11:12:00 1936.00 1938.00 1936.00 1936.00 21866.00
20150824  11:11:00 1936.00 1937.00 1935.00 1937.00 22720.00
20150824  11:10:00 1932.00 1936.00 1931.00 1936.00 45394.00
20150824  11:09:00 1931.00 1933.00 1930.00 1932.00 38828.00
20150824  11:08:00 1933.00 1934.00 1930.00 1931.00 60848.00
20150824  11:07:00 1941.00 1941.00 1933.00 1933.00 73634.00
20150824  11:06:00 1943.00 1944.00 1940.00 1941.00 22330.00
20150824  11:05:00 1945.00 1946.00 1943.00 1943.00 17614.00
20150824  11:04:00 1944.00 1945.00 1942.00 1944.00 21754.00
20150824  11:03:00 1946.00 1946.00 1944.00 1944.00 15160.00
20150824  11:02:00 1945.00 1948.00 1944.00 1946.00 19330.00
20150824  11:01:00 1944.00 1946.00 1943.00 1945.00 27770.00
20150824  11:00:00 1945.00 1948.00 1943.00 1944.00 41936.00
20150824  10:59:00 1950.00 1950.00 1944.00 1946.00 45638.00
20150824  10:58:00 1951.00 1952.00 1948.00 1950.00 28406.00
20150824  10:57:00 1951.00 1952.00 1950.00 1951.00 23048.00
20150824  10:56:00 1952.00 1954.00 1947.00 1950.00 59980.00
20150824  10:55:00 1955.00 1955.00 1951.00 1952.00 39670.00
20150824  10:54:00 1956.00 1956.00 1953.00 1955.00 23796.00
20150824  10:53:00 1960.00 1960.00 1952.00 1955.00 38570.00
20150824  10:52:00 1962.00 1963.00 1960.00 1960.00 9426.00
20150824  10:51:00 1962.00 1963.00 1960.00 1962.00 9712.00
20150824  10:50:00 1961.00 1962.00 1961.00 1962.00 6946.00
20150824  10:49:00 1962.00 1963.00 1961.00 1962.00 3176.00
20150824  10:48:00 1960.00 1963.00 1960.00 1962.00 15416.00
20150824  10:47:00 1962.00 1962.00 1961.00 1962.00 6118.00
20150824  10:46:00 1959.00 1962.00 1959.00 1961.00 7044.00
20150824  10:45:00 1962.00 1962.00 1959.00 1959.00 17288.00
20150824  10:44:00 1962.00 1964.00 1962.00 1963.00 9164.00
20150824  10:43:00 1962.00 1963.00 1961.00 1962.00 5424.00
20150824  10:42:00 1963.00 1964.00 1962.00 1962.00 12680.00
20150824  10:41:00 1963.00 1965.00 1962.00 1963.00 17104.00
20150824  10:40:00 1962.00 1964.00 1961.00 1963.00 21658.00
20150824  10:39:00 1961.00 1963.00 1960.00 1963.00 18446.00
20150824  10:38:00 1963.00 1963.00 1960.00 1961.00 13930.00
20150824  10:37:00 1965.00 1965.00 1961.00 1962.00 12110.00
20150824  10:36:00 1966.00 1966.00 1963.00 1964.00 8172.00
20150824  10:35:00 1963.00 1966.00 1962.00 1965.00 9704.00
20150824  10:34:00 1966.00 1967.00 1963.00 1963.00 12696.00
20150824  10:33:00 1965.00 1968.00 1965.00 1966.00 12744.00
20150824  10:32:00 1964.00 1967.00 1963.00 1967.00 21126.00
20150824  10:31:00 1965.00 1968.00 1963.00 1963.00 28812.00
20150824  10:30:00 1958.00 1968.00 1958.00 1966.00 40324.00
20150824  10:14:00 1959.00 1961.00 1956.00 1958.00 20818.00
20150824  10:13:00 1957.00 1960.00 1956.00 1960.00 25678.00
20150824  10:12:00 1961.00 1962.00 1954.00 1957.00 53596.00
20150824  10:11:00 1968.00 1968.00 1960.00 1961.00 35152.00
20150824  10:10:00 1968.00 1969.00 1966.00 1968.00 10884.00
20150824  10:09:00 1967.00 1969.00 1967.00 1968.00 11348.00
20150824  10:08:00 1968.00 1969.00 1966.00 1967.00 18388.00
20150824  10:07:00 1968.00 1970.00 1967.00 1969.00 10154.00
20150824  10:06:00 1970.00 1970.00 1968.00 1968.00 17414.00
20150824  10:05:00 1971.00 1972.00 1970.00 1970.00 7600.00
20150824  10:04:00 1973.00 1974.00 1971.00 1971.00 11122.00
20150824  10:03:00 1967.00 1973.00 1967.00 1973.00 19344.00
20150824  10:02:00 1969.00 1970.00 1967.00 1967.00 18436.00
20150824  10:01:00 1972.00 1973.00 1969.00 1969.00 23930.00
20150824  10:00:00 1974.00 1974.00 1971.00 1972.00 13272.00
20150824  09:59:00 1971.00 1975.00 1971.00 1974.00 13278.00
20150824  09:58:00 1976.00 1976.00 1971.00 1972.00 19244.00
20150824  09:57:00 1976.00 1977.00 1975.00 1976.00 5520.00
20150824  09:56:00 1976.00 1977.00 1975.00 1977.00 3758.00
20150824  09:55:00 1975.00 1977.00 1974.00 1977.00 6946.00
20150824  09:54:00 1976.00 1976.00 1974.00 1976.00 9852.00
20150824  09:53:00 1974.00 1977.00 1974.00 1976.00 7332.00
20150824  09:52:00 1977.00 1978.00 1974.00 1975.00 8532.00
20150824  09:51:00 1974.00 1978.00 1973.00 1977.00 11304.00
20150824  09:50:00 1975.00 1975.00 1973.00 1974.00 10858.00
20150824  09:49:00 1974.00 1977.00 1974.00 1975.00 9166.00
20150824  09:48:00 1977.00 1977.00 1974.00 1975.00 11310.00
20150824  09:47:00 1977.00 1978.00 1976.00 1976.00 5208.00
20150824  09:46:00 1979.00 1980.00 1976.00 1977.00 11118.00
20150824  09:45:00 1977.00 1979.00 1976.00 1979.00 13654.00
20150824  09:44:00 1977.00 1978.00 1976.00 1976.00 11312.00
20150824  09:43:00 1978.00 1979.00 1977.00 1978.00 6608.00
20150824  09:42:00 1978.00 1980.00 1977.00 1977.00 16038.00
20150824  09:41:00 1977.00 1978.00 1976.00 1977.00 9760.00
20150824  09:40:00 1977.00 1978.00 1975.00 1977.00 9928.00
20150824  09:39:00 1976.00 1978.00 1975.00 1977.00 18446.00
20150824  09:38:00 1974.00 1977.00 1973.00 1976.00 26922.00
20150824  09:37:00 1973.00 1975.00 1971.00 1974.00 19518.00
20150824  09:36:00 1974.00 1976.00 1972.00 1973.00 23440.00
20150824  09:35:00 1979.00 1979.00 1973.00 1973.00 29754.00
20150824  09:34:00 1977.00 1980.00 1977.00 1979.00 19276.00
20150824  09:33:00 1979.00 1980.00 1977.00 1977.00 14980.00
20150824  09:32:00 1982.00 1983.00 1979.00 1979.00 11162.00
20150824  09:31:00 1985.00 1985.00 1980.00 1982.00 18398.00
20150824  09:30:00 1981.00 1986.00 1981.00 1985.00 46376.00
20150824  09:29:00 1982.00 1983.00 1979.00 1981.00 19234.00
20150824  09:28:00 1979.00 1983.00 1979.00 1982.00 22108.00
20150824  09:27:00 1978.00 1980.00 1978.00 1979.00 17014.00
20150824  09:26:00 1983.00 1984.00 1979.00 1979.00 28324.00
20150824  09:25:00 1977.00 1985.00 1977.00 1983.00 60896.00
20150824  09:24:00 1972.00 1980.00 1972.00 1977.00 37444.00
20150824  09:23:00 1975.00 1977.00 1972.00 1972.00 25534.00
20150824  09:22:00 1977.00 1978.00 1972.00 1975.00 29366.00
20150824  09:21:00 1970.00 1978.00 1969.00 1978.00 28626.00
20150824  09:20:00 1969.00 1973.00 1967.00 1970.00 37834.00
20150824  09:19:00 1970.00 1970.00 1967.00 1969.00 28860.00
20150824  09:18:00 1974.00 1975.00 1968.00 1969.00 33760.00
20150824  09:17:00 1965.00 1978.00 1964.00 1974.00 48828.00
20150824  09:16:00 1968.00 1969.00 1962.00 1965.00 39362.00
20150824  09:15:00 1970.00 1971.00 1963.00 1969.00 71912.00
20150824  09:14:00 1975.00 1979.00 1970.00 1970.00 63058.00
20150824  09:13:00 1982.00 1982.00 1975.00 1975.00 42340.00
20150824  09:12:00 1981.00 1983.00 1979.00 1982.00 48258.00
20150824  09:11:00 1980.00 1982.00 1977.00 1981.00 50524.00
20150824  09:10:00 1981.00 1981.00 1977.00 1981.00 57962.00
20150824  09:09:00 1977.00 1983.00 1977.00 1981.00 48186.00
20150824  09:08:00 1977.00 1981.00 1975.00 1978.00 49640.00
20150824  09:07:00 1985.00 1986.00 1976.00 1978.00 57588.00
20150824  09:06:00 1986.00 1988.00 1983.00 1985.00 44990.00
20150824  09:05:00 1994.00 1994.00 1972.00 1985.00 103240.00
20150824  09:04:00 1997.00 1998.00 1994.00 1994.00 47546.00
20150824  09:03:00 1995.00 1998.00 1992.00 1997.00 58940.00
20150824  09:02:00 2000.00 2002.00 1993.00 1994.00 58196.00
20150824  09:01:00 2001.00 2002.00 1996.00 2001.00 79410.00
20150824  09:00:00 2016.00 2016.00 2000.00 2000.00 148764.00
20150822  01:00:00 2022.00 2022.00 2022.00 2022.00   0.00
20150822  00:59:00 2023.00 2023.00 2022.00 2022.00 3466.00
20150822  00:58:00 2023.00 2023.00 2022.00 2023.00 1762.00
20150822  00:57:00 2023.00 2023.00 2022.00 2023.00 730.00
20150822  00:56:00 2022.00 2023.00 2022.00 2023.00 196.00
20150822  00:55:00 2023.00 2023.00 2022.00 2022.00 652.00
20150822  00:54:00 2023.00 2023.00 2022.00 2023.00 428.00
20150822  00:53:00 2023.00 2023.00 2022.00 2023.00 692.00
20150822  00:52:00 2022.00 2023.00 2022.00 2023.00 1212.00
20150822  00:51:00 2023.00 2023.00 2022.00 2022.00 480.00
20150822  00:50:00 2022.00 2023.00 2022.00 2023.00 140.00
20150822  00:49:00 2022.00 2023.00 2022.00 2022.00 104.00
20150822  00:48:00 2023.00 2023.00 2022.00 2022.00 754.00
20150822  00:47:00 2022.00 2023.00 2022.00 2023.00  30.00
20150822  00:46:00 2023.00 2023.00 2022.00 2022.00 188.00
20150822  00:45:00 2023.00 2023.00 2022.00 2023.00 364.00
20150822  00:44:00 2021.00 2023.00 2021.00 2023.00 1422.00
20150822  00:43:00 2022.00 2023.00 2021.00 2021.00 2990.00
20150822  00:42:00 2022.00 2023.00 2022.00 2022.00 220.00
20150822  00:41:00 2022.00 2023.00 2022.00 2022.00 418.00
20150822  00:40:00 2023.00 2023.00 2022.00 2022.00 760.00
20150822  00:39:00 2023.00 2023.00 2022.00 2023.00 128.00
20150822  00:38:00 2023.00 2023.00 2022.00 2023.00 518.00
20150822  00:37:00 2022.00 2023.00 2022.00 2023.00 748.00
20150822  00:36:00 2023.00 2023.00 2022.00 2022.00  58.00
20150822  00:35:00 2022.00 2023.00 2022.00 2023.00 262.00
20150822  00:34:00 2022.00 2023.00 2022.00 2022.00  58.00
20150822  00:33:00 2022.00 2023.00 2022.00 2022.00  40.00
20150822  00:32:00 2023.00 2023.00 2022.00 2022.00 142.00
20150822  00:31:00 2022.00 2023.00 2022.00 2023.00 108.00
20150822  00:30:00 2023.00 2023.00 2022.00 2022.00 272.00
20150822  00:29:00 2022.00 2023.00 2022.00 2023.00 594.00
20150822  00:28:00 2022.00 2023.00 2022.00 2022.00 448.00
20150822  00:27:00 2022.00 2023.00 2022.00 2022.00 406.00
20150822  00:26:00 2024.00 2024.00 2022.00 2022.00 5952.00
20150822  00:25:00 2023.00 2024.00 2023.00 2023.00 406.00
20150822  00:24:00 2024.00 2024.00 2023.00 2023.00 882.00
20150822  00:23:00 2024.00 2024.00 2023.00 2023.00 450.00
20150822  00:22:00 2023.00 2024.00 2023.00 2024.00  54.00
20150822  00:21:00 2024.00 2024.00 2023.00 2023.00  64.00
20150822  00:20:00 2023.00 2024.00 2023.00 2024.00 520.00
20150822  00:19:00 2023.00 2024.00 2023.00 2024.00 156.00
20150822  00:18:00 2024.00 2024.00 2023.00 2023.00 1070.00
20150822  00:17:00 2024.00 2024.00 2023.00 2024.00 2474.00
20150822  00:16:00 2023.00 2024.00 2023.00 2024.00 1106.00
20150822  00:15:00 2023.00 2024.00 2022.00 2023.00 1480.00
20150822  00:14:00 2023.00 2023.00 2022.00 2023.00 1376.00
20150822  00:13:00 2022.00 2023.00 2022.00 2023.00 1766.00
20150822  00:12:00 2022.00 2023.00 2022.00 2023.00 312.00
20150822  00:11:00 2022.00 2023.00 2022.00 2022.00  56.00
20150822  00:10:00 2023.00 2023.00 2022.00 2023.00 102.00
20150822  00:09:00 2023.00 2023.00 2022.00 2023.00 164.00
20150822  00:08:00 2023.00 2023.00 2022.00 2023.00 2814.00
20150822  00:07:00 2022.00 2023.00 2022.00 2023.00 4864.00
20150822  00:06:00 2022.00 2023.00 2022.00 2022.00 328.00
20150822  00:05:00 2022.00 2023.00 2022.00 2022.00 1036.00
20150822  00:04:00 2022.00 2023.00 2022.00 2023.00 438.00
20150822  00:03:00 2022.00 2023.00 2022.00 2023.00 3590.00
20150822  00:02:00 2021.00 2023.00 2021.00 2023.00 5408.00
20150822  00:01:00 2022.00 2022.00 2021.00 2022.00 2162.00
20150822  00:00:00 2023.00 2023.00 2021.00 2022.00 3352.00
20150821  23:59:00 2021.00 2023.00 2021.00 2023.00 5652.00
20150821  23:58:00 2022.00 2022.00 2021.00 2022.00 246.00
20150821  23:57:00 2022.00 2022.00 2021.00 2022.00 446.00
20150821  23:56:00 2021.00 2022.00 2021.00 2022.00 634.00
20150821  23:55:00 2022.00 2022.00 2021.00 2022.00 756.00
20150821  23:54:00 2022.00 2022.00 2021.00 2021.00 1274.00
20150821  23:53:00 2021.00 2022.00 2020.00 2022.00 5720.00
20150821  23:52:00 2021.00 2021.00 2020.00 2021.00 2334.00
20150821  23:51:00 2020.00 2021.00 2020.00 2020.00 572.00
20150821  23:50:00 2020.00 2021.00 2020.00 2020.00 246.00
20150821  23:49:00 2020.00 2021.00 2019.00 2020.00 6326.00
20150821  23:48:00 2020.00 2020.00 2019.00 2020.00 280.00
20150821  23:47:00 2020.00 2020.00 2019.00 2020.00 364.00
20150821  23:46:00 2019.00 2020.00 2019.00 2019.00 156.00
20150821  23:45:00 2020.00 2020.00 2019.00 2020.00 644.00
20150821  23:44:00 2019.00 2020.00 2019.00 2020.00 1454.00
20150821  23:43:00 2019.00 2020.00 2019.00 2019.00 484.00
20150821  23:42:00 2019.00 2020.00 2019.00 2019.00 446.00
20150821  23:41:00 2019.00 2020.00 2019.00 2019.00 186.00
20150821  23:40:00 2019.00 2020.00 2019.00 2020.00 200.00
20150821  23:39:00 2019.00 2020.00 2019.00 2019.00  96.00
20150821  23:38:00 2019.00 2020.00 2019.00 2019.00 554.00
20150821  23:37:00 2019.00 2020.00 2019.00 2019.00 178.00
20150821  23:36:00 2019.00 2020.00 2019.00 2019.00 358.00
20150821  23:35:00 2019.00 2020.00 2019.00 2019.00 2392.00
20150821  23:34:00 2019.00 2019.00 2018.00 2019.00 1546.00
20150821  23:33:00 2018.00 2019.00 2018.00 2019.00 418.00
20150821  23:32:00 2020.00 2020.00 2018.00 2018.00 5944.00
20150821  23:31:00 2020.00 2020.00 2019.00 2020.00 772.00
20150821  23:30:00 2020.00 2020.00 2019.00 2020.00 2388.00
20150821  23:29:00 2019.00 2020.00 2019.00 2019.00 1356.00
20150821  23:28:00 2020.00 2020.00 2019.00 2020.00 494.00
20150821  23:27:00 2019.00 2020.00 2019.00 2020.00 586.00
20150821  23:26:00 2019.00 2020.00 2019.00 2020.00 678.00
20150821  23:25:00 2020.00 2020.00 2019.00 2020.00 1550.00
20150821  23:24:00 2020.00 2021.00 2020.00 2020.00 6286.00
20150821  23:23:00 2019.00 2020.00 2018.00 2020.00 1920.00
20150821  23:22:00 2019.00 2019.00 2018.00 2019.00 868.00
20150821  23:21:00 2018.00 2019.00 2018.00 2019.00 1226.00
20150821  23:20:00 2020.00 2020.00 2018.00 2018.00 5242.00
20150821  23:19:00 2020.00 2020.00 2019.00 2019.00 400.00
20150821  23:18:00 2019.00 2020.00 2019.00 2020.00 360.00
20150821  23:17:00 2019.00 2020.00 2019.00 2019.00 376.00
20150821  23:16:00 2019.00 2020.00 2019.00 2019.00 350.00
20150821  23:15:00 2020.00 2020.00 2019.00 2020.00 348.00
20150821  23:14:00 2020.00 2021.00 2019.00 2020.00 8278.00
20150821  23:13:00 2019.00 2020.00 2019.00 2020.00 888.00
20150821  23:12:00 2020.00 2020.00 2019.00 2020.00 878.00
20150821  23:11:00 2021.00 2021.00 2019.00 2020.00 4636.00
20150821  23:10:00 2021.00 2021.00 2020.00 2021.00 2018.00
20150821  23:09:00 2020.00 2021.00 2019.00 2021.00 4596.00
20150821  23:08:00 2019.00 2020.00 2018.00 2020.00 9832.00
20150821  23:07:00 2019.00 2019.00 2018.00 2019.00 1132.00
20150821  23:06:00 2018.00 2019.00 2017.00 2019.00 5262.00
20150821  23:05:00 2017.00 2018.00 2017.00 2017.00 886.00
20150821  23:04:00 2017.00 2018.00 2016.00 2017.00 2886.00
20150821  23:03:00 2017.00 2017.00 2016.00 2017.00 3746.00
20150821  23:02:00 2017.00 2018.00 2017.00 2017.00 1766.00
20150821  23:01:00 2017.00 2018.00 2017.00 2018.00 2900.00
20150821  23:00:00 2018.00 2019.00 2017.00 2017.00 4084.00
20150821  22:59:00 2018.00 2019.00 2018.00 2018.00 1708.00
20150821  22:58:00 2019.00 2019.00 2018.00 2018.00 596.00
20150821  22:57:00 2018.00 2019.00 2018.00 2019.00 554.00
20150821  22:56:00 2018.00 2019.00 2018.00 2019.00 960.00
20150821  22:55:00 2019.00 2019.00 2017.00 2018.00 3862.00
20150821  22:54:00 2019.00 2019.00 2018.00 2019.00 160.00
20150821  22:53:00 2018.00 2019.00 2017.00 2018.00 5044.00
20150821  22:52:00 2019.00 2019.00 2018.00 2018.00 1056.00
20150821  22:51:00 2017.00 2019.00 2016.00 2019.00 5504.00
20150821  22:50:00 2017.00 2017.00 2016.00 2016.00 6194.00
20150821  22:49:00 2018.00 2018.00 2016.00 2016.00 7060.00
20150821  22:48:00 2016.00 2018.00 2016.00 2017.00 8952.00
20150821  22:47:00 2016.00 2018.00 2016.00 2016.00 9182.00
20150821  22:46:00 2017.00 2018.00 2016.00 2017.00 10392.00
20150821  22:45:00 2018.00 2019.00 2017.00 2017.00 12194.00
20150821  22:44:00 2019.00 2020.00 2018.00 2019.00 6352.00
20150821  22:43:00 2019.00 2020.00 2019.00 2019.00 2592.00
20150821  22:42:00 2019.00 2019.00 2018.00 2019.00 5632.00
20150821  22:41:00 2018.00 2019.00 2018.00 2018.00 568.00
20150821  22:40:00 2019.00 2020.00 2018.00 2018.00 3156.00
20150821  22:39:00 2020.00 2020.00 2019.00 2020.00 900.00
20150821  22:38:00 2018.00 2020.00 2018.00 2020.00 3178.00
20150821  22:37:00 2020.00 2020.00 2018.00 2018.00 5150.00
20150821  22:36:00 2020.00 2020.00 2019.00 2020.00 880.00
20150821  22:35:00 2019.00 2020.00 2019.00 2020.00 920.00
20150821  22:34:00 2020.00 2020.00 2019.00 2019.00 326.00
20150821  22:33:00 2019.00 2020.00 2018.00 2019.00 5152.00
20150821  22:32:00 2019.00 2020.00 2018.00 2018.00 10362.00
20150821  22:31:00 2020.00 2020.00 2019.00 2019.00 2028.00
20150821  22:30:00 2020.00 2020.00 2019.00 2020.00 5788.00
20150821  22:29:00 2020.00 2020.00 2019.00 2020.00 1770.00
20150821  22:28:00 2019.00 2020.00 2018.00 2019.00 8542.00
20150821  22:27:00 2021.00 2021.00 2019.00 2019.00 9818.00
20150821  22:26:00 2020.00 2022.00 2020.00 2021.00 3200.00
20150821  22:25:00 2020.00 2022.00 2020.00 2020.00 6562.00
20150821  22:24:00 2021.00 2021.00 2020.00 2021.00 186.00
20150821  22:23:00 2020.00 2021.00 2020.00 2021.00 1034.00
20150821  22:22:00 2020.00 2021.00 2020.00 2020.00 1228.00
20150821  22:21:00 2021.00 2022.00 2020.00 2021.00 2386.00
20150821  22:20:00 2021.00 2022.00 2021.00 2021.00 920.00
20150821  22:19:00 2022.00 2023.00 2021.00 2022.00 3888.00
20150821  22:18:00 2021.00 2023.00 2021.00 2022.00 6878.00
20150821  22:17:00 2021.00 2022.00 2021.00 2022.00 520.00
20150821  22:16:00 2023.00 2023.00 2021.00 2021.00 3438.00
20150821  22:15:00 2021.00 2023.00 2021.00 2023.00 7136.00
20150821  22:14:00 2022.00 2022.00 2021.00 2021.00 2168.00
20150821  22:13:00 2021.00 2022.00 2021.00 2022.00 6344.00
20150821  22:12:00 2020.00 2022.00 2020.00 2021.00 2558.00
20150821  22:11:00 2020.00 2022.00 2020.00 2020.00 5830.00
20150821  22:10:00 2020.00 2021.00 2020.00 2021.00 440.00
20150821  22:09:00 2020.00 2021.00 2020.00 2020.00 4192.00
20150821  22:08:00 2019.00 2021.00 2019.00 2020.00 5268.00
20150821  22:07:00 2021.00 2022.00 2019.00 2019.00 16158.00
20150821  22:06:00 2021.00 2022.00 2021.00 2021.00 688.00
20150821  22:05:00 2021.00 2022.00 2021.00 2021.00 862.00
20150821  22:04:00 2021.00 2022.00 2021.00 2022.00 1030.00
20150821  22:03:00 2022.00 2022.00 2021.00 2021.00 1698.00
20150821  22:02:00 2021.00 2022.00 2021.00 2022.00 6500.00
20150821  22:01:00 2021.00 2022.00 2020.00 2021.00 12808.00
20150821  22:00:00 2023.00 2023.00 2021.00 2022.00 6640.00
20150821  21:59:00 2022.00 2023.00 2022.00 2023.00 678.00
20150821  21:58:00 2023.00 2023.00 2022.00 2022.00 456.00
20150821  21:57:00 2022.00 2023.00 2021.00 2023.00 6670.00
20150821  21:56:00 2023.00 2024.00 2022.00 2023.00 6434.00
20150821  21:55:00 2023.00 2024.00 2023.00 2023.00 2914.00
20150821  21:54:00 2024.00 2024.00 2023.00 2023.00 3346.00
20150821  21:53:00 2024.00 2024.00 2023.00 2024.00 9402.00
20150821  21:52:00 2024.00 2024.00 2023.00 2023.00 1120.00
20150821  21:51:00 2025.00 2025.00 2023.00 2023.00 13186.00
20150821  21:50:00 2025.00 2026.00 2024.00 2025.00 13832.00
20150821  21:49:00 2023.00 2025.00 2023.00 2025.00 10890.00
20150821  21:48:00 2024.00 2024.00 2022.00 2023.00 9114.00
20150821  21:47:00 2022.00 2024.00 2022.00 2024.00 7536.00
20150821  21:46:00 2023.00 2023.00 2022.00 2022.00 456.00
20150821  21:45:00 2023.00 2024.00 2022.00 2023.00 3844.00
20150821  21:44:00 2023.00 2024.00 2022.00 2023.00 8130.00
20150821  21:43:00 2023.00 2023.00 2022.00 2023.00 6174.00
20150821  21:42:00 2022.00 2023.00 2021.00 2023.00 4644.00
20150821  21:41:00 2021.00 2022.00 2021.00 2022.00 834.00
20150821  21:40:00 2022.00 2022.00 2021.00 2021.00 738.00
20150821  21:39:00 2022.00 2022.00 2021.00 2022.00 190.00
20150821  21:38:00 2022.00 2022.00 2021.00 2022.00 1368.00
20150821  21:37:00 2021.00 2022.00 2020.00 2021.00 19414.00
20150821  21:36:00 2022.00 2022.00 2020.00 2020.00 7230.00
20150821  21:35:00 2022.00 2022.00 2021.00 2022.00 1160.00
20150821  21:34:00 2021.00 2023.00 2021.00 2022.00 5568.00
20150821  21:33:00 2022.00 2023.00 2021.00 2021.00 5826.00
20150821  21:32:00 2023.00 2023.00 2022.00 2023.00 1796.00
20150821  21:31:00 2022.00 2024.00 2022.00 2022.00 6306.00
20150821  21:30:00 2022.00 2023.00 2021.00 2022.00 17298.00
20150821  21:29:00 2024.00 2024.00 2021.00 2022.00 18266.00
20150821  21:28:00 2023.00 2024.00 2022.00 2024.00 17100.00
20150821  21:27:00 2021.00 2023.00 2021.00 2023.00 4968.00
20150821  21:26:00 2021.00 2022.00 2021.00 2022.00 4422.00
20150821  21:25:00 2023.00 2023.00 2021.00 2022.00 9974.00
20150821  21:24:00 2021.00 2023.00 2021.00 2022.00 8446.00
20150821  21:23:00 2021.00 2022.00 2021.00 2021.00 4810.00
20150821  21:22:00 2022.00 2023.00 2021.00 2021.00 11374.00
20150821  21:21:00 2021.00 2023.00 2020.00 2022.00 13092.00
20150821  21:20:00 2020.00 2021.00 2019.00 2021.00 14712.00
20150821  21:19:00 2018.00 2021.00 2018.00 2019.00 11004.00
20150821  21:18:00 2018.00 2019.00 2016.00 2019.00 15482.00
20150821  21:17:00 2018.00 2019.00 2017.00 2017.00 13984.00
20150821  21:16:00 2018.00 2019.00 2017.00 2018.00 14206.00
20150821  21:15:00 2021.00 2021.00 2018.00 2018.00 14002.00
20150821  21:14:00 2022.00 2022.00 2020.00 2021.00 3858.00
20150821  21:13:00 2021.00 2022.00 2020.00 2022.00 4660.00
20150821  21:12:00 2022.00 2022.00 2020.00 2020.00 12518.00
20150821  21:11:00 2020.00 2023.00 2020.00 2022.00 15778.00
20150821  21:10:00 2021.00 2022.00 2020.00 2020.00 4244.00
20150821  21:09:00 2023.00 2023.00 2021.00 2021.00 12474.00
20150821  21:08:00 2021.00 2024.00 2020.00 2023.00 19162.00
20150821  21:07:00 2019.00 2022.00 2019.00 2021.00 26092.00
20150821  21:06:00 2018.00 2020.00 2017.00 2020.00 18372.00
20150821  21:05:00 2018.00 2019.00 2017.00 2018.00 14032.00
20150821  21:04:00 2017.00 2018.00 2016.00 2018.00 16334.00
20150821  21:03:00 2016.00 2017.00 2014.00 2017.00 18710.00
20150821  21:02:00 2017.00 2018.00 2014.00 2015.00 30154.00
20150821  21:01:00 2018.00 2019.00 2016.00 2016.00 23360.00
20150821  21:00:00 2022.00 2022.00 2015.00 2019.00 45506.00
