20150320  15:00:00 2481.00 2481.00 2481.00 2481.00  50.00
20150320  14:59:00 2481.00 2483.00 2481.00 2481.00 19290.00
20150320  14:58:00 2482.00 2483.00 2480.00 2482.00 30456.00
20150320  14:57:00 2481.00 2483.00 2480.00 2483.00 22944.00
20150320  14:56:00 2482.00 2482.00 2481.00 2482.00 13850.00
20150320  14:55:00 2482.00 2483.00 2481.00 2482.00 26298.00
20150320  14:54:00 2485.00 2485.00 2482.00 2483.00 43882.00
20150320  14:53:00 2486.00 2486.00 2484.00 2485.00 18054.00
20150320  14:52:00 2485.00 2487.00 2485.00 2485.00 6520.00
20150320  14:51:00 2486.00 2487.00 2485.00 2485.00 9832.00
20150320  14:50:00 2487.00 2488.00 2486.00 2487.00 7202.00
20150320  14:49:00 2488.00 2488.00 2486.00 2487.00 7014.00
20150320  14:48:00 2487.00 2488.00 2487.00 2488.00 854.00
20150320  14:47:00 2488.00 2488.00 2487.00 2487.00 1684.00
20150320  14:46:00 2488.00 2489.00 2487.00 2487.00 4448.00
20150320  14:45:00 2489.00 2489.00 2488.00 2488.00 3004.00
20150320  14:44:00 2489.00 2489.00 2488.00 2489.00 534.00
20150320  14:43:00 2490.00 2490.00 2488.00 2489.00 3468.00
20150320  14:42:00 2490.00 2490.00 2489.00 2489.00 2698.00
20150320  14:41:00 2489.00 2491.00 2488.00 2490.00 18512.00
20150320  14:40:00 2488.00 2489.00 2487.00 2488.00 7062.00
20150320  14:39:00 2486.00 2488.00 2486.00 2488.00 4042.00
20150320  14:38:00 2487.00 2487.00 2486.00 2486.00 1590.00
20150320  14:37:00 2486.00 2487.00 2486.00 2487.00 2194.00
20150320  14:36:00 2486.00 2487.00 2485.00 2486.00 11306.00
20150320  14:35:00 2487.00 2487.00 2486.00 2486.00 5050.00
20150320  14:34:00 2487.00 2487.00 2486.00 2487.00 2128.00
20150320  14:33:00 2487.00 2488.00 2486.00 2487.00 6718.00
20150320  14:32:00 2487.00 2488.00 2487.00 2488.00 3150.00
20150320  14:31:00 2488.00 2488.00 2487.00 2487.00 1216.00
20150320  14:30:00 2488.00 2489.00 2487.00 2488.00 3104.00
20150320  14:29:00 2488.00 2488.00 2487.00 2488.00 1646.00
20150320  14:28:00 2488.00 2489.00 2487.00 2488.00 3028.00
20150320  14:27:00 2488.00 2489.00 2487.00 2488.00 6592.00
20150320  14:26:00 2487.00 2488.00 2487.00 2487.00 2204.00
20150320  14:25:00 2486.00 2488.00 2486.00 2487.00 4552.00
20150320  14:24:00 2488.00 2488.00 2485.00 2486.00 12442.00
20150320  14:23:00 2487.00 2488.00 2486.00 2487.00 9748.00
20150320  14:22:00 2487.00 2488.00 2485.00 2487.00 19078.00
20150320  14:21:00 2487.00 2489.00 2487.00 2488.00 7376.00
20150320  14:20:00 2488.00 2489.00 2487.00 2487.00 10766.00
20150320  14:19:00 2490.00 2490.00 2488.00 2488.00 5908.00
20150320  14:18:00 2489.00 2490.00 2489.00 2490.00 1160.00
20150320  14:17:00 2491.00 2491.00 2489.00 2489.00 4168.00
20150320  14:16:00 2491.00 2491.00 2489.00 2491.00 5724.00
20150320  14:15:00 2491.00 2491.00 2490.00 2491.00 812.00
20150320  14:14:00 2490.00 2491.00 2489.00 2491.00 8460.00
20150320  14:13:00 2491.00 2491.00 2490.00 2490.00 1852.00
20150320  14:12:00 2491.00 2491.00 2490.00 2490.00 980.00
20150320  14:11:00 2491.00 2492.00 2490.00 2491.00 7582.00
20150320  14:10:00 2491.00 2491.00 2490.00 2491.00 1076.00
20150320  14:09:00 2492.00 2492.00 2490.00 2491.00 2142.00
20150320  14:08:00 2490.00 2492.00 2490.00 2491.00 10274.00
20150320  14:07:00 2489.00 2491.00 2489.00 2490.00 3120.00
20150320  14:06:00 2489.00 2491.00 2489.00 2489.00 12694.00
20150320  14:05:00 2489.00 2490.00 2489.00 2489.00 988.00
20150320  14:04:00 2489.00 2490.00 2489.00 2489.00 556.00
20150320  14:03:00 2488.00 2490.00 2488.00 2489.00 3756.00
20150320  14:02:00 2489.00 2489.00 2488.00 2488.00 758.00
20150320  14:01:00 2489.00 2490.00 2488.00 2489.00 5146.00
20150320  14:00:00 2490.00 2490.00 2489.00 2490.00 2204.00
20150320  13:59:00 2490.00 2490.00 2489.00 2490.00 2248.00
20150320  13:58:00 2490.00 2490.00 2489.00 2489.00 2162.00
20150320  13:57:00 2490.00 2490.00 2489.00 2489.00 758.00
20150320  13:56:00 2490.00 2490.00 2489.00 2490.00 1274.00
20150320  13:55:00 2489.00 2490.00 2488.00 2490.00 5576.00
20150320  13:54:00 2490.00 2491.00 2489.00 2489.00 8998.00
20150320  13:53:00 2489.00 2490.00 2488.00 2489.00 4200.00
20150320  13:52:00 2489.00 2489.00 2488.00 2489.00 6822.00
20150320  13:51:00 2489.00 2490.00 2489.00 2489.00 2630.00
20150320  13:50:00 2490.00 2490.00 2488.00 2490.00 11922.00
20150320  13:49:00 2487.00 2491.00 2486.00 2490.00 27174.00
20150320  13:48:00 2486.00 2487.00 2485.00 2487.00 2144.00
20150320  13:47:00 2486.00 2487.00 2485.00 2486.00 10256.00
20150320  13:46:00 2486.00 2487.00 2486.00 2486.00 596.00
20150320  13:45:00 2486.00 2487.00 2485.00 2486.00 6514.00
20150320  13:44:00 2485.00 2486.00 2485.00 2486.00 1212.00
20150320  13:43:00 2485.00 2486.00 2485.00 2485.00 4636.00
20150320  13:42:00 2486.00 2486.00 2485.00 2485.00 524.00
20150320  13:41:00 2486.00 2486.00 2485.00 2486.00 420.00
20150320  13:40:00 2486.00 2486.00 2485.00 2486.00 944.00
20150320  13:39:00 2486.00 2487.00 2486.00 2486.00 4344.00
20150320  13:38:00 2486.00 2487.00 2486.00 2486.00 998.00
20150320  13:37:00 2486.00 2486.00 2485.00 2486.00 2518.00
20150320  13:36:00 2486.00 2487.00 2485.00 2486.00 5466.00
20150320  13:35:00 2486.00 2487.00 2485.00 2486.00 3598.00
20150320  13:34:00 2486.00 2486.00 2485.00 2486.00 1224.00
20150320  13:33:00 2485.00 2486.00 2485.00 2486.00 2392.00
20150320  13:32:00 2487.00 2487.00 2485.00 2485.00 7362.00
20150320  13:31:00 2488.00 2488.00 2487.00 2487.00 8120.00
20150320  13:30:00 2487.00 2488.00 2487.00 2488.00 25002.00
20150320  11:29:00 2486.00 2486.00 2485.00 2486.00 4296.00
20150320  11:28:00 2485.00 2486.00 2485.00 2485.00 1558.00
20150320  11:27:00 2485.00 2486.00 2485.00 2485.00 944.00
20150320  11:26:00 2485.00 2486.00 2485.00 2485.00 754.00
20150320  11:25:00 2485.00 2486.00 2485.00 2485.00 1088.00
20150320  11:24:00 2485.00 2486.00 2485.00 2485.00 502.00
20150320  11:23:00 2485.00 2486.00 2485.00 2485.00 2398.00
20150320  11:22:00 2485.00 2486.00 2485.00 2485.00 1358.00
20150320  11:21:00 2486.00 2486.00 2484.00 2485.00 5098.00
20150320  11:20:00 2486.00 2486.00 2485.00 2486.00 320.00
20150320  11:19:00 2486.00 2486.00 2485.00 2486.00 890.00
20150320  11:18:00 2487.00 2487.00 2485.00 2486.00 1348.00
20150320  11:17:00 2485.00 2487.00 2485.00 2487.00 3116.00
20150320  11:16:00 2485.00 2486.00 2485.00 2485.00 774.00
20150320  11:15:00 2485.00 2486.00 2484.00 2485.00 7138.00
20150320  11:14:00 2485.00 2486.00 2485.00 2485.00 1826.00
20150320  11:13:00 2485.00 2486.00 2484.00 2485.00 3028.00
20150320  11:12:00 2485.00 2486.00 2484.00 2485.00 2102.00
20150320  11:11:00 2485.00 2485.00 2484.00 2485.00 1968.00
20150320  11:10:00 2485.00 2485.00 2484.00 2485.00 5288.00
20150320  11:09:00 2486.00 2487.00 2485.00 2485.00 6150.00
20150320  11:08:00 2485.00 2486.00 2484.00 2486.00 1840.00
20150320  11:07:00 2485.00 2485.00 2484.00 2485.00 1628.00
20150320  11:06:00 2485.00 2485.00 2484.00 2485.00 3894.00
20150320  11:05:00 2485.00 2486.00 2484.00 2485.00 4928.00
20150320  11:04:00 2485.00 2486.00 2485.00 2485.00 626.00
20150320  11:03:00 2486.00 2486.00 2485.00 2485.00 3548.00
20150320  11:02:00 2486.00 2487.00 2485.00 2486.00 3932.00
20150320  11:01:00 2486.00 2486.00 2485.00 2486.00 1550.00
20150320  11:00:00 2485.00 2486.00 2484.00 2486.00 8056.00
20150320  10:59:00 2486.00 2486.00 2485.00 2485.00 7938.00
20150320  10:58:00 2486.00 2487.00 2485.00 2485.00 9820.00
20150320  10:57:00 2487.00 2487.00 2486.00 2486.00 2078.00
20150320  10:56:00 2487.00 2487.00 2486.00 2487.00 2440.00
20150320  10:55:00 2486.00 2487.00 2486.00 2486.00 3334.00
20150320  10:54:00 2487.00 2487.00 2486.00 2486.00 1184.00
20150320  10:53:00 2487.00 2487.00 2486.00 2487.00 3302.00
20150320  10:52:00 2486.00 2487.00 2486.00 2487.00 2944.00
20150320  10:51:00 2487.00 2487.00 2485.00 2486.00 8390.00
20150320  10:50:00 2487.00 2487.00 2485.00 2487.00 28432.00
20150320  10:49:00 2488.00 2489.00 2486.00 2486.00 17206.00
20150320  10:48:00 2489.00 2490.00 2488.00 2488.00 9390.00
20150320  10:47:00 2489.00 2490.00 2489.00 2490.00 928.00
20150320  10:46:00 2488.00 2490.00 2488.00 2489.00 5348.00
20150320  10:45:00 2490.00 2490.00 2487.00 2488.00 23750.00
20150320  10:44:00 2491.00 2491.00 2489.00 2489.00 19490.00
20150320  10:43:00 2492.00 2492.00 2491.00 2492.00 3956.00
20150320  10:42:00 2493.00 2493.00 2491.00 2492.00 7774.00
20150320  10:41:00 2494.00 2494.00 2492.00 2493.00 5762.00
20150320  10:40:00 2493.00 2494.00 2493.00 2494.00 514.00
20150320  10:39:00 2493.00 2494.00 2493.00 2493.00 958.00
20150320  10:38:00 2494.00 2494.00 2493.00 2493.00 528.00
20150320  10:37:00 2494.00 2494.00 2493.00 2493.00 3796.00
20150320  10:36:00 2494.00 2494.00 2493.00 2493.00 2446.00
20150320  10:35:00 2494.00 2495.00 2493.00 2494.00 5350.00
20150320  10:34:00 2494.00 2495.00 2494.00 2494.00 1670.00
20150320  10:33:00 2495.00 2495.00 2494.00 2494.00 932.00
20150320  10:32:00 2494.00 2495.00 2494.00 2494.00 1966.00
20150320  10:31:00 2496.00 2496.00 2494.00 2494.00 6638.00
20150320  10:30:00 2496.00 2496.00 2495.00 2496.00 4824.00
20150320  10:14:00 2496.00 2496.00 2495.00 2496.00 7408.00
20150320  10:13:00 2496.00 2497.00 2495.00 2495.00 11658.00
20150320  10:12:00 2495.00 2496.00 2495.00 2495.00 12536.00
20150320  10:11:00 2496.00 2496.00 2495.00 2496.00 8590.00
20150320  10:10:00 2497.00 2497.00 2495.00 2496.00 30994.00
20150320  10:09:00 2492.00 2498.00 2492.00 2498.00 39996.00
20150320  10:08:00 2491.00 2492.00 2491.00 2492.00 1160.00
20150320  10:07:00 2491.00 2492.00 2490.00 2491.00 1416.00
20150320  10:06:00 2491.00 2491.00 2490.00 2491.00 6518.00
20150320  10:05:00 2491.00 2492.00 2491.00 2491.00 4378.00
20150320  10:04:00 2489.00 2493.00 2489.00 2492.00 12720.00
20150320  10:03:00 2489.00 2490.00 2489.00 2489.00 2502.00
20150320  10:02:00 2489.00 2490.00 2489.00 2489.00 600.00
20150320  10:01:00 2490.00 2490.00 2489.00 2489.00 306.00
20150320  10:00:00 2490.00 2490.00 2489.00 2489.00 1786.00
20150320  09:59:00 2490.00 2490.00 2489.00 2490.00 1114.00
20150320  09:58:00 2489.00 2490.00 2489.00 2490.00 1092.00
20150320  09:57:00 2488.00 2490.00 2488.00 2489.00 3766.00
20150320  09:56:00 2489.00 2489.00 2488.00 2488.00 218.00
20150320  09:55:00 2488.00 2489.00 2488.00 2488.00 328.00
20150320  09:54:00 2489.00 2489.00 2488.00 2488.00 372.00
20150320  09:53:00 2489.00 2489.00 2488.00 2488.00 764.00
20150320  09:52:00 2488.00 2489.00 2488.00 2489.00 1110.00
20150320  09:51:00 2488.00 2489.00 2488.00 2488.00 222.00
20150320  09:50:00 2489.00 2489.00 2488.00 2489.00 2384.00
20150320  09:49:00 2488.00 2489.00 2488.00 2489.00 1040.00
20150320  09:48:00 2488.00 2489.00 2488.00 2488.00 1404.00
20150320  09:47:00 2489.00 2489.00 2488.00 2488.00 362.00
20150320  09:46:00 2488.00 2489.00 2488.00 2489.00 432.00
20150320  09:45:00 2490.00 2490.00 2488.00 2489.00 8558.00
20150320  09:44:00 2490.00 2490.00 2489.00 2490.00 3308.00
20150320  09:43:00 2489.00 2491.00 2489.00 2490.00 4358.00
20150320  09:42:00 2491.00 2491.00 2489.00 2490.00 4638.00
20150320  09:41:00 2490.00 2491.00 2490.00 2491.00 5280.00
20150320  09:40:00 2490.00 2491.00 2489.00 2491.00 6492.00
20150320  09:39:00 2490.00 2490.00 2489.00 2490.00 2504.00
20150320  09:38:00 2490.00 2490.00 2489.00 2490.00 1782.00
20150320  09:37:00 2489.00 2490.00 2488.00 2489.00 4774.00
20150320  09:36:00 2488.00 2489.00 2487.00 2489.00 5106.00
20150320  09:35:00 2489.00 2489.00 2487.00 2487.00 7102.00
20150320  09:34:00 2489.00 2490.00 2489.00 2489.00 10238.00
20150320  09:33:00 2489.00 2490.00 2489.00 2489.00 6284.00
20150320  09:32:00 2489.00 2490.00 2488.00 2489.00 6534.00
20150320  09:31:00 2489.00 2489.00 2488.00 2489.00 3216.00
20150320  09:30:00 2487.00 2489.00 2487.00 2489.00 10398.00
20150320  09:29:00 2486.00 2488.00 2486.00 2488.00 6616.00
20150320  09:28:00 2487.00 2487.00 2486.00 2487.00 700.00
20150320  09:27:00 2487.00 2487.00 2486.00 2487.00 1252.00
20150320  09:26:00 2485.00 2487.00 2485.00 2487.00 4270.00
20150320  09:25:00 2487.00 2487.00 2485.00 2485.00 2204.00
20150320  09:24:00 2486.00 2487.00 2486.00 2487.00 1850.00
20150320  09:23:00 2487.00 2487.00 2486.00 2486.00 2180.00
20150320  09:22:00 2486.00 2487.00 2486.00 2487.00 328.00
20150320  09:21:00 2486.00 2487.00 2486.00 2486.00 1138.00
20150320  09:20:00 2486.00 2487.00 2486.00 2486.00 3714.00
20150320  09:19:00 2487.00 2488.00 2486.00 2487.00 1924.00
20150320  09:18:00 2487.00 2488.00 2487.00 2487.00 1900.00
20150320  09:17:00 2486.00 2488.00 2486.00 2487.00 6602.00
20150320  09:16:00 2486.00 2487.00 2485.00 2486.00 7814.00
20150320  09:15:00 2486.00 2487.00 2486.00 2486.00 3564.00
20150320  09:14:00 2487.00 2487.00 2486.00 2486.00 4834.00
20150320  09:13:00 2487.00 2488.00 2487.00 2487.00 4438.00
20150320  09:12:00 2488.00 2488.00 2487.00 2487.00 2092.00
20150320  09:11:00 2488.00 2489.00 2487.00 2488.00 2434.00
20150320  09:10:00 2487.00 2489.00 2487.00 2489.00 3394.00
20150320  09:09:00 2489.00 2489.00 2487.00 2487.00 6452.00
20150320  09:08:00 2488.00 2489.00 2487.00 2489.00 13984.00
20150320  09:07:00 2490.00 2490.00 2488.00 2488.00 5838.00
20150320  09:06:00 2491.00 2492.00 2490.00 2490.00 7688.00
20150320  09:05:00 2492.00 2492.00 2491.00 2491.00 6860.00
20150320  09:04:00 2492.00 2492.00 2491.00 2492.00 4536.00
20150320  09:03:00 2492.00 2492.00 2491.00 2491.00 2580.00
20150320  09:02:00 2489.00 2493.00 2489.00 2492.00 19148.00
20150320  09:01:00 2491.00 2491.00 2488.00 2489.00 5732.00
20150320  09:00:00 2491.00 2491.00 2489.00 2490.00 7242.00
20150320  01:00:00 2490.00 2490.00 2490.00 2490.00   2.00
20150320  00:59:00 2491.00 2491.00 2490.00 2491.00 2240.00
20150320  00:58:00 2491.00 2491.00 2490.00 2491.00 1144.00
20150320  00:57:00 2490.00 2491.00 2490.00 2490.00 276.00
20150320  00:56:00 2490.00 2491.00 2490.00 2490.00 962.00
20150320  00:55:00 2490.00 2491.00 2490.00 2490.00 2234.00
20150320  00:54:00 2491.00 2491.00 2490.00 2491.00 188.00
20150320  00:53:00 2490.00 2491.00 2490.00 2491.00  40.00
20150320  00:52:00 2491.00 2491.00 2490.00 2491.00  74.00
20150320  00:51:00 2491.00 2491.00 2490.00 2491.00 264.00
20150320  00:50:00 2491.00 2492.00 2491.00 2492.00 140.00
20150320  00:49:00 2491.00 2491.00 2491.00 2491.00 368.00
20150320  00:48:00 2491.00 2492.00 2491.00 2491.00 482.00
20150320  00:47:00 2491.00 2492.00 2491.00 2491.00 470.00
20150320  00:46:00 2491.00 2492.00 2491.00 2491.00 980.00
20150320  00:45:00 2491.00 2492.00 2491.00 2491.00 2022.00
20150320  00:44:00 2491.00 2491.00 2490.00 2491.00 1628.00
20150320  00:43:00 2491.00 2492.00 2491.00 2491.00 114.00
20150320  00:42:00 2491.00 2492.00 2491.00 2491.00 244.00
20150320  00:41:00 2491.00 2492.00 2491.00 2491.00  76.00
20150320  00:40:00 2491.00 2492.00 2491.00 2491.00  54.00
20150320  00:39:00 2491.00 2492.00 2491.00 2492.00  40.00
20150320  00:38:00 2491.00 2492.00 2491.00 2491.00 348.00
20150320  00:37:00 2491.00 2491.00 2490.00 2491.00 610.00
20150320  00:36:00 2491.00 2492.00 2490.00 2491.00 914.00
20150320  00:35:00 2491.00 2492.00 2491.00 2491.00 3820.00
20150320  00:34:00 2490.00 2491.00 2490.00 2491.00 166.00
20150320  00:33:00 2491.00 2491.00 2490.00 2490.00 224.00
20150320  00:32:00 2491.00 2491.00 2490.00 2491.00  52.00
20150320  00:31:00 2489.00 2491.00 2489.00 2491.00 1650.00
20150320  00:30:00 2489.00 2490.00 2489.00 2489.00 140.00
20150320  00:29:00 2490.00 2490.00 2489.00 2489.00 224.00
20150320  00:28:00 2489.00 2489.00 2489.00 2489.00  62.00
20150320  00:27:00 2489.00 2490.00 2489.00 2490.00  36.00
20150320  00:26:00 2489.00 2490.00 2489.00 2489.00 124.00
20150320  00:25:00 2489.00 2490.00 2489.00 2490.00 462.00
20150320  00:24:00 2489.00 2490.00 2489.00 2490.00 478.00
20150320  00:23:00 2490.00 2490.00 2489.00 2489.00 544.00
20150320  00:22:00 2490.00 2490.00 2489.00 2490.00 808.00
20150320  00:21:00 2491.00 2491.00 2490.00 2490.00 1544.00
20150320  00:20:00 2490.00 2491.00 2490.00 2491.00 258.00
20150320  00:19:00 2491.00 2491.00 2490.00 2490.00 110.00
20150320  00:18:00 2490.00 2491.00 2490.00 2490.00  58.00
20150320  00:17:00 2490.00 2491.00 2490.00 2490.00 150.00
20150320  00:16:00 2490.00 2491.00 2490.00 2490.00 126.00
20150320  00:15:00 2490.00 2491.00 2490.00 2490.00 160.00
20150320  00:14:00 2490.00 2491.00 2490.00 2490.00  62.00
20150320  00:13:00 2491.00 2491.00 2490.00 2490.00 638.00
20150320  00:12:00 2491.00 2492.00 2490.00 2491.00 1120.00
20150320  00:11:00 2491.00 2492.00 2491.00 2491.00 544.00
20150320  00:10:00 2491.00 2492.00 2491.00 2491.00 256.00
20150320  00:09:00 2491.00 2492.00 2490.00 2492.00 424.00
20150320  00:08:00 2491.00 2492.00 2490.00 2491.00 826.00
20150320  00:07:00 2491.00 2492.00 2490.00 2491.00 1434.00
20150320  00:06:00 2491.00 2492.00 2490.00 2492.00 2082.00
20150320  00:05:00 2490.00 2491.00 2490.00 2491.00 1114.00
20150320  00:04:00 2491.00 2491.00 2490.00 2490.00 934.00
20150320  00:03:00 2489.00 2491.00 2489.00 2491.00 2164.00
20150320  00:02:00 2489.00 2490.00 2489.00 2490.00 402.00
20150320  00:01:00 2490.00 2490.00 2489.00 2489.00 436.00
20150320  00:00:00 2489.00 2490.00 2489.00 2490.00 1338.00
20150319  23:59:00 2490.00 2490.00 2489.00 2489.00 1410.00
20150319  23:58:00 2488.00 2490.00 2488.00 2490.00 1618.00
20150319  23:57:00 2489.00 2490.00 2488.00 2488.00 3566.00
20150319  23:56:00 2490.00 2490.00 2489.00 2489.00 308.00
20150319  23:55:00 2490.00 2491.00 2489.00 2490.00 2980.00
20150319  23:54:00 2490.00 2491.00 2490.00 2490.00 556.00
20150319  23:53:00 2491.00 2491.00 2490.00 2490.00 346.00
20150319  23:52:00 2491.00 2491.00 2490.00 2491.00 642.00
20150319  23:51:00 2491.00 2491.00 2490.00 2490.00 196.00
20150319  23:50:00 2491.00 2491.00 2490.00 2491.00 970.00
20150319  23:49:00 2491.00 2491.00 2490.00 2490.00 526.00
20150319  23:48:00 2490.00 2491.00 2490.00 2491.00 792.00
20150319  23:47:00 2491.00 2491.00 2490.00 2490.00 640.00
20150319  23:46:00 2491.00 2491.00 2490.00 2491.00 1576.00
20150319  23:45:00 2490.00 2491.00 2490.00 2491.00 728.00
20150319  23:44:00 2490.00 2491.00 2489.00 2490.00 3888.00
20150319  23:43:00 2492.00 2492.00 2490.00 2490.00 6002.00
20150319  23:42:00 2491.00 2492.00 2491.00 2492.00 3748.00
20150319  23:41:00 2491.00 2492.00 2491.00 2491.00 1010.00
20150319  23:40:00 2493.00 2494.00 2491.00 2491.00 5370.00
20150319  23:39:00 2491.00 2493.00 2490.00 2493.00 8832.00
20150319  23:38:00 2491.00 2492.00 2490.00 2491.00 2820.00
20150319  23:37:00 2490.00 2492.00 2490.00 2491.00 3484.00
20150319  23:36:00 2492.00 2492.00 2490.00 2490.00 7508.00
20150319  23:35:00 2490.00 2493.00 2489.00 2491.00 29556.00
20150319  23:34:00 2489.00 2490.00 2488.00 2490.00 10286.00
20150319  23:33:00 2488.00 2489.00 2487.00 2489.00 7972.00
20150319  23:32:00 2487.00 2488.00 2486.00 2488.00 3386.00
20150319  23:31:00 2486.00 2487.00 2486.00 2487.00 230.00
20150319  23:30:00 2487.00 2487.00 2486.00 2486.00 566.00
20150319  23:29:00 2487.00 2487.00 2486.00 2487.00 510.00
20150319  23:28:00 2486.00 2487.00 2486.00 2486.00 184.00
20150319  23:27:00 2487.00 2487.00 2486.00 2486.00 706.00
20150319  23:26:00 2486.00 2487.00 2486.00 2487.00 386.00
20150319  23:25:00 2487.00 2487.00 2486.00 2486.00 2926.00
20150319  23:24:00 2488.00 2488.00 2487.00 2487.00 2096.00
20150319  23:23:00 2488.00 2488.00 2487.00 2488.00 3142.00
20150319  23:22:00 2487.00 2488.00 2486.00 2488.00 4982.00
20150319  23:21:00 2487.00 2487.00 2486.00 2486.00 1224.00
20150319  23:20:00 2487.00 2487.00 2486.00 2487.00 1260.00
20150319  23:19:00 2487.00 2487.00 2486.00 2487.00 1028.00
20150319  23:18:00 2486.00 2487.00 2485.00 2487.00 2302.00
20150319  23:17:00 2486.00 2486.00 2485.00 2486.00 1430.00
20150319  23:16:00 2485.00 2486.00 2485.00 2486.00 516.00
20150319  23:15:00 2485.00 2486.00 2485.00 2485.00 1438.00
20150319  23:14:00 2484.00 2485.00 2484.00 2485.00 714.00
20150319  23:13:00 2484.00 2485.00 2484.00 2484.00 132.00
20150319  23:12:00 2485.00 2485.00 2484.00 2484.00 456.00
20150319  23:11:00 2485.00 2485.00 2484.00 2485.00 314.00
20150319  23:10:00 2485.00 2485.00 2484.00 2485.00 170.00
20150319  23:09:00 2485.00 2485.00 2484.00 2485.00 414.00
20150319  23:08:00 2485.00 2485.00 2484.00 2485.00 290.00
20150319  23:07:00 2485.00 2485.00 2484.00 2485.00 176.00
20150319  23:06:00 2485.00 2485.00 2484.00 2484.00 348.00
20150319  23:05:00 2485.00 2485.00 2484.00 2485.00 530.00
20150319  23:04:00 2485.00 2485.00 2484.00 2485.00 1032.00
20150319  23:03:00 2484.00 2485.00 2484.00 2485.00 982.00
20150319  23:02:00 2484.00 2485.00 2484.00 2484.00 2360.00
20150319  23:01:00 2484.00 2485.00 2484.00 2484.00 502.00
20150319  23:00:00 2485.00 2485.00 2484.00 2484.00 422.00
20150319  22:59:00 2485.00 2485.00 2484.00 2485.00 312.00
20150319  22:58:00 2485.00 2485.00 2484.00 2485.00 174.00
20150319  22:57:00 2484.00 2485.00 2484.00 2485.00 130.00
20150319  22:56:00 2483.00 2485.00 2483.00 2484.00 974.00
20150319  22:55:00 2484.00 2484.00 2483.00 2484.00 150.00
20150319  22:54:00 2484.00 2484.00 2483.00 2484.00 402.00
20150319  22:53:00 2484.00 2484.00 2483.00 2484.00 186.00
20150319  22:52:00 2484.00 2484.00 2483.00 2483.00 184.00
20150319  22:51:00 2483.00 2484.00 2483.00 2483.00 120.00
20150319  22:50:00 2484.00 2484.00 2483.00 2484.00 236.00
20150319  22:49:00 2484.00 2485.00 2483.00 2483.00 3468.00
20150319  22:48:00 2485.00 2485.00 2484.00 2484.00 134.00
20150319  22:47:00 2485.00 2485.00 2484.00 2485.00 162.00
20150319  22:46:00 2485.00 2485.00 2484.00 2485.00 406.00
20150319  22:45:00 2485.00 2485.00 2484.00 2485.00 564.00
20150319  22:44:00 2485.00 2485.00 2484.00 2485.00 206.00
20150319  22:43:00 2485.00 2485.00 2484.00 2485.00 578.00
20150319  22:42:00 2485.00 2485.00 2484.00 2485.00 1884.00
20150319  22:41:00 2484.00 2485.00 2484.00 2485.00 2080.00
20150319  22:40:00 2484.00 2484.00 2483.00 2484.00 236.00
20150319  22:39:00 2484.00 2484.00 2483.00 2484.00 204.00
20150319  22:38:00 2484.00 2485.00 2483.00 2484.00 3686.00
20150319  22:37:00 2485.00 2485.00 2484.00 2484.00 134.00
20150319  22:36:00 2485.00 2485.00 2484.00 2485.00 278.00
20150319  22:35:00 2484.00 2485.00 2484.00 2485.00 120.00
20150319  22:34:00 2484.00 2485.00 2484.00 2484.00 136.00
20150319  22:33:00 2484.00 2485.00 2484.00 2484.00 162.00
20150319  22:32:00 2485.00 2485.00 2484.00 2484.00 270.00
20150319  22:31:00 2484.00 2485.00 2484.00 2485.00 248.00
20150319  22:30:00 2485.00 2485.00 2484.00 2485.00 166.00
20150319  22:29:00 2485.00 2485.00 2484.00 2485.00 336.00
20150319  22:28:00 2484.00 2485.00 2484.00 2485.00 182.00
20150319  22:27:00 2485.00 2486.00 2484.00 2484.00 3768.00
20150319  22:26:00 2486.00 2486.00 2485.00 2485.00 418.00
20150319  22:25:00 2485.00 2486.00 2485.00 2486.00 512.00
20150319  22:24:00 2486.00 2486.00 2485.00 2485.00 294.00
20150319  22:23:00 2486.00 2486.00 2485.00 2486.00 214.00
20150319  22:22:00 2486.00 2486.00 2485.00 2486.00 112.00
20150319  22:21:00 2486.00 2487.00 2485.00 2486.00 4598.00
20150319  22:20:00 2486.00 2487.00 2485.00 2486.00 6612.00
20150319  22:19:00 2485.00 2486.00 2485.00 2486.00 3284.00
20150319  22:18:00 2484.00 2485.00 2483.00 2485.00 5776.00
20150319  22:17:00 2484.00 2485.00 2483.00 2484.00 4964.00
20150319  22:16:00 2485.00 2485.00 2484.00 2484.00 404.00
20150319  22:15:00 2485.00 2485.00 2484.00 2485.00 308.00
20150319  22:14:00 2485.00 2485.00 2484.00 2485.00 526.00
20150319  22:13:00 2485.00 2485.00 2484.00 2485.00 1666.00
20150319  22:12:00 2485.00 2485.00 2484.00 2485.00 730.00
20150319  22:11:00 2485.00 2485.00 2484.00 2485.00 2748.00
20150319  22:10:00 2485.00 2485.00 2484.00 2485.00 940.00
20150319  22:09:00 2484.00 2485.00 2484.00 2485.00 438.00
20150319  22:08:00 2484.00 2485.00 2484.00 2484.00 368.00
20150319  22:07:00 2484.00 2485.00 2484.00 2484.00  68.00
20150319  22:06:00 2484.00 2485.00 2484.00 2484.00 338.00
20150319  22:05:00 2484.00 2485.00 2484.00 2484.00 476.00
20150319  22:04:00 2485.00 2485.00 2484.00 2484.00 594.00
20150319  22:03:00 2484.00 2485.00 2484.00 2485.00 3650.00
20150319  22:02:00 2483.00 2484.00 2483.00 2484.00 184.00
20150319  22:01:00 2483.00 2484.00 2483.00 2483.00 354.00
20150319  22:00:00 2483.00 2484.00 2483.00 2483.00 194.00
20150319  21:59:00 2483.00 2484.00 2482.00 2483.00 4776.00
20150319  21:58:00 2483.00 2484.00 2483.00 2483.00 126.00
20150319  21:57:00 2484.00 2484.00 2483.00 2483.00 274.00
20150319  21:56:00 2483.00 2484.00 2483.00 2484.00 162.00
20150319  21:55:00 2483.00 2484.00 2482.00 2483.00 4450.00
20150319  21:54:00 2482.00 2483.00 2482.00 2483.00 266.00
20150319  21:53:00 2483.00 2483.00 2482.00 2482.00 348.00
20150319  21:52:00 2483.00 2483.00 2482.00 2483.00 850.00
20150319  21:51:00 2483.00 2483.00 2482.00 2483.00 212.00
20150319  21:50:00 2482.00 2483.00 2482.00 2483.00  68.00
20150319  21:49:00 2483.00 2483.00 2482.00 2482.00 538.00
20150319  21:48:00 2483.00 2483.00 2482.00 2482.00 162.00
20150319  21:47:00 2482.00 2483.00 2482.00 2483.00 550.00
20150319  21:46:00 2482.00 2483.00 2481.00 2482.00 3116.00
20150319  21:45:00 2483.00 2483.00 2482.00 2482.00 1312.00
20150319  21:44:00 2481.00 2483.00 2481.00 2483.00 4004.00
20150319  21:43:00 2482.00 2483.00 2481.00 2481.00 6120.00
20150319  21:42:00 2483.00 2484.00 2482.00 2483.00 5088.00
20150319  21:41:00 2483.00 2484.00 2483.00 2483.00 154.00
20150319  21:40:00 2484.00 2484.00 2483.00 2483.00 328.00
20150319  21:39:00 2483.00 2484.00 2483.00 2483.00 234.00
20150319  21:38:00 2483.00 2484.00 2483.00 2483.00 262.00
20150319  21:37:00 2484.00 2484.00 2483.00 2484.00 412.00
20150319  21:36:00 2484.00 2484.00 2483.00 2484.00 1508.00
20150319  21:35:00 2484.00 2485.00 2483.00 2484.00 1410.00
20150319  21:34:00 2483.00 2485.00 2483.00 2484.00 2490.00
20150319  21:33:00 2484.00 2484.00 2483.00 2483.00 1082.00
20150319  21:32:00 2484.00 2484.00 2483.00 2484.00 772.00
20150319  21:31:00 2484.00 2484.00 2483.00 2484.00 2234.00
20150319  21:30:00 2485.00 2485.00 2484.00 2484.00 2616.00
20150319  21:29:00 2484.00 2486.00 2484.00 2485.00 6102.00
20150319  21:28:00 2485.00 2485.00 2484.00 2484.00 826.00
20150319  21:27:00 2484.00 2485.00 2484.00 2484.00 2212.00
20150319  21:26:00 2484.00 2485.00 2483.00 2485.00 2492.00
20150319  21:25:00 2484.00 2484.00 2483.00 2484.00 1080.00
20150319  21:24:00 2484.00 2484.00 2483.00 2484.00 358.00
20150319  21:23:00 2484.00 2484.00 2483.00 2483.00 882.00
20150319  21:22:00 2484.00 2484.00 2483.00 2484.00 438.00
20150319  21:21:00 2484.00 2485.00 2483.00 2484.00 4766.00
20150319  21:20:00 2484.00 2484.00 2483.00 2484.00 1554.00
20150319  21:19:00 2482.00 2484.00 2482.00 2484.00 2886.00
20150319  21:18:00 2484.00 2484.00 2482.00 2482.00 4256.00
20150319  21:17:00 2483.00 2484.00 2483.00 2483.00 860.00
20150319  21:16:00 2483.00 2484.00 2483.00 2484.00 3286.00
20150319  21:15:00 2485.00 2485.00 2483.00 2483.00 4240.00
20150319  21:14:00 2486.00 2486.00 2484.00 2485.00 2316.00
20150319  21:13:00 2484.00 2486.00 2484.00 2486.00 7214.00
20150319  21:12:00 2485.00 2486.00 2484.00 2485.00 5470.00
20150319  21:11:00 2485.00 2486.00 2484.00 2485.00 4872.00
20150319  21:10:00 2486.00 2486.00 2484.00 2484.00 9018.00
20150319  21:09:00 2487.00 2487.00 2485.00 2486.00 8706.00
20150319  21:08:00 2487.00 2487.00 2486.00 2487.00 4848.00
20150319  21:07:00 2488.00 2488.00 2487.00 2487.00 6014.00
20150319  21:06:00 2487.00 2489.00 2485.00 2488.00 23688.00
20150319  21:05:00 2485.00 2488.00 2485.00 2487.00 39072.00
20150319  21:04:00 2483.00 2485.00 2483.00 2485.00 6566.00
20150319  21:03:00 2481.00 2484.00 2481.00 2483.00 11088.00
20150319  21:02:00 2480.00 2482.00 2480.00 2481.00 4236.00
20150319  21:01:00 2480.00 2482.00 2477.00 2480.00 19436.00
20150319  21:00:00 2483.00 2485.00 2480.00 2480.00 16632.00
