20150205  21:00:00 2476.00 2477.00 2475.00 2476.00 7938.00
20150205  21:01:00 2476.00 2479.00 2475.00 2477.00 9770.00
20150205  21:02:00 2478.00 2478.00 2476.00 2477.00 2938.00
20150205  21:03:00 2477.00 2477.00 2475.00 2476.00 5040.00
20150205  21:04:00 2476.00 2479.00 2476.00 2478.00 5102.00
20150205  21:05:00 2479.00 2479.00 2478.00 2479.00 4076.00
20150205  21:06:00 2479.00 2479.00 2477.00 2478.00 2768.00
20150205  21:07:00 2478.00 2479.00 2478.00 2479.00 9198.00
20150205  21:08:00 2478.00 2479.00 2478.00 2478.00 4248.00
20150205  21:09:00 2479.00 2480.00 2478.00 2479.00 5006.00
20150205  21:10:00 2479.00 2482.00 2479.00 2481.00 19574.00
20150205  21:11:00 2481.00 2481.00 2480.00 2480.00 6694.00
20150205  21:12:00 2481.00 2483.00 2480.00 2482.00 11238.00
20150205  21:13:00 2482.00 2485.00 2482.00 2483.00 14984.00
20150205  21:14:00 2483.00 2484.00 2482.00 2483.00 8182.00
20150205  21:15:00 2483.00 2484.00 2482.00 2482.00 7340.00
20150205  21:16:00 2482.00 2483.00 2481.00 2482.00 3912.00
20150205  21:17:00 2482.00 2483.00 2481.00 2482.00 7032.00
20150205  21:18:00 2482.00 2483.00 2481.00 2482.00 9030.00
20150205  21:19:00 2482.00 2483.00 2482.00 2482.00 2714.00
20150205  21:20:00 2482.00 2483.00 2482.00 2483.00 3138.00
20150205  21:21:00 2482.00 2483.00 2481.00 2481.00 1990.00
20150205  21:22:00 2481.00 2482.00 2481.00 2482.00 4204.00
20150205  21:23:00 2481.00 2481.00 2478.00 2479.00 11650.00
20150205  21:24:00 2479.00 2480.00 2478.00 2478.00 7472.00
20150205  21:25:00 2478.00 2480.00 2478.00 2479.00 5226.00
20150205  21:26:00 2479.00 2480.00 2479.00 2480.00 3420.00
20150205  21:27:00 2480.00 2481.00 2479.00 2481.00 6560.00
20150205  21:28:00 2481.00 2481.00 2479.00 2480.00 4492.00
20150205  21:29:00 2479.00 2480.00 2478.00 2479.00 6518.00
20150205  21:30:00 2479.00 2480.00 2478.00 2479.00 4914.00
20150205  21:31:00 2479.00 2481.00 2479.00 2481.00 5256.00
20150205  21:32:00 2480.00 2482.00 2480.00 2482.00 2874.00
20150205  21:33:00 2482.00 2482.00 2480.00 2481.00 3482.00
20150205  21:34:00 2481.00 2482.00 2480.00 2480.00 2740.00
20150205  21:35:00 2481.00 2482.00 2480.00 2481.00 4020.00
20150205  21:36:00 2481.00 2482.00 2481.00 2481.00 2900.00
20150205  21:37:00 2481.00 2482.00 2481.00 2481.00 2066.00
20150205  21:38:00 2481.00 2482.00 2481.00 2482.00 3030.00
20150205  21:39:00 2482.00 2483.00 2481.00 2482.00 3028.00
20150205  21:40:00 2482.00 2483.00 2481.00 2482.00 4028.00
20150205  21:41:00 2483.00 2483.00 2481.00 2481.00 2066.00
20150205  21:42:00 2481.00 2482.00 2481.00 2481.00 716.00
20150205  21:43:00 2481.00 2482.00 2481.00 2481.00 586.00
20150205  21:44:00 2481.00 2482.00 2481.00 2481.00 972.00
20150205  21:45:00 2481.00 2482.00 2481.00 2481.00 1922.00
20150205  21:46:00 2481.00 2482.00 2480.00 2481.00 1654.00
20150205  21:47:00 2481.00 2481.00 2480.00 2480.00 630.00
20150205  21:48:00 2481.00 2481.00 2480.00 2481.00 444.00
20150205  21:49:00 2481.00 2481.00 2480.00 2480.00 440.00
20150205  21:50:00 2480.00 2481.00 2480.00 2481.00 638.00
20150205  21:51:00 2480.00 2481.00 2479.00 2480.00 5640.00
20150205  21:52:00 2480.00 2481.00 2480.00 2481.00 456.00
20150205  21:53:00 2481.00 2481.00 2480.00 2480.00 376.00
20150205  21:54:00 2480.00 2481.00 2480.00 2480.00 818.00
20150205  21:55:00 2480.00 2481.00 2480.00 2481.00 438.00
20150205  21:56:00 2481.00 2481.00 2480.00 2481.00  80.00
20150205  21:57:00 2481.00 2481.00 2480.00 2480.00 270.00
20150205  21:58:00 2481.00 2481.00 2480.00 2480.00 562.00
20150205  21:59:00 2480.00 2481.00 2480.00 2480.00 662.00
20150205  22:00:00 2481.00 2482.00 2480.00 2482.00 4130.00
20150205  22:01:00 2481.00 2482.00 2481.00 2482.00 588.00
20150205  22:02:00 2482.00 2483.00 2482.00 2482.00 5970.00
20150205  22:03:00 2483.00 2484.00 2482.00 2484.00 6068.00
20150205  22:04:00 2484.00 2484.00 2482.00 2483.00 4952.00
20150205  22:05:00 2483.00 2484.00 2482.00 2484.00 4716.00
20150205  22:06:00 2484.00 2484.00 2482.00 2482.00 2150.00
20150205  22:07:00 2482.00 2483.00 2482.00 2483.00 318.00
20150205  22:08:00 2483.00 2483.00 2482.00 2483.00 256.00
20150205  22:09:00 2483.00 2483.00 2482.00 2482.00 2268.00
20150205  22:10:00 2482.00 2483.00 2482.00 2482.00 324.00
20150205  22:11:00 2482.00 2483.00 2482.00 2483.00 306.00
20150205  22:12:00 2482.00 2483.00 2482.00 2483.00 1160.00
20150205  22:13:00 2483.00 2483.00 2482.00 2482.00 614.00
20150205  22:14:00 2482.00 2483.00 2482.00 2482.00 266.00
20150205  22:15:00 2483.00 2483.00 2482.00 2483.00 968.00
20150205  22:16:00 2483.00 2483.00 2482.00 2483.00 1718.00
20150205  22:17:00 2483.00 2484.00 2483.00 2483.00 504.00
20150205  22:18:00 2483.00 2484.00 2483.00 2483.00 284.00
20150205  22:19:00 2483.00 2484.00 2483.00 2483.00 368.00
20150205  22:20:00 2483.00 2484.00 2483.00 2483.00 1100.00
20150205  22:21:00 2483.00 2484.00 2482.00 2482.00 2190.00
20150205  22:22:00 2483.00 2483.00 2482.00 2482.00 464.00
20150205  22:23:00 2482.00 2483.00 2481.00 2481.00 3488.00
20150205  22:24:00 2482.00 2482.00 2481.00 2482.00 412.00
20150205  22:25:00 2482.00 2482.00 2481.00 2481.00 1032.00
20150205  22:26:00 2481.00 2482.00 2481.00 2481.00 2620.00
20150205  22:27:00 2481.00 2481.00 2480.00 2480.00 2454.00
20150205  22:28:00 2481.00 2481.00 2479.00 2480.00 4072.00
20150205  22:29:00 2479.00 2480.00 2479.00 2480.00 2732.00
20150205  22:30:00 2480.00 2480.00 2479.00 2480.00 1012.00
20150205  22:31:00 2480.00 2481.00 2479.00 2480.00 2042.00
20150205  22:32:00 2480.00 2481.00 2480.00 2481.00 384.00
20150205  22:33:00 2481.00 2482.00 2480.00 2482.00 1874.00
20150205  22:34:00 2482.00 2482.00 2481.00 2481.00 584.00
20150205  22:35:00 2481.00 2482.00 2481.00 2481.00 574.00
20150205  22:36:00 2482.00 2482.00 2480.00 2481.00 1964.00
20150205  22:37:00 2480.00 2481.00 2480.00 2481.00 390.00
20150205  22:38:00 2480.00 2481.00 2480.00 2480.00  96.00
20150205  22:39:00 2480.00 2481.00 2479.00 2480.00 2160.00
20150205  22:40:00 2480.00 2480.00 2479.00 2480.00 1302.00
20150205  22:41:00 2480.00 2482.00 2480.00 2481.00 3518.00
20150205  22:42:00 2481.00 2482.00 2481.00 2481.00 3984.00
20150205  22:43:00 2481.00 2482.00 2480.00 2482.00 1400.00
20150205  22:44:00 2482.00 2482.00 2481.00 2481.00 212.00
20150205  22:45:00 2481.00 2482.00 2481.00 2481.00 886.00
20150205  22:46:00 2481.00 2482.00 2480.00 2481.00 1864.00
20150205  22:47:00 2480.00 2481.00 2480.00 2480.00 3074.00
20150205  22:48:00 2480.00 2481.00 2480.00 2481.00 258.00
20150205  22:49:00 2481.00 2481.00 2480.00 2481.00 612.00
20150205  22:50:00 2481.00 2482.00 2481.00 2482.00 1368.00
20150205  22:51:00 2481.00 2482.00 2481.00 2481.00 202.00
20150205  22:52:00 2481.00 2482.00 2481.00 2481.00 384.00
20150205  22:53:00 2481.00 2482.00 2481.00 2481.00 574.00
20150205  22:54:00 2481.00 2482.00 2481.00 2481.00 238.00
20150205  22:55:00 2482.00 2482.00 2481.00 2482.00 464.00
20150205  22:56:00 2482.00 2482.00 2481.00 2481.00 136.00
20150205  22:57:00 2481.00 2482.00 2480.00 2481.00 1472.00
20150205  22:58:00 2481.00 2482.00 2481.00 2482.00 1124.00
20150205  22:59:00 2482.00 2483.00 2481.00 2482.00 4154.00
20150205  23:00:00 2483.00 2484.00 2482.00 2484.00 6038.00
20150205  23:01:00 2484.00 2485.00 2483.00 2484.00 6740.00
20150205  23:02:00 2485.00 2485.00 2483.00 2484.00 3368.00
20150205  23:03:00 2484.00 2485.00 2483.00 2484.00 3282.00
20150205  23:04:00 2484.00 2485.00 2484.00 2485.00 1360.00
20150205  23:05:00 2484.00 2485.00 2483.00 2484.00 4654.00
20150205  23:06:00 2484.00 2487.00 2484.00 2487.00 18968.00
20150205  23:07:00 2487.00 2488.00 2486.00 2487.00 8338.00
20150205  23:08:00 2486.00 2487.00 2486.00 2486.00 5104.00
20150205  23:09:00 2486.00 2488.00 2486.00 2488.00 3884.00
20150205  23:10:00 2488.00 2488.00 2486.00 2486.00 3612.00
20150205  23:11:00 2486.00 2488.00 2486.00 2487.00 7500.00
20150205  23:12:00 2488.00 2489.00 2487.00 2489.00 7378.00
20150205  23:13:00 2489.00 2490.00 2488.00 2490.00 9896.00
20150205  23:14:00 2489.00 2491.00 2489.00 2490.00 10422.00
20150205  23:15:00 2490.00 2491.00 2490.00 2490.00 9318.00
20150205  23:16:00 2491.00 2491.00 2489.00 2490.00 9006.00
20150205  23:17:00 2490.00 2491.00 2490.00 2491.00 4964.00
20150205  23:18:00 2490.00 2491.00 2490.00 2490.00 2564.00
20150205  23:19:00 2490.00 2491.00 2489.00 2489.00 3066.00
20150205  23:20:00 2489.00 2491.00 2489.00 2490.00 4244.00
20150205  23:21:00 2490.00 2491.00 2490.00 2490.00 1948.00
20150205  23:22:00 2490.00 2491.00 2489.00 2489.00 2892.00
20150205  23:23:00 2489.00 2489.00 2488.00 2489.00 2560.00
20150205  23:24:00 2488.00 2489.00 2488.00 2488.00 2310.00
20150205  23:25:00 2488.00 2489.00 2486.00 2487.00 4588.00
20150205  23:26:00 2487.00 2489.00 2486.00 2488.00 8998.00
20150205  23:27:00 2488.00 2489.00 2487.00 2487.00 1882.00
20150205  23:28:00 2487.00 2488.00 2487.00 2487.00 872.00
20150205  23:29:00 2487.00 2488.00 2487.00 2488.00 2922.00
20150205  23:30:00 2488.00 2489.00 2486.00 2487.00 4924.00
20150205  23:31:00 2487.00 2488.00 2486.00 2487.00 2774.00
20150205  23:32:00 2487.00 2488.00 2487.00 2487.00 1478.00
20150205  23:33:00 2488.00 2489.00 2488.00 2488.00 2270.00
20150205  23:34:00 2488.00 2489.00 2487.00 2487.00 3036.00
20150205  23:35:00 2488.00 2488.00 2486.00 2486.00 3936.00
20150205  23:36:00 2486.00 2487.00 2485.00 2486.00 4030.00
20150205  23:37:00 2485.00 2487.00 2485.00 2487.00 990.00
20150205  23:38:00 2487.00 2487.00 2486.00 2487.00 2252.00
20150205  23:39:00 2487.00 2489.00 2485.00 2489.00 3518.00
20150205  23:40:00 2489.00 2490.00 2488.00 2490.00 5820.00
20150205  23:41:00 2489.00 2490.00 2489.00 2490.00 1608.00
20150205  23:42:00 2489.00 2490.00 2489.00 2489.00 1342.00
20150205  23:43:00 2489.00 2490.00 2488.00 2489.00 1170.00
20150205  23:44:00 2489.00 2490.00 2488.00 2489.00 1290.00
20150205  23:45:00 2489.00 2490.00 2488.00 2489.00 1448.00
20150205  23:46:00 2490.00 2490.00 2488.00 2488.00 774.00
20150205  23:47:00 2488.00 2489.00 2488.00 2488.00 860.00
20150205  23:48:00 2488.00 2489.00 2488.00 2488.00 620.00
20150205  23:49:00 2488.00 2489.00 2488.00 2489.00 372.00
20150205  23:50:00 2489.00 2489.00 2487.00 2487.00 686.00
20150205  23:51:00 2487.00 2488.00 2487.00 2488.00 250.00
20150205  23:52:00 2488.00 2488.00 2487.00 2487.00 288.00
20150205  23:53:00 2487.00 2488.00 2487.00 2488.00 396.00
20150205  23:54:00 2488.00 2488.00 2487.00 2487.00 516.00
20150205  23:55:00 2487.00 2489.00 2487.00 2489.00 2654.00
20150205  23:56:00 2489.00 2491.00 2489.00 2491.00 6760.00
20150205  23:57:00 2490.00 2491.00 2489.00 2489.00 1422.00
20150205  23:58:00 2489.00 2490.00 2489.00 2490.00 740.00
20150205  23:59:00 2490.00 2490.00 2489.00 2490.00 758.00
20150206  00:00:00 2490.00 2494.00 2490.00 2494.00 15950.00
20150206  00:01:00 2494.00 2495.00 2493.00 2494.00 9982.00
20150206  00:02:00 2494.00 2495.00 2493.00 2494.00 3890.00
20150206  00:03:00 2494.00 2494.00 2488.00 2488.00 10268.00
20150206  00:04:00 2489.00 2489.00 2487.00 2489.00 4542.00
20150206  00:05:00 2489.00 2490.00 2489.00 2489.00 1004.00
20150206  00:06:00 2489.00 2490.00 2488.00 2489.00 1762.00
20150206  00:07:00 2490.00 2490.00 2489.00 2489.00 764.00
20150206  00:08:00 2489.00 2490.00 2488.00 2488.00 378.00
20150206  00:09:00 2489.00 2489.00 2488.00 2489.00 1214.00
20150206  00:10:00 2489.00 2489.00 2488.00 2489.00 422.00
20150206  00:11:00 2489.00 2489.00 2487.00 2488.00 2020.00
20150206  00:12:00 2488.00 2489.00 2488.00 2489.00 200.00
20150206  00:13:00 2489.00 2489.00 2488.00 2488.00 212.00
20150206  00:14:00 2488.00 2489.00 2488.00 2489.00 148.00
20150206  00:15:00 2488.00 2489.00 2488.00 2489.00 420.00
20150206  00:16:00 2489.00 2489.00 2488.00 2488.00  56.00
20150206  00:17:00 2489.00 2489.00 2488.00 2489.00 274.00
20150206  00:18:00 2489.00 2489.00 2488.00 2488.00 484.00
20150206  00:19:00 2488.00 2489.00 2488.00 2488.00 190.00
20150206  00:20:00 2488.00 2489.00 2487.00 2487.00 1864.00
20150206  00:21:00 2487.00 2488.00 2486.00 2486.00 3964.00
20150206  00:22:00 2486.00 2488.00 2486.00 2488.00 2906.00
20150206  00:23:00 2488.00 2489.00 2488.00 2488.00 1644.00
20150206  00:24:00 2489.00 2489.00 2487.00 2488.00 324.00
20150206  00:25:00 2488.00 2488.00 2487.00 2487.00  84.00
20150206  00:26:00 2487.00 2488.00 2487.00 2488.00 194.00
20150206  00:27:00 2488.00 2488.00 2488.00 2488.00  72.00
20150206  00:28:00 2488.00 2488.00 2487.00 2488.00  54.00
20150206  00:29:00 2488.00 2489.00 2487.00 2489.00 1292.00
20150206  00:30:00 2489.00 2490.00 2488.00 2489.00 1228.00
20150206  00:31:00 2489.00 2489.00 2488.00 2488.00 496.00
20150206  00:32:00 2488.00 2490.00 2488.00 2490.00 872.00
20150206  00:33:00 2490.00 2490.00 2489.00 2489.00  60.00
20150206  00:34:00 2489.00 2490.00 2489.00 2489.00 274.00
20150206  00:35:00 2489.00 2490.00 2489.00 2489.00 146.00
20150206  00:36:00 2489.00 2490.00 2489.00 2489.00  68.00
20150206  00:37:00 2489.00 2490.00 2489.00 2489.00  82.00
20150206  00:38:00 2489.00 2490.00 2488.00 2489.00 746.00
20150206  00:39:00 2489.00 2490.00 2489.00 2489.00 284.00
20150206  00:40:00 2489.00 2490.00 2489.00 2490.00  90.00
20150206  00:41:00 2490.00 2490.00 2489.00 2489.00 120.00
20150206  00:42:00 2489.00 2491.00 2489.00 2491.00 2106.00
20150206  00:43:00 2491.00 2491.00 2490.00 2491.00 248.00
20150206  00:44:00 2491.00 2491.00 2490.00 2491.00 942.00
20150206  00:45:00 2491.00 2492.00 2490.00 2491.00 2300.00
20150206  00:46:00 2490.00 2492.00 2490.00 2491.00 1166.00
20150206  00:47:00 2491.00 2492.00 2491.00 2491.00 518.00
20150206  00:48:00 2491.00 2492.00 2491.00 2492.00 286.00
20150206  00:49:00 2492.00 2492.00 2491.00 2491.00 406.00
20150206  00:50:00 2491.00 2492.00 2491.00 2492.00 978.00
20150206  00:51:00 2492.00 2493.00 2491.00 2491.00 3122.00
20150206  00:52:00 2492.00 2492.00 2491.00 2492.00 678.00
20150206  00:53:00 2492.00 2493.00 2491.00 2493.00 1120.00
20150206  00:54:00 2493.00 2494.00 2493.00 2493.00 1286.00
20150206  00:55:00 2493.00 2495.00 2492.00 2495.00 4268.00
20150206  00:56:00 2494.00 2495.00 2493.00 2493.00 1632.00
20150206  00:57:00 2493.00 2495.00 2492.00 2493.00 3108.00
20150206  00:58:00 2493.00 2494.00 2493.00 2494.00 882.00
20150206  00:59:00 2494.00 2495.00 2493.00 2494.00 4144.00
20150206  01:00:00 2495.00 2495.00 2495.00 2495.00  32.00
20150206  09:00:00 2492.00 2495.00 2490.00 2490.00 18030.00
20150206  09:01:00 2491.00 2493.00 2490.00 2492.00 8334.00
20150206  09:02:00 2492.00 2493.00 2491.00 2492.00 8992.00
20150206  09:03:00 2491.00 2492.00 2490.00 2491.00 5636.00
20150206  09:04:00 2492.00 2494.00 2491.00 2494.00 12250.00
20150206  09:05:00 2493.00 2495.00 2493.00 2495.00 6814.00
20150206  09:06:00 2495.00 2495.00 2493.00 2494.00 9506.00
20150206  09:07:00 2494.00 2495.00 2493.00 2493.00 8098.00
20150206  09:08:00 2493.00 2494.00 2491.00 2491.00 7314.00
20150206  09:09:00 2491.00 2494.00 2491.00 2492.00 7740.00
20150206  09:10:00 2492.00 2493.00 2492.00 2492.00 696.00
20150206  09:11:00 2492.00 2493.00 2491.00 2493.00 7696.00
20150206  09:12:00 2493.00 2494.00 2492.00 2492.00 3900.00
20150206  09:13:00 2493.00 2494.00 2492.00 2493.00 8828.00
20150206  09:14:00 2492.00 2494.00 2492.00 2493.00 4740.00
20150206  09:15:00 2493.00 2494.00 2492.00 2492.00 3010.00
20150206  09:16:00 2492.00 2493.00 2491.00 2492.00 5192.00
20150206  09:17:00 2492.00 2493.00 2491.00 2492.00 5124.00
20150206  09:18:00 2492.00 2492.00 2491.00 2492.00 4360.00
20150206  09:19:00 2492.00 2493.00 2490.00 2492.00 6300.00
20150206  09:20:00 2492.00 2493.00 2491.00 2493.00 3896.00
20150206  09:21:00 2493.00 2493.00 2491.00 2491.00 4858.00
20150206  09:22:00 2491.00 2493.00 2491.00 2492.00 2840.00
20150206  09:23:00 2492.00 2493.00 2491.00 2492.00 1936.00
20150206  09:24:00 2492.00 2493.00 2491.00 2491.00 4476.00
20150206  09:25:00 2491.00 2492.00 2491.00 2492.00 448.00
20150206  09:26:00 2492.00 2493.00 2491.00 2493.00 2578.00
20150206  09:27:00 2493.00 2493.00 2491.00 2491.00 2412.00
20150206  09:28:00 2492.00 2492.00 2490.00 2491.00 2884.00
20150206  09:29:00 2491.00 2491.00 2489.00 2490.00 13040.00
20150206  09:30:00 2490.00 2492.00 2490.00 2491.00 4688.00
20150206  09:31:00 2491.00 2491.00 2490.00 2490.00 1042.00
20150206  09:32:00 2490.00 2491.00 2490.00 2491.00 398.00
20150206  09:33:00 2491.00 2492.00 2490.00 2491.00 3536.00
20150206  09:34:00 2491.00 2492.00 2491.00 2492.00 1926.00
20150206  09:35:00 2492.00 2492.00 2490.00 2491.00 1886.00
20150206  09:36:00 2491.00 2492.00 2490.00 2491.00 3552.00
20150206  09:37:00 2491.00 2491.00 2490.00 2490.00 938.00
20150206  09:38:00 2490.00 2491.00 2489.00 2490.00 8448.00
20150206  09:39:00 2490.00 2491.00 2490.00 2491.00 3336.00
20150206  09:40:00 2491.00 2492.00 2490.00 2492.00 3168.00
20150206  09:41:00 2492.00 2492.00 2491.00 2492.00 1154.00
20150206  09:42:00 2491.00 2492.00 2490.00 2490.00 2916.00
20150206  09:43:00 2491.00 2491.00 2490.00 2490.00 576.00
20150206  09:44:00 2490.00 2491.00 2490.00 2491.00 304.00
20150206  09:45:00 2491.00 2491.00 2489.00 2489.00 3556.00
20150206  09:46:00 2489.00 2490.00 2488.00 2488.00 4816.00
20150206  09:47:00 2489.00 2490.00 2488.00 2488.00 4812.00
20150206  09:48:00 2489.00 2489.00 2487.00 2488.00 6848.00
20150206  09:49:00 2488.00 2488.00 2487.00 2487.00 2470.00
20150206  09:50:00 2487.00 2489.00 2487.00 2489.00 7312.00
20150206  09:51:00 2488.00 2489.00 2488.00 2489.00 810.00
20150206  09:52:00 2489.00 2490.00 2489.00 2489.00 2880.00
20150206  09:53:00 2489.00 2490.00 2489.00 2490.00 4724.00
20150206  09:54:00 2490.00 2491.00 2489.00 2491.00 3286.00
20150206  09:55:00 2491.00 2491.00 2489.00 2490.00 2624.00
20150206  09:56:00 2490.00 2490.00 2489.00 2490.00 2258.00
20150206  09:57:00 2490.00 2490.00 2488.00 2489.00 2834.00
20150206  09:58:00 2489.00 2490.00 2489.00 2490.00 1460.00
20150206  09:59:00 2490.00 2491.00 2489.00 2490.00 2530.00
20150206  10:00:00 2490.00 2491.00 2489.00 2490.00 2852.00
20150206  10:01:00 2490.00 2490.00 2489.00 2489.00 466.00
20150206  10:02:00 2489.00 2490.00 2489.00 2490.00 1908.00
20150206  10:03:00 2490.00 2490.00 2488.00 2488.00 1166.00
20150206  10:04:00 2489.00 2489.00 2488.00 2489.00 826.00
20150206  10:05:00 2489.00 2490.00 2488.00 2489.00 5164.00
20150206  10:06:00 2490.00 2490.00 2489.00 2490.00 338.00
20150206  10:07:00 2490.00 2490.00 2489.00 2489.00 476.00
20150206  10:08:00 2490.00 2490.00 2489.00 2490.00 2480.00
20150206  10:09:00 2490.00 2490.00 2489.00 2489.00 2200.00
20150206  10:10:00 2489.00 2491.00 2489.00 2490.00 3386.00
20150206  10:11:00 2490.00 2491.00 2489.00 2490.00 3282.00
20150206  10:12:00 2490.00 2491.00 2489.00 2490.00 3760.00
20150206  10:13:00 2490.00 2491.00 2490.00 2490.00 192.00
20150206  10:14:00 2490.00 2491.00 2490.00 2491.00 3700.00
20150206  10:30:00 2491.00 2491.00 2490.00 2491.00 1342.00
20150206  10:31:00 2491.00 2491.00 2489.00 2490.00 1244.00
20150206  10:32:00 2490.00 2491.00 2490.00 2491.00 544.00
20150206  10:33:00 2491.00 2493.00 2490.00 2492.00 8656.00
20150206  10:34:00 2492.00 2493.00 2491.00 2493.00 2256.00
20150206  10:35:00 2493.00 2493.00 2492.00 2492.00 1884.00
20150206  10:36:00 2493.00 2493.00 2492.00 2492.00 1614.00
20150206  10:37:00 2492.00 2494.00 2492.00 2494.00 5652.00
20150206  10:38:00 2494.00 2496.00 2494.00 2496.00 18292.00
20150206  10:39:00 2496.00 2497.00 2494.00 2494.00 11144.00
20150206  10:40:00 2495.00 2495.00 2494.00 2494.00 5290.00
20150206  10:41:00 2495.00 2495.00 2493.00 2494.00 6744.00
20150206  10:42:00 2495.00 2495.00 2491.00 2491.00 9286.00
20150206  10:43:00 2491.00 2492.00 2490.00 2491.00 10210.00
20150206  10:44:00 2491.00 2492.00 2491.00 2491.00 772.00
20150206  10:45:00 2491.00 2492.00 2491.00 2491.00 3348.00
20150206  10:46:00 2491.00 2492.00 2491.00 2492.00 1822.00
20150206  10:47:00 2492.00 2493.00 2491.00 2492.00 1190.00
20150206  10:48:00 2492.00 2493.00 2492.00 2493.00 456.00
20150206  10:49:00 2493.00 2494.00 2492.00 2494.00 3074.00
20150206  10:50:00 2494.00 2495.00 2493.00 2493.00 7908.00
20150206  10:51:00 2493.00 2494.00 2493.00 2493.00 2516.00
20150206  10:52:00 2493.00 2495.00 2493.00 2495.00 5710.00
20150206  10:53:00 2495.00 2495.00 2493.00 2494.00 4818.00
20150206  10:54:00 2494.00 2495.00 2493.00 2494.00 950.00
20150206  10:55:00 2494.00 2494.00 2493.00 2493.00 784.00
20150206  10:56:00 2493.00 2494.00 2492.00 2492.00 2134.00
20150206  10:57:00 2492.00 2493.00 2491.00 2491.00 3600.00
20150206  10:58:00 2491.00 2492.00 2490.00 2490.00 6530.00
20150206  10:59:00 2490.00 2492.00 2490.00 2491.00 7324.00
20150206  11:00:00 2491.00 2493.00 2491.00 2492.00 5626.00
20150206  11:01:00 2493.00 2493.00 2491.00 2492.00 784.00
20150206  11:02:00 2492.00 2492.00 2491.00 2491.00 328.00
20150206  11:03:00 2491.00 2492.00 2491.00 2491.00 236.00
20150206  11:04:00 2491.00 2492.00 2491.00 2491.00 652.00
20150206  11:05:00 2491.00 2492.00 2491.00 2491.00 1336.00
20150206  11:06:00 2491.00 2492.00 2489.00 2490.00 10452.00
20150206  11:07:00 2490.00 2491.00 2489.00 2490.00 6476.00
20150206  11:08:00 2490.00 2491.00 2489.00 2490.00 8234.00
20150206  11:09:00 2490.00 2491.00 2489.00 2489.00 6806.00
20150206  11:10:00 2490.00 2491.00 2489.00 2490.00 3838.00
20150206  11:11:00 2490.00 2491.00 2490.00 2490.00 2408.00
20150206  11:12:00 2490.00 2491.00 2489.00 2490.00 3956.00
20150206  11:13:00 2490.00 2490.00 2489.00 2489.00 3980.00
20150206  11:14:00 2489.00 2490.00 2489.00 2490.00 844.00
20150206  11:15:00 2490.00 2490.00 2489.00 2489.00 3904.00
20150206  11:16:00 2489.00 2490.00 2488.00 2489.00 5950.00
20150206  11:17:00 2489.00 2490.00 2488.00 2489.00 3258.00
20150206  11:18:00 2489.00 2490.00 2488.00 2488.00 2400.00
20150206  11:19:00 2488.00 2489.00 2482.00 2484.00 33898.00
20150206  11:20:00 2485.00 2485.00 2481.00 2484.00 24746.00
20150206  11:21:00 2484.00 2484.00 2482.00 2484.00 13352.00
20150206  11:22:00 2484.00 2484.00 2483.00 2483.00 3376.00
20150206  11:23:00 2484.00 2485.00 2483.00 2485.00 4820.00
20150206  11:24:00 2484.00 2486.00 2484.00 2485.00 5894.00
20150206  11:25:00 2485.00 2485.00 2484.00 2485.00 2440.00
20150206  11:26:00 2485.00 2486.00 2485.00 2485.00 3144.00
20150206  11:27:00 2485.00 2485.00 2484.00 2484.00 1384.00
20150206  11:28:00 2485.00 2485.00 2483.00 2483.00 5990.00
20150206  11:29:00 2483.00 2484.00 2482.00 2482.00 6262.00
20150206  13:30:00 2484.00 2485.00 2483.00 2485.00 8250.00
20150206  13:31:00 2485.00 2485.00 2484.00 2484.00 2182.00
20150206  13:32:00 2484.00 2485.00 2483.00 2484.00 6710.00
20150206  13:33:00 2484.00 2484.00 2483.00 2484.00 696.00
20150206  13:34:00 2484.00 2484.00 2483.00 2484.00 1272.00
20150206  13:35:00 2483.00 2485.00 2483.00 2484.00 3792.00
20150206  13:36:00 2484.00 2485.00 2483.00 2483.00 882.00
20150206  13:37:00 2483.00 2484.00 2483.00 2483.00 378.00
20150206  13:38:00 2483.00 2484.00 2483.00 2484.00 218.00
20150206  13:39:00 2483.00 2485.00 2483.00 2484.00 1762.00
20150206  13:40:00 2484.00 2485.00 2484.00 2485.00 890.00
20150206  13:41:00 2484.00 2485.00 2484.00 2485.00 932.00
20150206  13:42:00 2484.00 2485.00 2484.00 2484.00 1124.00
20150206  13:43:00 2484.00 2485.00 2483.00 2483.00 2476.00
20150206  13:44:00 2484.00 2484.00 2483.00 2483.00 874.00
20150206  13:45:00 2483.00 2484.00 2483.00 2483.00 1174.00
20150206  13:46:00 2484.00 2484.00 2483.00 2484.00 1170.00
20150206  13:47:00 2484.00 2485.00 2483.00 2485.00 1644.00
20150206  13:48:00 2484.00 2485.00 2484.00 2484.00 1052.00
20150206  13:49:00 2484.00 2485.00 2483.00 2484.00 1804.00
20150206  13:50:00 2484.00 2485.00 2484.00 2485.00 696.00
20150206  13:51:00 2484.00 2485.00 2484.00 2484.00  74.00
20150206  13:52:00 2484.00 2485.00 2484.00 2485.00 454.00
20150206  13:53:00 2485.00 2485.00 2484.00 2484.00 352.00
20150206  13:54:00 2484.00 2486.00 2484.00 2486.00 3858.00
20150206  13:55:00 2486.00 2486.00 2484.00 2485.00 3830.00
20150206  13:56:00 2485.00 2486.00 2484.00 2485.00 3906.00
20150206  13:57:00 2485.00 2486.00 2485.00 2486.00 208.00
20150206  13:58:00 2486.00 2487.00 2485.00 2487.00 6580.00
20150206  13:59:00 2487.00 2487.00 2484.00 2485.00 7096.00
20150206  14:00:00 2485.00 2486.00 2484.00 2485.00 4364.00
20150206  14:01:00 2485.00 2485.00 2484.00 2485.00 516.00
20150206  14:02:00 2485.00 2485.00 2484.00 2484.00 566.00
20150206  14:03:00 2484.00 2485.00 2483.00 2484.00 5544.00
20150206  14:04:00 2484.00 2484.00 2483.00 2484.00 994.00
20150206  14:05:00 2484.00 2484.00 2483.00 2483.00 1396.00
20150206  14:06:00 2484.00 2485.00 2483.00 2484.00 2396.00
20150206  14:07:00 2485.00 2485.00 2484.00 2485.00 2480.00
20150206  14:08:00 2485.00 2486.00 2484.00 2484.00 2344.00
20150206  14:09:00 2485.00 2486.00 2484.00 2484.00 3092.00
20150206  14:10:00 2484.00 2486.00 2484.00 2485.00 3240.00
20150206  14:11:00 2485.00 2486.00 2485.00 2485.00 742.00
20150206  14:12:00 2485.00 2486.00 2484.00 2485.00 1884.00
20150206  14:13:00 2485.00 2486.00 2484.00 2485.00 3394.00
20150206  14:14:00 2485.00 2486.00 2485.00 2486.00  82.00
20150206  14:15:00 2485.00 2486.00 2485.00 2485.00 1032.00
20150206  14:16:00 2485.00 2485.00 2484.00 2484.00 1326.00
20150206  14:17:00 2485.00 2485.00 2484.00 2484.00 146.00
20150206  14:18:00 2484.00 2485.00 2484.00 2485.00 136.00
20150206  14:19:00 2484.00 2485.00 2484.00 2485.00 598.00
20150206  14:20:00 2485.00 2485.00 2484.00 2484.00 838.00
20150206  14:21:00 2484.00 2486.00 2484.00 2485.00 4398.00
20150206  14:22:00 2485.00 2486.00 2484.00 2485.00 1720.00
20150206  14:23:00 2485.00 2486.00 2485.00 2485.00 244.00
20150206  14:24:00 2485.00 2486.00 2485.00 2486.00 1922.00
20150206  14:25:00 2486.00 2487.00 2485.00 2486.00 3872.00
20150206  14:26:00 2486.00 2487.00 2485.00 2485.00 3926.00
20150206  14:27:00 2485.00 2487.00 2485.00 2487.00 2380.00
20150206  14:28:00 2487.00 2487.00 2486.00 2487.00 582.00
20150206  14:29:00 2487.00 2487.00 2485.00 2486.00 3434.00
20150206  14:30:00 2486.00 2486.00 2485.00 2485.00 144.00
20150206  14:31:00 2485.00 2486.00 2485.00 2485.00 152.00
20150206  14:32:00 2485.00 2486.00 2484.00 2485.00 3728.00
20150206  14:33:00 2485.00 2486.00 2484.00 2485.00 4736.00
20150206  14:34:00 2485.00 2486.00 2485.00 2486.00 1182.00
20150206  14:35:00 2486.00 2486.00 2485.00 2485.00 314.00
20150206  14:36:00 2485.00 2487.00 2485.00 2487.00 3906.00
20150206  14:37:00 2487.00 2488.00 2486.00 2487.00 6674.00
20150206  14:38:00 2487.00 2487.00 2486.00 2487.00 676.00
20150206  14:39:00 2487.00 2487.00 2486.00 2486.00 430.00
20150206  14:40:00 2486.00 2488.00 2486.00 2488.00 2796.00
20150206  14:41:00 2487.00 2488.00 2487.00 2487.00 610.00
20150206  14:42:00 2487.00 2487.00 2486.00 2487.00 5968.00
20150206  14:43:00 2487.00 2487.00 2485.00 2486.00 2402.00
20150206  14:44:00 2486.00 2486.00 2485.00 2486.00 2182.00
20150206  14:45:00 2486.00 2486.00 2485.00 2485.00 8426.00
20150206  14:46:00 2485.00 2486.00 2484.00 2485.00 7770.00
20150206  14:47:00 2485.00 2485.00 2484.00 2484.00 3228.00
20150206  14:48:00 2484.00 2485.00 2484.00 2484.00 1994.00
20150206  14:49:00 2484.00 2485.00 2484.00 2484.00 2262.00
20150206  14:50:00 2485.00 2486.00 2484.00 2486.00 3330.00
20150206  14:51:00 2486.00 2486.00 2485.00 2486.00 2576.00
20150206  14:52:00 2486.00 2486.00 2485.00 2486.00 950.00
20150206  14:53:00 2485.00 2488.00 2485.00 2487.00 7294.00
20150206  14:54:00 2487.00 2489.00 2486.00 2489.00 17766.00
20150206  14:55:00 2490.00 2493.00 2490.00 2492.00 33430.00
20150206  14:56:00 2492.00 2494.00 2491.00 2492.00 13234.00
20150206  14:57:00 2493.00 2494.00 2491.00 2493.00 9592.00
20150206  14:58:00 2493.00 2495.00 2492.00 2494.00 21694.00
20150206  14:59:00 2495.00 2497.00 2494.00 2495.00 37568.00
20150206  15:00:00 2496.00 2496.00 2496.00 2496.00  82.00
