20151124  15:00:00 1667.00 1667.00 1667.00 1667.00 618.00
20151124  14:59:00 1667.00 1668.00 1666.00 1666.00 22998.00
20151124  14:58:00 1667.00 1667.00 1665.00 1666.00 43398.00
20151124  14:57:00 1668.00 1668.00 1666.00 1666.00 15726.00
20151124  14:56:00 1667.00 1668.00 1667.00 1668.00 13692.00
20151124  14:55:00 1669.00 1669.00 1666.00 1666.00 25746.00
20151124  14:54:00 1668.00 1670.00 1668.00 1669.00 19870.00
20151124  14:53:00 1668.00 1669.00 1668.00 1669.00 7460.00
20151124  14:52:00 1668.00 1669.00 1667.00 1668.00 9450.00
20151124  14:51:00 1669.00 1669.00 1667.00 1667.00 7288.00
20151124  14:50:00 1668.00 1669.00 1667.00 1669.00 11864.00
20151124  14:49:00 1666.00 1668.00 1666.00 1667.00 13400.00
20151124  14:48:00 1665.00 1667.00 1665.00 1666.00 9962.00
20151124  14:47:00 1667.00 1668.00 1665.00 1665.00 11772.00
20151124  14:46:00 1668.00 1668.00 1667.00 1667.00 16430.00
20151124  14:45:00 1668.00 1669.00 1667.00 1668.00 17486.00
20151124  14:44:00 1668.00 1668.00 1667.00 1667.00 11216.00
20151124  14:43:00 1668.00 1668.00 1667.00 1668.00 3928.00
20151124  14:42:00 1666.00 1668.00 1666.00 1668.00 6448.00
20151124  14:41:00 1668.00 1668.00 1665.00 1666.00 12558.00
20151124  14:40:00 1667.00 1668.00 1666.00 1668.00 12238.00
20151124  14:39:00 1667.00 1668.00 1666.00 1667.00 10414.00
20151124  14:38:00 1665.00 1668.00 1665.00 1667.00 15456.00
20151124  14:37:00 1666.00 1667.00 1665.00 1665.00 13724.00
20151124  14:36:00 1664.00 1667.00 1664.00 1666.00 8776.00
20151124  14:35:00 1665.00 1665.00 1664.00 1665.00 2572.00
20151124  14:34:00 1667.00 1667.00 1664.00 1665.00 12202.00
20151124  14:33:00 1666.00 1667.00 1666.00 1666.00 13220.00
20151124  14:32:00 1666.00 1667.00 1665.00 1666.00 5916.00
20151124  14:31:00 1666.00 1667.00 1665.00 1666.00 9622.00
20151124  14:30:00 1667.00 1667.00 1665.00 1666.00 11746.00
20151124  14:29:00 1666.00 1667.00 1665.00 1667.00 15706.00
20151124  14:28:00 1666.00 1666.00 1665.00 1666.00 1570.00
20151124  14:27:00 1664.00 1666.00 1664.00 1666.00 7448.00
20151124  14:26:00 1664.00 1665.00 1664.00 1665.00 504.00
20151124  14:25:00 1664.00 1665.00 1663.00 1664.00 6818.00
20151124  14:24:00 1663.00 1665.00 1663.00 1664.00 3592.00
20151124  14:23:00 1664.00 1664.00 1663.00 1663.00 3874.00
20151124  14:22:00 1664.00 1665.00 1663.00 1664.00 5002.00
20151124  14:21:00 1665.00 1665.00 1664.00 1665.00 2868.00
20151124  14:20:00 1664.00 1666.00 1664.00 1665.00 15356.00
20151124  14:19:00 1664.00 1665.00 1664.00 1664.00 5888.00
20151124  14:18:00 1664.00 1665.00 1663.00 1664.00 4900.00
20151124  14:17:00 1663.00 1664.00 1663.00 1664.00 6424.00
20151124  14:16:00 1662.00 1664.00 1662.00 1663.00 7966.00
20151124  14:15:00 1664.00 1664.00 1662.00 1662.00 11456.00
20151124  14:14:00 1664.00 1665.00 1663.00 1665.00 6400.00
20151124  14:13:00 1664.00 1664.00 1663.00 1664.00 864.00
20151124  14:12:00 1664.00 1664.00 1663.00 1664.00 954.00
20151124  14:11:00 1663.00 1664.00 1663.00 1664.00 5348.00
20151124  14:10:00 1664.00 1664.00 1662.00 1663.00 6252.00
20151124  14:09:00 1662.00 1664.00 1662.00 1663.00 7294.00
20151124  14:08:00 1662.00 1664.00 1662.00 1662.00 12660.00
20151124  14:07:00 1664.00 1665.00 1662.00 1662.00 15404.00
20151124  14:06:00 1664.00 1665.00 1664.00 1664.00 3440.00
20151124  14:05:00 1663.00 1665.00 1663.00 1665.00 5576.00
20151124  14:04:00 1665.00 1665.00 1663.00 1664.00 11482.00
20151124  14:03:00 1663.00 1665.00 1663.00 1665.00 6790.00
20151124  14:02:00 1664.00 1664.00 1663.00 1663.00 5626.00
20151124  14:01:00 1665.00 1665.00 1664.00 1664.00 15274.00
20151124  14:00:00 1666.00 1666.00 1664.00 1665.00 10386.00
20151124  13:59:00 1665.00 1667.00 1665.00 1666.00 9448.00
20151124  13:58:00 1665.00 1666.00 1665.00 1665.00 1474.00
20151124  13:57:00 1665.00 1666.00 1664.00 1665.00 17156.00
20151124  13:56:00 1665.00 1666.00 1664.00 1665.00 14782.00
20151124  13:55:00 1666.00 1667.00 1664.00 1664.00 18610.00
20151124  13:54:00 1668.00 1668.00 1666.00 1666.00 16586.00
20151124  13:53:00 1669.00 1670.00 1667.00 1668.00 20020.00
20151124  13:52:00 1670.00 1670.00 1668.00 1669.00 32226.00
20151124  13:51:00 1669.00 1670.00 1668.00 1670.00 15372.00
20151124  13:50:00 1669.00 1670.00 1668.00 1669.00 34330.00
20151124  13:49:00 1668.00 1669.00 1667.00 1669.00 15764.00
20151124  13:48:00 1668.00 1668.00 1667.00 1667.00 7338.00
20151124  13:47:00 1668.00 1668.00 1667.00 1668.00 1312.00
20151124  13:46:00 1667.00 1668.00 1666.00 1667.00 25400.00
20151124  13:45:00 1667.00 1669.00 1667.00 1667.00 11070.00
20151124  13:44:00 1668.00 1669.00 1667.00 1668.00 10946.00
20151124  13:43:00 1665.00 1668.00 1664.00 1668.00 19902.00
20151124  13:42:00 1666.00 1666.00 1664.00 1665.00 6860.00
20151124  13:41:00 1666.00 1666.00 1665.00 1665.00 7334.00
20151124  13:40:00 1666.00 1666.00 1665.00 1666.00 1490.00
20151124  13:39:00 1665.00 1666.00 1665.00 1665.00 2554.00
20151124  13:38:00 1666.00 1666.00 1665.00 1665.00 9176.00
20151124  13:37:00 1665.00 1667.00 1664.00 1665.00 14362.00
20151124  13:36:00 1666.00 1667.00 1665.00 1665.00 24718.00
20151124  13:35:00 1667.00 1667.00 1665.00 1665.00 6654.00
20151124  13:34:00 1667.00 1667.00 1666.00 1666.00 3284.00
20151124  13:33:00 1668.00 1668.00 1666.00 1667.00 7068.00
20151124  13:32:00 1667.00 1669.00 1667.00 1667.00 21320.00
20151124  13:31:00 1669.00 1669.00 1666.00 1667.00 18866.00
20151124  13:30:00 1666.00 1669.00 1666.00 1669.00 31270.00
20151124  11:29:00 1664.00 1666.00 1663.00 1666.00 17526.00
20151124  11:28:00 1664.00 1664.00 1662.00 1663.00 8230.00
20151124  11:27:00 1663.00 1664.00 1663.00 1664.00 2968.00
20151124  11:26:00 1663.00 1664.00 1662.00 1663.00 16634.00
20151124  11:25:00 1662.00 1663.00 1662.00 1663.00 12234.00
20151124  11:24:00 1662.00 1662.00 1661.00 1662.00 2186.00
20151124  11:23:00 1661.00 1662.00 1661.00 1662.00 5178.00
20151124  11:22:00 1661.00 1661.00 1660.00 1661.00 4108.00
20151124  11:21:00 1662.00 1662.00 1660.00 1661.00 5080.00
20151124  11:20:00 1662.00 1663.00 1661.00 1662.00 6966.00
20151124  11:19:00 1660.00 1663.00 1660.00 1662.00 14828.00
20151124  11:18:00 1661.00 1661.00 1660.00 1660.00 738.00
20151124  11:17:00 1660.00 1661.00 1660.00 1661.00 10214.00
20151124  11:16:00 1660.00 1661.00 1659.00 1660.00 2996.00
20151124  11:15:00 1660.00 1661.00 1659.00 1660.00 7802.00
20151124  11:14:00 1660.00 1660.00 1659.00 1659.00 802.00
20151124  11:13:00 1660.00 1661.00 1659.00 1660.00 2766.00
20151124  11:12:00 1659.00 1660.00 1658.00 1660.00 8862.00
20151124  11:11:00 1661.00 1661.00 1658.00 1659.00 9806.00
20151124  11:10:00 1660.00 1661.00 1658.00 1661.00 13942.00
20151124  11:09:00 1659.00 1660.00 1659.00 1660.00 970.00
20151124  11:08:00 1660.00 1660.00 1659.00 1659.00 1994.00
20151124  11:07:00 1659.00 1660.00 1659.00 1660.00 300.00
20151124  11:06:00 1659.00 1660.00 1658.00 1659.00 19752.00
20151124  11:05:00 1658.00 1660.00 1658.00 1659.00 10256.00
20151124  11:04:00 1658.00 1659.00 1658.00 1658.00 660.00
20151124  11:03:00 1658.00 1659.00 1657.00 1658.00 6910.00
20151124  11:02:00 1658.00 1659.00 1657.00 1658.00 5614.00
20151124  11:01:00 1659.00 1659.00 1657.00 1658.00 21838.00
20151124  11:00:00 1659.00 1660.00 1658.00 1659.00 14384.00
20151124  10:59:00 1660.00 1661.00 1659.00 1659.00 6558.00
20151124  10:58:00 1660.00 1661.00 1660.00 1660.00 1022.00
20151124  10:57:00 1661.00 1661.00 1660.00 1660.00 792.00
20151124  10:56:00 1661.00 1661.00 1660.00 1661.00 1632.00
20151124  10:55:00 1661.00 1661.00 1660.00 1661.00 6726.00
20151124  10:54:00 1662.00 1662.00 1660.00 1660.00 3448.00
20151124  10:53:00 1661.00 1661.00 1660.00 1661.00 6222.00
20151124  10:52:00 1660.00 1661.00 1660.00 1661.00 3244.00
20151124  10:51:00 1660.00 1661.00 1659.00 1661.00 2238.00
20151124  10:50:00 1660.00 1661.00 1659.00 1660.00 5352.00
20151124  10:49:00 1660.00 1660.00 1659.00 1660.00 5352.00
20151124  10:48:00 1660.00 1661.00 1659.00 1660.00 4916.00
20151124  10:47:00 1659.00 1661.00 1659.00 1660.00 11924.00
20151124  10:46:00 1659.00 1660.00 1658.00 1659.00 11028.00
20151124  10:45:00 1659.00 1660.00 1658.00 1659.00 6430.00
20151124  10:44:00 1659.00 1659.00 1658.00 1658.00 806.00
20151124  10:43:00 1658.00 1660.00 1658.00 1659.00 7032.00
20151124  10:42:00 1659.00 1660.00 1658.00 1658.00 6972.00
20151124  10:41:00 1660.00 1660.00 1659.00 1660.00 7680.00
20151124  10:40:00 1658.00 1660.00 1658.00 1660.00 11288.00
20151124  10:39:00 1659.00 1660.00 1658.00 1658.00 14250.00
20151124  10:38:00 1659.00 1660.00 1659.00 1660.00 4722.00
20151124  10:37:00 1659.00 1660.00 1659.00 1659.00 21954.00
20151124  10:36:00 1660.00 1661.00 1660.00 1660.00 14250.00
20151124  10:35:00 1663.00 1663.00 1659.00 1660.00 35072.00
20151124  10:34:00 1663.00 1663.00 1662.00 1662.00 5510.00
20151124  10:33:00 1663.00 1664.00 1662.00 1663.00 9894.00
20151124  10:32:00 1664.00 1664.00 1663.00 1664.00 1292.00
20151124  10:31:00 1663.00 1664.00 1663.00 1664.00 1624.00
20151124  10:30:00 1663.00 1664.00 1663.00 1663.00 2150.00
20151124  10:14:00 1664.00 1665.00 1663.00 1663.00 10514.00
20151124  10:13:00 1663.00 1664.00 1663.00 1663.00 4378.00
20151124  10:12:00 1664.00 1665.00 1663.00 1664.00 8366.00
20151124  10:11:00 1666.00 1666.00 1664.00 1664.00 8336.00
20151124  10:10:00 1666.00 1666.00 1665.00 1666.00 1152.00
20151124  10:09:00 1666.00 1667.00 1665.00 1665.00 3316.00
20151124  10:08:00 1667.00 1667.00 1666.00 1666.00 1730.00
20151124  10:07:00 1667.00 1667.00 1666.00 1666.00 2010.00
20151124  10:06:00 1667.00 1667.00 1666.00 1667.00 868.00
20151124  10:05:00 1666.00 1667.00 1665.00 1667.00 4548.00
20151124  10:04:00 1666.00 1667.00 1666.00 1666.00 9690.00
20151124  10:03:00 1666.00 1666.00 1665.00 1666.00 586.00
20151124  10:02:00 1666.00 1666.00 1665.00 1666.00 3538.00
20151124  10:01:00 1665.00 1666.00 1665.00 1666.00 756.00
20151124  10:00:00 1665.00 1666.00 1664.00 1666.00 6346.00
20151124  09:59:00 1665.00 1665.00 1664.00 1665.00 828.00
20151124  09:58:00 1665.00 1666.00 1664.00 1665.00 4136.00
20151124  09:57:00 1664.00 1666.00 1664.00 1665.00 5596.00
20151124  09:56:00 1665.00 1666.00 1664.00 1664.00 11300.00
20151124  09:55:00 1666.00 1667.00 1665.00 1665.00 10266.00
20151124  09:54:00 1666.00 1666.00 1665.00 1666.00 9362.00
20151124  09:53:00 1666.00 1667.00 1666.00 1666.00 3024.00
20151124  09:52:00 1667.00 1667.00 1666.00 1666.00 9912.00
20151124  09:51:00 1667.00 1668.00 1667.00 1667.00 2320.00
20151124  09:50:00 1667.00 1668.00 1667.00 1668.00 4462.00
20151124  09:49:00 1668.00 1668.00 1667.00 1668.00 3820.00
20151124  09:48:00 1669.00 1669.00 1668.00 1668.00 1728.00
20151124  09:47:00 1669.00 1670.00 1668.00 1669.00 9650.00
20151124  09:46:00 1668.00 1669.00 1668.00 1669.00 5018.00
20151124  09:45:00 1669.00 1669.00 1668.00 1668.00 1512.00
20151124  09:44:00 1668.00 1669.00 1667.00 1668.00 6822.00
20151124  09:43:00 1668.00 1669.00 1668.00 1668.00 532.00
20151124  09:42:00 1668.00 1669.00 1668.00 1668.00 1718.00
20151124  09:41:00 1668.00 1669.00 1668.00 1668.00 5114.00
20151124  09:40:00 1667.00 1668.00 1667.00 1667.00 2734.00
20151124  09:39:00 1669.00 1670.00 1667.00 1667.00 9536.00
20151124  09:38:00 1668.00 1670.00 1668.00 1669.00 5130.00
20151124  09:37:00 1668.00 1669.00 1668.00 1668.00 4950.00
20151124  09:36:00 1668.00 1669.00 1668.00 1669.00 6512.00
20151124  09:35:00 1669.00 1669.00 1668.00 1668.00 6832.00
20151124  09:34:00 1668.00 1669.00 1668.00 1668.00 9294.00
20151124  09:33:00 1669.00 1670.00 1668.00 1668.00 4440.00
20151124  09:32:00 1669.00 1670.00 1668.00 1670.00 8750.00
20151124  09:31:00 1667.00 1669.00 1667.00 1669.00 16654.00
20151124  09:30:00 1669.00 1669.00 1667.00 1667.00 9058.00
20151124  09:29:00 1668.00 1669.00 1668.00 1669.00 1318.00
20151124  09:28:00 1669.00 1670.00 1668.00 1668.00 5068.00
20151124  09:27:00 1669.00 1670.00 1669.00 1669.00 11290.00
20151124  09:26:00 1669.00 1670.00 1669.00 1670.00 13050.00
20151124  09:25:00 1670.00 1671.00 1669.00 1669.00 11110.00
20151124  09:24:00 1670.00 1671.00 1669.00 1670.00 21058.00
20151124  09:23:00 1672.00 1673.00 1670.00 1670.00 29670.00
20151124  09:22:00 1670.00 1672.00 1669.00 1672.00 27702.00
20151124  09:21:00 1669.00 1670.00 1668.00 1669.00 7086.00
20151124  09:20:00 1666.00 1670.00 1666.00 1669.00 16850.00
20151124  09:19:00 1668.00 1668.00 1666.00 1666.00 8958.00
20151124  09:18:00 1667.00 1668.00 1666.00 1668.00 6666.00
20151124  09:17:00 1666.00 1667.00 1665.00 1666.00 11738.00
20151124  09:16:00 1667.00 1667.00 1665.00 1666.00 22272.00
20151124  09:15:00 1666.00 1667.00 1665.00 1667.00 6946.00
20151124  09:14:00 1669.00 1669.00 1665.00 1666.00 19236.00
20151124  09:13:00 1667.00 1669.00 1666.00 1669.00 23690.00
20151124  09:12:00 1665.00 1667.00 1665.00 1666.00 17446.00
20151124  09:11:00 1668.00 1668.00 1665.00 1666.00 13700.00
20151124  09:10:00 1667.00 1669.00 1667.00 1668.00 13116.00
20151124  09:09:00 1668.00 1669.00 1667.00 1667.00 13648.00
20151124  09:08:00 1669.00 1671.00 1668.00 1668.00 37394.00
20151124  09:07:00 1669.00 1670.00 1669.00 1670.00 23618.00
20151124  09:06:00 1668.00 1670.00 1668.00 1669.00 23990.00
20151124  09:05:00 1669.00 1669.00 1667.00 1668.00 8282.00
20151124  09:04:00 1667.00 1669.00 1666.00 1668.00 30122.00
20151124  09:03:00 1662.00 1667.00 1662.00 1667.00 20002.00
20151124  09:02:00 1663.00 1664.00 1662.00 1662.00 20876.00
20151124  09:01:00 1665.00 1667.00 1663.00 1663.00 32746.00
20151124  09:00:00 1666.00 1667.00 1663.00 1666.00 27086.00
20151124  01:00:00 1667.00 1667.00 1667.00 1667.00   0.00
20151124  00:59:00 1666.00 1667.00 1665.00 1667.00 4244.00
20151124  00:58:00 1666.00 1667.00 1665.00 1666.00 1536.00
20151124  00:57:00 1666.00 1667.00 1665.00 1666.00 7614.00
20151124  00:56:00 1665.00 1666.00 1665.00 1666.00 8068.00
20151124  00:55:00 1664.00 1665.00 1664.00 1665.00 4558.00
20151124  00:54:00 1665.00 1665.00 1664.00 1664.00 540.00
20151124  00:53:00 1665.00 1665.00 1664.00 1665.00 112.00
20151124  00:52:00 1665.00 1665.00 1664.00 1664.00 1856.00
20151124  00:51:00 1664.00 1665.00 1664.00 1665.00 132.00
20151124  00:50:00 1665.00 1665.00 1664.00 1664.00 300.00
20151124  00:49:00 1664.00 1665.00 1664.00 1665.00 110.00
20151124  00:48:00 1665.00 1665.00 1664.00 1664.00  38.00
20151124  00:47:00 1664.00 1665.00 1664.00 1665.00 4398.00
20151124  00:46:00 1665.00 1665.00 1664.00 1664.00 3888.00
20151124  00:45:00 1665.00 1666.00 1665.00 1665.00 486.00
20151124  00:44:00 1665.00 1666.00 1664.00 1665.00 2456.00
20151124  00:43:00 1663.00 1665.00 1663.00 1665.00 2102.00
20151124  00:42:00 1663.00 1664.00 1663.00 1663.00  60.00
20151124  00:41:00 1664.00 1664.00 1663.00 1663.00 392.00
20151124  00:40:00 1664.00 1664.00 1663.00 1664.00  72.00
20151124  00:39:00 1663.00 1664.00 1663.00 1664.00  70.00
20151124  00:38:00 1663.00 1664.00 1663.00 1663.00 210.00
20151124  00:37:00 1664.00 1664.00 1663.00 1663.00 2082.00
20151124  00:36:00 1665.00 1666.00 1664.00 1664.00 4520.00
20151124  00:35:00 1665.00 1666.00 1665.00 1665.00 438.00
20151124  00:34:00 1665.00 1666.00 1665.00 1666.00 502.00
20151124  00:33:00 1665.00 1666.00 1665.00 1665.00 446.00
20151124  00:32:00 1665.00 1666.00 1664.00 1665.00 4680.00
20151124  00:31:00 1664.00 1665.00 1663.00 1665.00 3634.00
20151124  00:30:00 1663.00 1664.00 1662.00 1664.00 1872.00
20151124  00:29:00 1663.00 1663.00 1662.00 1663.00 430.00
20151124  00:28:00 1662.00 1663.00 1662.00 1663.00 1102.00
20151124  00:27:00 1663.00 1663.00 1662.00 1662.00 114.00
20151124  00:26:00 1663.00 1663.00 1663.00 1663.00 236.00
20151124  00:25:00 1663.00 1663.00 1662.00 1663.00 150.00
20151124  00:24:00 1663.00 1663.00 1662.00 1663.00 428.00
20151124  00:23:00 1662.00 1663.00 1662.00 1663.00 1662.00
20151124  00:22:00 1663.00 1663.00 1662.00 1662.00 108.00
20151124  00:21:00 1663.00 1663.00 1662.00 1663.00 172.00
20151124  00:20:00 1662.00 1663.00 1662.00 1663.00 1950.00
20151124  00:19:00 1661.00 1662.00 1661.00 1662.00 496.00
20151124  00:18:00 1662.00 1663.00 1661.00 1661.00 1932.00
20151124  00:17:00 1662.00 1663.00 1662.00 1662.00 3302.00
20151124  00:16:00 1662.00 1663.00 1662.00 1662.00 656.00
20151124  00:15:00 1662.00 1663.00 1662.00 1662.00 4806.00
20151124  00:14:00 1663.00 1664.00 1662.00 1663.00 4680.00
20151124  00:13:00 1664.00 1664.00 1663.00 1663.00 1190.00
20151124  00:12:00 1663.00 1664.00 1663.00 1664.00 1688.00
20151124  00:11:00 1664.00 1664.00 1663.00 1663.00 168.00
20151124  00:10:00 1663.00 1664.00 1663.00 1664.00 406.00
20151124  00:09:00 1664.00 1664.00 1663.00 1664.00 486.00
20151124  00:08:00 1664.00 1665.00 1663.00 1664.00 1790.00
20151124  00:07:00 1664.00 1665.00 1664.00 1664.00 1002.00
20151124  00:06:00 1665.00 1665.00 1664.00 1665.00 1358.00
20151124  00:05:00 1665.00 1665.00 1664.00 1664.00 1356.00
20151124  00:04:00 1665.00 1666.00 1664.00 1664.00 4974.00
20151124  00:03:00 1665.00 1666.00 1663.00 1665.00 12068.00
20151124  00:02:00 1666.00 1666.00 1665.00 1665.00 6468.00
20151124  00:01:00 1665.00 1666.00 1665.00 1666.00 7938.00
20151124  00:00:00 1664.00 1665.00 1664.00 1665.00 12376.00
20151123  23:59:00 1664.00 1664.00 1663.00 1664.00 2120.00
20151123  23:58:00 1664.00 1664.00 1663.00 1663.00 1262.00
20151123  23:57:00 1663.00 1664.00 1663.00 1664.00 968.00
20151123  23:56:00 1664.00 1665.00 1663.00 1663.00 5140.00
20151123  23:55:00 1664.00 1664.00 1663.00 1663.00 2912.00
20151123  23:54:00 1664.00 1664.00 1663.00 1663.00 1774.00
20151123  23:53:00 1664.00 1665.00 1663.00 1664.00 11588.00
20151123  23:52:00 1663.00 1665.00 1662.00 1665.00 16836.00
20151123  23:51:00 1661.00 1663.00 1661.00 1663.00 9170.00
20151123  23:50:00 1662.00 1662.00 1661.00 1661.00 800.00
20151123  23:49:00 1661.00 1662.00 1661.00 1662.00 256.00
20151123  23:48:00 1661.00 1662.00 1661.00 1661.00 512.00
20151123  23:47:00 1662.00 1662.00 1661.00 1661.00 530.00
20151123  23:46:00 1662.00 1662.00 1661.00 1662.00 3246.00
20151123  23:45:00 1661.00 1662.00 1661.00 1661.00 2924.00
20151123  23:44:00 1661.00 1662.00 1661.00 1661.00 2808.00
20151123  23:43:00 1662.00 1662.00 1661.00 1661.00 3234.00
20151123  23:42:00 1660.00 1662.00 1659.00 1661.00 11746.00
20151123  23:41:00 1660.00 1660.00 1659.00 1659.00 1600.00
20151123  23:40:00 1659.00 1660.00 1658.00 1660.00 5266.00
20151123  23:39:00 1659.00 1660.00 1658.00 1659.00 7140.00
20151123  23:38:00 1659.00 1660.00 1659.00 1660.00 592.00
20151123  23:37:00 1660.00 1660.00 1659.00 1659.00 2834.00
20151123  23:36:00 1659.00 1660.00 1659.00 1660.00 2256.00
20151123  23:35:00 1659.00 1660.00 1658.00 1659.00 6588.00
20151123  23:34:00 1661.00 1661.00 1658.00 1659.00 11058.00
20151123  23:33:00 1660.00 1661.00 1659.00 1661.00 14884.00
20151123  23:32:00 1659.00 1660.00 1659.00 1660.00 10134.00
20151123  23:31:00 1658.00 1659.00 1658.00 1659.00 4932.00
20151123  23:30:00 1658.00 1659.00 1657.00 1658.00 6198.00
20151123  23:29:00 1657.00 1658.00 1657.00 1658.00 1684.00
20151123  23:28:00 1657.00 1658.00 1657.00 1657.00 428.00
20151123  23:27:00 1657.00 1658.00 1657.00 1657.00 342.00
20151123  23:26:00 1658.00 1658.00 1657.00 1657.00 150.00
20151123  23:25:00 1658.00 1658.00 1657.00 1657.00 458.00
20151123  23:24:00 1656.00 1658.00 1656.00 1658.00 3022.00
20151123  23:23:00 1657.00 1657.00 1656.00 1656.00 874.00
20151123  23:22:00 1656.00 1657.00 1656.00 1657.00 424.00
20151123  23:21:00 1657.00 1658.00 1656.00 1656.00 4292.00
20151123  23:20:00 1657.00 1658.00 1657.00 1657.00 888.00
20151123  23:19:00 1658.00 1658.00 1657.00 1657.00 170.00
20151123  23:18:00 1658.00 1658.00 1657.00 1658.00 262.00
20151123  23:17:00 1658.00 1658.00 1657.00 1658.00 660.00
20151123  23:16:00 1658.00 1658.00 1657.00 1658.00 140.00
20151123  23:15:00 1657.00 1658.00 1657.00 1658.00 270.00
20151123  23:14:00 1657.00 1658.00 1656.00 1657.00 3114.00
20151123  23:13:00 1657.00 1657.00 1656.00 1657.00 244.00
20151123  23:12:00 1657.00 1657.00 1656.00 1657.00 510.00
20151123  23:11:00 1656.00 1657.00 1656.00 1657.00 252.00
20151123  23:10:00 1657.00 1657.00 1656.00 1656.00 146.00
20151123  23:09:00 1656.00 1657.00 1656.00 1656.00 894.00
20151123  23:08:00 1656.00 1657.00 1655.00 1656.00 4108.00
20151123  23:07:00 1655.00 1656.00 1655.00 1655.00 522.00
20151123  23:06:00 1657.00 1657.00 1655.00 1655.00 8216.00
20151123  23:05:00 1657.00 1657.00 1656.00 1657.00 192.00
20151123  23:04:00 1656.00 1657.00 1656.00 1657.00 198.00
20151123  23:03:00 1657.00 1657.00 1656.00 1656.00 268.00
20151123  23:02:00 1656.00 1657.00 1656.00 1657.00 1518.00
20151123  23:01:00 1658.00 1658.00 1656.00 1657.00 3950.00
20151123  23:00:00 1658.00 1658.00 1657.00 1658.00 604.00
20151123  22:59:00 1657.00 1658.00 1657.00 1658.00 2788.00
20151123  22:58:00 1656.00 1657.00 1656.00 1657.00 1868.00
20151123  22:57:00 1655.00 1657.00 1655.00 1657.00 5732.00
20151123  22:56:00 1655.00 1656.00 1655.00 1655.00 586.00
20151123  22:55:00 1656.00 1656.00 1655.00 1655.00 2680.00
20151123  22:54:00 1657.00 1657.00 1655.00 1655.00 4050.00
20151123  22:53:00 1656.00 1657.00 1656.00 1657.00 522.00
20151123  22:52:00 1656.00 1657.00 1656.00 1656.00 1706.00
20151123  22:51:00 1657.00 1657.00 1656.00 1656.00 1604.00
20151123  22:50:00 1657.00 1657.00 1656.00 1656.00 3682.00
20151123  22:49:00 1659.00 1659.00 1656.00 1656.00 14796.00
20151123  22:48:00 1656.00 1659.00 1656.00 1659.00 15820.00
20151123  22:47:00 1656.00 1657.00 1655.00 1656.00 10530.00
20151123  22:46:00 1655.00 1656.00 1654.00 1656.00 2490.00
20151123  22:45:00 1654.00 1655.00 1654.00 1654.00 354.00
20151123  22:44:00 1655.00 1655.00 1654.00 1654.00 626.00
20151123  22:43:00 1655.00 1656.00 1654.00 1655.00 2298.00
20151123  22:42:00 1656.00 1656.00 1654.00 1656.00 6660.00
20151123  22:41:00 1655.00 1656.00 1655.00 1656.00 648.00
20151123  22:40:00 1655.00 1656.00 1654.00 1656.00 5296.00
20151123  22:39:00 1654.00 1655.00 1654.00 1655.00 2272.00
20151123  22:38:00 1654.00 1655.00 1654.00 1655.00 1348.00
20151123  22:37:00 1654.00 1655.00 1654.00 1654.00 1260.00
20151123  22:36:00 1654.00 1655.00 1653.00 1655.00 4962.00
20151123  22:35:00 1653.00 1654.00 1652.00 1654.00 5240.00
20151123  22:34:00 1653.00 1653.00 1652.00 1653.00 12344.00
20151123  22:33:00 1654.00 1654.00 1653.00 1653.00 2364.00
20151123  22:32:00 1654.00 1655.00 1654.00 1654.00 2232.00
20151123  22:31:00 1655.00 1655.00 1654.00 1654.00 550.00
20151123  22:30:00 1654.00 1655.00 1653.00 1655.00 8726.00
20151123  22:29:00 1654.00 1655.00 1653.00 1654.00 4696.00
20151123  22:28:00 1655.00 1655.00 1654.00 1654.00 330.00
20151123  22:27:00 1654.00 1656.00 1654.00 1655.00 4844.00
20151123  22:26:00 1655.00 1655.00 1654.00 1654.00 836.00
20151123  22:25:00 1655.00 1655.00 1654.00 1654.00 452.00
20151123  22:24:00 1655.00 1655.00 1654.00 1655.00 418.00
20151123  22:23:00 1655.00 1655.00 1654.00 1655.00 1448.00
20151123  22:22:00 1656.00 1656.00 1654.00 1655.00 3344.00
20151123  22:21:00 1654.00 1656.00 1654.00 1655.00 5234.00
20151123  22:20:00 1655.00 1655.00 1654.00 1655.00 626.00
20151123  22:19:00 1655.00 1655.00 1654.00 1655.00 3868.00
20151123  22:18:00 1655.00 1655.00 1654.00 1655.00 418.00
20151123  22:17:00 1655.00 1655.00 1654.00 1655.00 2500.00
20151123  22:16:00 1654.00 1655.00 1653.00 1655.00 10044.00
20151123  22:15:00 1656.00 1656.00 1654.00 1654.00 10522.00
20151123  22:14:00 1656.00 1656.00 1655.00 1656.00 272.00
20151123  22:13:00 1655.00 1656.00 1655.00 1656.00 1382.00
20151123  22:12:00 1657.00 1657.00 1655.00 1656.00 4082.00
20151123  22:11:00 1656.00 1657.00 1655.00 1657.00 4898.00
20151123  22:10:00 1655.00 1656.00 1654.00 1656.00 4340.00
20151123  22:09:00 1654.00 1655.00 1654.00 1655.00 1376.00
20151123  22:08:00 1655.00 1656.00 1654.00 1654.00 7018.00
20151123  22:07:00 1654.00 1656.00 1654.00 1655.00 2458.00
20151123  22:06:00 1655.00 1655.00 1654.00 1654.00 6538.00
20151123  22:05:00 1656.00 1656.00 1654.00 1654.00 16204.00
20151123  22:04:00 1658.00 1658.00 1655.00 1656.00 12246.00
20151123  22:03:00 1657.00 1658.00 1657.00 1658.00 3946.00
20151123  22:02:00 1657.00 1658.00 1657.00 1658.00 5174.00
20151123  22:01:00 1659.00 1659.00 1657.00 1657.00 3596.00
20151123  22:00:00 1658.00 1659.00 1657.00 1659.00 8484.00
20151123  21:59:00 1658.00 1658.00 1657.00 1658.00 606.00
20151123  21:58:00 1657.00 1658.00 1657.00 1658.00 7916.00
20151123  21:57:00 1657.00 1658.00 1657.00 1657.00 1346.00
20151123  21:56:00 1658.00 1659.00 1657.00 1658.00 4176.00
20151123  21:55:00 1658.00 1659.00 1658.00 1658.00 6288.00
20151123  21:54:00 1658.00 1659.00 1658.00 1658.00 4336.00
20151123  21:53:00 1658.00 1659.00 1658.00 1658.00 1208.00
20151123  21:52:00 1659.00 1660.00 1658.00 1658.00 2130.00
20151123  21:51:00 1659.00 1660.00 1659.00 1659.00 1830.00
20151123  21:50:00 1660.00 1660.00 1659.00 1659.00 2704.00
20151123  21:49:00 1660.00 1660.00 1659.00 1659.00 6510.00
20151123  21:48:00 1659.00 1660.00 1658.00 1659.00 6022.00
20151123  21:47:00 1658.00 1660.00 1658.00 1659.00 4438.00
20151123  21:46:00 1659.00 1660.00 1658.00 1658.00 5512.00
20151123  21:45:00 1658.00 1660.00 1658.00 1659.00 14504.00
20151123  21:44:00 1658.00 1659.00 1658.00 1658.00 496.00
20151123  21:43:00 1658.00 1659.00 1658.00 1658.00 1448.00
20151123  21:42:00 1657.00 1658.00 1656.00 1658.00 12882.00
20151123  21:41:00 1657.00 1658.00 1656.00 1657.00 2886.00
20151123  21:40:00 1656.00 1657.00 1656.00 1657.00 9442.00
20151123  21:39:00 1656.00 1657.00 1656.00 1656.00 5208.00
20151123  21:38:00 1656.00 1657.00 1656.00 1656.00 4268.00
20151123  21:37:00 1657.00 1658.00 1656.00 1656.00 10196.00
20151123  21:36:00 1657.00 1658.00 1657.00 1657.00 1404.00
20151123  21:35:00 1657.00 1658.00 1657.00 1657.00 416.00
20151123  21:34:00 1658.00 1658.00 1657.00 1657.00 7300.00
20151123  21:33:00 1659.00 1659.00 1657.00 1658.00 4282.00
20151123  21:32:00 1658.00 1659.00 1657.00 1659.00 4546.00
20151123  21:31:00 1657.00 1659.00 1657.00 1657.00 9370.00
20151123  21:30:00 1659.00 1659.00 1657.00 1657.00 5306.00
20151123  21:29:00 1658.00 1659.00 1658.00 1658.00 736.00
20151123  21:28:00 1658.00 1659.00 1658.00 1658.00 1370.00
20151123  21:27:00 1659.00 1659.00 1658.00 1658.00 1900.00
20151123  21:26:00 1659.00 1660.00 1658.00 1659.00 12286.00
20151123  21:25:00 1658.00 1659.00 1657.00 1659.00 7686.00
20151123  21:24:00 1656.00 1658.00 1656.00 1658.00 10338.00
20151123  21:23:00 1657.00 1658.00 1656.00 1656.00 11056.00
20151123  21:22:00 1660.00 1660.00 1657.00 1657.00 16172.00
20151123  21:21:00 1659.00 1660.00 1659.00 1659.00 2320.00
20151123  21:20:00 1659.00 1660.00 1658.00 1659.00 10776.00
20151123  21:19:00 1660.00 1660.00 1659.00 1659.00 7230.00
20151123  21:18:00 1660.00 1660.00 1658.00 1659.00 7710.00
20151123  21:17:00 1658.00 1660.00 1658.00 1660.00 9770.00
20151123  21:16:00 1659.00 1659.00 1658.00 1659.00 5382.00
20151123  21:15:00 1661.00 1661.00 1659.00 1660.00 22778.00
20151123  21:14:00 1663.00 1663.00 1661.00 1661.00 27776.00
20151123  21:13:00 1664.00 1665.00 1663.00 1663.00 16214.00
20151123  21:12:00 1665.00 1666.00 1664.00 1664.00 19546.00
20151123  21:11:00 1664.00 1666.00 1664.00 1665.00 22718.00
20151123  21:10:00 1665.00 1666.00 1664.00 1665.00 21958.00
20151123  21:09:00 1664.00 1666.00 1664.00 1665.00 21032.00
20151123  21:08:00 1662.00 1665.00 1661.00 1664.00 32238.00
20151123  21:07:00 1661.00 1663.00 1661.00 1662.00 9822.00
20151123  21:06:00 1663.00 1663.00 1661.00 1661.00 16316.00
20151123  21:05:00 1662.00 1663.00 1662.00 1663.00 6652.00
20151123  21:04:00 1660.00 1662.00 1660.00 1662.00 13884.00
20151123  21:03:00 1660.00 1662.00 1659.00 1661.00 19738.00
20151123  21:02:00 1660.00 1660.00 1658.00 1659.00 13178.00
20151123  21:01:00 1658.00 1661.00 1657.00 1660.00 25970.00
20151123  21:00:00 1660.00 1660.00 1656.00 1658.00 17482.00
