20150625  15:00:00 2218.00 2218.00 2218.00 2218.00  98.00
20150625  14:59:00 2216.00 2218.00 2215.00 2218.00 30174.00
20150625  14:58:00 2217.00 2217.00 2215.00 2216.00 23556.00
20150625  14:57:00 2215.00 2217.00 2215.00 2216.00 37038.00
20150625  14:56:00 2218.00 2218.00 2215.00 2215.00 31262.00
20150625  14:55:00 2219.00 2220.00 2217.00 2218.00 21692.00
20150625  14:54:00 2220.00 2220.00 2218.00 2219.00 9290.00
20150625  14:53:00 2220.00 2220.00 2219.00 2220.00 4128.00
20150625  14:52:00 2220.00 2221.00 2219.00 2220.00 8632.00
20150625  14:51:00 2222.00 2222.00 2220.00 2220.00 6304.00
20150625  14:50:00 2222.00 2222.00 2221.00 2222.00 4670.00
20150625  14:49:00 2223.00 2224.00 2221.00 2222.00 29048.00
20150625  14:48:00 2221.00 2223.00 2220.00 2223.00 16880.00
20150625  14:47:00 2219.00 2221.00 2219.00 2221.00 24648.00
20150625  14:46:00 2219.00 2220.00 2218.00 2219.00 18268.00
20150625  14:45:00 2219.00 2220.00 2218.00 2219.00 8128.00
20150625  14:44:00 2220.00 2220.00 2218.00 2219.00 16566.00
20150625  14:43:00 2220.00 2221.00 2219.00 2220.00 8028.00
20150625  14:42:00 2221.00 2222.00 2220.00 2220.00 24950.00
20150625  14:41:00 2220.00 2221.00 2219.00 2220.00 9682.00
20150625  14:40:00 2219.00 2220.00 2218.00 2220.00 5322.00
20150625  14:39:00 2220.00 2220.00 2218.00 2219.00 7900.00
20150625  14:38:00 2220.00 2220.00 2218.00 2219.00 10714.00
20150625  14:37:00 2220.00 2221.00 2219.00 2220.00 9626.00
20150625  14:36:00 2218.00 2220.00 2217.00 2219.00 14652.00
20150625  14:35:00 2220.00 2220.00 2218.00 2218.00 18456.00
20150625  14:34:00 2219.00 2221.00 2219.00 2219.00 11568.00
20150625  14:33:00 2221.00 2222.00 2220.00 2220.00 16752.00
20150625  14:32:00 2222.00 2222.00 2220.00 2221.00 12680.00
20150625  14:31:00 2221.00 2222.00 2220.00 2222.00 15106.00
20150625  14:30:00 2221.00 2222.00 2220.00 2222.00 11246.00
20150625  14:29:00 2221.00 2222.00 2220.00 2221.00 19620.00
20150625  14:28:00 2217.00 2221.00 2217.00 2220.00 25054.00
20150625  14:27:00 2217.00 2218.00 2216.00 2218.00 32840.00
20150625  14:26:00 2217.00 2219.00 2217.00 2218.00 40584.00
20150625  14:25:00 2222.00 2223.00 2216.00 2217.00 85646.00
20150625  14:24:00 2223.00 2223.00 2222.00 2223.00 11468.00
20150625  14:23:00 2225.00 2225.00 2223.00 2223.00 12024.00
20150625  14:22:00 2226.00 2226.00 2224.00 2225.00 3604.00
20150625  14:21:00 2226.00 2226.00 2225.00 2226.00 714.00
20150625  14:20:00 2224.00 2226.00 2224.00 2226.00 14546.00
20150625  14:19:00 2223.00 2225.00 2223.00 2224.00 4712.00
20150625  14:18:00 2226.00 2226.00 2223.00 2224.00 19292.00
20150625  14:17:00 2227.00 2227.00 2225.00 2226.00 8706.00
20150625  14:16:00 2228.00 2228.00 2227.00 2227.00 1636.00
20150625  14:15:00 2227.00 2228.00 2227.00 2228.00 956.00
20150625  14:14:00 2228.00 2228.00 2227.00 2227.00 1154.00
20150625  14:13:00 2226.00 2228.00 2226.00 2228.00 6236.00
20150625  14:12:00 2226.00 2227.00 2226.00 2226.00 2578.00
20150625  14:11:00 2226.00 2227.00 2226.00 2226.00 2052.00
20150625  14:10:00 2227.00 2227.00 2226.00 2226.00 7318.00
20150625  14:09:00 2228.00 2228.00 2226.00 2227.00 6756.00
20150625  14:08:00 2228.00 2228.00 2227.00 2228.00 1144.00
20150625  14:07:00 2227.00 2228.00 2227.00 2228.00 1976.00
20150625  14:06:00 2227.00 2228.00 2227.00 2227.00 668.00
20150625  14:05:00 2227.00 2228.00 2226.00 2227.00 4354.00
20150625  14:04:00 2227.00 2228.00 2226.00 2227.00 6388.00
20150625  14:03:00 2228.00 2228.00 2226.00 2227.00 13084.00
20150625  14:02:00 2228.00 2228.00 2227.00 2227.00 2960.00
20150625  14:01:00 2228.00 2229.00 2227.00 2228.00 9296.00
20150625  14:00:00 2229.00 2229.00 2228.00 2228.00 524.00
20150625  13:59:00 2229.00 2230.00 2228.00 2229.00 2578.00
20150625  13:58:00 2228.00 2230.00 2228.00 2229.00 5732.00
20150625  13:57:00 2229.00 2229.00 2228.00 2228.00 798.00
20150625  13:56:00 2227.00 2229.00 2227.00 2228.00 3754.00
20150625  13:55:00 2228.00 2229.00 2227.00 2227.00 9026.00
20150625  13:54:00 2228.00 2229.00 2228.00 2228.00 1244.00
20150625  13:53:00 2228.00 2229.00 2228.00 2228.00 6618.00
20150625  13:52:00 2229.00 2229.00 2228.00 2228.00 650.00
20150625  13:51:00 2229.00 2230.00 2228.00 2228.00 2846.00
20150625  13:50:00 2230.00 2231.00 2228.00 2229.00 11600.00
20150625  13:49:00 2230.00 2231.00 2229.00 2231.00 9194.00
20150625  13:48:00 2230.00 2230.00 2229.00 2229.00 1144.00
20150625  13:47:00 2229.00 2230.00 2229.00 2230.00 1192.00
20150625  13:46:00 2229.00 2230.00 2229.00 2230.00 2662.00
20150625  13:45:00 2229.00 2230.00 2229.00 2229.00 3152.00
20150625  13:44:00 2230.00 2230.00 2229.00 2229.00 10010.00
20150625  13:43:00 2229.00 2230.00 2229.00 2229.00 4294.00
20150625  13:42:00 2227.00 2230.00 2227.00 2229.00 10738.00
20150625  13:41:00 2229.00 2229.00 2227.00 2227.00 8014.00
20150625  13:40:00 2229.00 2229.00 2228.00 2229.00 1526.00
20150625  13:39:00 2229.00 2229.00 2228.00 2229.00 5260.00
20150625  13:38:00 2229.00 2230.00 2228.00 2229.00 3316.00
20150625  13:37:00 2230.00 2230.00 2228.00 2230.00 11178.00
20150625  13:36:00 2230.00 2231.00 2229.00 2230.00 9174.00
20150625  13:35:00 2230.00 2231.00 2230.00 2231.00 15326.00
20150625  13:34:00 2229.00 2231.00 2229.00 2229.00 12988.00
20150625  13:33:00 2229.00 2230.00 2229.00 2230.00 4026.00
20150625  13:32:00 2229.00 2230.00 2228.00 2230.00 5932.00
20150625  13:31:00 2229.00 2230.00 2228.00 2229.00 10148.00
20150625  13:30:00 2230.00 2230.00 2228.00 2228.00 16500.00
20150625  11:29:00 2230.00 2231.00 2230.00 2230.00 21260.00
20150625  11:28:00 2229.00 2230.00 2228.00 2230.00 26800.00
20150625  11:27:00 2228.00 2229.00 2227.00 2229.00 14428.00
20150625  11:26:00 2228.00 2229.00 2227.00 2228.00 9654.00
20150625  11:25:00 2227.00 2229.00 2227.00 2228.00 14198.00
20150625  11:24:00 2227.00 2228.00 2226.00 2227.00 7630.00
20150625  11:23:00 2227.00 2227.00 2226.00 2227.00 1588.00
20150625  11:22:00 2226.00 2227.00 2225.00 2227.00 5348.00
20150625  11:21:00 2225.00 2227.00 2225.00 2226.00 6634.00
20150625  11:20:00 2225.00 2226.00 2225.00 2226.00 3132.00
20150625  11:19:00 2225.00 2226.00 2225.00 2225.00 764.00
20150625  11:18:00 2225.00 2226.00 2225.00 2225.00 5060.00
20150625  11:17:00 2225.00 2226.00 2225.00 2226.00 1518.00
20150625  11:16:00 2226.00 2226.00 2225.00 2225.00 2878.00
20150625  11:15:00 2227.00 2227.00 2225.00 2226.00 3174.00
20150625  11:14:00 2226.00 2227.00 2225.00 2227.00 5136.00
20150625  11:13:00 2225.00 2226.00 2225.00 2226.00 174.00
20150625  11:12:00 2225.00 2226.00 2225.00 2225.00 108.00
20150625  11:11:00 2225.00 2226.00 2225.00 2225.00 864.00
20150625  11:10:00 2225.00 2226.00 2225.00 2225.00 750.00
20150625  11:09:00 2226.00 2227.00 2225.00 2226.00 5812.00
20150625  11:08:00 2226.00 2226.00 2225.00 2226.00 6116.00
20150625  11:07:00 2225.00 2226.00 2225.00 2226.00 512.00
20150625  11:06:00 2226.00 2226.00 2225.00 2225.00 2176.00
20150625  11:05:00 2225.00 2226.00 2225.00 2226.00 6770.00
20150625  11:04:00 2224.00 2226.00 2224.00 2225.00 3846.00
20150625  11:03:00 2225.00 2226.00 2224.00 2224.00 5166.00
20150625  11:02:00 2225.00 2226.00 2224.00 2225.00 3834.00
20150625  11:01:00 2224.00 2226.00 2224.00 2225.00 5450.00
20150625  11:00:00 2225.00 2226.00 2224.00 2224.00 12100.00
20150625  10:59:00 2226.00 2227.00 2225.00 2225.00 3564.00
20150625  10:58:00 2226.00 2227.00 2226.00 2226.00 156.00
20150625  10:57:00 2226.00 2227.00 2226.00 2226.00 792.00
20150625  10:56:00 2227.00 2227.00 2226.00 2227.00 1800.00
20150625  10:55:00 2227.00 2227.00 2226.00 2227.00 496.00
20150625  10:54:00 2225.00 2227.00 2225.00 2226.00 5150.00
20150625  10:53:00 2225.00 2226.00 2225.00 2225.00 634.00
20150625  10:52:00 2226.00 2226.00 2225.00 2225.00 474.00
20150625  10:51:00 2225.00 2226.00 2225.00 2226.00 622.00
20150625  10:50:00 2226.00 2227.00 2225.00 2226.00 7384.00
20150625  10:49:00 2226.00 2227.00 2226.00 2226.00 306.00
20150625  10:48:00 2226.00 2227.00 2226.00 2226.00 826.00
20150625  10:47:00 2227.00 2227.00 2226.00 2227.00 3388.00
20150625  10:46:00 2226.00 2227.00 2226.00 2227.00 4766.00
20150625  10:45:00 2226.00 2226.00 2225.00 2226.00 514.00
20150625  10:44:00 2226.00 2226.00 2225.00 2226.00 826.00
20150625  10:43:00 2225.00 2227.00 2225.00 2226.00 9270.00
20150625  10:42:00 2226.00 2226.00 2225.00 2225.00 2556.00
20150625  10:41:00 2225.00 2226.00 2225.00 2226.00 2414.00
20150625  10:40:00 2226.00 2227.00 2225.00 2225.00 10630.00
20150625  10:39:00 2226.00 2227.00 2226.00 2226.00 716.00
20150625  10:38:00 2227.00 2228.00 2226.00 2227.00 3366.00
20150625  10:37:00 2227.00 2228.00 2227.00 2227.00 1590.00
20150625  10:36:00 2228.00 2228.00 2227.00 2228.00 3434.00
20150625  10:35:00 2228.00 2229.00 2227.00 2228.00 5746.00
20150625  10:34:00 2228.00 2229.00 2227.00 2229.00 6344.00
20150625  10:33:00 2226.00 2228.00 2226.00 2227.00 4858.00
20150625  10:32:00 2227.00 2227.00 2226.00 2226.00 8022.00
20150625  10:31:00 2226.00 2227.00 2226.00 2227.00 3312.00
20150625  10:30:00 2227.00 2228.00 2226.00 2226.00 4396.00
20150625  10:14:00 2227.00 2228.00 2226.00 2227.00 20478.00
20150625  10:13:00 2227.00 2228.00 2227.00 2228.00 9250.00
20150625  10:12:00 2226.00 2227.00 2225.00 2226.00 7492.00
20150625  10:11:00 2226.00 2226.00 2225.00 2226.00 3888.00
20150625  10:10:00 2225.00 2226.00 2224.00 2226.00 13136.00
20150625  10:09:00 2224.00 2225.00 2224.00 2224.00 6038.00
20150625  10:08:00 2224.00 2225.00 2224.00 2225.00 8336.00
20150625  10:07:00 2223.00 2224.00 2222.00 2224.00 16010.00
20150625  10:06:00 2222.00 2223.00 2222.00 2223.00 5978.00
20150625  10:05:00 2222.00 2222.00 2221.00 2222.00 2756.00
20150625  10:04:00 2221.00 2222.00 2221.00 2222.00 7894.00
20150625  10:03:00 2222.00 2223.00 2221.00 2222.00 21712.00
20150625  10:02:00 2222.00 2223.00 2220.00 2222.00 48870.00
20150625  10:01:00 2224.00 2224.00 2222.00 2223.00 16488.00
20150625  10:00:00 2224.00 2224.00 2223.00 2223.00 24720.00
20150625  09:59:00 2226.00 2226.00 2224.00 2224.00 8062.00
20150625  09:58:00 2226.00 2226.00 2225.00 2226.00 1118.00
20150625  09:57:00 2226.00 2226.00 2225.00 2226.00 356.00
20150625  09:56:00 2225.00 2226.00 2225.00 2226.00 1276.00
20150625  09:55:00 2226.00 2226.00 2225.00 2225.00 1850.00
20150625  09:54:00 2226.00 2227.00 2225.00 2226.00 6700.00
20150625  09:53:00 2226.00 2226.00 2225.00 2226.00 6298.00
20150625  09:52:00 2226.00 2226.00 2225.00 2226.00 1182.00
20150625  09:51:00 2224.00 2226.00 2224.00 2225.00 4786.00
20150625  09:50:00 2225.00 2225.00 2224.00 2224.00 4872.00
20150625  09:49:00 2225.00 2226.00 2224.00 2225.00 6732.00
20150625  09:48:00 2225.00 2225.00 2224.00 2225.00 3122.00
20150625  09:47:00 2225.00 2226.00 2224.00 2225.00 5804.00
20150625  09:46:00 2224.00 2226.00 2224.00 2226.00 6944.00
20150625  09:45:00 2226.00 2226.00 2224.00 2224.00 11784.00
20150625  09:44:00 2226.00 2226.00 2225.00 2226.00 2120.00
20150625  09:43:00 2226.00 2226.00 2225.00 2226.00 606.00
20150625  09:42:00 2226.00 2226.00 2225.00 2226.00 1264.00
20150625  09:41:00 2226.00 2226.00 2225.00 2226.00 644.00
20150625  09:40:00 2226.00 2226.00 2225.00 2225.00 3850.00
20150625  09:39:00 2227.00 2227.00 2225.00 2226.00 10192.00
20150625  09:38:00 2227.00 2228.00 2226.00 2227.00 11974.00
20150625  09:37:00 2227.00 2227.00 2226.00 2227.00 6990.00
20150625  09:36:00 2227.00 2227.00 2226.00 2227.00 2566.00
20150625  09:35:00 2225.00 2227.00 2225.00 2227.00 10540.00
20150625  09:34:00 2225.00 2226.00 2225.00 2225.00 2244.00
20150625  09:33:00 2226.00 2226.00 2225.00 2225.00 1378.00
20150625  09:32:00 2225.00 2226.00 2225.00 2226.00 2150.00
20150625  09:31:00 2225.00 2226.00 2224.00 2226.00 13492.00
20150625  09:30:00 2227.00 2227.00 2225.00 2225.00 7140.00
20150625  09:29:00 2225.00 2227.00 2225.00 2227.00 8126.00
20150625  09:28:00 2224.00 2226.00 2224.00 2226.00 17666.00
20150625  09:27:00 2225.00 2226.00 2223.00 2225.00 39116.00
20150625  09:26:00 2226.00 2227.00 2225.00 2225.00 23286.00
20150625  09:25:00 2227.00 2228.00 2225.00 2226.00 26888.00
20150625  09:24:00 2227.00 2228.00 2226.00 2227.00 25504.00
20150625  09:23:00 2228.00 2228.00 2227.00 2227.00 8072.00
20150625  09:22:00 2228.00 2229.00 2227.00 2228.00 9982.00
20150625  09:21:00 2229.00 2229.00 2228.00 2229.00 7666.00
20150625  09:20:00 2229.00 2230.00 2228.00 2229.00 5982.00
20150625  09:19:00 2229.00 2230.00 2228.00 2229.00 10674.00
20150625  09:18:00 2230.00 2230.00 2228.00 2229.00 12030.00
20150625  09:17:00 2230.00 2231.00 2229.00 2230.00 9398.00
20150625  09:16:00 2229.00 2231.00 2228.00 2230.00 19806.00
20150625  09:15:00 2229.00 2230.00 2228.00 2229.00 8952.00
20150625  09:14:00 2229.00 2230.00 2228.00 2229.00 9082.00
20150625  09:13:00 2229.00 2230.00 2229.00 2229.00 8072.00
20150625  09:12:00 2230.00 2230.00 2228.00 2230.00 16436.00
20150625  09:11:00 2229.00 2230.00 2228.00 2229.00 25638.00
20150625  09:10:00 2228.00 2229.00 2227.00 2229.00 26994.00
20150625  09:09:00 2229.00 2230.00 2227.00 2228.00 35146.00
20150625  09:08:00 2232.00 2233.00 2227.00 2229.00 69056.00
20150625  09:07:00 2232.00 2234.00 2232.00 2232.00 8692.00
20150625  09:06:00 2233.00 2234.00 2232.00 2232.00 10942.00
20150625  09:05:00 2235.00 2235.00 2233.00 2234.00 5290.00
20150625  09:04:00 2235.00 2236.00 2233.00 2234.00 10432.00
20150625  09:03:00 2235.00 2236.00 2235.00 2236.00 41984.00
20150625  09:02:00 2234.00 2234.00 2233.00 2234.00 3624.00
20150625  09:01:00 2235.00 2236.00 2234.00 2234.00 18140.00
20150625  09:00:00 2235.00 2236.00 2233.00 2235.00 28434.00
20150625  01:00:00 2235.00 2235.00 2235.00 2235.00   0.00
20150625  00:59:00 2235.00 2236.00 2234.00 2235.00 1622.00
20150625  00:58:00 2234.00 2235.00 2234.00 2235.00 1034.00
20150625  00:57:00 2235.00 2235.00 2234.00 2235.00 900.00
20150625  00:56:00 2234.00 2235.00 2234.00 2235.00 402.00
20150625  00:55:00 2234.00 2235.00 2234.00 2234.00 640.00
20150625  00:54:00 2235.00 2235.00 2234.00 2235.00  58.00
20150625  00:53:00 2234.00 2235.00 2234.00 2235.00 122.00
20150625  00:52:00 2235.00 2235.00 2234.00 2234.00 112.00
20150625  00:51:00 2234.00 2235.00 2234.00 2235.00 1000.00
20150625  00:50:00 2235.00 2235.00 2235.00 2235.00 438.00
20150625  00:49:00 2235.00 2235.00 2234.00 2235.00  20.00
20150625  00:48:00 2234.00 2235.00 2234.00 2234.00  38.00
20150625  00:47:00 2235.00 2235.00 2234.00 2234.00 122.00
20150625  00:46:00 2235.00 2235.00 2234.00 2235.00  26.00
20150625  00:45:00 2234.00 2235.00 2234.00 2235.00  54.00
20150625  00:44:00 2235.00 2235.00 2234.00 2234.00  36.00
20150625  00:43:00 2234.00 2235.00 2234.00 2235.00 284.00
20150625  00:42:00 2235.00 2235.00 2234.00 2234.00  34.00
20150625  00:41:00 2234.00 2235.00 2234.00 2235.00  76.00
20150625  00:40:00 2235.00 2235.00 2234.00 2234.00 180.00
20150625  00:39:00 2235.00 2236.00 2234.00 2235.00 2244.00
20150625  00:38:00 2235.00 2236.00 2235.00 2235.00 672.00
20150625  00:37:00 2236.00 2236.00 2235.00 2235.00   4.00
20150625  00:36:00 2236.00 2236.00 2235.00 2236.00  16.00
20150625  00:35:00 2236.00 2236.00 2235.00 2235.00  66.00
20150625  00:34:00 2235.00 2236.00 2235.00 2236.00 108.00
20150625  00:33:00 2236.00 2236.00 2235.00 2235.00 140.00
20150625  00:32:00 2236.00 2236.00 2235.00 2235.00 170.00
20150625  00:31:00 2236.00 2236.00 2236.00 2236.00  40.00
20150625  00:30:00 2235.00 2235.00 2235.00 2235.00 104.00
20150625  00:29:00 2235.00 2236.00 2235.00 2235.00  56.00
20150625  00:28:00 2235.00 2236.00 2235.00 2235.00 154.00
20150625  00:27:00 2236.00 2236.00 2235.00 2236.00  12.00
20150625  00:26:00 2235.00 2236.00 2235.00 2236.00  52.00
20150625  00:25:00 2236.00 2236.00 2236.00 2236.00  78.00
20150625  00:24:00 2236.00 2236.00 2235.00 2236.00  38.00
20150625  00:23:00 2235.00 2235.00 2235.00 2235.00  48.00
20150625  00:22:00 2236.00 2236.00 2235.00 2235.00  50.00
20150625  00:21:00 2236.00 2236.00 2235.00 2235.00   8.00
20150625  00:20:00 2236.00 2236.00 2235.00 2235.00  42.00
20150625  00:19:00 2236.00 2236.00 2235.00 2236.00  68.00
20150625  00:18:00 2236.00 2236.00 2236.00 2236.00  10.00
20150625  00:17:00 2236.00 2236.00 2236.00 2236.00  22.00
20150625  00:16:00 2235.00 2236.00 2235.00 2236.00 278.00
20150625  00:15:00 2235.00 2236.00 2235.00 2236.00  20.00
20150625  00:14:00 2235.00 2236.00 2235.00 2235.00  38.00
20150625  00:13:00 2235.00 2236.00 2235.00 2235.00  34.00
20150625  00:12:00 2236.00 2236.00 2235.00 2235.00  44.00
20150625  00:11:00 2236.00 2236.00 2235.00 2236.00 172.00
20150625  00:10:00 2236.00 2236.00 2235.00 2236.00 118.00
20150625  00:09:00 2236.00 2236.00 2236.00 2236.00  38.00
20150625  00:08:00 2236.00 2236.00 2235.00 2236.00 112.00
20150625  00:07:00 2236.00 2236.00 2236.00 2236.00 134.00
20150625  00:06:00 2235.00 2236.00 2235.00 2236.00 256.00
20150625  00:05:00 2236.00 2236.00 2235.00 2235.00 188.00
20150625  00:04:00 2236.00 2236.00 2235.00 2236.00 1156.00
20150625  00:03:00 2235.00 2236.00 2235.00 2236.00 184.00
20150625  00:02:00 2235.00 2236.00 2235.00 2236.00 746.00
20150625  00:01:00 2234.00 2236.00 2234.00 2235.00 3552.00
20150625  00:00:00 2235.00 2235.00 2234.00 2234.00 140.00
20150624  23:59:00 2235.00 2235.00 2234.00 2235.00 160.00
20150624  23:58:00 2234.00 2235.00 2234.00 2235.00  88.00
20150624  23:57:00 2235.00 2235.00 2234.00 2234.00  80.00
20150624  23:56:00 2235.00 2235.00 2234.00 2235.00  54.00
20150624  23:55:00 2235.00 2235.00 2234.00 2235.00 288.00
20150624  23:54:00 2234.00 2235.00 2234.00 2235.00 848.00
20150624  23:53:00 2234.00 2235.00 2234.00 2235.00  26.00
20150624  23:52:00 2234.00 2235.00 2234.00 2234.00 126.00
20150624  23:51:00 2234.00 2235.00 2234.00 2234.00 144.00
20150624  23:50:00 2235.00 2235.00 2234.00 2234.00 120.00
20150624  23:49:00 2234.00 2235.00 2234.00 2235.00 1942.00
20150624  23:48:00 2235.00 2235.00 2234.00 2234.00 1464.00
20150624  23:47:00 2234.00 2235.00 2234.00 2234.00 1724.00
20150624  23:46:00 2234.00 2235.00 2234.00 2234.00 730.00
20150624  23:45:00 2234.00 2235.00 2234.00 2234.00 862.00
20150624  23:44:00 2234.00 2235.00 2234.00 2234.00 414.00
20150624  23:43:00 2234.00 2235.00 2234.00 2234.00 792.00
20150624  23:42:00 2234.00 2235.00 2234.00 2234.00 326.00
20150624  23:41:00 2234.00 2235.00 2234.00 2234.00  40.00
20150624  23:40:00 2234.00 2235.00 2234.00 2235.00 318.00
20150624  23:39:00 2235.00 2235.00 2234.00 2234.00 230.00
20150624  23:38:00 2234.00 2235.00 2234.00 2235.00 140.00
20150624  23:37:00 2235.00 2235.00 2234.00 2235.00 102.00
20150624  23:36:00 2235.00 2235.00 2234.00 2235.00 294.00
20150624  23:35:00 2235.00 2235.00 2234.00 2235.00 512.00
20150624  23:34:00 2235.00 2235.00 2234.00 2235.00 3610.00
20150624  23:33:00 2235.00 2236.00 2235.00 2235.00 1360.00
20150624  23:32:00 2236.00 2236.00 2235.00 2235.00 464.00
20150624  23:31:00 2236.00 2236.00 2235.00 2236.00 1304.00
20150624  23:30:00 2236.00 2236.00 2235.00 2236.00 466.00
20150624  23:29:00 2236.00 2236.00 2235.00 2236.00 384.00
20150624  23:28:00 2235.00 2236.00 2235.00 2236.00 260.00
20150624  23:27:00 2236.00 2236.00 2235.00 2235.00 198.00
20150624  23:26:00 2235.00 2236.00 2234.00 2236.00 8614.00
20150624  23:25:00 2235.00 2235.00 2234.00 2235.00 2424.00
20150624  23:24:00 2235.00 2235.00 2234.00 2235.00 274.00
20150624  23:23:00 2235.00 2235.00 2234.00 2235.00 522.00
20150624  23:22:00 2234.00 2235.00 2234.00 2234.00 588.00
20150624  23:21:00 2235.00 2235.00 2234.00 2234.00 208.00
20150624  23:20:00 2235.00 2235.00 2234.00 2235.00 698.00
20150624  23:19:00 2235.00 2235.00 2234.00 2235.00 1008.00
20150624  23:18:00 2234.00 2235.00 2234.00 2234.00 538.00
20150624  23:17:00 2234.00 2235.00 2234.00 2234.00 350.00
20150624  23:16:00 2234.00 2235.00 2234.00 2234.00 1484.00
20150624  23:15:00 2234.00 2235.00 2234.00 2234.00 804.00
20150624  23:14:00 2234.00 2235.00 2234.00 2234.00 3058.00
20150624  23:13:00 2235.00 2235.00 2234.00 2235.00 114.00
20150624  23:12:00 2234.00 2235.00 2234.00 2235.00  70.00
20150624  23:11:00 2235.00 2235.00 2234.00 2234.00 158.00
20150624  23:10:00 2235.00 2235.00 2234.00 2235.00 126.00
20150624  23:09:00 2235.00 2235.00 2234.00 2235.00 210.00
20150624  23:08:00 2234.00 2235.00 2233.00 2235.00 4664.00
20150624  23:07:00 2234.00 2235.00 2234.00 2234.00 4116.00
20150624  23:06:00 2235.00 2235.00 2234.00 2234.00 580.00
20150624  23:05:00 2234.00 2235.00 2234.00 2235.00 664.00
20150624  23:04:00 2235.00 2235.00 2233.00 2235.00 7194.00
20150624  23:03:00 2235.00 2235.00 2234.00 2234.00 1344.00
20150624  23:02:00 2234.00 2235.00 2234.00 2234.00 410.00
20150624  23:01:00 2233.00 2235.00 2233.00 2234.00 6068.00
20150624  23:00:00 2235.00 2236.00 2233.00 2233.00 11344.00
20150624  22:59:00 2236.00 2236.00 2234.00 2235.00 6624.00
20150624  22:58:00 2235.00 2236.00 2235.00 2235.00 3962.00
20150624  22:57:00 2235.00 2236.00 2235.00 2235.00 1300.00
20150624  22:56:00 2235.00 2236.00 2235.00 2235.00 458.00
20150624  22:55:00 2235.00 2236.00 2235.00 2235.00 536.00
20150624  22:54:00 2236.00 2236.00 2234.00 2235.00 11886.00
20150624  22:53:00 2236.00 2236.00 2235.00 2236.00 212.00
20150624  22:52:00 2236.00 2237.00 2235.00 2236.00 8372.00
20150624  22:51:00 2235.00 2236.00 2235.00 2235.00 5724.00
20150624  22:50:00 2235.00 2236.00 2235.00 2235.00 868.00
20150624  22:49:00 2236.00 2236.00 2235.00 2235.00 172.00
20150624  22:48:00 2236.00 2236.00 2235.00 2236.00 276.00
20150624  22:47:00 2236.00 2236.00 2235.00 2235.00 706.00
20150624  22:46:00 2235.00 2236.00 2235.00 2236.00 182.00
20150624  22:45:00 2236.00 2236.00 2235.00 2235.00 224.00
20150624  22:44:00 2235.00 2236.00 2235.00 2236.00 288.00
20150624  22:43:00 2236.00 2236.00 2235.00 2235.00 406.00
20150624  22:42:00 2235.00 2236.00 2235.00 2236.00 546.00
20150624  22:41:00 2236.00 2236.00 2235.00 2235.00 202.00
20150624  22:40:00 2236.00 2237.00 2235.00 2236.00 4180.00
20150624  22:39:00 2236.00 2237.00 2235.00 2236.00 3682.00
20150624  22:38:00 2235.00 2236.00 2235.00 2236.00 162.00
20150624  22:37:00 2235.00 2236.00 2235.00 2235.00 464.00
20150624  22:36:00 2237.00 2237.00 2235.00 2236.00 2486.00
20150624  22:35:00 2236.00 2237.00 2235.00 2237.00 2890.00
20150624  22:34:00 2236.00 2236.00 2235.00 2236.00 994.00
20150624  22:33:00 2236.00 2236.00 2235.00 2236.00 680.00
20150624  22:32:00 2236.00 2236.00 2235.00 2236.00 6622.00
20150624  22:31:00 2235.00 2236.00 2235.00 2236.00 2680.00
20150624  22:30:00 2235.00 2236.00 2235.00 2235.00 1210.00
20150624  22:29:00 2235.00 2236.00 2235.00 2235.00 120.00
20150624  22:28:00 2236.00 2236.00 2235.00 2235.00 572.00
20150624  22:27:00 2235.00 2236.00 2235.00 2236.00 404.00
20150624  22:26:00 2236.00 2236.00 2235.00 2235.00 350.00
20150624  22:25:00 2236.00 2236.00 2235.00 2236.00 504.00
20150624  22:24:00 2236.00 2236.00 2235.00 2236.00 1000.00
20150624  22:23:00 2235.00 2236.00 2235.00 2236.00 210.00
20150624  22:22:00 2235.00 2236.00 2235.00 2235.00 256.00
20150624  22:21:00 2235.00 2236.00 2235.00 2236.00 566.00
20150624  22:20:00 2234.00 2236.00 2234.00 2235.00 4760.00
20150624  22:19:00 2235.00 2235.00 2234.00 2234.00 440.00
20150624  22:18:00 2235.00 2235.00 2234.00 2234.00 896.00
20150624  22:17:00 2234.00 2236.00 2234.00 2235.00 9104.00
20150624  22:16:00 2235.00 2235.00 2234.00 2235.00 1070.00
20150624  22:15:00 2235.00 2235.00 2234.00 2235.00 834.00
20150624  22:14:00 2235.00 2235.00 2234.00 2235.00 3404.00
20150624  22:13:00 2234.00 2236.00 2234.00 2235.00 3968.00
20150624  22:12:00 2235.00 2235.00 2234.00 2235.00 1076.00
20150624  22:11:00 2234.00 2235.00 2234.00 2235.00 1082.00
20150624  22:10:00 2235.00 2235.00 2234.00 2234.00 2884.00
20150624  22:09:00 2234.00 2235.00 2234.00 2235.00 2722.00
20150624  22:08:00 2235.00 2235.00 2234.00 2235.00 622.00
20150624  22:07:00 2235.00 2236.00 2234.00 2235.00 6572.00
20150624  22:06:00 2236.00 2236.00 2234.00 2235.00 9142.00
20150624  22:05:00 2235.00 2236.00 2235.00 2236.00 1926.00
20150624  22:04:00 2236.00 2236.00 2235.00 2235.00 986.00
20150624  22:03:00 2236.00 2236.00 2235.00 2236.00 908.00
20150624  22:02:00 2235.00 2236.00 2234.00 2236.00 5610.00
20150624  22:01:00 2235.00 2235.00 2234.00 2235.00 666.00
20150624  22:00:00 2234.00 2235.00 2234.00 2235.00 2060.00
20150624  21:59:00 2235.00 2235.00 2234.00 2235.00 1398.00
20150624  21:58:00 2235.00 2236.00 2234.00 2234.00 3646.00
20150624  21:57:00 2235.00 2236.00 2234.00 2236.00 12870.00
20150624  21:56:00 2236.00 2236.00 2235.00 2236.00 774.00
20150624  21:55:00 2235.00 2236.00 2235.00 2236.00 796.00
20150624  21:54:00 2236.00 2236.00 2235.00 2236.00 952.00
20150624  21:53:00 2236.00 2236.00 2235.00 2236.00 482.00
20150624  21:52:00 2235.00 2236.00 2235.00 2236.00 272.00
20150624  21:51:00 2236.00 2236.00 2235.00 2235.00 870.00
20150624  21:50:00 2235.00 2236.00 2234.00 2236.00 11480.00
20150624  21:49:00 2235.00 2236.00 2234.00 2235.00 7462.00
20150624  21:48:00 2236.00 2236.00 2235.00 2235.00 826.00
20150624  21:47:00 2235.00 2236.00 2235.00 2236.00 1164.00
20150624  21:46:00 2236.00 2236.00 2235.00 2236.00 1256.00
20150624  21:45:00 2235.00 2236.00 2235.00 2235.00 1154.00
20150624  21:44:00 2236.00 2236.00 2235.00 2236.00 1048.00
20150624  21:43:00 2236.00 2237.00 2235.00 2236.00 3702.00
20150624  21:42:00 2236.00 2237.00 2235.00 2236.00 4846.00
20150624  21:41:00 2236.00 2236.00 2235.00 2236.00 874.00
20150624  21:40:00 2236.00 2236.00 2235.00 2236.00 1452.00
20150624  21:39:00 2235.00 2236.00 2235.00 2236.00 948.00
20150624  21:38:00 2236.00 2236.00 2235.00 2236.00 1492.00
20150624  21:37:00 2236.00 2236.00 2235.00 2236.00 964.00
20150624  21:36:00 2236.00 2236.00 2235.00 2236.00 1424.00
20150624  21:35:00 2235.00 2237.00 2234.00 2236.00 17946.00
20150624  21:34:00 2235.00 2235.00 2234.00 2235.00 1432.00
20150624  21:33:00 2235.00 2235.00 2234.00 2235.00 12376.00
20150624  21:32:00 2234.00 2235.00 2233.00 2235.00 13638.00
20150624  21:31:00 2236.00 2236.00 2234.00 2234.00 19954.00
20150624  21:30:00 2236.00 2237.00 2235.00 2236.00 8696.00
20150624  21:29:00 2236.00 2238.00 2236.00 2237.00 7756.00
20150624  21:28:00 2237.00 2237.00 2236.00 2236.00 1934.00
20150624  21:27:00 2237.00 2238.00 2236.00 2237.00 5876.00
20150624  21:26:00 2237.00 2238.00 2237.00 2237.00 2124.00
20150624  21:25:00 2237.00 2238.00 2237.00 2237.00 384.00
20150624  21:24:00 2238.00 2239.00 2237.00 2238.00 10964.00
20150624  21:23:00 2238.00 2238.00 2237.00 2238.00 5476.00
20150624  21:22:00 2237.00 2238.00 2236.00 2238.00 6036.00
20150624  21:21:00 2236.00 2237.00 2236.00 2237.00 804.00
20150624  21:20:00 2237.00 2237.00 2236.00 2237.00 1570.00
20150624  21:19:00 2237.00 2237.00 2236.00 2236.00 2690.00
20150624  21:18:00 2236.00 2237.00 2236.00 2237.00 2150.00
20150624  21:17:00 2236.00 2237.00 2235.00 2237.00 8824.00
20150624  21:16:00 2237.00 2238.00 2236.00 2237.00 5224.00
20150624  21:15:00 2236.00 2238.00 2236.00 2238.00 12272.00
20150624  21:14:00 2236.00 2237.00 2235.00 2236.00 11530.00
20150624  21:13:00 2236.00 2237.00 2236.00 2237.00 3662.00
20150624  21:12:00 2238.00 2238.00 2237.00 2237.00 16612.00
20150624  21:11:00 2238.00 2239.00 2237.00 2238.00 3334.00
20150624  21:10:00 2238.00 2239.00 2238.00 2239.00 4956.00
20150624  21:09:00 2237.00 2239.00 2237.00 2239.00 7454.00
20150624  21:08:00 2238.00 2238.00 2237.00 2238.00 2278.00
20150624  21:07:00 2237.00 2238.00 2236.00 2238.00 13626.00
20150624  21:06:00 2238.00 2239.00 2236.00 2237.00 17240.00
20150624  21:05:00 2240.00 2240.00 2238.00 2239.00 13622.00
20150624  21:04:00 2239.00 2241.00 2239.00 2240.00 16460.00
20150624  21:03:00 2240.00 2241.00 2239.00 2239.00 25418.00
20150624  21:02:00 2241.00 2241.00 2240.00 2240.00 16450.00
20150624  21:01:00 2245.00 2245.00 2240.00 2240.00 37628.00
20150624  21:00:00 2242.00 2246.00 2242.00 2244.00 35048.00
