20150429  21:00:00 2345.00 2345.00 2341.00 2344.00 51682.00
20150429  21:01:00 2343.00 2347.00 2342.00 2347.00 45176.00
20150429  21:02:00 2346.00 2347.00 2344.00 2345.00 24442.00
20150429  21:03:00 2344.00 2349.00 2344.00 2349.00 31842.00
20150429  21:04:00 2349.00 2351.00 2348.00 2350.00 55460.00
20150429  21:05:00 2351.00 2353.00 2350.00 2352.00 37634.00
20150429  21:06:00 2351.00 2352.00 2349.00 2349.00 27250.00
20150429  21:07:00 2349.00 2349.00 2347.00 2347.00 18670.00
20150429  21:08:00 2347.00 2351.00 2347.00 2350.00 27246.00
20150429  21:09:00 2350.00 2350.00 2348.00 2348.00 16982.00
20150429  21:10:00 2348.00 2349.00 2348.00 2348.00 8292.00
20150429  21:11:00 2349.00 2349.00 2347.00 2347.00 10704.00
20150429  21:12:00 2347.00 2349.00 2346.00 2347.00 18424.00
20150429  21:13:00 2348.00 2349.00 2347.00 2349.00 5302.00
20150429  21:14:00 2348.00 2349.00 2346.00 2346.00 20404.00
20150429  21:15:00 2346.00 2347.00 2344.00 2346.00 30066.00
20150429  21:16:00 2346.00 2350.00 2346.00 2349.00 33410.00
20150429  21:17:00 2349.00 2350.00 2347.00 2347.00 13000.00
20150429  21:18:00 2347.00 2349.00 2347.00 2348.00 7690.00
20150429  21:19:00 2347.00 2349.00 2347.00 2349.00 4160.00
20150429  21:20:00 2349.00 2352.00 2348.00 2352.00 25948.00
20150429  21:21:00 2352.00 2352.00 2351.00 2352.00 22304.00
20150429  21:22:00 2352.00 2354.00 2351.00 2354.00 23932.00
20150429  21:23:00 2353.00 2354.00 2351.00 2352.00 27022.00
20150429  21:24:00 2352.00 2353.00 2351.00 2351.00 6556.00
20150429  21:25:00 2351.00 2352.00 2350.00 2351.00 9654.00
20150429  21:26:00 2351.00 2352.00 2350.00 2351.00 7584.00
20150429  21:27:00 2351.00 2353.00 2351.00 2353.00 9818.00
20150429  21:28:00 2353.00 2354.00 2351.00 2354.00 19304.00
20150429  21:29:00 2354.00 2354.00 2352.00 2354.00 14686.00
20150429  21:30:00 2353.00 2354.00 2353.00 2354.00 5558.00
20150429  21:31:00 2353.00 2358.00 2353.00 2357.00 43920.00
20150429  21:32:00 2357.00 2357.00 2355.00 2355.00 32632.00
20150429  21:33:00 2355.00 2356.00 2353.00 2355.00 15064.00
20150429  21:34:00 2354.00 2356.00 2354.00 2354.00 11572.00
20150429  21:35:00 2355.00 2356.00 2354.00 2356.00 10096.00
20150429  21:36:00 2355.00 2357.00 2355.00 2356.00 13314.00
20150429  21:37:00 2356.00 2356.00 2353.00 2353.00 17686.00
20150429  21:38:00 2354.00 2356.00 2353.00 2355.00 15674.00
20150429  21:39:00 2355.00 2355.00 2354.00 2354.00 5014.00
20150429  21:40:00 2354.00 2356.00 2354.00 2355.00 10604.00
20150429  21:41:00 2355.00 2355.00 2354.00 2355.00 1180.00
20150429  21:42:00 2355.00 2355.00 2354.00 2354.00 6746.00
20150429  21:43:00 2355.00 2355.00 2353.00 2354.00 14588.00
20150429  21:44:00 2354.00 2356.00 2354.00 2356.00 11736.00
20150429  21:45:00 2355.00 2357.00 2355.00 2357.00 10256.00
20150429  21:46:00 2357.00 2357.00 2355.00 2356.00 7248.00
20150429  21:47:00 2355.00 2357.00 2355.00 2357.00 6476.00
20150429  21:48:00 2357.00 2357.00 2356.00 2357.00 11068.00
20150429  21:49:00 2357.00 2358.00 2355.00 2358.00 18442.00
20150429  21:50:00 2358.00 2358.00 2356.00 2357.00 6602.00
20150429  21:51:00 2357.00 2357.00 2355.00 2355.00 13370.00
20150429  21:52:00 2356.00 2356.00 2354.00 2354.00 9704.00
20150429  21:53:00 2354.00 2356.00 2354.00 2356.00 5504.00
20150429  21:54:00 2355.00 2356.00 2355.00 2355.00 1368.00
20150429  21:55:00 2356.00 2357.00 2355.00 2356.00 6832.00
20150429  21:56:00 2357.00 2357.00 2356.00 2357.00 1870.00
20150429  21:57:00 2357.00 2357.00 2356.00 2357.00 5510.00
20150429  21:58:00 2357.00 2358.00 2356.00 2356.00 9652.00
20150429  21:59:00 2357.00 2358.00 2356.00 2358.00 8880.00
20150429  22:00:00 2357.00 2361.00 2357.00 2360.00 41012.00
20150429  22:01:00 2359.00 2362.00 2358.00 2362.00 24848.00
20150429  22:02:00 2362.00 2363.00 2360.00 2363.00 33984.00
20150429  22:03:00 2363.00 2364.00 2360.00 2364.00 28616.00
20150429  22:04:00 2363.00 2366.00 2363.00 2366.00 64868.00
20150429  22:05:00 2367.00 2367.00 2364.00 2365.00 31730.00
20150429  22:06:00 2365.00 2365.00 2363.00 2364.00 25782.00
20150429  22:07:00 2363.00 2365.00 2363.00 2365.00 8916.00
20150429  22:08:00 2364.00 2365.00 2364.00 2364.00 8880.00
20150429  22:09:00 2365.00 2365.00 2364.00 2365.00 7242.00
20150429  22:10:00 2365.00 2367.00 2365.00 2367.00 26966.00
20150429  22:11:00 2367.00 2368.00 2365.00 2367.00 26386.00
20150429  22:12:00 2368.00 2368.00 2365.00 2365.00 13344.00
20150429  22:13:00 2365.00 2366.00 2363.00 2363.00 16778.00
20150429  22:14:00 2364.00 2365.00 2364.00 2365.00 9042.00
20150429  22:15:00 2365.00 2365.00 2363.00 2364.00 17848.00
20150429  22:16:00 2364.00 2365.00 2363.00 2363.00 11406.00
20150429  22:17:00 2363.00 2364.00 2363.00 2363.00 6290.00
20150429  22:18:00 2363.00 2365.00 2363.00 2364.00 6690.00
20150429  22:19:00 2363.00 2365.00 2363.00 2365.00 12006.00
20150429  22:20:00 2366.00 2366.00 2364.00 2364.00 8794.00
20150429  22:21:00 2364.00 2366.00 2364.00 2366.00 6794.00
20150429  22:22:00 2365.00 2366.00 2364.00 2365.00 6916.00
20150429  22:23:00 2365.00 2366.00 2364.00 2366.00 11500.00
20150429  22:24:00 2366.00 2367.00 2365.00 2365.00 11084.00
20150429  22:25:00 2365.00 2367.00 2365.00 2367.00 7002.00
20150429  22:26:00 2366.00 2369.00 2366.00 2368.00 25558.00
20150429  22:27:00 2368.00 2369.00 2367.00 2368.00 16294.00
20150429  22:28:00 2368.00 2369.00 2366.00 2367.00 25824.00
20150429  22:29:00 2367.00 2368.00 2366.00 2367.00 10574.00
20150429  22:30:00 2366.00 2368.00 2366.00 2368.00 14646.00
20150429  22:31:00 2368.00 2369.00 2367.00 2368.00 12470.00
20150429  22:32:00 2369.00 2370.00 2368.00 2369.00 15772.00
20150429  22:33:00 2368.00 2369.00 2367.00 2368.00 14200.00
20150429  22:34:00 2368.00 2368.00 2367.00 2367.00 5072.00
20150429  22:35:00 2368.00 2368.00 2367.00 2367.00 7836.00
20150429  22:36:00 2367.00 2369.00 2367.00 2368.00 7236.00
20150429  22:37:00 2369.00 2369.00 2368.00 2368.00 9448.00
20150429  22:38:00 2368.00 2369.00 2367.00 2368.00 8010.00
20150429  22:39:00 2368.00 2368.00 2365.00 2365.00 12334.00
20150429  22:40:00 2366.00 2366.00 2365.00 2365.00 4714.00
20150429  22:41:00 2365.00 2365.00 2363.00 2363.00 24240.00
20150429  22:42:00 2363.00 2365.00 2363.00 2364.00 10912.00
20150429  22:43:00 2365.00 2365.00 2363.00 2363.00 11068.00
20150429  22:44:00 2363.00 2364.00 2361.00 2361.00 21156.00
20150429  22:45:00 2361.00 2362.00 2361.00 2362.00 19098.00
20150429  22:46:00 2361.00 2364.00 2361.00 2363.00 22572.00
20150429  22:47:00 2363.00 2363.00 2362.00 2362.00 8648.00
20150429  22:48:00 2363.00 2365.00 2362.00 2364.00 15704.00
20150429  22:49:00 2365.00 2365.00 2363.00 2364.00 6380.00
20150429  22:50:00 2364.00 2364.00 2363.00 2364.00 3972.00
20150429  22:51:00 2364.00 2364.00 2363.00 2364.00 3702.00
20150429  22:52:00 2364.00 2365.00 2363.00 2365.00 4560.00
20150429  22:53:00 2365.00 2365.00 2364.00 2365.00 866.00
20150429  22:54:00 2365.00 2365.00 2364.00 2365.00 13154.00
20150429  22:55:00 2365.00 2367.00 2364.00 2367.00 14798.00
20150429  22:56:00 2366.00 2367.00 2365.00 2366.00 14448.00
20150429  22:57:00 2366.00 2366.00 2364.00 2365.00 6778.00
20150429  22:58:00 2364.00 2365.00 2364.00 2364.00 7198.00
20150429  22:59:00 2364.00 2366.00 2364.00 2366.00 6964.00
20150429  23:00:00 2365.00 2366.00 2364.00 2366.00 4958.00
20150429  23:01:00 2365.00 2366.00 2364.00 2364.00 6186.00
20150429  23:02:00 2365.00 2365.00 2364.00 2365.00 1050.00
20150429  23:03:00 2365.00 2365.00 2364.00 2365.00 2110.00
20150429  23:04:00 2364.00 2365.00 2364.00 2364.00 1642.00
20150429  23:05:00 2365.00 2366.00 2364.00 2365.00 6918.00
20150429  23:06:00 2365.00 2366.00 2365.00 2366.00 4940.00
20150429  23:07:00 2365.00 2366.00 2365.00 2366.00 1338.00
20150429  23:08:00 2366.00 2366.00 2365.00 2366.00 992.00
20150429  23:09:00 2366.00 2366.00 2364.00 2364.00 3464.00
20150429  23:10:00 2365.00 2365.00 2364.00 2365.00 926.00
20150429  23:11:00 2364.00 2365.00 2362.00 2363.00 29368.00
20150429  23:12:00 2363.00 2364.00 2362.00 2363.00 10612.00
20150429  23:13:00 2363.00 2364.00 2362.00 2363.00 8438.00
20150429  23:14:00 2363.00 2364.00 2362.00 2363.00 6948.00
20150429  23:15:00 2363.00 2365.00 2363.00 2364.00 6710.00
20150429  23:16:00 2364.00 2366.00 2364.00 2366.00 9606.00
20150429  23:17:00 2365.00 2366.00 2364.00 2365.00 10046.00
20150429  23:18:00 2364.00 2365.00 2364.00 2364.00 1412.00
20150429  23:19:00 2364.00 2365.00 2363.00 2363.00 4664.00
20150429  23:20:00 2363.00 2364.00 2363.00 2363.00 3010.00
20150429  23:21:00 2363.00 2364.00 2363.00 2364.00 374.00
20150429  23:22:00 2364.00 2364.00 2363.00 2364.00 354.00
20150429  23:23:00 2364.00 2364.00 2363.00 2363.00 1108.00
20150429  23:24:00 2363.00 2364.00 2363.00 2363.00 4818.00
20150429  23:25:00 2363.00 2364.00 2363.00 2364.00 704.00
20150429  23:26:00 2364.00 2365.00 2363.00 2363.00 8078.00
20150429  23:27:00 2363.00 2364.00 2363.00 2364.00 944.00
20150429  23:28:00 2363.00 2364.00 2363.00 2363.00 5366.00
20150429  23:29:00 2363.00 2364.00 2363.00 2364.00 874.00
20150429  23:30:00 2364.00 2364.00 2363.00 2364.00 8776.00
20150429  23:31:00 2364.00 2364.00 2363.00 2364.00 5912.00
20150429  23:32:00 2364.00 2364.00 2363.00 2364.00 646.00
20150429  23:33:00 2364.00 2365.00 2363.00 2364.00 4230.00
20150429  23:34:00 2364.00 2364.00 2363.00 2364.00 8556.00
20150429  23:35:00 2364.00 2364.00 2363.00 2364.00 1104.00
20150429  23:36:00 2364.00 2364.00 2363.00 2363.00 832.00
20150429  23:37:00 2364.00 2364.00 2363.00 2363.00 1028.00
20150429  23:38:00 2363.00 2365.00 2363.00 2364.00 10752.00
20150429  23:39:00 2364.00 2364.00 2363.00 2364.00 6266.00
20150429  23:40:00 2364.00 2364.00 2363.00 2364.00 794.00
20150429  23:41:00 2364.00 2364.00 2363.00 2364.00 882.00
20150429  23:42:00 2364.00 2364.00 2363.00 2364.00 1406.00
20150429  23:43:00 2364.00 2364.00 2363.00 2364.00 2078.00
20150429  23:44:00 2364.00 2364.00 2363.00 2364.00 304.00
20150429  23:45:00 2364.00 2364.00 2363.00 2363.00 582.00
20150429  23:46:00 2363.00 2364.00 2363.00 2363.00 774.00
20150429  23:47:00 2363.00 2364.00 2363.00 2364.00 3032.00
20150429  23:48:00 2363.00 2364.00 2363.00 2364.00 1064.00
20150429  23:49:00 2364.00 2364.00 2363.00 2364.00 1030.00
20150429  23:50:00 2364.00 2365.00 2363.00 2364.00 4018.00
20150429  23:51:00 2364.00 2365.00 2363.00 2364.00 6128.00
20150429  23:52:00 2364.00 2365.00 2364.00 2364.00 1252.00
20150429  23:53:00 2365.00 2365.00 2364.00 2365.00 260.00
20150429  23:54:00 2365.00 2365.00 2364.00 2364.00 1364.00
20150429  23:55:00 2364.00 2365.00 2364.00 2364.00 1950.00
20150429  23:56:00 2364.00 2365.00 2364.00 2364.00 492.00
20150429  23:57:00 2364.00 2365.00 2364.00 2364.00 666.00
20150429  23:58:00 2364.00 2365.00 2364.00 2364.00 802.00
20150429  23:59:00 2365.00 2365.00 2364.00 2364.00 1000.00
20150430  00:00:00 2364.00 2365.00 2364.00 2365.00 1436.00
20150430  00:01:00 2365.00 2366.00 2364.00 2366.00 6994.00
20150430  00:02:00 2365.00 2366.00 2364.00 2365.00 2398.00
20150430  00:03:00 2365.00 2366.00 2364.00 2365.00 6968.00
20150430  00:04:00 2365.00 2365.00 2364.00 2365.00 6572.00
20150430  00:05:00 2365.00 2366.00 2365.00 2366.00 1636.00
20150430  00:06:00 2366.00 2366.00 2365.00 2366.00 2076.00
20150430  00:07:00 2366.00 2366.00 2365.00 2366.00 646.00
20150430  00:08:00 2366.00 2366.00 2365.00 2366.00 560.00
20150430  00:09:00 2366.00 2367.00 2365.00 2367.00 9536.00
20150430  00:10:00 2367.00 2367.00 2366.00 2367.00 652.00
20150430  00:11:00 2367.00 2367.00 2366.00 2366.00 1190.00
20150430  00:12:00 2366.00 2367.00 2366.00 2366.00 404.00
20150430  00:13:00 2366.00 2367.00 2366.00 2366.00 918.00
20150430  00:14:00 2366.00 2367.00 2365.00 2366.00 3324.00
20150430  00:15:00 2366.00 2366.00 2365.00 2365.00 420.00
20150430  00:16:00 2365.00 2366.00 2365.00 2366.00 504.00
20150430  00:17:00 2366.00 2366.00 2365.00 2365.00 3626.00
20150430  00:18:00 2365.00 2365.00 2364.00 2364.00 910.00
20150430  00:19:00 2364.00 2365.00 2364.00 2364.00 664.00
20150430  00:20:00 2364.00 2365.00 2364.00 2365.00 956.00
20150430  00:21:00 2365.00 2365.00 2364.00 2365.00 1668.00
20150430  00:22:00 2365.00 2365.00 2364.00 2365.00 1742.00
20150430  00:23:00 2365.00 2366.00 2364.00 2365.00 5178.00
20150430  00:24:00 2365.00 2365.00 2364.00 2365.00 1012.00
20150430  00:25:00 2365.00 2366.00 2365.00 2365.00 1934.00
20150430  00:26:00 2365.00 2365.00 2364.00 2365.00 2044.00
20150430  00:27:00 2365.00 2366.00 2365.00 2365.00 248.00
20150430  00:28:00 2366.00 2366.00 2364.00 2366.00 3150.00
20150430  00:29:00 2365.00 2366.00 2364.00 2365.00 3300.00
20150430  00:30:00 2365.00 2366.00 2365.00 2365.00 4304.00
20150430  00:31:00 2365.00 2365.00 2364.00 2364.00 2708.00
20150430  00:32:00 2365.00 2365.00 2364.00 2365.00  82.00
20150430  00:33:00 2365.00 2365.00 2364.00 2365.00 590.00
20150430  00:34:00 2365.00 2365.00 2364.00 2364.00 4752.00
20150430  00:35:00 2364.00 2365.00 2364.00 2365.00 1806.00
20150430  00:36:00 2364.00 2365.00 2364.00 2365.00 428.00
20150430  00:37:00 2365.00 2365.00 2364.00 2365.00 136.00
20150430  00:38:00 2365.00 2365.00 2364.00 2365.00  80.00
20150430  00:39:00 2364.00 2365.00 2364.00 2364.00 284.00
20150430  00:40:00 2365.00 2365.00 2364.00 2365.00 612.00
20150430  00:41:00 2364.00 2365.00 2364.00 2364.00 532.00
20150430  00:42:00 2364.00 2365.00 2364.00 2365.00 114.00
20150430  00:43:00 2365.00 2365.00 2364.00 2364.00 136.00
20150430  00:44:00 2364.00 2365.00 2364.00 2364.00 170.00
20150430  00:45:00 2364.00 2365.00 2364.00 2364.00 372.00
20150430  00:46:00 2364.00 2365.00 2364.00 2364.00 1474.00
20150430  00:47:00 2364.00 2365.00 2364.00 2365.00 960.00
20150430  00:48:00 2365.00 2365.00 2364.00 2365.00 322.00
20150430  00:49:00 2365.00 2365.00 2364.00 2365.00 742.00
20150430  00:50:00 2364.00 2366.00 2364.00 2365.00 3522.00
20150430  00:51:00 2365.00 2366.00 2365.00 2365.00 1984.00
20150430  00:52:00 2365.00 2366.00 2364.00 2365.00 3020.00
20150430  00:53:00 2365.00 2365.00 2364.00 2365.00 284.00
20150430  00:54:00 2365.00 2365.00 2364.00 2365.00 1858.00
20150430  00:55:00 2365.00 2365.00 2364.00 2365.00 1020.00
20150430  00:56:00 2365.00 2365.00 2364.00 2364.00 752.00
20150430  00:57:00 2364.00 2365.00 2364.00 2365.00 1360.00
20150430  00:58:00 2364.00 2365.00 2364.00 2365.00 1822.00
20150430  00:59:00 2364.00 2365.00 2364.00 2365.00 8622.00
20150430  01:00:00 2364.00 2364.00 2364.00 2364.00  16.00
20150430  09:00:00 2364.00 2365.00 2362.00 2364.00 27212.00
20150430  09:01:00 2364.00 2368.00 2363.00 2367.00 28054.00
20150430  09:02:00 2367.00 2367.00 2360.00 2360.00 35532.00
20150430  09:03:00 2360.00 2363.00 2359.00 2360.00 39034.00
20150430  09:04:00 2361.00 2362.00 2359.00 2361.00 23220.00
20150430  09:05:00 2362.00 2363.00 2361.00 2362.00 14660.00
20150430  09:06:00 2363.00 2364.00 2362.00 2364.00 13244.00
20150430  09:07:00 2364.00 2367.00 2363.00 2366.00 22778.00
20150430  09:08:00 2367.00 2370.00 2365.00 2367.00 58304.00
20150430  09:09:00 2368.00 2371.00 2367.00 2369.00 64686.00
20150430  09:10:00 2370.00 2374.00 2369.00 2374.00 55878.00
20150430  09:11:00 2374.00 2375.00 2372.00 2374.00 42268.00
20150430  09:12:00 2374.00 2377.00 2374.00 2374.00 41536.00
20150430  09:13:00 2374.00 2375.00 2373.00 2373.00 17602.00
20150430  09:14:00 2374.00 2376.00 2372.00 2376.00 24872.00
20150430  09:15:00 2376.00 2377.00 2375.00 2376.00 19740.00
20150430  09:16:00 2376.00 2377.00 2374.00 2375.00 18148.00
20150430  09:17:00 2375.00 2375.00 2373.00 2374.00 13298.00
20150430  09:18:00 2375.00 2375.00 2372.00 2372.00 14372.00
20150430  09:19:00 2372.00 2374.00 2372.00 2373.00 16556.00
20150430  09:20:00 2372.00 2375.00 2372.00 2374.00 12382.00
20150430  09:21:00 2375.00 2375.00 2372.00 2373.00 11256.00
20150430  09:22:00 2373.00 2374.00 2372.00 2372.00 4332.00
20150430  09:23:00 2372.00 2373.00 2372.00 2372.00 3458.00
20150430  09:24:00 2372.00 2374.00 2372.00 2373.00 15846.00
20150430  09:25:00 2373.00 2373.00 2371.00 2372.00 9486.00
20150430  09:26:00 2372.00 2373.00 2371.00 2372.00 10584.00
20150430  09:27:00 2372.00 2373.00 2368.00 2369.00 35430.00
20150430  09:28:00 2370.00 2371.00 2368.00 2371.00 19232.00
20150430  09:29:00 2371.00 2372.00 2370.00 2371.00 16014.00
20150430  09:30:00 2370.00 2372.00 2365.00 2367.00 41224.00
20150430  09:31:00 2367.00 2367.00 2362.00 2362.00 66520.00
20150430  09:32:00 2362.00 2364.00 2362.00 2362.00 33620.00
20150430  09:33:00 2362.00 2363.00 2356.00 2359.00 77848.00
20150430  09:34:00 2359.00 2361.00 2358.00 2360.00 29854.00
20150430  09:35:00 2360.00 2360.00 2355.00 2355.00 69494.00
20150430  09:36:00 2355.00 2357.00 2353.00 2356.00 56164.00
20150430  09:37:00 2357.00 2359.00 2356.00 2358.00 24504.00
20150430  09:38:00 2357.00 2358.00 2353.00 2353.00 34272.00
20150430  09:39:00 2353.00 2356.00 2352.00 2355.00 38624.00
20150430  09:40:00 2356.00 2356.00 2352.00 2352.00 32302.00
20150430  09:41:00 2353.00 2354.00 2352.00 2354.00 31776.00
20150430  09:42:00 2354.00 2357.00 2353.00 2356.00 24874.00
20150430  09:43:00 2355.00 2358.00 2355.00 2358.00 26594.00
20150430  09:44:00 2358.00 2360.00 2357.00 2359.00 28308.00
20150430  09:45:00 2359.00 2360.00 2356.00 2356.00 24576.00
20150430  09:46:00 2356.00 2357.00 2355.00 2356.00 10448.00
20150430  09:47:00 2356.00 2356.00 2354.00 2354.00 15974.00
20150430  09:48:00 2354.00 2358.00 2354.00 2358.00 14790.00
20150430  09:49:00 2357.00 2358.00 2356.00 2357.00 11010.00
20150430  09:50:00 2357.00 2357.00 2355.00 2357.00 6960.00
20150430  09:51:00 2357.00 2359.00 2356.00 2358.00 18870.00
20150430  09:52:00 2357.00 2358.00 2356.00 2358.00 16916.00
20150430  09:53:00 2358.00 2360.00 2357.00 2360.00 20980.00
20150430  09:54:00 2361.00 2361.00 2359.00 2359.00 26860.00
20150430  09:55:00 2359.00 2360.00 2358.00 2359.00 4876.00
20150430  09:56:00 2359.00 2361.00 2358.00 2361.00 10642.00
20150430  09:57:00 2360.00 2361.00 2357.00 2357.00 18292.00
20150430  09:58:00 2357.00 2359.00 2356.00 2357.00 17648.00
20150430  09:59:00 2358.00 2358.00 2357.00 2357.00 2806.00
20150430  10:00:00 2357.00 2358.00 2356.00 2356.00 9588.00
20150430  10:01:00 2357.00 2359.00 2355.00 2357.00 25950.00
20150430  10:02:00 2358.00 2361.00 2357.00 2359.00 19208.00
20150430  10:03:00 2360.00 2360.00 2357.00 2358.00 11258.00
20150430  10:04:00 2357.00 2358.00 2356.00 2356.00 8752.00
20150430  10:05:00 2357.00 2358.00 2356.00 2357.00 8068.00
20150430  10:06:00 2357.00 2359.00 2356.00 2358.00 11230.00
20150430  10:07:00 2358.00 2358.00 2356.00 2357.00 9038.00
20150430  10:08:00 2357.00 2359.00 2357.00 2359.00 8808.00
20150430  10:09:00 2359.00 2359.00 2357.00 2357.00 2432.00
20150430  10:10:00 2357.00 2358.00 2357.00 2357.00 924.00
20150430  10:11:00 2357.00 2358.00 2357.00 2358.00 1996.00
20150430  10:12:00 2358.00 2358.00 2357.00 2358.00 3694.00
20150430  10:13:00 2358.00 2359.00 2358.00 2358.00 664.00
20150430  10:14:00 2359.00 2359.00 2357.00 2357.00 6924.00
20150430  10:30:00 2358.00 2359.00 2357.00 2359.00 5092.00
20150430  10:31:00 2359.00 2359.00 2358.00 2358.00 954.00
20150430  10:32:00 2358.00 2359.00 2357.00 2358.00 3702.00
20150430  10:33:00 2357.00 2358.00 2356.00 2356.00 3536.00
20150430  10:34:00 2356.00 2357.00 2355.00 2356.00 9472.00
20150430  10:35:00 2356.00 2357.00 2355.00 2355.00 6518.00
20150430  10:36:00 2355.00 2356.00 2355.00 2355.00 4302.00
20150430  10:37:00 2355.00 2357.00 2355.00 2357.00 7082.00
20150430  10:38:00 2357.00 2358.00 2356.00 2357.00 5976.00
20150430  10:39:00 2357.00 2359.00 2357.00 2357.00 6342.00
20150430  10:40:00 2357.00 2359.00 2357.00 2358.00 7372.00
20150430  10:41:00 2358.00 2360.00 2358.00 2359.00 14232.00
20150430  10:42:00 2358.00 2360.00 2358.00 2359.00 6274.00
20150430  10:43:00 2359.00 2359.00 2358.00 2359.00 1514.00
20150430  10:44:00 2359.00 2359.00 2357.00 2357.00 5590.00
20150430  10:45:00 2357.00 2358.00 2357.00 2358.00 1672.00
20150430  10:46:00 2358.00 2358.00 2357.00 2357.00 356.00
20150430  10:47:00 2357.00 2358.00 2357.00 2358.00 702.00
20150430  10:48:00 2358.00 2359.00 2357.00 2358.00 3576.00
20150430  10:49:00 2359.00 2359.00 2358.00 2358.00 1428.00
20150430  10:50:00 2358.00 2360.00 2358.00 2359.00 7950.00
20150430  10:51:00 2359.00 2360.00 2357.00 2358.00 12158.00
20150430  10:52:00 2357.00 2359.00 2357.00 2358.00 2760.00
20150430  10:53:00 2359.00 2359.00 2358.00 2359.00 738.00
20150430  10:54:00 2359.00 2360.00 2358.00 2359.00 12608.00
20150430  10:55:00 2358.00 2360.00 2358.00 2359.00 6866.00
20150430  10:56:00 2358.00 2359.00 2357.00 2358.00 6598.00
20150430  10:57:00 2358.00 2358.00 2356.00 2357.00 9772.00
20150430  10:58:00 2357.00 2357.00 2356.00 2356.00 708.00
20150430  10:59:00 2356.00 2357.00 2354.00 2354.00 25092.00
20150430  11:00:00 2354.00 2356.00 2354.00 2355.00 11260.00
20150430  11:01:00 2356.00 2356.00 2355.00 2355.00 1008.00
20150430  11:02:00 2356.00 2357.00 2355.00 2355.00 11664.00
20150430  11:03:00 2356.00 2357.00 2355.00 2357.00 4982.00
20150430  11:04:00 2356.00 2356.00 2355.00 2356.00 2704.00
20150430  11:05:00 2355.00 2357.00 2355.00 2356.00 11222.00
20150430  11:06:00 2357.00 2359.00 2357.00 2358.00 18730.00
20150430  11:07:00 2358.00 2358.00 2357.00 2358.00 7440.00
20150430  11:08:00 2358.00 2358.00 2356.00 2356.00 5638.00
20150430  11:09:00 2356.00 2358.00 2356.00 2358.00 2042.00
20150430  11:10:00 2357.00 2359.00 2357.00 2358.00 8584.00
20150430  11:11:00 2357.00 2359.00 2357.00 2358.00 2064.00
20150430  11:12:00 2358.00 2358.00 2357.00 2357.00 2200.00
20150430  11:13:00 2357.00 2358.00 2357.00 2358.00 262.00
20150430  11:14:00 2358.00 2358.00 2357.00 2357.00 2018.00
20150430  11:15:00 2357.00 2358.00 2357.00 2358.00 1426.00
20150430  11:16:00 2357.00 2358.00 2356.00 2357.00 5188.00
20150430  11:17:00 2357.00 2358.00 2356.00 2357.00 2704.00
20150430  11:18:00 2358.00 2359.00 2357.00 2358.00 6842.00
20150430  11:19:00 2358.00 2359.00 2357.00 2358.00 6038.00
20150430  11:20:00 2358.00 2358.00 2357.00 2358.00 1600.00
20150430  11:21:00 2358.00 2358.00 2356.00 2358.00 6740.00
20150430  11:22:00 2358.00 2358.00 2357.00 2357.00 1064.00
20150430  11:23:00 2357.00 2361.00 2357.00 2361.00 28416.00
20150430  11:24:00 2361.00 2361.00 2358.00 2359.00 30436.00
20150430  11:25:00 2359.00 2359.00 2358.00 2358.00 1084.00
20150430  11:26:00 2358.00 2359.00 2357.00 2358.00 9080.00
20150430  11:27:00 2357.00 2358.00 2357.00 2358.00 5280.00
20150430  11:28:00 2358.00 2358.00 2357.00 2357.00 1800.00
20150430  11:29:00 2357.00 2358.00 2356.00 2357.00 5758.00
20150430  13:30:00 2357.00 2360.00 2357.00 2360.00 12620.00
20150430  13:31:00 2359.00 2360.00 2358.00 2359.00 10320.00
20150430  13:32:00 2359.00 2360.00 2358.00 2359.00 4862.00
20150430  13:33:00 2359.00 2359.00 2357.00 2359.00 7872.00
20150430  13:34:00 2359.00 2364.00 2358.00 2362.00 29304.00
20150430  13:35:00 2362.00 2363.00 2360.00 2361.00 24232.00
20150430  13:36:00 2361.00 2364.00 2360.00 2363.00 15712.00
20150430  13:37:00 2363.00 2363.00 2361.00 2363.00 14024.00
20150430  13:38:00 2362.00 2363.00 2361.00 2363.00 6792.00
20150430  13:39:00 2362.00 2365.00 2362.00 2364.00 22920.00
20150430  13:40:00 2364.00 2366.00 2364.00 2365.00 25316.00
20150430  13:41:00 2366.00 2367.00 2365.00 2366.00 54948.00
20150430  13:42:00 2366.00 2366.00 2363.00 2365.00 18738.00
20150430  13:43:00 2365.00 2365.00 2364.00 2365.00 2464.00
20150430  13:44:00 2364.00 2366.00 2364.00 2365.00 10094.00
20150430  13:45:00 2364.00 2365.00 2364.00 2364.00 8680.00
20150430  13:46:00 2364.00 2365.00 2364.00 2365.00 1674.00
20150430  13:47:00 2365.00 2365.00 2363.00 2363.00 7704.00
20150430  13:48:00 2363.00 2364.00 2363.00 2363.00 1580.00
20150430  13:49:00 2363.00 2364.00 2362.00 2362.00 12336.00
20150430  13:50:00 2362.00 2364.00 2362.00 2363.00 8142.00
20150430  13:51:00 2364.00 2365.00 2363.00 2364.00 7766.00
20150430  13:52:00 2365.00 2366.00 2364.00 2364.00 5842.00
20150430  13:53:00 2365.00 2365.00 2364.00 2364.00 8148.00
20150430  13:54:00 2364.00 2365.00 2364.00 2365.00 1688.00
20150430  13:55:00 2365.00 2365.00 2364.00 2364.00 2364.00
20150430  13:56:00 2364.00 2365.00 2363.00 2364.00 5722.00
20150430  13:57:00 2364.00 2364.00 2363.00 2364.00 1996.00
20150430  13:58:00 2364.00 2366.00 2363.00 2366.00 12450.00
20150430  13:59:00 2366.00 2368.00 2366.00 2367.00 36642.00
20150430  14:00:00 2367.00 2367.00 2366.00 2366.00 12700.00
20150430  14:01:00 2366.00 2367.00 2366.00 2367.00 3398.00
20150430  14:02:00 2367.00 2371.00 2366.00 2370.00 43512.00
20150430  14:03:00 2371.00 2371.00 2368.00 2368.00 22320.00
20150430  14:04:00 2368.00 2369.00 2367.00 2369.00 13436.00
20150430  14:05:00 2369.00 2370.00 2368.00 2369.00 7908.00
20150430  14:06:00 2369.00 2369.00 2367.00 2367.00 13988.00
20150430  14:07:00 2366.00 2367.00 2366.00 2366.00 9292.00
20150430  14:08:00 2366.00 2366.00 2363.00 2364.00 21868.00
20150430  14:09:00 2364.00 2366.00 2364.00 2364.00 11970.00
20150430  14:10:00 2364.00 2366.00 2364.00 2364.00 7232.00
20150430  14:11:00 2365.00 2365.00 2362.00 2364.00 24248.00
20150430  14:12:00 2363.00 2364.00 2363.00 2363.00 5674.00
20150430  14:13:00 2363.00 2364.00 2362.00 2363.00 18834.00
20150430  14:14:00 2363.00 2364.00 2362.00 2363.00 6654.00
20150430  14:15:00 2364.00 2364.00 2363.00 2363.00 1274.00
20150430  14:16:00 2363.00 2366.00 2363.00 2364.00 21952.00
20150430  14:17:00 2364.00 2365.00 2364.00 2365.00 3536.00
20150430  14:18:00 2365.00 2365.00 2364.00 2364.00 1672.00
20150430  14:19:00 2364.00 2365.00 2364.00 2365.00 2290.00
20150430  14:20:00 2365.00 2366.00 2364.00 2366.00 3170.00
20150430  14:21:00 2366.00 2366.00 2364.00 2364.00 7520.00
20150430  14:22:00 2364.00 2365.00 2364.00 2364.00 1638.00
20150430  14:23:00 2364.00 2364.00 2363.00 2363.00 6596.00
20150430  14:24:00 2363.00 2365.00 2363.00 2364.00 9962.00
20150430  14:25:00 2364.00 2365.00 2363.00 2363.00 2584.00
20150430  14:26:00 2363.00 2364.00 2362.00 2363.00 8070.00
20150430  14:27:00 2363.00 2364.00 2362.00 2364.00 1864.00
20150430  14:28:00 2364.00 2364.00 2362.00 2362.00 5138.00
20150430  14:29:00 2362.00 2363.00 2361.00 2362.00 25920.00
20150430  14:30:00 2362.00 2363.00 2360.00 2360.00 13032.00
20150430  14:31:00 2360.00 2363.00 2360.00 2362.00 11480.00
20150430  14:32:00 2362.00 2363.00 2362.00 2362.00 2156.00
20150430  14:33:00 2362.00 2363.00 2361.00 2361.00 4760.00
20150430  14:34:00 2362.00 2362.00 2360.00 2361.00 16030.00
20150430  14:35:00 2361.00 2362.00 2359.00 2359.00 19068.00
20150430  14:36:00 2359.00 2361.00 2358.00 2359.00 17844.00
20150430  14:37:00 2358.00 2359.00 2358.00 2359.00 15456.00
20150430  14:38:00 2359.00 2361.00 2359.00 2361.00 10616.00
20150430  14:39:00 2361.00 2363.00 2360.00 2363.00 11836.00
20150430  14:40:00 2362.00 2365.00 2362.00 2365.00 14770.00
20150430  14:41:00 2365.00 2365.00 2363.00 2364.00 15158.00
20150430  14:42:00 2364.00 2364.00 2362.00 2362.00 8700.00
20150430  14:43:00 2362.00 2363.00 2361.00 2362.00 8116.00
20150430  14:44:00 2362.00 2364.00 2362.00 2363.00 5052.00
20150430  14:45:00 2363.00 2364.00 2362.00 2362.00 7338.00
20150430  14:46:00 2362.00 2364.00 2362.00 2364.00 7148.00
20150430  14:47:00 2364.00 2365.00 2363.00 2365.00 21436.00
20150430  14:48:00 2365.00 2365.00 2363.00 2364.00 12216.00
20150430  14:49:00 2364.00 2364.00 2363.00 2363.00 4762.00
20150430  14:50:00 2363.00 2364.00 2362.00 2362.00 4776.00
20150430  14:51:00 2363.00 2363.00 2362.00 2362.00 12494.00
20150430  14:52:00 2362.00 2363.00 2362.00 2362.00 7512.00
20150430  14:53:00 2362.00 2363.00 2362.00 2362.00 8644.00
20150430  14:54:00 2362.00 2364.00 2362.00 2364.00 10226.00
20150430  14:55:00 2363.00 2366.00 2363.00 2365.00 21008.00
20150430  14:56:00 2366.00 2366.00 2363.00 2364.00 16574.00
20150430  14:57:00 2365.00 2367.00 2364.00 2366.00 35482.00
20150430  14:58:00 2367.00 2367.00 2365.00 2366.00 24366.00
20150430  14:59:00 2366.00 2366.00 2364.00 2365.00 34014.00
20150430  15:00:00 2365.00 2365.00 2365.00 2365.00 226.00
