20150420  15:00:00 2279.00 2279.00 2279.00 2279.00 186.00
20150420  14:59:00 2280.00 2280.00 2278.00 2279.00 33594.00
20150420  14:58:00 2279.00 2280.00 2278.00 2280.00 27364.00
20150420  14:57:00 2280.00 2281.00 2279.00 2279.00 36158.00
20150420  14:56:00 2279.00 2280.00 2278.00 2279.00 19380.00
20150420  14:55:00 2280.00 2281.00 2278.00 2280.00 33732.00
20150420  14:54:00 2280.00 2280.00 2278.00 2280.00 24772.00
20150420  14:53:00 2281.00 2281.00 2279.00 2280.00 58980.00
20150420  14:52:00 2281.00 2282.00 2280.00 2281.00 23412.00
20150420  14:51:00 2282.00 2283.00 2280.00 2281.00 41414.00
20150420  14:50:00 2284.00 2285.00 2282.00 2282.00 26790.00
20150420  14:49:00 2284.00 2285.00 2284.00 2284.00 10424.00
20150420  14:48:00 2282.00 2284.00 2282.00 2283.00 15886.00
20150420  14:47:00 2284.00 2284.00 2281.00 2283.00 42302.00
20150420  14:46:00 2284.00 2285.00 2283.00 2284.00 6508.00
20150420  14:45:00 2286.00 2286.00 2283.00 2284.00 28192.00
20150420  14:44:00 2285.00 2286.00 2284.00 2285.00 12918.00
20150420  14:43:00 2285.00 2286.00 2284.00 2285.00 11072.00
20150420  14:42:00 2285.00 2286.00 2285.00 2285.00 4634.00
20150420  14:41:00 2287.00 2287.00 2285.00 2286.00 19578.00
20150420  14:40:00 2288.00 2289.00 2287.00 2287.00 18076.00
20150420  14:39:00 2289.00 2290.00 2288.00 2288.00 12532.00
20150420  14:38:00 2290.00 2290.00 2289.00 2289.00 2066.00
20150420  14:37:00 2288.00 2290.00 2287.00 2289.00 12676.00
20150420  14:36:00 2289.00 2289.00 2287.00 2288.00 14158.00
20150420  14:35:00 2288.00 2290.00 2288.00 2289.00 10806.00
20150420  14:34:00 2287.00 2289.00 2287.00 2289.00 6452.00
20150420  14:33:00 2288.00 2289.00 2287.00 2288.00 8158.00
20150420  14:32:00 2290.00 2290.00 2287.00 2287.00 23886.00
20150420  14:31:00 2290.00 2291.00 2288.00 2289.00 37168.00
20150420  14:30:00 2287.00 2290.00 2286.00 2289.00 31066.00
20150420  14:29:00 2285.00 2287.00 2285.00 2286.00 8142.00
20150420  14:28:00 2285.00 2286.00 2284.00 2285.00 6264.00
20150420  14:27:00 2286.00 2286.00 2285.00 2285.00 9072.00
20150420  14:26:00 2285.00 2286.00 2285.00 2286.00 7362.00
20150420  14:25:00 2287.00 2288.00 2285.00 2285.00 14092.00
20150420  14:24:00 2286.00 2288.00 2285.00 2287.00 13128.00
20150420  14:23:00 2285.00 2286.00 2284.00 2286.00 4824.00
20150420  14:22:00 2286.00 2286.00 2284.00 2285.00 6698.00
20150420  14:21:00 2286.00 2286.00 2284.00 2286.00 10660.00
20150420  14:20:00 2284.00 2286.00 2283.00 2285.00 17144.00
20150420  14:19:00 2284.00 2284.00 2283.00 2283.00 4416.00
20150420  14:18:00 2283.00 2285.00 2283.00 2284.00 12712.00
20150420  14:17:00 2283.00 2285.00 2283.00 2284.00 10688.00
20150420  14:16:00 2283.00 2284.00 2283.00 2283.00 18136.00
20150420  14:15:00 2286.00 2286.00 2283.00 2284.00 10932.00
20150420  14:14:00 2286.00 2286.00 2284.00 2285.00 14230.00
20150420  14:13:00 2285.00 2286.00 2285.00 2286.00 7938.00
20150420  14:12:00 2286.00 2286.00 2285.00 2286.00 7440.00
20150420  14:11:00 2286.00 2286.00 2284.00 2285.00 16030.00
20150420  14:10:00 2286.00 2287.00 2285.00 2286.00 10848.00
20150420  14:09:00 2286.00 2286.00 2284.00 2286.00 18796.00
20150420  14:08:00 2288.00 2288.00 2286.00 2286.00 40668.00
20150420  14:07:00 2287.00 2288.00 2285.00 2288.00 18526.00
20150420  14:06:00 2284.00 2288.00 2283.00 2286.00 28620.00
20150420  14:05:00 2283.00 2284.00 2283.00 2284.00 14860.00
20150420  14:04:00 2284.00 2285.00 2283.00 2283.00 10726.00
20150420  14:03:00 2282.00 2284.00 2281.00 2284.00 15906.00
20150420  14:02:00 2285.00 2285.00 2281.00 2282.00 34020.00
20150420  14:01:00 2284.00 2285.00 2283.00 2285.00 12770.00
20150420  14:00:00 2286.00 2286.00 2283.00 2284.00 22328.00
20150420  13:59:00 2287.00 2288.00 2285.00 2286.00 17094.00
20150420  13:58:00 2286.00 2288.00 2286.00 2287.00 12744.00
20150420  13:57:00 2285.00 2287.00 2285.00 2287.00 17864.00
20150420  13:56:00 2288.00 2288.00 2285.00 2285.00 15032.00
20150420  13:55:00 2287.00 2288.00 2286.00 2288.00 12982.00
20150420  13:54:00 2287.00 2287.00 2285.00 2287.00 16720.00
20150420  13:53:00 2287.00 2288.00 2286.00 2286.00 11362.00
20150420  13:52:00 2287.00 2288.00 2285.00 2287.00 16060.00
20150420  13:51:00 2287.00 2288.00 2286.00 2286.00 27660.00
20150420  13:50:00 2284.00 2287.00 2283.00 2287.00 18386.00
20150420  13:49:00 2285.00 2285.00 2283.00 2283.00 27350.00
20150420  13:48:00 2285.00 2287.00 2284.00 2285.00 36666.00
20150420  13:47:00 2285.00 2287.00 2284.00 2285.00 33154.00
20150420  13:46:00 2285.00 2286.00 2284.00 2285.00 36930.00
20150420  13:45:00 2283.00 2285.00 2281.00 2285.00 45560.00
20150420  13:44:00 2286.00 2286.00 2282.00 2283.00 77538.00
20150420  13:43:00 2287.00 2289.00 2286.00 2286.00 50820.00
20150420  13:42:00 2290.00 2290.00 2288.00 2288.00 52362.00
20150420  13:41:00 2290.00 2291.00 2289.00 2289.00 37938.00
20150420  13:40:00 2291.00 2292.00 2290.00 2291.00 19480.00
20150420  13:39:00 2290.00 2292.00 2289.00 2291.00 39154.00
20150420  13:38:00 2295.00 2296.00 2289.00 2290.00 81256.00
20150420  13:37:00 2296.00 2296.00 2295.00 2295.00 18042.00
20150420  13:36:00 2296.00 2296.00 2294.00 2296.00 13342.00
20150420  13:35:00 2294.00 2296.00 2294.00 2296.00 12488.00
20150420  13:34:00 2294.00 2295.00 2293.00 2295.00 17922.00
20150420  13:33:00 2296.00 2296.00 2292.00 2293.00 66518.00
20150420  13:32:00 2295.00 2297.00 2295.00 2296.00 27786.00
20150420  13:31:00 2297.00 2298.00 2294.00 2295.00 46520.00
20150420  13:30:00 2299.00 2300.00 2297.00 2297.00 26742.00
20150420  11:29:00 2301.00 2301.00 2299.00 2299.00 15478.00
20150420  11:28:00 2301.00 2301.00 2300.00 2300.00 14788.00
20150420  11:27:00 2300.00 2302.00 2300.00 2301.00 16690.00
20150420  11:26:00 2299.00 2301.00 2299.00 2300.00 25520.00
20150420  11:25:00 2300.00 2301.00 2299.00 2299.00 17936.00
20150420  11:24:00 2301.00 2301.00 2299.00 2300.00 42408.00
20150420  11:23:00 2300.00 2302.00 2300.00 2300.00 18530.00
20150420  11:22:00 2301.00 2302.00 2300.00 2301.00 25174.00
20150420  11:21:00 2303.00 2304.00 2301.00 2301.00 29316.00
20150420  11:20:00 2304.00 2304.00 2303.00 2303.00 3808.00
20150420  11:19:00 2304.00 2305.00 2303.00 2304.00 11168.00
20150420  11:18:00 2305.00 2305.00 2304.00 2304.00 1366.00
20150420  11:17:00 2304.00 2305.00 2304.00 2305.00 4902.00
20150420  11:16:00 2304.00 2305.00 2303.00 2304.00 15768.00
20150420  11:15:00 2304.00 2305.00 2303.00 2304.00 7978.00
20150420  11:14:00 2305.00 2305.00 2304.00 2305.00 6494.00
20150420  11:13:00 2304.00 2306.00 2304.00 2305.00 14450.00
20150420  11:12:00 2304.00 2305.00 2303.00 2304.00 11968.00
20150420  11:11:00 2303.00 2306.00 2303.00 2304.00 28162.00
20150420  11:10:00 2305.00 2306.00 2303.00 2304.00 28220.00
20150420  11:09:00 2307.00 2308.00 2305.00 2306.00 15188.00
20150420  11:08:00 2307.00 2308.00 2307.00 2307.00 1408.00
20150420  11:07:00 2308.00 2309.00 2307.00 2307.00 2946.00
20150420  11:06:00 2309.00 2309.00 2307.00 2308.00 6662.00
20150420  11:05:00 2308.00 2309.00 2308.00 2309.00 3680.00
20150420  11:04:00 2307.00 2308.00 2307.00 2308.00 2732.00
20150420  11:03:00 2306.00 2308.00 2306.00 2307.00 6042.00
20150420  11:02:00 2308.00 2309.00 2306.00 2306.00 12414.00
20150420  11:01:00 2309.00 2309.00 2307.00 2308.00 4278.00
20150420  11:00:00 2308.00 2309.00 2308.00 2309.00 1650.00
20150420  10:59:00 2309.00 2309.00 2308.00 2308.00 1398.00
20150420  10:58:00 2310.00 2310.00 2307.00 2309.00 13030.00
20150420  10:57:00 2308.00 2310.00 2307.00 2310.00 15120.00
20150420  10:56:00 2307.00 2308.00 2307.00 2308.00 818.00
20150420  10:55:00 2308.00 2308.00 2307.00 2308.00 924.00
20150420  10:54:00 2307.00 2308.00 2307.00 2307.00 1166.00
20150420  10:53:00 2307.00 2308.00 2306.00 2307.00 5436.00
20150420  10:52:00 2306.00 2308.00 2306.00 2306.00 13484.00
20150420  10:51:00 2307.00 2307.00 2305.00 2307.00 11718.00
20150420  10:50:00 2307.00 2308.00 2306.00 2307.00 7650.00
20150420  10:49:00 2306.00 2307.00 2306.00 2306.00 1070.00
20150420  10:48:00 2306.00 2307.00 2305.00 2306.00 10056.00
20150420  10:47:00 2307.00 2307.00 2305.00 2306.00 6176.00
20150420  10:46:00 2305.00 2307.00 2305.00 2306.00 16538.00
20150420  10:45:00 2307.00 2308.00 2304.00 2305.00 32446.00
20150420  10:44:00 2308.00 2308.00 2307.00 2308.00 1898.00
20150420  10:43:00 2308.00 2309.00 2307.00 2308.00 13868.00
20150420  10:42:00 2309.00 2309.00 2307.00 2307.00 18478.00
20150420  10:41:00 2308.00 2309.00 2308.00 2309.00 2796.00
20150420  10:40:00 2309.00 2310.00 2308.00 2308.00 4218.00
20150420  10:39:00 2309.00 2309.00 2308.00 2309.00 3892.00
20150420  10:38:00 2308.00 2310.00 2308.00 2309.00 2386.00
20150420  10:37:00 2309.00 2310.00 2308.00 2309.00 4992.00
20150420  10:36:00 2310.00 2310.00 2309.00 2309.00 3196.00
20150420  10:35:00 2308.00 2310.00 2308.00 2309.00 6442.00
20150420  10:34:00 2310.00 2310.00 2308.00 2308.00 7298.00
20150420  10:33:00 2309.00 2311.00 2309.00 2310.00 7676.00
20150420  10:32:00 2310.00 2311.00 2309.00 2310.00 7670.00
20150420  10:31:00 2310.00 2311.00 2309.00 2310.00 17132.00
20150420  10:30:00 2308.00 2310.00 2308.00 2310.00 14668.00
20150420  10:14:00 2308.00 2309.00 2307.00 2308.00 8602.00
20150420  10:13:00 2307.00 2308.00 2307.00 2308.00 3158.00
20150420  10:12:00 2308.00 2308.00 2307.00 2307.00 11852.00
20150420  10:11:00 2308.00 2309.00 2307.00 2308.00 11868.00
20150420  10:10:00 2307.00 2309.00 2307.00 2308.00 10666.00
20150420  10:09:00 2308.00 2309.00 2307.00 2307.00 9914.00
20150420  10:08:00 2310.00 2310.00 2308.00 2308.00 5398.00
20150420  10:07:00 2310.00 2310.00 2309.00 2310.00 1232.00
20150420  10:06:00 2309.00 2310.00 2309.00 2310.00 8296.00
20150420  10:05:00 2309.00 2310.00 2309.00 2309.00 9430.00
20150420  10:04:00 2308.00 2310.00 2308.00 2309.00 8536.00
20150420  10:03:00 2310.00 2310.00 2308.00 2309.00 9766.00
20150420  10:02:00 2309.00 2311.00 2309.00 2310.00 8076.00
20150420  10:01:00 2309.00 2310.00 2308.00 2310.00 8840.00
20150420  10:00:00 2309.00 2311.00 2309.00 2309.00 18882.00
20150420  09:59:00 2308.00 2310.00 2307.00 2310.00 8676.00
20150420  09:58:00 2309.00 2310.00 2307.00 2307.00 15714.00
20150420  09:57:00 2308.00 2310.00 2308.00 2309.00 14760.00
20150420  09:56:00 2307.00 2310.00 2307.00 2308.00 16570.00
20150420  09:55:00 2310.00 2310.00 2305.00 2308.00 52832.00
20150420  09:54:00 2311.00 2311.00 2310.00 2310.00 26924.00
20150420  09:53:00 2313.00 2314.00 2310.00 2310.00 27870.00
20150420  09:52:00 2312.00 2314.00 2312.00 2313.00 50506.00
20150420  09:51:00 2312.00 2313.00 2310.00 2312.00 50932.00
20150420  09:50:00 2308.00 2312.00 2308.00 2312.00 85858.00
20150420  09:49:00 2305.00 2308.00 2305.00 2308.00 30534.00
20150420  09:48:00 2306.00 2307.00 2304.00 2305.00 13938.00
20150420  09:47:00 2304.00 2307.00 2304.00 2306.00 18952.00
20150420  09:46:00 2304.00 2306.00 2303.00 2304.00 13684.00
20150420  09:45:00 2305.00 2305.00 2303.00 2304.00 7990.00
20150420  09:44:00 2305.00 2306.00 2304.00 2305.00 21598.00
20150420  09:43:00 2303.00 2305.00 2302.00 2305.00 15782.00
20150420  09:42:00 2302.00 2304.00 2302.00 2303.00 10150.00
20150420  09:41:00 2302.00 2303.00 2302.00 2302.00 3280.00
20150420  09:40:00 2302.00 2303.00 2300.00 2303.00 15200.00
20150420  09:39:00 2302.00 2302.00 2301.00 2302.00 1644.00
20150420  09:38:00 2300.00 2302.00 2300.00 2302.00 6722.00
20150420  09:37:00 2301.00 2302.00 2300.00 2300.00 10630.00
20150420  09:36:00 2300.00 2302.00 2300.00 2302.00 9524.00
20150420  09:35:00 2301.00 2302.00 2300.00 2301.00 7608.00
20150420  09:34:00 2299.00 2302.00 2298.00 2302.00 15614.00
20150420  09:33:00 2300.00 2301.00 2299.00 2299.00 14458.00
20150420  09:32:00 2301.00 2302.00 2299.00 2300.00 28268.00
20150420  09:31:00 2303.00 2304.00 2301.00 2302.00 14512.00
20150420  09:30:00 2303.00 2304.00 2303.00 2304.00 5024.00
20150420  09:29:00 2303.00 2304.00 2302.00 2303.00 11808.00
20150420  09:28:00 2301.00 2303.00 2300.00 2302.00 9482.00
20150420  09:27:00 2301.00 2302.00 2301.00 2301.00 6632.00
20150420  09:26:00 2302.00 2303.00 2301.00 2302.00 9402.00
20150420  09:25:00 2300.00 2304.00 2300.00 2302.00 11442.00
20150420  09:24:00 2301.00 2302.00 2300.00 2301.00 18448.00
20150420  09:23:00 2303.00 2303.00 2300.00 2301.00 34458.00
20150420  09:22:00 2306.00 2306.00 2303.00 2303.00 25964.00
20150420  09:21:00 2305.00 2306.00 2304.00 2305.00 19334.00
20150420  09:20:00 2303.00 2305.00 2303.00 2305.00 7622.00
20150420  09:19:00 2304.00 2305.00 2303.00 2303.00 10442.00
20150420  09:18:00 2303.00 2306.00 2303.00 2303.00 16022.00
20150420  09:17:00 2303.00 2304.00 2301.00 2303.00 19262.00
20150420  09:16:00 2303.00 2304.00 2302.00 2303.00 23970.00
20150420  09:15:00 2305.00 2308.00 2303.00 2303.00 39836.00
20150420  09:14:00 2306.00 2309.00 2305.00 2305.00 59354.00
20150420  09:13:00 2301.00 2306.00 2300.00 2306.00 64184.00
20150420  09:12:00 2296.00 2301.00 2296.00 2301.00 33868.00
20150420  09:11:00 2296.00 2297.00 2294.00 2297.00 20522.00
20150420  09:10:00 2296.00 2298.00 2295.00 2296.00 38522.00
20150420  09:09:00 2296.00 2297.00 2294.00 2297.00 48748.00
20150420  09:08:00 2298.00 2299.00 2295.00 2295.00 55058.00
20150420  09:07:00 2300.00 2301.00 2296.00 2299.00 45876.00
20150420  09:06:00 2303.00 2303.00 2299.00 2301.00 58626.00
20150420  09:05:00 2306.00 2306.00 2302.00 2302.00 30350.00
20150420  09:04:00 2307.00 2307.00 2304.00 2305.00 35080.00
20150420  09:03:00 2304.00 2307.00 2304.00 2306.00 38014.00
20150420  09:02:00 2308.00 2309.00 2304.00 2304.00 49530.00
20150420  09:01:00 2306.00 2308.00 2304.00 2308.00 104336.00
20150420  09:00:00 2303.00 2310.00 2303.00 2307.00 207668.00
20150418  01:00:00 2293.00 2293.00 2293.00 2293.00   6.00
20150418  00:59:00 2293.00 2294.00 2292.00 2293.00 5938.00
20150418  00:58:00 2293.00 2294.00 2293.00 2294.00 2628.00
20150418  00:57:00 2294.00 2294.00 2293.00 2293.00 2646.00
20150418  00:56:00 2293.00 2294.00 2293.00 2294.00 1474.00
20150418  00:55:00 2294.00 2294.00 2293.00 2293.00 3008.00
20150418  00:54:00 2293.00 2294.00 2292.00 2294.00 5678.00
20150418  00:53:00 2293.00 2294.00 2293.00 2293.00 2278.00
20150418  00:52:00 2293.00 2294.00 2293.00 2294.00 3248.00
20150418  00:51:00 2295.00 2295.00 2293.00 2293.00 3200.00
20150418  00:50:00 2294.00 2295.00 2294.00 2294.00 3730.00
20150418  00:49:00 2295.00 2295.00 2294.00 2294.00 602.00
20150418  00:48:00 2295.00 2295.00 2294.00 2295.00 858.00
20150418  00:47:00 2296.00 2296.00 2295.00 2295.00 1212.00
20150418  00:46:00 2296.00 2296.00 2295.00 2296.00 532.00
20150418  00:45:00 2295.00 2296.00 2295.00 2296.00 796.00
20150418  00:44:00 2295.00 2296.00 2295.00 2296.00 1974.00
20150418  00:43:00 2295.00 2296.00 2295.00 2295.00 220.00
20150418  00:42:00 2295.00 2296.00 2294.00 2295.00 2256.00
20150418  00:41:00 2296.00 2296.00 2295.00 2296.00 170.00
20150418  00:40:00 2296.00 2296.00 2295.00 2296.00 678.00
20150418  00:39:00 2295.00 2296.00 2295.00 2296.00  82.00
20150418  00:38:00 2295.00 2296.00 2295.00 2295.00 894.00
20150418  00:37:00 2295.00 2295.00 2294.00 2295.00 780.00
20150418  00:36:00 2296.00 2296.00 2294.00 2294.00 5312.00
20150418  00:35:00 2295.00 2296.00 2295.00 2296.00 522.00
20150418  00:34:00 2296.00 2296.00 2295.00 2296.00 498.00
20150418  00:33:00 2295.00 2296.00 2295.00 2296.00 266.00
20150418  00:32:00 2295.00 2296.00 2295.00 2295.00 602.00
20150418  00:31:00 2296.00 2296.00 2295.00 2295.00 614.00
20150418  00:30:00 2295.00 2296.00 2295.00 2295.00 480.00
20150418  00:29:00 2295.00 2296.00 2295.00 2295.00 254.00
20150418  00:28:00 2295.00 2296.00 2295.00 2295.00 242.00
20150418  00:27:00 2296.00 2296.00 2295.00 2295.00 482.00
20150418  00:26:00 2296.00 2296.00 2295.00 2296.00 674.00
20150418  00:25:00 2296.00 2296.00 2295.00 2296.00 108.00
20150418  00:24:00 2296.00 2296.00 2295.00 2296.00 450.00
20150418  00:23:00 2297.00 2297.00 2295.00 2296.00 1508.00
20150418  00:22:00 2296.00 2297.00 2296.00 2297.00 1860.00
20150418  00:21:00 2296.00 2296.00 2296.00 2296.00 2972.00
20150418  00:20:00 2295.00 2297.00 2295.00 2296.00 7292.00
20150418  00:19:00 2296.00 2296.00 2295.00 2296.00 720.00
20150418  00:18:00 2295.00 2296.00 2295.00 2295.00 148.00
20150418  00:17:00 2295.00 2296.00 2294.00 2295.00 4238.00
20150418  00:16:00 2294.00 2295.00 2294.00 2295.00 1506.00
20150418  00:15:00 2293.00 2295.00 2293.00 2294.00 2854.00
20150418  00:14:00 2294.00 2294.00 2293.00 2293.00 2896.00
20150418  00:13:00 2294.00 2295.00 2294.00 2294.00 1262.00
20150418  00:12:00 2294.00 2295.00 2294.00 2294.00 664.00
20150418  00:11:00 2294.00 2295.00 2294.00 2294.00 438.00
20150418  00:10:00 2295.00 2295.00 2294.00 2294.00 1474.00
20150418  00:09:00 2295.00 2295.00 2294.00 2294.00 1114.00
20150418  00:08:00 2294.00 2295.00 2294.00 2295.00 1242.00
20150418  00:07:00 2295.00 2296.00 2294.00 2294.00 3854.00
20150418  00:06:00 2295.00 2296.00 2295.00 2295.00 296.00
20150418  00:05:00 2295.00 2296.00 2295.00 2295.00 608.00
20150418  00:04:00 2294.00 2295.00 2294.00 2295.00 2152.00
20150418  00:03:00 2296.00 2296.00 2294.00 2295.00 2164.00
20150418  00:02:00 2295.00 2296.00 2295.00 2296.00 180.00
20150418  00:01:00 2296.00 2296.00 2295.00 2295.00 674.00
20150418  00:00:00 2295.00 2296.00 2295.00 2296.00 1710.00
20150417  23:59:00 2295.00 2296.00 2295.00 2295.00 672.00
20150417  23:58:00 2295.00 2296.00 2295.00 2295.00 288.00
20150417  23:57:00 2295.00 2296.00 2294.00 2295.00 5420.00
20150417  23:56:00 2297.00 2297.00 2295.00 2296.00 3148.00
20150417  23:55:00 2295.00 2297.00 2295.00 2297.00 2206.00
20150417  23:54:00 2296.00 2296.00 2295.00 2296.00 244.00
20150417  23:53:00 2295.00 2296.00 2295.00 2296.00 396.00
20150417  23:52:00 2295.00 2296.00 2295.00 2295.00 284.00
20150417  23:51:00 2296.00 2297.00 2295.00 2296.00 1180.00
20150417  23:50:00 2297.00 2297.00 2296.00 2296.00 3912.00
20150417  23:49:00 2297.00 2297.00 2296.00 2297.00 206.00
20150417  23:48:00 2297.00 2297.00 2296.00 2297.00 918.00
20150417  23:47:00 2297.00 2297.00 2296.00 2297.00 1564.00
20150417  23:46:00 2298.00 2298.00 2296.00 2296.00 4734.00
20150417  23:45:00 2296.00 2298.00 2295.00 2298.00 8334.00
20150417  23:44:00 2295.00 2296.00 2295.00 2296.00 266.00
20150417  23:43:00 2295.00 2296.00 2295.00 2295.00 688.00
20150417  23:42:00 2295.00 2296.00 2295.00 2296.00 480.00
20150417  23:41:00 2295.00 2296.00 2295.00 2295.00 476.00
20150417  23:40:00 2295.00 2296.00 2295.00 2296.00 574.00
20150417  23:39:00 2296.00 2296.00 2295.00 2295.00 448.00
20150417  23:38:00 2296.00 2296.00 2295.00 2296.00 4222.00
20150417  23:37:00 2297.00 2297.00 2295.00 2296.00 1350.00
20150417  23:36:00 2295.00 2297.00 2295.00 2297.00 8424.00
20150417  23:35:00 2295.00 2296.00 2295.00 2296.00 914.00
20150417  23:34:00 2296.00 2296.00 2295.00 2295.00 7612.00
20150417  23:33:00 2294.00 2296.00 2293.00 2296.00 8172.00
20150417  23:32:00 2295.00 2295.00 2294.00 2294.00 12192.00
20150417  23:31:00 2293.00 2295.00 2293.00 2294.00 7286.00
20150417  23:30:00 2293.00 2294.00 2292.00 2293.00 24782.00
20150417  23:29:00 2294.00 2295.00 2293.00 2293.00 6956.00
20150417  23:28:00 2294.00 2295.00 2293.00 2294.00 9410.00
20150417  23:27:00 2295.00 2295.00 2293.00 2294.00 13000.00
20150417  23:26:00 2295.00 2296.00 2294.00 2295.00 3856.00
20150417  23:25:00 2296.00 2296.00 2295.00 2295.00 2844.00
20150417  23:24:00 2296.00 2296.00 2295.00 2296.00 3472.00
20150417  23:23:00 2295.00 2296.00 2295.00 2295.00 2058.00
20150417  23:22:00 2295.00 2296.00 2295.00 2295.00 2164.00
20150417  23:21:00 2296.00 2297.00 2295.00 2295.00 5420.00
20150417  23:20:00 2295.00 2296.00 2295.00 2296.00 1904.00
20150417  23:19:00 2297.00 2297.00 2295.00 2295.00 8538.00
20150417  23:18:00 2294.00 2297.00 2294.00 2296.00 7578.00
20150417  23:17:00 2297.00 2297.00 2294.00 2294.00 18128.00
20150417  23:16:00 2296.00 2297.00 2296.00 2296.00 906.00
20150417  23:15:00 2296.00 2297.00 2296.00 2296.00 2512.00
20150417  23:14:00 2297.00 2297.00 2296.00 2296.00 3518.00
20150417  23:13:00 2297.00 2298.00 2296.00 2297.00 2054.00
20150417  23:12:00 2298.00 2298.00 2297.00 2297.00 1410.00
20150417  23:11:00 2297.00 2298.00 2297.00 2298.00 2610.00
20150417  23:10:00 2298.00 2298.00 2297.00 2298.00 3308.00
20150417  23:09:00 2297.00 2299.00 2297.00 2298.00 6394.00
20150417  23:08:00 2298.00 2298.00 2296.00 2298.00 6588.00
20150417  23:07:00 2297.00 2298.00 2297.00 2297.00 542.00
20150417  23:06:00 2297.00 2298.00 2297.00 2297.00 690.00
20150417  23:05:00 2298.00 2298.00 2297.00 2297.00 394.00
20150417  23:04:00 2298.00 2298.00 2297.00 2298.00 454.00
20150417  23:03:00 2297.00 2298.00 2297.00 2298.00 1322.00
20150417  23:02:00 2298.00 2298.00 2296.00 2297.00 4814.00
20150417  23:01:00 2298.00 2298.00 2297.00 2298.00 1982.00
20150417  23:00:00 2297.00 2298.00 2296.00 2297.00 9816.00
20150417  22:59:00 2298.00 2298.00 2297.00 2297.00 732.00
20150417  22:58:00 2299.00 2299.00 2297.00 2298.00 1596.00
20150417  22:57:00 2298.00 2299.00 2297.00 2298.00 4392.00
20150417  22:56:00 2298.00 2299.00 2298.00 2298.00 1128.00
20150417  22:55:00 2298.00 2299.00 2298.00 2298.00 718.00
20150417  22:54:00 2299.00 2299.00 2298.00 2298.00 474.00
20150417  22:53:00 2298.00 2299.00 2298.00 2299.00 1456.00
20150417  22:52:00 2298.00 2299.00 2298.00 2298.00 812.00
20150417  22:51:00 2298.00 2299.00 2298.00 2298.00 452.00
20150417  22:50:00 2299.00 2299.00 2298.00 2299.00 1410.00
20150417  22:49:00 2299.00 2299.00 2298.00 2299.00 534.00
20150417  22:48:00 2299.00 2299.00 2298.00 2299.00 3196.00
20150417  22:47:00 2299.00 2299.00 2298.00 2299.00 2132.00
20150417  22:46:00 2297.00 2299.00 2297.00 2299.00 6674.00
20150417  22:45:00 2297.00 2298.00 2297.00 2297.00 5032.00
20150417  22:44:00 2297.00 2298.00 2297.00 2297.00 6092.00
20150417  22:43:00 2298.00 2298.00 2297.00 2297.00 764.00
20150417  22:42:00 2298.00 2298.00 2297.00 2298.00 5092.00
20150417  22:41:00 2299.00 2299.00 2297.00 2299.00 18714.00
20150417  22:40:00 2299.00 2299.00 2298.00 2299.00 2880.00
20150417  22:39:00 2298.00 2299.00 2298.00 2299.00 1514.00
20150417  22:38:00 2300.00 2300.00 2298.00 2298.00 1226.00
20150417  22:37:00 2299.00 2300.00 2298.00 2300.00 5446.00
20150417  22:36:00 2299.00 2299.00 2298.00 2299.00 3190.00
20150417  22:35:00 2300.00 2300.00 2299.00 2299.00 862.00
20150417  22:34:00 2299.00 2300.00 2299.00 2299.00 1972.00
20150417  22:33:00 2300.00 2300.00 2299.00 2299.00 6196.00
20150417  22:32:00 2299.00 2300.00 2299.00 2300.00 7498.00
20150417  22:31:00 2298.00 2299.00 2298.00 2298.00 2406.00
20150417  22:30:00 2297.00 2299.00 2297.00 2298.00 3394.00
20150417  22:29:00 2299.00 2299.00 2297.00 2297.00 6244.00
20150417  22:28:00 2299.00 2300.00 2298.00 2299.00 2724.00
20150417  22:27:00 2299.00 2300.00 2298.00 2299.00 10754.00
20150417  22:26:00 2297.00 2299.00 2297.00 2299.00 4806.00
20150417  22:25:00 2297.00 2298.00 2297.00 2297.00 3626.00
20150417  22:24:00 2298.00 2298.00 2296.00 2297.00 15338.00
20150417  22:23:00 2299.00 2299.00 2297.00 2297.00 12576.00
20150417  22:22:00 2299.00 2300.00 2298.00 2299.00 4578.00
20150417  22:21:00 2299.00 2300.00 2299.00 2300.00 358.00
20150417  22:20:00 2299.00 2300.00 2299.00 2299.00 2290.00
20150417  22:19:00 2299.00 2300.00 2299.00 2300.00 4924.00
20150417  22:18:00 2300.00 2300.00 2299.00 2299.00 1174.00
20150417  22:17:00 2298.00 2300.00 2298.00 2300.00 3218.00
20150417  22:16:00 2299.00 2300.00 2298.00 2298.00 2744.00
20150417  22:15:00 2299.00 2300.00 2298.00 2299.00 7152.00
20150417  22:14:00 2299.00 2300.00 2298.00 2299.00 6166.00
20150417  22:13:00 2299.00 2300.00 2298.00 2299.00 5398.00
20150417  22:12:00 2300.00 2301.00 2299.00 2299.00 6488.00
20150417  22:11:00 2300.00 2301.00 2300.00 2300.00 4526.00
20150417  22:10:00 2300.00 2301.00 2299.00 2300.00 7248.00
20150417  22:09:00 2300.00 2300.00 2298.00 2299.00 4390.00
20150417  22:08:00 2299.00 2300.00 2298.00 2299.00 6058.00
20150417  22:07:00 2299.00 2300.00 2298.00 2299.00 3696.00
20150417  22:06:00 2299.00 2300.00 2298.00 2299.00 9720.00
20150417  22:05:00 2300.00 2301.00 2299.00 2300.00 6526.00
20150417  22:04:00 2300.00 2300.00 2299.00 2300.00 2508.00
20150417  22:03:00 2299.00 2300.00 2298.00 2299.00 2816.00
20150417  22:02:00 2298.00 2300.00 2298.00 2298.00 9834.00
20150417  22:01:00 2297.00 2299.00 2297.00 2298.00 9696.00
20150417  22:00:00 2299.00 2299.00 2297.00 2298.00 14920.00
20150417  21:59:00 2301.00 2301.00 2298.00 2299.00 20210.00
20150417  21:58:00 2303.00 2303.00 2300.00 2301.00 17944.00
20150417  21:57:00 2300.00 2303.00 2300.00 2303.00 12908.00
20150417  21:56:00 2300.00 2301.00 2299.00 2300.00 8930.00
20150417  21:55:00 2300.00 2300.00 2299.00 2300.00 1188.00
20150417  21:54:00 2299.00 2300.00 2299.00 2300.00 1192.00
20150417  21:53:00 2299.00 2300.00 2299.00 2299.00 980.00
20150417  21:52:00 2300.00 2300.00 2299.00 2299.00 2596.00
20150417  21:51:00 2299.00 2300.00 2299.00 2300.00 3538.00
20150417  21:50:00 2300.00 2300.00 2299.00 2299.00 4428.00
20150417  21:49:00 2299.00 2301.00 2299.00 2300.00 10224.00
20150417  21:48:00 2299.00 2300.00 2299.00 2299.00 3980.00
20150417  21:47:00 2299.00 2300.00 2298.00 2300.00 10166.00
20150417  21:46:00 2300.00 2301.00 2299.00 2299.00 6952.00
20150417  21:45:00 2299.00 2301.00 2299.00 2300.00 14252.00
20150417  21:44:00 2299.00 2300.00 2298.00 2299.00 17868.00
20150417  21:43:00 2302.00 2302.00 2299.00 2300.00 14736.00
20150417  21:42:00 2300.00 2302.00 2299.00 2302.00 21042.00
20150417  21:41:00 2301.00 2301.00 2299.00 2300.00 22440.00
20150417  21:40:00 2298.00 2302.00 2298.00 2299.00 43556.00
20150417  21:39:00 2297.00 2298.00 2297.00 2298.00 11668.00
20150417  21:38:00 2296.00 2298.00 2295.00 2298.00 12532.00
20150417  21:37:00 2296.00 2296.00 2295.00 2296.00 5582.00
20150417  21:36:00 2296.00 2296.00 2294.00 2296.00 10284.00
20150417  21:35:00 2296.00 2296.00 2295.00 2296.00 4180.00
20150417  21:34:00 2296.00 2297.00 2295.00 2296.00 6264.00
20150417  21:33:00 2296.00 2297.00 2295.00 2295.00 8440.00
20150417  21:32:00 2294.00 2296.00 2294.00 2296.00 6978.00
20150417  21:31:00 2295.00 2296.00 2294.00 2295.00 7120.00
20150417  21:30:00 2296.00 2296.00 2294.00 2295.00 22446.00
20150417  21:29:00 2296.00 2296.00 2295.00 2296.00 10888.00
20150417  21:28:00 2296.00 2296.00 2295.00 2295.00 6568.00
20150417  21:27:00 2296.00 2296.00 2295.00 2296.00 10058.00
20150417  21:26:00 2295.00 2296.00 2294.00 2295.00 10240.00
20150417  21:25:00 2295.00 2296.00 2293.00 2294.00 21782.00
20150417  21:24:00 2293.00 2295.00 2293.00 2295.00 31430.00
20150417  21:23:00 2294.00 2295.00 2293.00 2293.00 35956.00
20150417  21:22:00 2297.00 2298.00 2294.00 2294.00 34452.00
20150417  21:21:00 2297.00 2298.00 2296.00 2297.00 17730.00
20150417  21:20:00 2297.00 2297.00 2295.00 2297.00 24160.00
20150417  21:19:00 2296.00 2298.00 2296.00 2296.00 24414.00
20150417  21:18:00 2297.00 2297.00 2295.00 2296.00 39554.00
20150417  21:17:00 2302.00 2302.00 2295.00 2296.00 73022.00
20150417  21:16:00 2302.00 2303.00 2301.00 2302.00 8432.00
20150417  21:15:00 2303.00 2304.00 2301.00 2302.00 15342.00
20150417  21:14:00 2304.00 2305.00 2303.00 2304.00 17570.00
20150417  21:13:00 2303.00 2304.00 2302.00 2304.00 5142.00
20150417  21:12:00 2304.00 2305.00 2302.00 2303.00 12718.00
20150417  21:11:00 2303.00 2305.00 2302.00 2305.00 18018.00
20150417  21:10:00 2302.00 2302.00 2300.00 2302.00 26752.00
20150417  21:09:00 2302.00 2304.00 2302.00 2303.00 18756.00
20150417  21:08:00 2304.00 2304.00 2302.00 2303.00 18422.00
20150417  21:07:00 2303.00 2304.00 2302.00 2303.00 23882.00
20150417  21:06:00 2301.00 2303.00 2300.00 2302.00 42478.00
20150417  21:05:00 2305.00 2305.00 2301.00 2301.00 33118.00
20150417  21:04:00 2307.00 2307.00 2305.00 2306.00 23482.00
20150417  21:03:00 2306.00 2308.00 2306.00 2307.00 17576.00
20150417  21:02:00 2306.00 2307.00 2305.00 2307.00 20144.00
20150417  21:01:00 2304.00 2307.00 2304.00 2306.00 34372.00
20150417  21:00:00 2303.00 2305.00 2302.00 2304.00 52086.00
