20150304  15:00:00 2464.00 2464.00 2464.00 2464.00  10.00
20150304  14:59:00 2466.00 2467.00 2464.00 2464.00 6282.00
20150304  14:58:00 2468.00 2468.00 2465.00 2466.00 7304.00
20150304  14:57:00 2467.00 2469.00 2467.00 2467.00 5552.00
20150304  14:56:00 2469.00 2469.00 2467.00 2468.00 6740.00
20150304  14:55:00 2468.00 2470.00 2468.00 2468.00 15880.00
20150304  14:54:00 2468.00 2468.00 2467.00 2467.00 1868.00
20150304  14:53:00 2468.00 2468.00 2467.00 2468.00 3696.00
20150304  14:52:00 2467.00 2468.00 2466.00 2467.00 2848.00
20150304  14:51:00 2467.00 2468.00 2466.00 2467.00 3374.00
20150304  14:50:00 2467.00 2468.00 2466.00 2467.00 4592.00
20150304  14:49:00 2464.00 2468.00 2464.00 2468.00 12834.00
20150304  14:48:00 2464.00 2465.00 2464.00 2464.00 1824.00
20150304  14:47:00 2464.00 2465.00 2464.00 2464.00 206.00
20150304  14:46:00 2464.00 2465.00 2464.00 2464.00 738.00
20150304  14:45:00 2465.00 2466.00 2464.00 2464.00 3972.00
20150304  14:44:00 2465.00 2466.00 2465.00 2465.00 3598.00
20150304  14:43:00 2465.00 2466.00 2464.00 2465.00 2938.00
20150304  14:42:00 2465.00 2466.00 2464.00 2465.00 2506.00
20150304  14:41:00 2463.00 2465.00 2463.00 2465.00 6648.00
20150304  14:40:00 2464.00 2464.00 2463.00 2463.00 944.00
20150304  14:39:00 2464.00 2465.00 2462.00 2464.00 6326.00
20150304  14:38:00 2463.00 2465.00 2462.00 2465.00 13006.00
20150304  14:37:00 2462.00 2463.00 2461.00 2463.00 6666.00
20150304  14:36:00 2460.00 2463.00 2460.00 2462.00 9380.00
20150304  14:35:00 2459.00 2461.00 2459.00 2461.00 1468.00
20150304  14:34:00 2460.00 2460.00 2459.00 2459.00 166.00
20150304  14:33:00 2460.00 2461.00 2459.00 2460.00 654.00
20150304  14:32:00 2460.00 2461.00 2460.00 2460.00 890.00
20150304  14:31:00 2460.00 2461.00 2459.00 2460.00 800.00
20150304  14:30:00 2460.00 2461.00 2459.00 2460.00 1742.00
20150304  14:29:00 2460.00 2460.00 2459.00 2460.00 2490.00
20150304  14:28:00 2461.00 2461.00 2459.00 2460.00 3150.00
20150304  14:27:00 2460.00 2461.00 2460.00 2460.00 2920.00
20150304  14:26:00 2459.00 2460.00 2458.00 2460.00 2900.00
20150304  14:25:00 2459.00 2459.00 2458.00 2458.00 1042.00
20150304  14:24:00 2458.00 2460.00 2458.00 2459.00 1320.00
20150304  14:23:00 2459.00 2459.00 2458.00 2459.00 3304.00
20150304  14:22:00 2460.00 2461.00 2459.00 2459.00 5212.00
20150304  14:21:00 2460.00 2461.00 2459.00 2460.00 2772.00
20150304  14:20:00 2461.00 2461.00 2459.00 2460.00 5588.00
20150304  14:19:00 2459.00 2462.00 2458.00 2461.00 9100.00
20150304  14:18:00 2458.00 2459.00 2458.00 2459.00 1168.00
20150304  14:17:00 2455.00 2458.00 2455.00 2458.00 9074.00
20150304  14:16:00 2456.00 2456.00 2455.00 2455.00 1810.00
20150304  14:15:00 2455.00 2456.00 2455.00 2456.00 540.00
20150304  14:14:00 2455.00 2456.00 2454.00 2455.00 1586.00
20150304  14:13:00 2455.00 2456.00 2455.00 2456.00 488.00
20150304  14:12:00 2455.00 2456.00 2455.00 2455.00 624.00
20150304  14:11:00 2456.00 2456.00 2455.00 2455.00 424.00
20150304  14:10:00 2456.00 2456.00 2455.00 2456.00 1536.00
20150304  14:09:00 2455.00 2455.00 2454.00 2455.00 1670.00
20150304  14:08:00 2455.00 2456.00 2454.00 2455.00 3554.00
20150304  14:07:00 2456.00 2456.00 2455.00 2455.00 1646.00
20150304  14:06:00 2456.00 2457.00 2455.00 2456.00 2218.00
20150304  14:05:00 2455.00 2456.00 2455.00 2456.00 1320.00
20150304  14:04:00 2455.00 2456.00 2454.00 2455.00 2588.00
20150304  14:03:00 2454.00 2456.00 2454.00 2455.00 3886.00
20150304  14:02:00 2455.00 2456.00 2454.00 2454.00 7522.00
20150304  14:01:00 2457.00 2457.00 2455.00 2455.00 4752.00
20150304  14:00:00 2457.00 2457.00 2456.00 2457.00 2022.00
20150304  13:59:00 2458.00 2459.00 2456.00 2456.00 4242.00
20150304  13:58:00 2459.00 2459.00 2457.00 2458.00 2780.00
20150304  13:57:00 2458.00 2459.00 2458.00 2459.00 1134.00
20150304  13:56:00 2458.00 2459.00 2458.00 2458.00 502.00
20150304  13:55:00 2459.00 2459.00 2458.00 2458.00 166.00
20150304  13:54:00 2458.00 2460.00 2457.00 2459.00 4584.00
20150304  13:53:00 2458.00 2459.00 2457.00 2458.00 1128.00
20150304  13:52:00 2458.00 2459.00 2458.00 2458.00 926.00
20150304  13:51:00 2459.00 2459.00 2458.00 2458.00 896.00
20150304  13:50:00 2459.00 2459.00 2458.00 2459.00 252.00
20150304  13:49:00 2458.00 2459.00 2457.00 2459.00 1384.00
20150304  13:48:00 2459.00 2459.00 2458.00 2458.00 614.00
20150304  13:47:00 2458.00 2459.00 2457.00 2459.00 1722.00
20150304  13:46:00 2457.00 2458.00 2457.00 2458.00 1278.00
20150304  13:45:00 2457.00 2458.00 2457.00 2457.00 378.00
20150304  13:44:00 2456.00 2457.00 2456.00 2457.00 1412.00
20150304  13:43:00 2458.00 2458.00 2456.00 2456.00 3240.00
20150304  13:42:00 2459.00 2459.00 2457.00 2458.00 1102.00
20150304  13:41:00 2459.00 2459.00 2458.00 2459.00 712.00
20150304  13:40:00 2458.00 2459.00 2458.00 2459.00 2002.00
20150304  13:39:00 2458.00 2459.00 2457.00 2458.00 2206.00
20150304  13:38:00 2457.00 2458.00 2457.00 2458.00 1122.00
20150304  13:37:00 2457.00 2459.00 2457.00 2458.00 2212.00
20150304  13:36:00 2457.00 2459.00 2457.00 2458.00 6176.00
20150304  13:35:00 2456.00 2458.00 2456.00 2457.00 4240.00
20150304  13:34:00 2458.00 2458.00 2456.00 2456.00 5290.00
20150304  13:33:00 2458.00 2459.00 2458.00 2458.00 2878.00
20150304  13:32:00 2460.00 2460.00 2457.00 2458.00 3698.00
20150304  13:31:00 2458.00 2460.00 2458.00 2459.00 6128.00
20150304  13:30:00 2457.00 2460.00 2457.00 2458.00 13754.00
20150304  11:29:00 2458.00 2458.00 2456.00 2456.00 2786.00
20150304  11:28:00 2459.00 2459.00 2457.00 2458.00 1536.00
20150304  11:27:00 2458.00 2458.00 2457.00 2458.00 736.00
20150304  11:26:00 2458.00 2458.00 2457.00 2458.00 798.00
20150304  11:25:00 2458.00 2459.00 2457.00 2459.00 922.00
20150304  11:24:00 2458.00 2459.00 2457.00 2459.00 782.00
20150304  11:23:00 2458.00 2458.00 2457.00 2458.00 224.00
20150304  11:22:00 2459.00 2459.00 2458.00 2458.00 1076.00
20150304  11:21:00 2458.00 2459.00 2457.00 2459.00 1364.00
20150304  11:20:00 2458.00 2458.00 2457.00 2458.00 2712.00
20150304  11:19:00 2458.00 2458.00 2457.00 2458.00 924.00
20150304  11:18:00 2457.00 2458.00 2457.00 2458.00 1316.00
20150304  11:17:00 2458.00 2458.00 2457.00 2458.00 762.00
20150304  11:16:00 2457.00 2458.00 2457.00 2458.00 662.00
20150304  11:15:00 2457.00 2458.00 2457.00 2457.00 1014.00
20150304  11:14:00 2458.00 2458.00 2457.00 2458.00 1504.00
20150304  11:13:00 2458.00 2459.00 2457.00 2458.00 1752.00
20150304  11:12:00 2457.00 2458.00 2456.00 2458.00 1850.00
20150304  11:11:00 2458.00 2458.00 2456.00 2457.00 4296.00
20150304  11:10:00 2456.00 2458.00 2456.00 2457.00 1848.00
20150304  11:09:00 2458.00 2459.00 2456.00 2456.00 7782.00
20150304  11:08:00 2460.00 2460.00 2458.00 2458.00 4702.00
20150304  11:07:00 2458.00 2461.00 2458.00 2460.00 6344.00
20150304  11:06:00 2458.00 2459.00 2458.00 2458.00 2078.00
20150304  11:05:00 2458.00 2459.00 2458.00 2459.00 1914.00
20150304  11:04:00 2459.00 2459.00 2458.00 2458.00 2364.00
20150304  11:03:00 2459.00 2459.00 2458.00 2459.00 1440.00
20150304  11:02:00 2459.00 2460.00 2458.00 2459.00 2964.00
20150304  11:01:00 2458.00 2460.00 2458.00 2460.00 4330.00
20150304  11:00:00 2460.00 2460.00 2458.00 2459.00 11256.00
20150304  10:59:00 2460.00 2461.00 2460.00 2460.00 4302.00
20150304  10:58:00 2461.00 2463.00 2460.00 2461.00 7114.00
20150304  10:57:00 2463.00 2463.00 2461.00 2462.00 4554.00
20150304  10:56:00 2464.00 2464.00 2463.00 2463.00 1324.00
20150304  10:55:00 2464.00 2465.00 2463.00 2464.00 2162.00
20150304  10:54:00 2464.00 2465.00 2464.00 2464.00 1482.00
20150304  10:53:00 2465.00 2465.00 2464.00 2464.00 960.00
20150304  10:52:00 2464.00 2465.00 2464.00 2465.00 624.00
20150304  10:51:00 2465.00 2465.00 2464.00 2464.00 508.00
20150304  10:50:00 2465.00 2466.00 2465.00 2465.00 654.00
20150304  10:49:00 2465.00 2466.00 2465.00 2465.00 442.00
20150304  10:48:00 2465.00 2465.00 2464.00 2465.00 1350.00
20150304  10:47:00 2465.00 2466.00 2464.00 2465.00 1514.00
20150304  10:46:00 2465.00 2466.00 2465.00 2465.00 344.00
20150304  10:45:00 2465.00 2466.00 2465.00 2465.00 816.00
20150304  10:44:00 2464.00 2466.00 2464.00 2465.00 1520.00
20150304  10:43:00 2465.00 2466.00 2464.00 2465.00 436.00
20150304  10:42:00 2465.00 2466.00 2464.00 2465.00 1204.00
20150304  10:41:00 2465.00 2466.00 2465.00 2465.00 422.00
20150304  10:40:00 2466.00 2466.00 2465.00 2465.00 926.00
20150304  10:39:00 2467.00 2467.00 2465.00 2465.00 1186.00
20150304  10:38:00 2465.00 2467.00 2465.00 2467.00 1014.00
20150304  10:37:00 2465.00 2466.00 2465.00 2465.00 462.00
20150304  10:36:00 2465.00 2466.00 2465.00 2465.00 1266.00
20150304  10:35:00 2466.00 2467.00 2465.00 2465.00 1856.00
20150304  10:34:00 2466.00 2467.00 2465.00 2466.00 1790.00
20150304  10:33:00 2467.00 2468.00 2466.00 2466.00 1196.00
20150304  10:32:00 2467.00 2468.00 2467.00 2467.00 164.00
20150304  10:31:00 2468.00 2468.00 2467.00 2467.00 482.00
20150304  10:30:00 2468.00 2468.00 2467.00 2468.00 2034.00
20150304  10:14:00 2467.00 2468.00 2466.00 2467.00 1118.00
20150304  10:13:00 2467.00 2468.00 2467.00 2467.00 634.00
20150304  10:12:00 2467.00 2468.00 2467.00 2467.00 192.00
20150304  10:11:00 2468.00 2468.00 2467.00 2467.00 170.00
20150304  10:10:00 2467.00 2468.00 2467.00 2468.00 690.00
20150304  10:09:00 2467.00 2468.00 2467.00 2467.00 130.00
20150304  10:08:00 2467.00 2468.00 2467.00 2467.00 368.00
20150304  10:07:00 2467.00 2468.00 2466.00 2468.00 1552.00
20150304  10:06:00 2468.00 2468.00 2467.00 2468.00 256.00
20150304  10:05:00 2467.00 2468.00 2467.00 2468.00 200.00
20150304  10:04:00 2467.00 2468.00 2467.00 2467.00 286.00
20150304  10:03:00 2467.00 2468.00 2467.00 2467.00 824.00
20150304  10:02:00 2468.00 2468.00 2467.00 2467.00 486.00
20150304  10:01:00 2468.00 2468.00 2467.00 2468.00 776.00
20150304  10:00:00 2469.00 2469.00 2468.00 2468.00 1864.00
20150304  09:59:00 2468.00 2469.00 2467.00 2468.00 1138.00
20150304  09:58:00 2469.00 2469.00 2468.00 2469.00 1138.00
20150304  09:57:00 2468.00 2469.00 2467.00 2469.00 1656.00
20150304  09:56:00 2468.00 2468.00 2467.00 2468.00 696.00
20150304  09:55:00 2468.00 2468.00 2467.00 2468.00 1630.00
20150304  09:54:00 2468.00 2468.00 2467.00 2467.00 448.00
20150304  09:53:00 2467.00 2468.00 2467.00 2468.00 712.00
20150304  09:52:00 2467.00 2468.00 2467.00 2467.00 524.00
20150304  09:51:00 2467.00 2468.00 2467.00 2467.00 218.00
20150304  09:50:00 2469.00 2469.00 2467.00 2467.00 2264.00
20150304  09:49:00 2468.00 2469.00 2467.00 2468.00 1638.00
20150304  09:48:00 2467.00 2468.00 2467.00 2468.00 2140.00
20150304  09:47:00 2467.00 2468.00 2467.00 2468.00 200.00
20150304  09:46:00 2468.00 2468.00 2467.00 2467.00 318.00
20150304  09:45:00 2468.00 2469.00 2467.00 2468.00 3050.00
20150304  09:44:00 2467.00 2468.00 2467.00 2468.00 470.00
20150304  09:43:00 2467.00 2468.00 2467.00 2468.00 746.00
20150304  09:42:00 2467.00 2468.00 2466.00 2467.00 2606.00
20150304  09:41:00 2469.00 2469.00 2467.00 2467.00 2122.00
20150304  09:40:00 2466.00 2469.00 2466.00 2469.00 3678.00
20150304  09:39:00 2467.00 2467.00 2465.00 2466.00 3068.00
20150304  09:38:00 2468.00 2468.00 2466.00 2467.00 2222.00
20150304  09:37:00 2467.00 2468.00 2467.00 2468.00 3976.00
20150304  09:36:00 2468.00 2468.00 2467.00 2468.00 1002.00
20150304  09:35:00 2467.00 2468.00 2466.00 2468.00 3762.00
20150304  09:34:00 2466.00 2467.00 2466.00 2466.00 388.00
20150304  09:33:00 2466.00 2467.00 2465.00 2466.00 2658.00
20150304  09:32:00 2466.00 2466.00 2465.00 2465.00 724.00
20150304  09:31:00 2466.00 2466.00 2465.00 2466.00 510.00
20150304  09:30:00 2466.00 2466.00 2465.00 2466.00 1304.00
20150304  09:29:00 2465.00 2466.00 2465.00 2466.00 1106.00
20150304  09:28:00 2466.00 2466.00 2465.00 2465.00 878.00
20150304  09:27:00 2466.00 2466.00 2465.00 2465.00 802.00
20150304  09:26:00 2466.00 2466.00 2465.00 2466.00 326.00
20150304  09:25:00 2465.00 2466.00 2464.00 2466.00 1402.00
20150304  09:24:00 2465.00 2466.00 2464.00 2465.00 2038.00
20150304  09:23:00 2464.00 2465.00 2464.00 2465.00 3166.00
20150304  09:22:00 2464.00 2464.00 2463.00 2464.00 330.00
20150304  09:21:00 2463.00 2464.00 2463.00 2464.00 248.00
20150304  09:20:00 2463.00 2464.00 2462.00 2464.00 1998.00
20150304  09:19:00 2464.00 2464.00 2463.00 2463.00 158.00
20150304  09:18:00 2464.00 2464.00 2462.00 2464.00 2656.00
20150304  09:17:00 2463.00 2464.00 2462.00 2463.00 1712.00
20150304  09:16:00 2463.00 2463.00 2462.00 2463.00 1226.00
20150304  09:15:00 2464.00 2464.00 2463.00 2463.00 1400.00
20150304  09:14:00 2463.00 2464.00 2463.00 2464.00 956.00
20150304  09:13:00 2464.00 2464.00 2463.00 2463.00 624.00
20150304  09:12:00 2464.00 2465.00 2463.00 2463.00 1110.00
20150304  09:11:00 2465.00 2466.00 2464.00 2464.00 2062.00
20150304  09:10:00 2467.00 2467.00 2465.00 2465.00 3744.00
20150304  09:09:00 2466.00 2467.00 2465.00 2467.00 1842.00
20150304  09:08:00 2465.00 2467.00 2465.00 2466.00 4874.00
20150304  09:07:00 2465.00 2466.00 2464.00 2465.00 1290.00
20150304  09:06:00 2464.00 2466.00 2464.00 2465.00 2954.00
20150304  09:05:00 2465.00 2465.00 2463.00 2464.00 1914.00
20150304  09:04:00 2464.00 2465.00 2463.00 2465.00 1154.00
20150304  09:03:00 2464.00 2465.00 2463.00 2464.00 3004.00
20150304  09:02:00 2464.00 2465.00 2462.00 2464.00 2674.00
20150304  09:01:00 2462.00 2465.00 2462.00 2464.00 7874.00
20150304  09:00:00 2462.00 2463.00 2460.00 2462.00 4778.00
20150304  01:00:00 2462.00 2462.00 2462.00 2462.00   0.00
20150304  00:59:00 2462.00 2463.00 2461.00 2462.00 512.00
20150304  00:58:00 2463.00 2463.00 2462.00 2462.00 154.00
20150304  00:57:00 2463.00 2463.00 2462.00 2462.00 418.00
20150304  00:56:00 2463.00 2463.00 2462.00 2463.00 204.00
20150304  00:55:00 2462.00 2463.00 2462.00 2463.00 1748.00
20150304  00:54:00 2463.00 2463.00 2462.00 2462.00 248.00
20150304  00:53:00 2462.00 2463.00 2462.00 2462.00 570.00
20150304  00:52:00 2462.00 2462.00 2462.00 2462.00  78.00
20150304  00:51:00 2462.00 2463.00 2462.00 2463.00   8.00
20150304  00:50:00 2463.00 2463.00 2462.00 2462.00  24.00
20150304  00:49:00 2463.00 2463.00 2462.00 2462.00  50.00
20150304  00:48:00 2463.00 2463.00 2463.00 2463.00  56.00
20150304  00:47:00 2463.00 2463.00 2462.00 2462.00  46.00
20150304  00:46:00 2463.00 2463.00 2462.00 2463.00 244.00
20150304  00:45:00 2463.00 2463.00 2462.00 2463.00  40.00
20150304  00:44:00 2462.00 2463.00 2462.00 2462.00 180.00
20150304  00:43:00 2462.00 2463.00 2462.00 2463.00 126.00
20150304  00:42:00 2463.00 2463.00 2462.00 2463.00  94.00
20150304  00:41:00 2462.00 2463.00 2462.00 2463.00  28.00
20150304  00:40:00 2462.00 2463.00 2462.00 2462.00 256.00
20150304  00:39:00 2463.00 2463.00 2462.00 2462.00   2.00
20150304  00:38:00 2463.00 2463.00 2462.00 2463.00 160.00
20150304  00:37:00 2463.00 2463.00 2463.00 2463.00 106.00
20150304  00:36:00 2463.00 2463.00 2463.00 2463.00  16.00
20150304  00:35:00 2462.00 2463.00 2462.00 2463.00 1004.00
20150304  00:34:00 2462.00 2462.00 2462.00 2462.00  72.00
20150304  00:33:00 2463.00 2463.00 2462.00 2462.00  40.00
20150304  00:32:00 2462.00 2463.00 2462.00 2463.00  90.00
20150304  00:31:00 2462.00 2462.00 2462.00 2462.00  16.00
20150304  00:30:00 2463.00 2463.00 2462.00 2463.00 154.00
20150304  00:29:00 2462.00 2463.00 2462.00 2463.00 272.00
20150304  00:28:00 2462.00 2463.00 2462.00 2462.00 296.00
20150304  00:27:00 2462.00 2462.00 2461.00 2462.00 178.00
20150304  00:26:00 2462.00 2462.00 2462.00 2462.00 278.00
20150304  00:25:00 2462.00 2462.00 2462.00 2462.00  76.00
20150304  00:24:00 2462.00 2462.00 2461.00 2461.00 354.00
20150304  00:23:00 2462.00 2462.00 2461.00 2461.00  94.00
20150304  00:22:00 2462.00 2462.00 2461.00 2462.00  70.00
20150304  00:21:00 2463.00 2463.00 2462.00 2462.00 448.00
20150304  00:20:00 2463.00 2463.00 2462.00 2463.00 238.00
20150304  00:19:00 2462.00 2463.00 2462.00 2463.00  14.00
20150304  00:18:00 2462.00 2462.00 2462.00 2462.00  48.00
20150304  00:17:00 2462.00 2463.00 2462.00 2462.00  76.00
20150304  00:16:00 2462.00 2463.00 2462.00 2462.00 180.00
20150304  00:15:00 2461.00 2463.00 2461.00 2462.00 480.00
20150304  00:14:00 2461.00 2462.00 2460.00 2461.00 568.00
20150304  00:13:00 2462.00 2462.00 2461.00 2461.00 210.00
20150304  00:12:00 2462.00 2463.00 2462.00 2462.00 652.00
20150304  00:11:00 2462.00 2462.00 2462.00 2462.00  24.00
20150304  00:10:00 2462.00 2463.00 2462.00 2462.00  66.00
20150304  00:09:00 2462.00 2462.00 2462.00 2462.00   4.00
20150304  00:08:00 2462.00 2463.00 2462.00 2462.00 106.00
20150304  00:07:00 2462.00 2463.00 2462.00 2462.00  18.00
20150304  00:06:00 2462.00 2463.00 2462.00 2462.00 406.00
20150304  00:05:00 2462.00 2463.00 2462.00 2463.00 950.00
20150304  00:04:00 2462.00 2463.00 2462.00 2462.00  92.00
20150304  00:03:00 2461.00 2462.00 2461.00 2462.00 692.00
20150304  00:02:00 2461.00 2462.00 2461.00 2461.00 138.00
20150304  00:01:00 2461.00 2462.00 2461.00 2462.00 226.00
20150304  00:00:00 2462.00 2463.00 2461.00 2461.00 832.00
20150303  23:59:00 2462.00 2463.00 2462.00 2462.00  42.00
20150303  23:58:00 2463.00 2463.00 2462.00 2462.00  26.00
20150303  23:57:00 2462.00 2463.00 2462.00 2463.00  50.00
20150303  23:56:00 2462.00 2463.00 2462.00 2463.00 132.00
20150303  23:55:00 2461.00 2462.00 2461.00 2462.00 420.00
20150303  23:54:00 2460.00 2461.00 2460.00 2461.00 268.00
20150303  23:53:00 2462.00 2462.00 2460.00 2460.00 1020.00
20150303  23:52:00 2463.00 2463.00 2462.00 2462.00 236.00
20150303  23:51:00 2463.00 2464.00 2463.00 2463.00 1028.00
20150303  23:50:00 2464.00 2464.00 2463.00 2464.00 810.00
20150303  23:49:00 2464.00 2464.00 2463.00 2464.00 584.00
20150303  23:48:00 2463.00 2464.00 2463.00 2463.00 238.00
20150303  23:47:00 2463.00 2464.00 2462.00 2463.00 368.00
20150303  23:46:00 2461.00 2463.00 2461.00 2463.00 298.00
20150303  23:45:00 2461.00 2462.00 2461.00 2461.00 174.00
20150303  23:44:00 2463.00 2463.00 2461.00 2461.00 404.00
20150303  23:43:00 2462.00 2463.00 2462.00 2463.00 482.00
20150303  23:42:00 2463.00 2464.00 2462.00 2462.00 272.00
20150303  23:41:00 2464.00 2464.00 2463.00 2463.00 908.00
20150303  23:40:00 2462.00 2464.00 2461.00 2464.00 1692.00
20150303  23:39:00 2460.00 2462.00 2460.00 2462.00 2186.00
20150303  23:38:00 2460.00 2461.00 2460.00 2460.00  38.00
20150303  23:37:00 2459.00 2461.00 2458.00 2460.00 1170.00
20150303  23:36:00 2458.00 2459.00 2458.00 2459.00 108.00
20150303  23:35:00 2459.00 2459.00 2458.00 2458.00 648.00
20150303  23:34:00 2460.00 2460.00 2459.00 2459.00 820.00
20150303  23:33:00 2459.00 2460.00 2459.00 2460.00 116.00
20150303  23:32:00 2459.00 2460.00 2459.00 2459.00 376.00
20150303  23:31:00 2459.00 2459.00 2458.00 2459.00 310.00
20150303  23:30:00 2460.00 2460.00 2459.00 2460.00 1210.00
20150303  23:29:00 2460.00 2460.00 2459.00 2459.00 158.00
20150303  23:28:00 2459.00 2460.00 2459.00 2460.00 138.00
20150303  23:27:00 2459.00 2460.00 2459.00 2460.00  70.00
20150303  23:26:00 2460.00 2460.00 2459.00 2459.00 152.00
20150303  23:25:00 2460.00 2460.00 2459.00 2460.00 366.00
20150303  23:24:00 2460.00 2460.00 2459.00 2460.00 124.00
20150303  23:23:00 2459.00 2460.00 2459.00 2460.00  66.00
20150303  23:22:00 2459.00 2460.00 2459.00 2459.00 320.00
20150303  23:21:00 2459.00 2460.00 2459.00 2459.00 702.00
20150303  23:20:00 2459.00 2460.00 2458.00 2459.00 856.00
20150303  23:19:00 2458.00 2459.00 2458.00 2458.00 116.00
20150303  23:18:00 2460.00 2460.00 2459.00 2459.00 670.00
20150303  23:17:00 2459.00 2460.00 2459.00 2460.00 660.00
20150303  23:16:00 2459.00 2460.00 2459.00 2459.00 162.00
20150303  23:15:00 2460.00 2460.00 2459.00 2459.00  98.00
20150303  23:14:00 2460.00 2460.00 2459.00 2459.00 186.00
20150303  23:13:00 2460.00 2460.00 2459.00 2460.00  34.00
20150303  23:12:00 2459.00 2460.00 2459.00 2460.00 498.00
20150303  23:11:00 2459.00 2460.00 2459.00 2459.00 164.00
20150303  23:10:00 2460.00 2460.00 2459.00 2459.00  22.00
20150303  23:09:00 2459.00 2460.00 2459.00 2460.00 288.00
20150303  23:08:00 2459.00 2460.00 2459.00 2459.00  72.00
20150303  23:07:00 2459.00 2460.00 2459.00 2459.00 168.00
20150303  23:06:00 2459.00 2460.00 2458.00 2459.00 628.00
20150303  23:05:00 2460.00 2460.00 2459.00 2459.00 240.00
20150303  23:04:00 2460.00 2461.00 2459.00 2459.00 844.00
20150303  23:03:00 2461.00 2461.00 2460.00 2461.00 220.00
20150303  23:02:00 2460.00 2461.00 2460.00 2460.00 118.00
20150303  23:01:00 2460.00 2461.00 2460.00 2460.00 156.00
20150303  23:00:00 2460.00 2460.00 2460.00 2460.00  36.00
20150303  22:59:00 2461.00 2461.00 2460.00 2461.00 382.00
20150303  22:58:00 2461.00 2461.00 2460.00 2461.00 266.00
20150303  22:57:00 2461.00 2461.00 2460.00 2461.00 240.00
20150303  22:56:00 2460.00 2461.00 2459.00 2461.00 270.00
20150303  22:55:00 2460.00 2460.00 2460.00 2460.00 156.00
20150303  22:54:00 2461.00 2461.00 2459.00 2460.00 432.00
20150303  22:53:00 2461.00 2461.00 2460.00 2461.00  20.00
20150303  22:52:00 2460.00 2461.00 2460.00 2461.00 310.00
20150303  22:51:00 2460.00 2461.00 2459.00 2460.00 124.00
20150303  22:50:00 2459.00 2461.00 2459.00 2460.00 478.00
20150303  22:49:00 2460.00 2460.00 2459.00 2459.00 270.00
20150303  22:48:00 2460.00 2460.00 2459.00 2460.00 156.00
20150303  22:47:00 2459.00 2460.00 2459.00 2460.00 334.00
20150303  22:46:00 2460.00 2460.00 2459.00 2460.00 300.00
20150303  22:45:00 2460.00 2460.00 2459.00 2460.00 242.00
20150303  22:44:00 2459.00 2460.00 2459.00 2459.00 208.00
20150303  22:43:00 2460.00 2460.00 2459.00 2459.00 994.00
20150303  22:42:00 2460.00 2461.00 2460.00 2460.00 194.00
20150303  22:41:00 2459.00 2461.00 2459.00 2461.00 1524.00
20150303  22:40:00 2460.00 2460.00 2459.00 2459.00 730.00
20150303  22:39:00 2460.00 2460.00 2459.00 2460.00 734.00
20150303  22:38:00 2459.00 2460.00 2458.00 2460.00 1112.00
20150303  22:37:00 2459.00 2459.00 2458.00 2459.00 910.00
20150303  22:36:00 2458.00 2459.00 2458.00 2459.00 156.00
20150303  22:35:00 2459.00 2459.00 2458.00 2458.00 280.00
20150303  22:34:00 2458.00 2459.00 2458.00 2458.00 144.00
20150303  22:33:00 2458.00 2459.00 2458.00 2458.00 172.00
20150303  22:32:00 2459.00 2459.00 2458.00 2458.00 702.00
20150303  22:31:00 2459.00 2459.00 2458.00 2459.00 776.00
20150303  22:30:00 2459.00 2460.00 2459.00 2459.00 894.00
20150303  22:29:00 2459.00 2460.00 2459.00 2459.00 622.00
20150303  22:28:00 2460.00 2461.00 2459.00 2459.00 1356.00
20150303  22:27:00 2461.00 2461.00 2460.00 2460.00  48.00
20150303  22:26:00 2460.00 2461.00 2460.00 2461.00  18.00
20150303  22:25:00 2460.00 2461.00 2460.00 2460.00  30.00
20150303  22:24:00 2460.00 2461.00 2460.00 2460.00 150.00
20150303  22:23:00 2461.00 2461.00 2460.00 2460.00  54.00
20150303  22:22:00 2462.00 2462.00 2460.00 2461.00 1632.00
20150303  22:21:00 2461.00 2462.00 2461.00 2462.00 2176.00
20150303  22:20:00 2461.00 2461.00 2460.00 2461.00 1502.00
20150303  22:19:00 2460.00 2461.00 2460.00 2461.00 174.00
20150303  22:18:00 2461.00 2461.00 2460.00 2460.00 110.00
20150303  22:17:00 2460.00 2461.00 2459.00 2461.00 1220.00
20150303  22:16:00 2460.00 2460.00 2459.00 2460.00 634.00
20150303  22:15:00 2459.00 2460.00 2459.00 2460.00 622.00
20150303  22:14:00 2459.00 2460.00 2458.00 2460.00 940.00
20150303  22:13:00 2459.00 2459.00 2458.00 2459.00  84.00
20150303  22:12:00 2458.00 2459.00 2458.00 2459.00 254.00
20150303  22:11:00 2458.00 2459.00 2458.00 2458.00 262.00
20150303  22:10:00 2459.00 2459.00 2458.00 2458.00 262.00
20150303  22:09:00 2459.00 2460.00 2459.00 2459.00 1164.00
20150303  22:08:00 2460.00 2460.00 2458.00 2459.00 1078.00
20150303  22:07:00 2459.00 2460.00 2458.00 2460.00 1070.00
20150303  22:06:00 2458.00 2459.00 2458.00 2459.00 302.00
20150303  22:05:00 2459.00 2459.00 2458.00 2458.00 610.00
20150303  22:04:00 2458.00 2459.00 2458.00 2459.00 666.00
20150303  22:03:00 2459.00 2459.00 2458.00 2458.00 692.00
20150303  22:02:00 2457.00 2459.00 2457.00 2459.00 2402.00
20150303  22:01:00 2456.00 2457.00 2456.00 2457.00 3354.00
20150303  22:00:00 2457.00 2457.00 2455.00 2456.00 7344.00
20150303  21:59:00 2458.00 2459.00 2457.00 2457.00 2772.00
20150303  21:58:00 2459.00 2459.00 2458.00 2458.00 2792.00
20150303  21:57:00 2459.00 2460.00 2458.00 2459.00 1602.00
20150303  21:56:00 2462.00 2462.00 2459.00 2460.00 3632.00
20150303  21:55:00 2461.00 2462.00 2461.00 2462.00 286.00
20150303  21:54:00 2462.00 2462.00 2461.00 2461.00 1006.00
20150303  21:53:00 2462.00 2462.00 2461.00 2462.00 464.00
20150303  21:52:00 2461.00 2462.00 2461.00 2462.00 712.00
20150303  21:51:00 2461.00 2462.00 2460.00 2460.00 1184.00
20150303  21:50:00 2461.00 2462.00 2461.00 2461.00 1096.00
20150303  21:49:00 2460.00 2462.00 2460.00 2461.00 1696.00
20150303  21:48:00 2459.00 2461.00 2459.00 2460.00 3664.00
20150303  21:47:00 2462.00 2462.00 2459.00 2459.00 6880.00
20150303  21:46:00 2463.00 2464.00 2460.00 2461.00 5668.00
20150303  21:45:00 2464.00 2465.00 2463.00 2464.00 1356.00
20150303  21:44:00 2465.00 2465.00 2464.00 2464.00 712.00
20150303  21:43:00 2466.00 2466.00 2464.00 2464.00 2398.00
20150303  21:42:00 2466.00 2466.00 2465.00 2466.00 704.00
20150303  21:41:00 2466.00 2467.00 2465.00 2466.00 1114.00
20150303  21:40:00 2465.00 2466.00 2465.00 2466.00 1266.00
20150303  21:39:00 2465.00 2466.00 2465.00 2466.00 244.00
20150303  21:38:00 2465.00 2466.00 2465.00 2465.00 152.00
20150303  21:37:00 2466.00 2466.00 2465.00 2465.00  90.00
20150303  21:36:00 2465.00 2466.00 2465.00 2466.00  88.00
20150303  21:35:00 2465.00 2466.00 2465.00 2465.00 134.00
20150303  21:34:00 2466.00 2466.00 2465.00 2465.00 124.00
20150303  21:33:00 2466.00 2466.00 2465.00 2466.00 256.00
20150303  21:32:00 2466.00 2467.00 2465.00 2466.00 546.00
20150303  21:31:00 2466.00 2467.00 2466.00 2466.00 552.00
20150303  21:30:00 2466.00 2467.00 2465.00 2466.00 1000.00
20150303  21:29:00 2467.00 2467.00 2465.00 2466.00 1864.00
20150303  21:28:00 2467.00 2467.00 2466.00 2467.00 422.00
20150303  21:27:00 2466.00 2467.00 2466.00 2466.00 232.00
20150303  21:26:00 2467.00 2467.00 2466.00 2466.00 118.00
20150303  21:25:00 2467.00 2467.00 2466.00 2467.00 206.00
20150303  21:24:00 2467.00 2467.00 2466.00 2466.00 274.00
20150303  21:23:00 2467.00 2467.00 2466.00 2467.00 916.00
20150303  21:22:00 2468.00 2468.00 2467.00 2467.00 1036.00
20150303  21:21:00 2467.00 2468.00 2466.00 2467.00 1176.00
20150303  21:20:00 2466.00 2467.00 2466.00 2467.00 700.00
20150303  21:19:00 2467.00 2467.00 2466.00 2466.00  92.00
20150303  21:18:00 2465.00 2467.00 2465.00 2467.00 592.00
20150303  21:17:00 2465.00 2466.00 2465.00 2465.00 400.00
20150303  21:16:00 2466.00 2466.00 2465.00 2465.00 342.00
20150303  21:15:00 2466.00 2466.00 2465.00 2466.00 202.00
20150303  21:14:00 2466.00 2466.00 2465.00 2466.00 462.00
20150303  21:13:00 2466.00 2467.00 2466.00 2466.00 558.00
20150303  21:12:00 2467.00 2467.00 2465.00 2466.00 2170.00
20150303  21:11:00 2466.00 2467.00 2466.00 2467.00 316.00
20150303  21:10:00 2468.00 2468.00 2466.00 2466.00 2162.00
20150303  21:09:00 2466.00 2468.00 2466.00 2468.00 1050.00
20150303  21:08:00 2466.00 2467.00 2466.00 2466.00 294.00
20150303  21:07:00 2466.00 2467.00 2466.00 2467.00 884.00
20150303  21:06:00 2466.00 2467.00 2465.00 2467.00 794.00
20150303  21:05:00 2467.00 2468.00 2464.00 2465.00 2866.00
20150303  21:04:00 2468.00 2468.00 2466.00 2467.00 1668.00
20150303  21:03:00 2468.00 2468.00 2467.00 2468.00 450.00
20150303  21:02:00 2468.00 2469.00 2467.00 2468.00 1204.00
20150303  21:01:00 2467.00 2469.00 2467.00 2467.00 1780.00
20150303  21:00:00 2465.00 2469.00 2464.00 2467.00 2764.00
