20150909  15:00:00 1948.00 1948.00 1948.00 1948.00  90.00
20150909  14:59:00 1948.00 1950.00 1948.00 1948.00 27594.00
20150909  14:58:00 1949.00 1950.00 1948.00 1949.00 33896.00
20150909  14:57:00 1947.00 1949.00 1947.00 1949.00 19898.00
20150909  14:56:00 1947.00 1948.00 1946.00 1947.00 26052.00
20150909  14:55:00 1947.00 1948.00 1946.00 1946.00 24464.00
20150909  14:54:00 1947.00 1948.00 1946.00 1947.00 12430.00
20150909  14:53:00 1947.00 1947.00 1946.00 1947.00 19980.00
20150909  14:52:00 1947.00 1949.00 1946.00 1946.00 37000.00
20150909  14:51:00 1950.00 1950.00 1947.00 1948.00 18800.00
20150909  14:50:00 1950.00 1950.00 1949.00 1950.00 5154.00
20150909  14:49:00 1949.00 1950.00 1948.00 1950.00 9332.00
20150909  14:48:00 1949.00 1950.00 1947.00 1948.00 29078.00
20150909  14:47:00 1949.00 1950.00 1948.00 1949.00 14100.00
20150909  14:46:00 1951.00 1952.00 1949.00 1950.00 23240.00
20150909  14:45:00 1951.00 1952.00 1950.00 1951.00 27070.00
20150909  14:44:00 1953.00 1954.00 1951.00 1951.00 18032.00
20150909  14:43:00 1954.00 1954.00 1952.00 1953.00 21804.00
20150909  14:42:00 1953.00 1955.00 1953.00 1954.00 11204.00
20150909  14:41:00 1954.00 1955.00 1953.00 1954.00 11724.00
20150909  14:40:00 1954.00 1955.00 1953.00 1955.00 28410.00
20150909  14:39:00 1957.00 1957.00 1954.00 1954.00 22276.00
20150909  14:38:00 1955.00 1957.00 1955.00 1957.00 23698.00
20150909  14:37:00 1954.00 1955.00 1954.00 1954.00 21960.00
20150909  14:36:00 1954.00 1955.00 1952.00 1955.00 30178.00
20150909  14:35:00 1953.00 1953.00 1952.00 1953.00 24314.00
20150909  14:34:00 1950.00 1953.00 1949.00 1952.00 24556.00
20150909  14:33:00 1950.00 1950.00 1949.00 1950.00 1814.00
20150909  14:32:00 1949.00 1950.00 1948.00 1950.00 7196.00
20150909  14:31:00 1950.00 1950.00 1948.00 1949.00 17666.00
20150909  14:30:00 1950.00 1951.00 1948.00 1949.00 19482.00
20150909  14:29:00 1951.00 1952.00 1951.00 1951.00 13346.00
20150909  14:28:00 1950.00 1952.00 1950.00 1951.00 7076.00
20150909  14:27:00 1951.00 1952.00 1950.00 1951.00 12758.00
20150909  14:26:00 1950.00 1952.00 1949.00 1952.00 21236.00
20150909  14:25:00 1948.00 1950.00 1948.00 1950.00 13018.00
20150909  14:24:00 1950.00 1950.00 1948.00 1948.00 7066.00
20150909  14:23:00 1950.00 1950.00 1949.00 1949.00 2378.00
20150909  14:22:00 1949.00 1950.00 1948.00 1950.00 16108.00
20150909  14:21:00 1948.00 1949.00 1947.00 1949.00 16474.00
20150909  14:20:00 1949.00 1949.00 1948.00 1948.00 9656.00
20150909  14:19:00 1950.00 1951.00 1948.00 1948.00 23494.00
20150909  14:18:00 1951.00 1952.00 1950.00 1950.00 19486.00
20150909  14:17:00 1950.00 1952.00 1949.00 1952.00 23556.00
20150909  14:16:00 1948.00 1950.00 1948.00 1950.00 19738.00
20150909  14:15:00 1947.00 1949.00 1947.00 1948.00 29652.00
20150909  14:14:00 1949.00 1950.00 1947.00 1947.00 19724.00
20150909  14:13:00 1949.00 1950.00 1948.00 1950.00 15068.00
20150909  14:12:00 1947.00 1950.00 1947.00 1949.00 24370.00
20150909  14:11:00 1948.00 1949.00 1947.00 1948.00 43358.00
20150909  14:10:00 1950.00 1950.00 1948.00 1948.00 23974.00
20150909  14:09:00 1949.00 1951.00 1949.00 1950.00 30848.00
20150909  14:08:00 1952.00 1952.00 1948.00 1949.00 59474.00
20150909  14:07:00 1953.00 1953.00 1951.00 1952.00 27870.00
20150909  14:06:00 1954.00 1954.00 1951.00 1952.00 37514.00
20150909  14:05:00 1954.00 1955.00 1953.00 1954.00 15650.00
20150909  14:04:00 1955.00 1955.00 1953.00 1953.00 7610.00
20150909  14:03:00 1952.00 1955.00 1952.00 1954.00 13138.00
20150909  14:02:00 1954.00 1955.00 1952.00 1952.00 30428.00
20150909  14:01:00 1956.00 1956.00 1954.00 1955.00 8436.00
20150909  14:00:00 1956.00 1956.00 1954.00 1955.00 16578.00
20150909  13:59:00 1957.00 1957.00 1956.00 1956.00 13186.00
20150909  13:58:00 1956.00 1956.00 1954.00 1956.00 25110.00
20150909  13:57:00 1956.00 1956.00 1955.00 1956.00 5916.00
20150909  13:56:00 1953.00 1956.00 1953.00 1956.00 32460.00
20150909  13:55:00 1955.00 1956.00 1952.00 1953.00 52592.00
20150909  13:54:00 1957.00 1958.00 1954.00 1955.00 50272.00
20150909  13:53:00 1959.00 1959.00 1957.00 1957.00 5692.00
20150909  13:52:00 1959.00 1959.00 1957.00 1959.00 11734.00
20150909  13:51:00 1959.00 1959.00 1958.00 1958.00 9432.00
20150909  13:50:00 1957.00 1959.00 1957.00 1959.00 7566.00
20150909  13:49:00 1958.00 1959.00 1956.00 1957.00 18788.00
20150909  13:48:00 1957.00 1959.00 1957.00 1959.00 25414.00
20150909  13:47:00 1957.00 1958.00 1956.00 1957.00 30984.00
20150909  13:46:00 1957.00 1958.00 1956.00 1957.00 22734.00
20150909  13:45:00 1958.00 1959.00 1957.00 1958.00 11092.00
20150909  13:44:00 1960.00 1960.00 1958.00 1958.00 6324.00
20150909  13:43:00 1959.00 1960.00 1959.00 1959.00 2994.00
20150909  13:42:00 1959.00 1960.00 1959.00 1959.00 4654.00
20150909  13:41:00 1958.00 1960.00 1958.00 1959.00 16136.00
20150909  13:40:00 1958.00 1959.00 1957.00 1958.00 15842.00
20150909  13:39:00 1959.00 1960.00 1957.00 1957.00 26340.00
20150909  13:38:00 1960.00 1960.00 1958.00 1959.00 20494.00
20150909  13:37:00 1962.00 1962.00 1960.00 1961.00 25232.00
20150909  13:36:00 1961.00 1963.00 1961.00 1962.00 12804.00
20150909  13:35:00 1962.00 1963.00 1961.00 1961.00 11282.00
20150909  13:34:00 1962.00 1963.00 1962.00 1963.00 4438.00
20150909  13:33:00 1961.00 1963.00 1961.00 1962.00 14224.00
20150909  13:32:00 1962.00 1962.00 1961.00 1961.00 4114.00
20150909  13:31:00 1964.00 1964.00 1961.00 1962.00 14402.00
20150909  13:30:00 1961.00 1964.00 1961.00 1964.00 36544.00
20150909  11:29:00 1961.00 1961.00 1959.00 1959.00 15210.00
20150909  11:28:00 1960.00 1962.00 1959.00 1960.00 26402.00
20150909  11:27:00 1958.00 1960.00 1958.00 1960.00 19496.00
20150909  11:26:00 1960.00 1960.00 1958.00 1958.00 46138.00
20150909  11:25:00 1962.00 1962.00 1959.00 1960.00 54920.00
20150909  11:24:00 1964.00 1964.00 1961.00 1962.00 22738.00
20150909  11:23:00 1964.00 1965.00 1963.00 1964.00 13276.00
20150909  11:22:00 1964.00 1965.00 1963.00 1964.00 10772.00
20150909  11:21:00 1963.00 1965.00 1962.00 1964.00 19712.00
20150909  11:20:00 1963.00 1963.00 1962.00 1963.00 14576.00
20150909  11:19:00 1963.00 1964.00 1963.00 1963.00 10600.00
20150909  11:18:00 1964.00 1964.00 1963.00 1963.00 16754.00
20150909  11:17:00 1965.00 1965.00 1963.00 1964.00 23692.00
20150909  11:16:00 1964.00 1965.00 1963.00 1964.00 32370.00
20150909  11:15:00 1965.00 1966.00 1963.00 1964.00 62302.00
20150909  11:14:00 1967.00 1968.00 1964.00 1964.00 46316.00
20150909  11:13:00 1968.00 1969.00 1967.00 1967.00 18550.00
20150909  11:12:00 1968.00 1968.00 1966.00 1968.00 34134.00
20150909  11:11:00 1969.00 1969.00 1968.00 1968.00 8426.00
20150909  11:10:00 1971.00 1971.00 1968.00 1969.00 22240.00
20150909  11:09:00 1970.00 1971.00 1968.00 1971.00 25192.00
20150909  11:08:00 1971.00 1972.00 1969.00 1969.00 19630.00
20150909  11:07:00 1971.00 1972.00 1970.00 1972.00 16484.00
20150909  11:06:00 1973.00 1973.00 1971.00 1972.00 19508.00
20150909  11:05:00 1973.00 1973.00 1972.00 1973.00 1500.00
20150909  11:04:00 1973.00 1974.00 1972.00 1973.00 13490.00
20150909  11:03:00 1974.00 1974.00 1972.00 1973.00 33496.00
20150909  11:02:00 1976.00 1976.00 1974.00 1974.00 16940.00
20150909  11:01:00 1976.00 1976.00 1975.00 1976.00 17658.00
20150909  11:00:00 1975.00 1977.00 1975.00 1975.00 21042.00
20150909  10:59:00 1975.00 1976.00 1974.00 1975.00 22622.00
20150909  10:58:00 1976.00 1977.00 1974.00 1975.00 26662.00
20150909  10:57:00 1975.00 1977.00 1973.00 1976.00 42162.00
20150909  10:56:00 1974.00 1976.00 1974.00 1974.00 33370.00
20150909  10:55:00 1972.00 1974.00 1972.00 1974.00 14778.00
20150909  10:54:00 1972.00 1973.00 1972.00 1972.00 10240.00
20150909  10:53:00 1973.00 1974.00 1972.00 1973.00 18322.00
20150909  10:52:00 1974.00 1975.00 1972.00 1973.00 29688.00
20150909  10:51:00 1972.00 1975.00 1971.00 1974.00 59422.00
20150909  10:50:00 1972.00 1973.00 1971.00 1972.00 41254.00
20150909  10:49:00 1970.00 1972.00 1969.00 1971.00 17922.00
20150909  10:48:00 1969.00 1971.00 1969.00 1970.00 27198.00
20150909  10:47:00 1968.00 1969.00 1968.00 1969.00 2006.00
20150909  10:46:00 1967.00 1969.00 1967.00 1968.00 5238.00
20150909  10:45:00 1968.00 1968.00 1967.00 1967.00 2708.00
20150909  10:44:00 1968.00 1968.00 1967.00 1968.00 1572.00
20150909  10:43:00 1968.00 1969.00 1968.00 1968.00 4490.00
20150909  10:42:00 1969.00 1970.00 1968.00 1969.00 14880.00
20150909  10:41:00 1968.00 1969.00 1967.00 1968.00 6438.00
20150909  10:40:00 1967.00 1968.00 1967.00 1968.00 6968.00
20150909  10:39:00 1969.00 1969.00 1966.00 1967.00 25822.00
20150909  10:38:00 1969.00 1970.00 1968.00 1969.00 13662.00
20150909  10:37:00 1970.00 1970.00 1969.00 1969.00 3316.00
20150909  10:36:00 1971.00 1971.00 1968.00 1970.00 20238.00
20150909  10:35:00 1968.00 1972.00 1968.00 1971.00 49604.00
20150909  10:34:00 1968.00 1968.00 1967.00 1968.00 2832.00
20150909  10:33:00 1967.00 1968.00 1967.00 1968.00 5386.00
20150909  10:32:00 1967.00 1968.00 1966.00 1967.00 7820.00
20150909  10:31:00 1968.00 1969.00 1966.00 1967.00 11674.00
20150909  10:30:00 1968.00 1969.00 1968.00 1968.00 8594.00
20150909  10:14:00 1968.00 1969.00 1967.00 1968.00 17392.00
20150909  10:13:00 1967.00 1968.00 1967.00 1968.00 2402.00
20150909  10:12:00 1968.00 1968.00 1966.00 1967.00 10614.00
20150909  10:11:00 1967.00 1968.00 1966.00 1968.00 8700.00
20150909  10:10:00 1966.00 1967.00 1965.00 1967.00 11312.00
20150909  10:09:00 1967.00 1967.00 1964.00 1965.00 45118.00
20150909  10:08:00 1967.00 1967.00 1966.00 1967.00 3908.00
20150909  10:07:00 1969.00 1969.00 1966.00 1967.00 17034.00
20150909  10:06:00 1968.00 1969.00 1967.00 1969.00 8346.00
20150909  10:05:00 1968.00 1969.00 1967.00 1968.00 8878.00
20150909  10:04:00 1968.00 1968.00 1967.00 1968.00 1784.00
20150909  10:03:00 1968.00 1969.00 1967.00 1967.00 7686.00
20150909  10:02:00 1968.00 1969.00 1967.00 1968.00 10580.00
20150909  10:01:00 1968.00 1969.00 1967.00 1967.00 12420.00
20150909  10:00:00 1967.00 1968.00 1966.00 1968.00 19826.00
20150909  09:59:00 1969.00 1969.00 1966.00 1966.00 24050.00
20150909  09:58:00 1967.00 1970.00 1967.00 1969.00 18592.00
20150909  09:57:00 1970.00 1970.00 1967.00 1968.00 45270.00
20150909  09:56:00 1970.00 1974.00 1969.00 1969.00 63078.00
20150909  09:55:00 1967.00 1970.00 1966.00 1970.00 31124.00
20150909  09:54:00 1969.00 1970.00 1967.00 1967.00 20254.00
20150909  09:53:00 1972.00 1972.00 1969.00 1970.00 18670.00
20150909  09:52:00 1971.00 1973.00 1969.00 1971.00 27736.00
20150909  09:51:00 1971.00 1972.00 1970.00 1970.00 16532.00
20150909  09:50:00 1972.00 1973.00 1970.00 1971.00 28114.00
20150909  09:49:00 1970.00 1973.00 1969.00 1972.00 45470.00
20150909  09:48:00 1966.00 1972.00 1965.00 1970.00 76808.00
20150909  09:47:00 1969.00 1969.00 1966.00 1966.00 34560.00
20150909  09:46:00 1967.00 1969.00 1966.00 1968.00 12080.00
20150909  09:45:00 1966.00 1968.00 1966.00 1967.00 19364.00
20150909  09:44:00 1968.00 1968.00 1966.00 1967.00 11394.00
20150909  09:43:00 1968.00 1969.00 1967.00 1968.00 20400.00
20150909  09:42:00 1967.00 1968.00 1966.00 1967.00 7298.00
20150909  09:41:00 1966.00 1967.00 1965.00 1967.00 13678.00
20150909  09:40:00 1967.00 1968.00 1965.00 1966.00 19826.00
20150909  09:39:00 1965.00 1967.00 1965.00 1966.00 9758.00
20150909  09:38:00 1965.00 1966.00 1965.00 1966.00 13714.00
20150909  09:37:00 1967.00 1967.00 1965.00 1965.00 15004.00
20150909  09:36:00 1964.00 1967.00 1964.00 1967.00 18334.00
20150909  09:35:00 1964.00 1965.00 1963.00 1965.00 9006.00
20150909  09:34:00 1963.00 1965.00 1963.00 1964.00 11696.00
20150909  09:33:00 1962.00 1964.00 1962.00 1963.00 8866.00
20150909  09:32:00 1963.00 1964.00 1962.00 1962.00 11158.00
20150909  09:31:00 1964.00 1964.00 1963.00 1963.00 4814.00
20150909  09:30:00 1964.00 1965.00 1963.00 1964.00 22126.00
20150909  09:29:00 1963.00 1964.00 1963.00 1964.00 15494.00
20150909  09:28:00 1963.00 1964.00 1962.00 1963.00 11370.00
20150909  09:27:00 1961.00 1963.00 1960.00 1963.00 28122.00
20150909  09:26:00 1962.00 1962.00 1959.00 1960.00 50590.00
20150909  09:25:00 1963.00 1964.00 1961.00 1962.00 36180.00
20150909  09:24:00 1963.00 1965.00 1963.00 1964.00 20680.00
20150909  09:23:00 1966.00 1967.00 1963.00 1963.00 34896.00
20150909  09:22:00 1967.00 1968.00 1965.00 1966.00 18926.00
20150909  09:21:00 1968.00 1968.00 1966.00 1967.00 10004.00
20150909  09:20:00 1966.00 1968.00 1966.00 1968.00 15262.00
20150909  09:19:00 1967.00 1967.00 1965.00 1966.00 21794.00
20150909  09:18:00 1968.00 1968.00 1966.00 1967.00 21934.00
20150909  09:17:00 1968.00 1969.00 1967.00 1968.00 13174.00
20150909  09:16:00 1969.00 1970.00 1967.00 1968.00 29872.00
20150909  09:15:00 1970.00 1971.00 1969.00 1969.00 26748.00
20150909  09:14:00 1973.00 1974.00 1970.00 1971.00 28512.00
20150909  09:13:00 1972.00 1975.00 1972.00 1973.00 40304.00
20150909  09:12:00 1971.00 1973.00 1970.00 1973.00 29398.00
20150909  09:11:00 1972.00 1973.00 1969.00 1971.00 43076.00
20150909  09:10:00 1970.00 1973.00 1969.00 1973.00 33232.00
20150909  09:09:00 1970.00 1971.00 1969.00 1970.00 15520.00
20150909  09:08:00 1968.00 1971.00 1967.00 1970.00 36208.00
20150909  09:07:00 1965.00 1968.00 1965.00 1968.00 16856.00
20150909  09:06:00 1966.00 1967.00 1965.00 1965.00 18732.00
20150909  09:05:00 1966.00 1966.00 1965.00 1965.00 26580.00
20150909  09:04:00 1968.00 1970.00 1965.00 1966.00 51948.00
20150909  09:03:00 1967.00 1969.00 1967.00 1969.00 52808.00
20150909  09:02:00 1969.00 1970.00 1967.00 1967.00 35360.00
20150909  09:01:00 1970.00 1971.00 1968.00 1969.00 24744.00
20150909  09:00:00 1972.00 1973.00 1969.00 1969.00 50842.00
20150909  01:00:00 1972.00 1972.00 1972.00 1972.00  22.00
20150909  00:59:00 1972.00 1972.00 1971.00 1972.00 6126.00
20150909  00:58:00 1972.00 1973.00 1971.00 1972.00 3310.00
20150909  00:57:00 1972.00 1973.00 1972.00 1972.00 4946.00
20150909  00:56:00 1972.00 1973.00 1972.00 1973.00 884.00
20150909  00:55:00 1971.00 1973.00 1971.00 1972.00 4664.00
20150909  00:54:00 1973.00 1973.00 1971.00 1971.00 1962.00
20150909  00:53:00 1973.00 1973.00 1972.00 1973.00 520.00
20150909  00:52:00 1971.00 1973.00 1971.00 1973.00 3316.00
20150909  00:51:00 1972.00 1972.00 1971.00 1972.00 2072.00
20150909  00:50:00 1972.00 1973.00 1971.00 1971.00 3556.00
20150909  00:49:00 1972.00 1973.00 1972.00 1972.00 3208.00
20150909  00:48:00 1973.00 1974.00 1972.00 1972.00 2384.00
20150909  00:47:00 1973.00 1974.00 1972.00 1973.00 2364.00
20150909  00:46:00 1972.00 1973.00 1972.00 1973.00 2990.00
20150909  00:45:00 1972.00 1973.00 1971.00 1972.00 2334.00
20150909  00:44:00 1972.00 1973.00 1971.00 1972.00 2864.00
20150909  00:43:00 1972.00 1973.00 1972.00 1972.00 156.00
20150909  00:42:00 1972.00 1973.00 1972.00 1973.00 140.00
20150909  00:41:00 1972.00 1973.00 1972.00 1973.00 868.00
20150909  00:40:00 1973.00 1973.00 1972.00 1972.00 2600.00
20150909  00:39:00 1972.00 1973.00 1971.00 1973.00 4164.00
20150909  00:38:00 1973.00 1973.00 1972.00 1972.00 2584.00
20150909  00:37:00 1974.00 1974.00 1972.00 1973.00 3682.00
20150909  00:36:00 1973.00 1974.00 1973.00 1974.00 352.00
20150909  00:35:00 1973.00 1974.00 1972.00 1973.00 3020.00
20150909  00:34:00 1972.00 1973.00 1972.00 1973.00 800.00
20150909  00:33:00 1973.00 1973.00 1972.00 1972.00 782.00
20150909  00:32:00 1974.00 1974.00 1972.00 1973.00 1966.00
20150909  00:31:00 1972.00 1974.00 1972.00 1974.00 3068.00
20150909  00:30:00 1973.00 1973.00 1972.00 1972.00 1218.00
20150909  00:29:00 1972.00 1972.00 1971.00 1972.00 3974.00
20150909  00:28:00 1972.00 1972.00 1971.00 1972.00 1848.00
20150909  00:27:00 1971.00 1972.00 1971.00 1972.00 1170.00
20150909  00:26:00 1971.00 1972.00 1971.00 1971.00 658.00
20150909  00:25:00 1972.00 1972.00 1971.00 1971.00 4308.00
20150909  00:24:00 1972.00 1972.00 1971.00 1972.00 1528.00
20150909  00:23:00 1973.00 1973.00 1971.00 1972.00 4480.00
20150909  00:22:00 1972.00 1973.00 1972.00 1973.00 872.00
20150909  00:21:00 1971.00 1973.00 1971.00 1972.00 7202.00
20150909  00:20:00 1972.00 1972.00 1971.00 1972.00 1144.00
20150909  00:19:00 1972.00 1973.00 1971.00 1972.00 15798.00
20150909  00:18:00 1973.00 1973.00 1971.00 1972.00 6582.00
20150909  00:17:00 1972.00 1973.00 1972.00 1972.00 678.00
20150909  00:16:00 1972.00 1973.00 1972.00 1972.00 760.00
20150909  00:15:00 1973.00 1973.00 1972.00 1972.00 2814.00
20150909  00:14:00 1973.00 1973.00 1972.00 1973.00 1364.00
20150909  00:13:00 1974.00 1975.00 1972.00 1973.00 10644.00
20150909  00:12:00 1975.00 1975.00 1974.00 1974.00 884.00
20150909  00:11:00 1975.00 1976.00 1974.00 1975.00 3226.00
20150909  00:10:00 1975.00 1976.00 1974.00 1975.00 9724.00
20150909  00:09:00 1974.00 1976.00 1974.00 1975.00 17622.00
20150909  00:08:00 1973.00 1974.00 1973.00 1974.00 5016.00
20150909  00:07:00 1973.00 1974.00 1973.00 1973.00 2576.00
20150909  00:06:00 1973.00 1974.00 1972.00 1973.00 3924.00
20150909  00:05:00 1973.00 1974.00 1972.00 1973.00 5524.00
20150909  00:04:00 1973.00 1973.00 1972.00 1973.00 2280.00
20150909  00:03:00 1973.00 1973.00 1972.00 1973.00 590.00
20150909  00:02:00 1973.00 1974.00 1972.00 1973.00 3542.00
20150909  00:01:00 1974.00 1974.00 1973.00 1973.00 2016.00
20150909  00:00:00 1974.00 1974.00 1973.00 1974.00 1830.00
20150908  23:59:00 1973.00 1974.00 1973.00 1974.00 848.00
20150908  23:58:00 1973.00 1974.00 1972.00 1973.00 7256.00
20150908  23:57:00 1973.00 1974.00 1972.00 1973.00 6720.00
20150908  23:56:00 1972.00 1974.00 1972.00 1973.00 5876.00
20150908  23:55:00 1972.00 1973.00 1972.00 1973.00 1686.00
20150908  23:54:00 1973.00 1973.00 1972.00 1972.00 784.00
20150908  23:53:00 1974.00 1974.00 1972.00 1973.00 7798.00
20150908  23:52:00 1972.00 1974.00 1972.00 1974.00 7012.00
20150908  23:51:00 1972.00 1973.00 1972.00 1972.00 598.00
20150908  23:50:00 1972.00 1973.00 1971.00 1972.00 5426.00
20150908  23:49:00 1972.00 1973.00 1971.00 1972.00 7842.00
20150908  23:48:00 1973.00 1973.00 1972.00 1973.00 1494.00
20150908  23:47:00 1974.00 1975.00 1973.00 1973.00 16800.00
20150908  23:46:00 1972.00 1974.00 1972.00 1974.00 9082.00
20150908  23:45:00 1973.00 1973.00 1972.00 1973.00 4712.00
20150908  23:44:00 1974.00 1974.00 1973.00 1973.00 2698.00
20150908  23:43:00 1974.00 1974.00 1973.00 1974.00 3322.00
20150908  23:42:00 1973.00 1974.00 1973.00 1974.00 2544.00
20150908  23:41:00 1972.00 1975.00 1972.00 1973.00 19144.00
20150908  23:40:00 1972.00 1973.00 1971.00 1972.00 12252.00
20150908  23:39:00 1972.00 1973.00 1972.00 1972.00 11852.00
20150908  23:38:00 1974.00 1975.00 1972.00 1973.00 27176.00
20150908  23:37:00 1975.00 1975.00 1974.00 1974.00 4662.00
20150908  23:36:00 1976.00 1976.00 1974.00 1975.00 13024.00
20150908  23:35:00 1977.00 1977.00 1975.00 1975.00 9422.00
20150908  23:34:00 1977.00 1978.00 1976.00 1977.00 16890.00
20150908  23:33:00 1976.00 1978.00 1975.00 1977.00 16952.00
20150908  23:32:00 1975.00 1976.00 1974.00 1975.00 19370.00
20150908  23:31:00 1975.00 1975.00 1974.00 1974.00 2262.00
20150908  23:30:00 1975.00 1975.00 1974.00 1975.00 2540.00
20150908  23:29:00 1974.00 1975.00 1973.00 1974.00 18558.00
20150908  23:28:00 1975.00 1976.00 1974.00 1975.00 17622.00
20150908  23:27:00 1975.00 1976.00 1974.00 1976.00 17784.00
20150908  23:26:00 1977.00 1977.00 1975.00 1976.00 19270.00
20150908  23:25:00 1974.00 1978.00 1974.00 1977.00 32216.00
20150908  23:24:00 1974.00 1976.00 1974.00 1974.00 13214.00
20150908  23:23:00 1976.00 1977.00 1974.00 1974.00 14152.00
20150908  23:22:00 1977.00 1977.00 1975.00 1975.00 33630.00
20150908  23:21:00 1977.00 1979.00 1977.00 1977.00 29342.00
20150908  23:20:00 1976.00 1978.00 1975.00 1978.00 21968.00
20150908  23:19:00 1976.00 1976.00 1975.00 1976.00 17450.00
20150908  23:18:00 1974.00 1976.00 1973.00 1976.00 31982.00
20150908  23:17:00 1973.00 1974.00 1972.00 1974.00 8000.00
20150908  23:16:00 1973.00 1973.00 1972.00 1972.00 2380.00
20150908  23:15:00 1972.00 1974.00 1972.00 1973.00 12064.00
20150908  23:14:00 1973.00 1973.00 1971.00 1973.00 10724.00
20150908  23:13:00 1974.00 1974.00 1972.00 1973.00 10670.00
20150908  23:12:00 1974.00 1974.00 1973.00 1974.00 14362.00
20150908  23:11:00 1973.00 1974.00 1972.00 1974.00 22984.00
20150908  23:10:00 1971.00 1973.00 1970.00 1973.00 10086.00
20150908  23:09:00 1971.00 1971.00 1970.00 1970.00 7792.00
20150908  23:08:00 1971.00 1971.00 1969.00 1971.00 10920.00
20150908  23:07:00 1969.00 1971.00 1969.00 1971.00 11940.00
20150908  23:06:00 1970.00 1971.00 1968.00 1969.00 22656.00
20150908  23:05:00 1971.00 1971.00 1970.00 1970.00 3970.00
20150908  23:04:00 1971.00 1972.00 1970.00 1970.00 7900.00
20150908  23:03:00 1973.00 1973.00 1971.00 1971.00 10720.00
20150908  23:02:00 1973.00 1974.00 1972.00 1973.00 31118.00
20150908  23:01:00 1972.00 1973.00 1972.00 1973.00 2800.00
20150908  23:00:00 1971.00 1973.00 1971.00 1973.00 8834.00
20150908  22:59:00 1971.00 1972.00 1970.00 1972.00 11716.00
20150908  22:58:00 1970.00 1971.00 1970.00 1970.00 5528.00
20150908  22:57:00 1972.00 1972.00 1970.00 1971.00 7544.00
20150908  22:56:00 1973.00 1973.00 1971.00 1972.00 18412.00
20150908  22:55:00 1973.00 1974.00 1972.00 1973.00 4740.00
20150908  22:54:00 1973.00 1974.00 1971.00 1973.00 30324.00
20150908  22:53:00 1974.00 1974.00 1972.00 1972.00 13936.00
20150908  22:52:00 1972.00 1973.00 1970.00 1973.00 29454.00
20150908  22:51:00 1972.00 1973.00 1971.00 1971.00 10334.00
20150908  22:50:00 1971.00 1973.00 1971.00 1972.00 10992.00
20150908  22:49:00 1972.00 1973.00 1971.00 1971.00 15298.00
20150908  22:48:00 1972.00 1973.00 1971.00 1972.00 16012.00
20150908  22:47:00 1972.00 1973.00 1972.00 1973.00 18270.00
20150908  22:46:00 1973.00 1973.00 1971.00 1972.00 37970.00
20150908  22:45:00 1967.00 1973.00 1966.00 1973.00 66838.00
20150908  22:44:00 1967.00 1968.00 1966.00 1967.00 48308.00
20150908  22:43:00 1967.00 1967.00 1966.00 1967.00 7266.00
20150908  22:42:00 1967.00 1967.00 1965.00 1966.00 7204.00
20150908  22:41:00 1966.00 1967.00 1965.00 1967.00 6086.00
20150908  22:40:00 1966.00 1967.00 1965.00 1966.00 12100.00
20150908  22:39:00 1965.00 1967.00 1965.00 1966.00 15192.00
20150908  22:38:00 1967.00 1967.00 1965.00 1966.00 8394.00
20150908  22:37:00 1966.00 1967.00 1965.00 1966.00 11294.00
20150908  22:36:00 1965.00 1966.00 1965.00 1965.00 16610.00
20150908  22:35:00 1965.00 1966.00 1964.00 1966.00 8514.00
20150908  22:34:00 1965.00 1965.00 1964.00 1965.00 3706.00
20150908  22:33:00 1965.00 1965.00 1964.00 1965.00 4516.00
20150908  22:32:00 1964.00 1965.00 1963.00 1965.00 9342.00
20150908  22:31:00 1963.00 1964.00 1963.00 1964.00 2430.00
20150908  22:30:00 1963.00 1964.00 1963.00 1963.00 3094.00
20150908  22:29:00 1963.00 1963.00 1962.00 1963.00 2260.00
20150908  22:28:00 1964.00 1964.00 1962.00 1962.00 7080.00
20150908  22:27:00 1962.00 1964.00 1962.00 1964.00 7930.00
20150908  22:26:00 1962.00 1963.00 1961.00 1963.00 28874.00
20150908  22:25:00 1963.00 1963.00 1962.00 1962.00 3368.00
20150908  22:24:00 1964.00 1964.00 1962.00 1963.00 9698.00
20150908  22:23:00 1964.00 1965.00 1963.00 1964.00 7650.00
20150908  22:22:00 1965.00 1965.00 1964.00 1964.00 7496.00
20150908  22:21:00 1963.00 1965.00 1963.00 1965.00 4552.00
20150908  22:20:00 1964.00 1965.00 1963.00 1963.00 11708.00
20150908  22:19:00 1964.00 1965.00 1964.00 1964.00 1350.00
20150908  22:18:00 1965.00 1966.00 1964.00 1964.00 8210.00
20150908  22:17:00 1966.00 1967.00 1965.00 1965.00 5006.00
20150908  22:16:00 1965.00 1966.00 1965.00 1966.00 11084.00
20150908  22:15:00 1966.00 1966.00 1964.00 1965.00 15888.00
20150908  22:14:00 1966.00 1966.00 1965.00 1966.00 3460.00
20150908  22:13:00 1965.00 1966.00 1964.00 1966.00 16138.00
20150908  22:12:00 1963.00 1965.00 1962.00 1965.00 34906.00
20150908  22:11:00 1963.00 1963.00 1962.00 1963.00 3262.00
20150908  22:10:00 1962.00 1963.00 1962.00 1962.00 11408.00
20150908  22:09:00 1962.00 1963.00 1962.00 1962.00 7934.00
20150908  22:08:00 1962.00 1963.00 1962.00 1962.00 8070.00
20150908  22:07:00 1964.00 1964.00 1962.00 1963.00 11574.00
20150908  22:06:00 1963.00 1964.00 1963.00 1964.00 4854.00
20150908  22:05:00 1964.00 1964.00 1963.00 1963.00 6400.00
20150908  22:04:00 1963.00 1965.00 1963.00 1964.00 17822.00
20150908  22:03:00 1963.00 1964.00 1963.00 1963.00 13080.00
20150908  22:02:00 1964.00 1965.00 1963.00 1963.00 24256.00
20150908  22:01:00 1966.00 1967.00 1964.00 1964.00 25474.00
20150908  22:00:00 1967.00 1968.00 1965.00 1966.00 27292.00
20150908  21:59:00 1966.00 1968.00 1966.00 1966.00 23900.00
20150908  21:58:00 1965.00 1967.00 1965.00 1966.00 13836.00
20150908  21:57:00 1965.00 1966.00 1965.00 1965.00 6728.00
20150908  21:56:00 1965.00 1966.00 1964.00 1965.00 26644.00
20150908  21:55:00 1967.00 1968.00 1965.00 1966.00 22728.00
20150908  21:54:00 1967.00 1968.00 1966.00 1967.00 12582.00
20150908  21:53:00 1969.00 1969.00 1967.00 1967.00 15100.00
20150908  21:52:00 1967.00 1969.00 1966.00 1968.00 19912.00
20150908  21:51:00 1968.00 1969.00 1967.00 1967.00 25302.00
20150908  21:50:00 1968.00 1969.00 1966.00 1967.00 41068.00
20150908  21:49:00 1965.00 1969.00 1965.00 1969.00 55118.00
20150908  21:48:00 1966.00 1967.00 1965.00 1966.00 15950.00
20150908  21:47:00 1964.00 1967.00 1964.00 1966.00 25272.00
20150908  21:46:00 1964.00 1965.00 1964.00 1964.00 14404.00
20150908  21:45:00 1967.00 1967.00 1964.00 1965.00 24340.00
20150908  21:44:00 1967.00 1969.00 1966.00 1966.00 34412.00
20150908  21:43:00 1965.00 1968.00 1964.00 1968.00 37794.00
20150908  21:42:00 1965.00 1966.00 1964.00 1964.00 47972.00
20150908  21:41:00 1960.00 1965.00 1960.00 1965.00 65284.00
20150908  21:40:00 1961.00 1961.00 1960.00 1961.00 31932.00
20150908  21:39:00 1958.00 1961.00 1958.00 1960.00 24492.00
20150908  21:38:00 1959.00 1960.00 1958.00 1958.00 9588.00
20150908  21:37:00 1958.00 1960.00 1958.00 1959.00 20160.00
20150908  21:36:00 1960.00 1960.00 1958.00 1958.00 25782.00
20150908  21:35:00 1956.00 1960.00 1956.00 1959.00 31602.00
20150908  21:34:00 1957.00 1957.00 1955.00 1956.00 12480.00
20150908  21:33:00 1957.00 1958.00 1956.00 1956.00 13876.00
20150908  21:32:00 1957.00 1957.00 1955.00 1957.00 18674.00
20150908  21:31:00 1956.00 1957.00 1955.00 1956.00 18500.00
20150908  21:30:00 1956.00 1957.00 1956.00 1956.00 23690.00
20150908  21:29:00 1956.00 1957.00 1955.00 1955.00 11012.00
20150908  21:28:00 1957.00 1957.00 1955.00 1955.00 10796.00
20150908  21:27:00 1957.00 1957.00 1956.00 1957.00 9454.00
20150908  21:26:00 1956.00 1957.00 1956.00 1957.00 10040.00
20150908  21:25:00 1955.00 1956.00 1954.00 1956.00 24122.00
20150908  21:24:00 1954.00 1955.00 1954.00 1955.00 9912.00
20150908  21:23:00 1955.00 1955.00 1953.00 1954.00 13294.00
20150908  21:22:00 1955.00 1956.00 1954.00 1955.00 13274.00
20150908  21:21:00 1956.00 1957.00 1954.00 1955.00 32402.00
20150908  21:20:00 1953.00 1956.00 1953.00 1956.00 15312.00
20150908  21:19:00 1954.00 1955.00 1953.00 1954.00 11276.00
20150908  21:18:00 1954.00 1955.00 1954.00 1955.00 12352.00
20150908  21:17:00 1956.00 1956.00 1954.00 1955.00 12860.00
20150908  21:16:00 1954.00 1956.00 1954.00 1956.00 34488.00
20150908  21:15:00 1952.00 1955.00 1952.00 1954.00 35024.00
20150908  21:14:00 1951.00 1952.00 1951.00 1951.00 5454.00
20150908  21:13:00 1951.00 1952.00 1951.00 1952.00 4632.00
20150908  21:12:00 1952.00 1952.00 1951.00 1951.00 5742.00
20150908  21:11:00 1949.00 1952.00 1949.00 1952.00 25166.00
20150908  21:10:00 1950.00 1951.00 1949.00 1949.00 20494.00
20150908  21:09:00 1952.00 1953.00 1950.00 1951.00 20744.00
20150908  21:08:00 1952.00 1953.00 1951.00 1952.00 19006.00
20150908  21:07:00 1951.00 1953.00 1951.00 1953.00 22792.00
20150908  21:06:00 1953.00 1954.00 1950.00 1951.00 34496.00
20150908  21:05:00 1953.00 1954.00 1953.00 1953.00 13292.00
20150908  21:04:00 1954.00 1954.00 1952.00 1953.00 36748.00
20150908  21:03:00 1954.00 1956.00 1953.00 1953.00 37788.00
20150908  21:02:00 1954.00 1955.00 1952.00 1954.00 27728.00
20150908  21:01:00 1953.00 1955.00 1952.00 1954.00 46254.00
20150908  21:00:00 1953.00 1959.00 1952.00 1953.00 85548.00
