20151012  15:00:00 1847.00 1847.00 1847.00 1847.00  52.00
20151012  14:59:00 1845.00 1848.00 1845.00 1848.00 31814.00
20151012  14:58:00 1844.00 1846.00 1844.00 1845.00 15502.00
20151012  14:57:00 1845.00 1846.00 1844.00 1845.00 12096.00
20151012  14:56:00 1847.00 1847.00 1845.00 1845.00 10760.00
20151012  14:55:00 1847.00 1847.00 1846.00 1847.00 11506.00
20151012  14:54:00 1844.00 1847.00 1844.00 1846.00 14716.00
20151012  14:53:00 1846.00 1846.00 1845.00 1845.00 9400.00
20151012  14:52:00 1845.00 1846.00 1844.00 1846.00 10128.00
20151012  14:51:00 1846.00 1846.00 1844.00 1845.00 27504.00
20151012  14:50:00 1846.00 1847.00 1846.00 1846.00 19678.00
20151012  14:49:00 1849.00 1849.00 1846.00 1846.00 21982.00
20151012  14:48:00 1850.00 1850.00 1848.00 1849.00 5710.00
20151012  14:47:00 1850.00 1850.00 1849.00 1850.00 3482.00
20151012  14:46:00 1849.00 1850.00 1848.00 1849.00 6908.00
20151012  14:45:00 1850.00 1850.00 1848.00 1848.00 7670.00
20151012  14:44:00 1849.00 1850.00 1849.00 1850.00 20440.00
20151012  14:43:00 1849.00 1849.00 1848.00 1849.00 1542.00
20151012  14:42:00 1848.00 1849.00 1847.00 1849.00 3114.00
20151012  14:41:00 1848.00 1849.00 1847.00 1848.00 11658.00
20151012  14:40:00 1850.00 1850.00 1848.00 1848.00 7118.00
20151012  14:39:00 1848.00 1849.00 1848.00 1849.00 11640.00
20151012  14:38:00 1850.00 1850.00 1848.00 1848.00 14976.00
20151012  14:37:00 1849.00 1850.00 1849.00 1849.00 1914.00
20151012  14:36:00 1849.00 1850.00 1849.00 1849.00 12044.00
20151012  14:35:00 1850.00 1851.00 1849.00 1850.00 13586.00
20151012  14:34:00 1851.00 1852.00 1849.00 1850.00 21264.00
20151012  14:33:00 1853.00 1853.00 1851.00 1851.00 11438.00
20151012  14:32:00 1852.00 1853.00 1851.00 1852.00 7800.00
20151012  14:31:00 1850.00 1852.00 1850.00 1852.00 10112.00
20151012  14:30:00 1851.00 1852.00 1850.00 1851.00 13840.00
20151012  14:29:00 1852.00 1853.00 1851.00 1852.00 9558.00
20151012  14:28:00 1851.00 1853.00 1851.00 1852.00 20016.00
20151012  14:27:00 1852.00 1853.00 1851.00 1851.00 13496.00
20151012  14:26:00 1853.00 1854.00 1852.00 1852.00 27510.00
20151012  14:25:00 1854.00 1855.00 1853.00 1853.00 4236.00
20151012  14:24:00 1854.00 1854.00 1853.00 1854.00 10006.00
20151012  14:23:00 1853.00 1855.00 1853.00 1854.00 5212.00
20151012  14:22:00 1853.00 1855.00 1853.00 1853.00 8240.00
20151012  14:21:00 1855.00 1856.00 1853.00 1853.00 17266.00
20151012  14:20:00 1855.00 1856.00 1855.00 1855.00 5036.00
20151012  14:19:00 1857.00 1857.00 1855.00 1855.00 5728.00
20151012  14:18:00 1857.00 1857.00 1856.00 1856.00 1616.00
20151012  14:17:00 1858.00 1858.00 1856.00 1856.00 2886.00
20151012  14:16:00 1858.00 1859.00 1857.00 1857.00 11004.00
20151012  14:15:00 1857.00 1858.00 1856.00 1858.00 3034.00
20151012  14:14:00 1856.00 1858.00 1856.00 1857.00 7250.00
20151012  14:13:00 1858.00 1858.00 1856.00 1856.00 8074.00
20151012  14:12:00 1858.00 1858.00 1857.00 1858.00 5754.00
20151012  14:11:00 1859.00 1859.00 1857.00 1858.00 6088.00
20151012  14:10:00 1856.00 1859.00 1856.00 1859.00 11716.00
20151012  14:09:00 1856.00 1857.00 1856.00 1857.00 118.00
20151012  14:08:00 1856.00 1857.00 1856.00 1856.00 808.00
20151012  14:07:00 1857.00 1857.00 1856.00 1857.00 408.00
20151012  14:06:00 1856.00 1857.00 1855.00 1857.00 3902.00
20151012  14:05:00 1857.00 1857.00 1855.00 1856.00 3072.00
20151012  14:04:00 1857.00 1858.00 1856.00 1857.00 5354.00
20151012  14:03:00 1856.00 1857.00 1856.00 1856.00 868.00
20151012  14:02:00 1855.00 1857.00 1855.00 1856.00 2678.00
20151012  14:01:00 1856.00 1857.00 1855.00 1855.00 4162.00
20151012  14:00:00 1855.00 1857.00 1855.00 1856.00 6090.00
20151012  13:59:00 1856.00 1857.00 1855.00 1856.00 7388.00
20151012  13:58:00 1857.00 1857.00 1856.00 1856.00 3262.00
20151012  13:57:00 1855.00 1857.00 1855.00 1857.00 4022.00
20151012  13:56:00 1856.00 1857.00 1855.00 1855.00 3996.00
20151012  13:55:00 1858.00 1858.00 1856.00 1856.00 3938.00
20151012  13:54:00 1857.00 1858.00 1856.00 1858.00 3288.00
20151012  13:53:00 1857.00 1857.00 1856.00 1857.00 684.00
20151012  13:52:00 1856.00 1858.00 1856.00 1857.00 8754.00
20151012  13:51:00 1856.00 1857.00 1856.00 1856.00 1170.00
20151012  13:50:00 1857.00 1857.00 1856.00 1856.00 5606.00
20151012  13:49:00 1857.00 1857.00 1856.00 1857.00 2084.00
20151012  13:48:00 1858.00 1858.00 1856.00 1857.00 6084.00
20151012  13:47:00 1858.00 1858.00 1856.00 1858.00 10170.00
20151012  13:46:00 1857.00 1858.00 1856.00 1858.00 11006.00
20151012  13:45:00 1856.00 1857.00 1855.00 1857.00 4312.00
20151012  13:44:00 1856.00 1857.00 1855.00 1855.00 8680.00
20151012  13:43:00 1856.00 1857.00 1855.00 1856.00 4152.00
20151012  13:42:00 1856.00 1856.00 1855.00 1856.00 5880.00
20151012  13:41:00 1855.00 1856.00 1855.00 1856.00 5112.00
20151012  13:40:00 1856.00 1856.00 1855.00 1855.00 2552.00
20151012  13:39:00 1854.00 1856.00 1853.00 1856.00 12534.00
20151012  13:38:00 1853.00 1854.00 1853.00 1854.00 4200.00
20151012  13:37:00 1854.00 1854.00 1853.00 1854.00 1522.00
20151012  13:36:00 1853.00 1854.00 1853.00 1854.00 2286.00
20151012  13:35:00 1853.00 1854.00 1853.00 1853.00 7648.00
20151012  13:34:00 1854.00 1854.00 1853.00 1853.00 6142.00
20151012  13:33:00 1856.00 1856.00 1854.00 1854.00 16678.00
20151012  13:32:00 1855.00 1856.00 1854.00 1855.00 9632.00
20151012  13:31:00 1854.00 1856.00 1853.00 1855.00 9786.00
20151012  13:30:00 1854.00 1855.00 1853.00 1854.00 19046.00
20151012  11:29:00 1855.00 1855.00 1854.00 1854.00 11402.00
20151012  11:28:00 1854.00 1856.00 1854.00 1855.00 10260.00
20151012  11:27:00 1856.00 1856.00 1854.00 1854.00 13824.00
20151012  11:26:00 1857.00 1857.00 1855.00 1856.00 5606.00
20151012  11:25:00 1856.00 1856.00 1855.00 1856.00 6676.00
20151012  11:24:00 1856.00 1857.00 1855.00 1856.00 10776.00
20151012  11:23:00 1857.00 1857.00 1856.00 1856.00 4814.00
20151012  11:22:00 1857.00 1858.00 1856.00 1857.00 8550.00
20151012  11:21:00 1858.00 1859.00 1857.00 1857.00 7896.00
20151012  11:20:00 1858.00 1858.00 1857.00 1858.00 10090.00
20151012  11:19:00 1857.00 1858.00 1856.00 1858.00 2976.00
20151012  11:18:00 1857.00 1857.00 1856.00 1857.00 3380.00
20151012  11:17:00 1857.00 1857.00 1856.00 1857.00 5416.00
20151012  11:16:00 1857.00 1857.00 1856.00 1856.00 4776.00
20151012  11:15:00 1855.00 1857.00 1855.00 1857.00 3874.00
20151012  11:14:00 1856.00 1856.00 1855.00 1856.00 6230.00
20151012  11:13:00 1856.00 1856.00 1854.00 1855.00 16260.00
20151012  11:12:00 1856.00 1856.00 1855.00 1856.00 12202.00
20151012  11:11:00 1855.00 1856.00 1855.00 1856.00 4732.00
20151012  11:10:00 1857.00 1857.00 1855.00 1855.00 20228.00
20151012  11:09:00 1858.00 1858.00 1856.00 1857.00 4520.00
20151012  11:08:00 1858.00 1858.00 1857.00 1858.00 9716.00
20151012  11:07:00 1856.00 1858.00 1856.00 1858.00 8474.00
20151012  11:06:00 1857.00 1857.00 1855.00 1856.00 8434.00
20151012  11:05:00 1857.00 1858.00 1855.00 1857.00 24766.00
20151012  11:04:00 1859.00 1859.00 1856.00 1856.00 20176.00
20151012  11:03:00 1860.00 1860.00 1859.00 1859.00 15758.00
20151012  11:02:00 1860.00 1860.00 1859.00 1859.00 548.00
20151012  11:01:00 1859.00 1860.00 1858.00 1860.00 6298.00
20151012  11:00:00 1858.00 1859.00 1858.00 1859.00 4676.00
20151012  10:59:00 1860.00 1860.00 1858.00 1858.00 7762.00
20151012  10:58:00 1860.00 1860.00 1859.00 1860.00 3376.00
20151012  10:57:00 1860.00 1861.00 1859.00 1859.00 14394.00
20151012  10:56:00 1860.00 1861.00 1859.00 1861.00 12220.00
20151012  10:55:00 1857.00 1860.00 1857.00 1859.00 11968.00
20151012  10:54:00 1859.00 1859.00 1857.00 1858.00 9642.00
20151012  10:53:00 1859.00 1859.00 1858.00 1859.00 7188.00
20151012  10:52:00 1859.00 1860.00 1858.00 1858.00 7962.00
20151012  10:51:00 1858.00 1859.00 1858.00 1858.00 7470.00
20151012  10:50:00 1859.00 1860.00 1858.00 1858.00 11550.00
20151012  10:49:00 1860.00 1861.00 1859.00 1859.00 13012.00
20151012  10:48:00 1860.00 1861.00 1859.00 1860.00 8754.00
20151012  10:47:00 1860.00 1861.00 1859.00 1861.00 17596.00
20151012  10:46:00 1862.00 1862.00 1860.00 1860.00 23618.00
20151012  10:45:00 1863.00 1864.00 1862.00 1862.00 7022.00
20151012  10:44:00 1862.00 1863.00 1861.00 1863.00 6788.00
20151012  10:43:00 1863.00 1863.00 1861.00 1861.00 13208.00
20151012  10:42:00 1864.00 1864.00 1862.00 1862.00 4862.00
20151012  10:41:00 1865.00 1865.00 1862.00 1863.00 10122.00
20151012  10:40:00 1865.00 1866.00 1864.00 1865.00 9110.00
20151012  10:39:00 1865.00 1866.00 1864.00 1865.00 6820.00
20151012  10:38:00 1864.00 1867.00 1863.00 1865.00 24260.00
20151012  10:37:00 1862.00 1864.00 1861.00 1863.00 15996.00
20151012  10:36:00 1863.00 1864.00 1862.00 1862.00 4706.00
20151012  10:35:00 1865.00 1865.00 1862.00 1864.00 12626.00
20151012  10:34:00 1863.00 1866.00 1863.00 1865.00 24300.00
20151012  10:33:00 1862.00 1864.00 1861.00 1863.00 10226.00
20151012  10:32:00 1862.00 1863.00 1862.00 1862.00 5766.00
20151012  10:31:00 1863.00 1864.00 1862.00 1862.00 4444.00
20151012  10:30:00 1863.00 1865.00 1862.00 1864.00 10912.00
20151012  10:14:00 1863.00 1864.00 1862.00 1863.00 9204.00
20151012  10:13:00 1864.00 1864.00 1862.00 1863.00 11032.00
20151012  10:12:00 1865.00 1865.00 1863.00 1864.00 5246.00
20151012  10:11:00 1864.00 1865.00 1863.00 1865.00 7438.00
20151012  10:10:00 1866.00 1867.00 1864.00 1865.00 26872.00
20151012  10:09:00 1865.00 1868.00 1864.00 1866.00 42162.00
20151012  10:08:00 1865.00 1866.00 1864.00 1865.00 12550.00
20151012  10:07:00 1863.00 1865.00 1863.00 1864.00 18086.00
20151012  10:06:00 1862.00 1864.00 1862.00 1863.00 8372.00
20151012  10:05:00 1863.00 1864.00 1861.00 1862.00 17512.00
20151012  10:04:00 1863.00 1863.00 1862.00 1863.00 2160.00
20151012  10:03:00 1862.00 1862.00 1860.00 1862.00 14660.00
20151012  10:02:00 1862.00 1862.00 1861.00 1862.00 11004.00
20151012  10:01:00 1864.00 1864.00 1861.00 1861.00 16992.00
20151012  10:00:00 1864.00 1866.00 1863.00 1864.00 22582.00
20151012  09:59:00 1864.00 1865.00 1862.00 1863.00 20018.00
20151012  09:58:00 1864.00 1867.00 1864.00 1864.00 50338.00
20151012  09:57:00 1863.00 1865.00 1862.00 1864.00 27350.00
20151012  09:56:00 1860.00 1863.00 1860.00 1862.00 31996.00
20151012  09:55:00 1861.00 1861.00 1859.00 1861.00 18048.00
20151012  09:54:00 1859.00 1861.00 1859.00 1861.00 20734.00
20151012  09:53:00 1856.00 1860.00 1856.00 1859.00 22188.00
20151012  09:52:00 1858.00 1859.00 1856.00 1857.00 11826.00
20151012  09:51:00 1859.00 1859.00 1858.00 1858.00 3648.00
20151012  09:50:00 1857.00 1859.00 1857.00 1859.00 5826.00
20151012  09:49:00 1858.00 1859.00 1857.00 1857.00 11350.00
20151012  09:48:00 1859.00 1860.00 1858.00 1858.00 5244.00
20151012  09:47:00 1859.00 1859.00 1857.00 1859.00 11204.00
20151012  09:46:00 1858.00 1860.00 1858.00 1859.00 9230.00
20151012  09:45:00 1861.00 1861.00 1858.00 1859.00 26896.00
20151012  09:44:00 1859.00 1861.00 1858.00 1861.00 25690.00
20151012  09:43:00 1856.00 1859.00 1856.00 1859.00 17682.00
20151012  09:42:00 1858.00 1858.00 1856.00 1857.00 4158.00
20151012  09:41:00 1856.00 1858.00 1856.00 1858.00 2266.00
20151012  09:40:00 1857.00 1857.00 1856.00 1856.00 2466.00
20151012  09:39:00 1857.00 1857.00 1856.00 1857.00 5946.00
20151012  09:38:00 1856.00 1857.00 1856.00 1857.00 1588.00
20151012  09:37:00 1856.00 1857.00 1856.00 1856.00 6378.00
20151012  09:36:00 1855.00 1857.00 1855.00 1856.00 7230.00
20151012  09:35:00 1856.00 1858.00 1855.00 1855.00 14872.00
20151012  09:34:00 1857.00 1858.00 1856.00 1856.00 9266.00
20151012  09:33:00 1857.00 1858.00 1856.00 1857.00 7324.00
20151012  09:32:00 1855.00 1858.00 1855.00 1857.00 17580.00
20151012  09:31:00 1855.00 1856.00 1855.00 1855.00 6548.00
20151012  09:30:00 1859.00 1859.00 1855.00 1856.00 26830.00
20151012  09:29:00 1857.00 1859.00 1857.00 1858.00 21614.00
20151012  09:28:00 1861.00 1862.00 1857.00 1857.00 23308.00
20151012  09:27:00 1860.00 1861.00 1859.00 1861.00 8922.00
20151012  09:26:00 1859.00 1861.00 1859.00 1861.00 6054.00
20151012  09:25:00 1861.00 1861.00 1858.00 1859.00 13356.00
20151012  09:24:00 1859.00 1861.00 1859.00 1860.00 13510.00
20151012  09:23:00 1860.00 1861.00 1858.00 1860.00 22584.00
20151012  09:22:00 1860.00 1862.00 1860.00 1860.00 13002.00
20151012  09:21:00 1860.00 1862.00 1859.00 1860.00 16770.00
20151012  09:20:00 1859.00 1861.00 1859.00 1859.00 12592.00
20151012  09:19:00 1860.00 1861.00 1859.00 1859.00 18920.00
20151012  09:18:00 1860.00 1862.00 1859.00 1860.00 20728.00
20151012  09:17:00 1861.00 1862.00 1860.00 1860.00 32084.00
20151012  09:16:00 1864.00 1864.00 1861.00 1861.00 32916.00
20151012  09:15:00 1864.00 1865.00 1861.00 1864.00 47014.00
20151012  09:14:00 1862.00 1867.00 1861.00 1863.00 83158.00
20151012  09:13:00 1857.00 1863.00 1857.00 1861.00 66022.00
20151012  09:12:00 1857.00 1858.00 1855.00 1858.00 28570.00
20151012  09:11:00 1855.00 1857.00 1855.00 1857.00 24538.00
20151012  09:10:00 1854.00 1856.00 1854.00 1855.00 13840.00
20151012  09:09:00 1852.00 1854.00 1852.00 1853.00 21846.00
20151012  09:08:00 1854.00 1854.00 1852.00 1852.00 22190.00
20151012  09:07:00 1851.00 1853.00 1851.00 1853.00 24792.00
20151012  09:06:00 1851.00 1852.00 1849.00 1852.00 46900.00
20151012  09:05:00 1855.00 1856.00 1851.00 1852.00 44452.00
20151012  09:04:00 1855.00 1856.00 1854.00 1855.00 38184.00
20151012  09:03:00 1859.00 1860.00 1854.00 1855.00 60846.00
20151012  09:02:00 1856.00 1862.00 1856.00 1859.00 95380.00
20151012  09:01:00 1851.00 1857.00 1851.00 1857.00 95818.00
20151012  09:00:00 1843.00 1853.00 1843.00 1851.00 123960.00
20151010  01:00:00 1840.00 1840.00 1840.00 1840.00   4.00
20151010  00:59:00 1839.00 1840.00 1839.00 1840.00 2288.00
20151010  00:58:00 1840.00 1840.00 1839.00 1840.00 828.00
20151010  00:57:00 1840.00 1840.00 1839.00 1840.00 656.00
20151010  00:56:00 1838.00 1840.00 1838.00 1839.00 600.00
20151010  00:55:00 1839.00 1840.00 1838.00 1839.00 2376.00
20151010  00:54:00 1839.00 1840.00 1839.00 1839.00 546.00
20151010  00:53:00 1839.00 1840.00 1839.00 1840.00 222.00
20151010  00:52:00 1840.00 1840.00 1839.00 1839.00 1538.00
20151010  00:51:00 1839.00 1840.00 1839.00 1839.00 400.00
20151010  00:50:00 1839.00 1840.00 1839.00 1839.00 1694.00
20151010  00:49:00 1840.00 1840.00 1839.00 1839.00   8.00
20151010  00:48:00 1840.00 1840.00 1839.00 1840.00 112.00
20151010  00:47:00 1839.00 1840.00 1839.00 1840.00  28.00
20151010  00:46:00 1839.00 1840.00 1839.00 1840.00 450.00
20151010  00:45:00 1839.00 1840.00 1839.00 1839.00 708.00
20151010  00:44:00 1840.00 1840.00 1839.00 1839.00  80.00
20151010  00:43:00 1840.00 1840.00 1839.00 1840.00 116.00
20151010  00:42:00 1840.00 1840.00 1840.00 1840.00 178.00
20151010  00:41:00 1840.00 1840.00 1840.00 1840.00  82.00
20151010  00:40:00 1840.00 1841.00 1840.00 1840.00 1230.00
20151010  00:39:00 1840.00 1841.00 1840.00 1841.00 354.00
20151010  00:38:00 1840.00 1840.00 1840.00 1840.00 118.00
20151010  00:37:00 1840.00 1841.00 1840.00 1840.00 222.00
20151010  00:36:00 1840.00 1840.00 1839.00 1840.00 700.00
20151010  00:35:00 1840.00 1841.00 1840.00 1840.00 200.00
20151010  00:34:00 1840.00 1841.00 1840.00 1841.00  40.00
20151010  00:33:00 1840.00 1841.00 1840.00 1840.00 242.00
20151010  00:32:00 1840.00 1841.00 1840.00 1840.00 1102.00
20151010  00:31:00 1840.00 1841.00 1840.00 1840.00 580.00
20151010  00:30:00 1840.00 1841.00 1840.00 1840.00 114.00
20151010  00:29:00 1841.00 1841.00 1840.00 1840.00 332.00
20151010  00:28:00 1841.00 1841.00 1840.00 1841.00  78.00
20151010  00:27:00 1839.00 1841.00 1839.00 1841.00 4072.00
20151010  00:26:00 1840.00 1840.00 1839.00 1839.00  74.00
20151010  00:25:00 1840.00 1840.00 1839.00 1840.00 192.00
20151010  00:24:00 1840.00 1840.00 1839.00 1839.00 320.00
20151010  00:23:00 1840.00 1840.00 1839.00 1840.00  96.00
20151010  00:22:00 1840.00 1840.00 1839.00 1840.00 180.00
20151010  00:21:00 1840.00 1840.00 1839.00 1840.00 650.00
20151010  00:20:00 1840.00 1840.00 1839.00 1840.00 264.00
20151010  00:19:00 1840.00 1840.00 1839.00 1840.00 336.00
20151010  00:18:00 1839.00 1840.00 1839.00 1840.00 198.00
20151010  00:17:00 1839.00 1840.00 1839.00 1839.00  46.00
20151010  00:16:00 1839.00 1840.00 1839.00 1840.00  32.00
20151010  00:15:00 1839.00 1840.00 1839.00 1839.00 284.00
20151010  00:14:00 1840.00 1840.00 1839.00 1839.00 116.00
20151010  00:13:00 1840.00 1840.00 1839.00 1840.00  10.00
20151010  00:12:00 1839.00 1840.00 1839.00 1840.00 112.00
20151010  00:11:00 1839.00 1840.00 1839.00 1839.00 234.00
20151010  00:10:00 1839.00 1839.00 1838.00 1839.00 406.00
20151010  00:09:00 1839.00 1839.00 1838.00 1839.00 394.00
20151010  00:08:00 1839.00 1839.00 1838.00 1839.00 1380.00
20151010  00:07:00 1839.00 1839.00 1838.00 1839.00 138.00
20151010  00:06:00 1839.00 1839.00 1838.00 1839.00 418.00
20151010  00:05:00 1840.00 1840.00 1838.00 1838.00 1744.00
20151010  00:04:00 1840.00 1840.00 1839.00 1840.00  86.00
20151010  00:03:00 1839.00 1840.00 1839.00 1840.00 162.00
20151010  00:02:00 1840.00 1840.00 1839.00 1839.00  72.00
20151010  00:01:00 1839.00 1840.00 1839.00 1840.00 206.00
20151010  00:00:00 1840.00 1840.00 1839.00 1839.00 648.00
20151009  23:59:00 1840.00 1840.00 1839.00 1840.00 426.00
20151009  23:58:00 1840.00 1840.00 1839.00 1840.00  62.00
20151009  23:57:00 1839.00 1840.00 1839.00 1839.00 180.00
20151009  23:56:00 1839.00 1840.00 1839.00 1839.00 222.00
20151009  23:55:00 1840.00 1840.00 1839.00 1839.00 1624.00
20151009  23:54:00 1840.00 1840.00 1839.00 1840.00 300.00
20151009  23:53:00 1839.00 1840.00 1839.00 1839.00 320.00
20151009  23:52:00 1840.00 1840.00 1839.00 1839.00  82.00
20151009  23:51:00 1839.00 1840.00 1839.00 1840.00 114.00
20151009  23:50:00 1839.00 1840.00 1839.00 1839.00 930.00
20151009  23:49:00 1839.00 1839.00 1838.00 1839.00 2898.00
20151009  23:48:00 1838.00 1839.00 1838.00 1839.00 808.00
20151009  23:47:00 1839.00 1839.00 1838.00 1838.00 172.00
20151009  23:46:00 1839.00 1840.00 1838.00 1839.00 3284.00
20151009  23:45:00 1840.00 1840.00 1839.00 1839.00 192.00
20151009  23:44:00 1840.00 1840.00 1839.00 1840.00 392.00
20151009  23:43:00 1840.00 1840.00 1839.00 1840.00 108.00
20151009  23:42:00 1839.00 1840.00 1839.00 1840.00 202.00
20151009  23:41:00 1840.00 1840.00 1839.00 1839.00 180.00
20151009  23:40:00 1839.00 1840.00 1839.00 1840.00 760.00
20151009  23:39:00 1840.00 1840.00 1839.00 1839.00 424.00
20151009  23:38:00 1839.00 1840.00 1839.00 1840.00 492.00
20151009  23:37:00 1840.00 1840.00 1839.00 1839.00 1468.00
20151009  23:36:00 1839.00 1840.00 1839.00 1840.00 466.00
20151009  23:35:00 1840.00 1840.00 1839.00 1840.00 370.00
20151009  23:34:00 1840.00 1840.00 1839.00 1840.00 906.00
20151009  23:33:00 1840.00 1840.00 1839.00 1840.00 688.00
20151009  23:32:00 1840.00 1840.00 1839.00 1840.00 820.00
20151009  23:31:00 1839.00 1840.00 1838.00 1840.00 2598.00
20151009  23:30:00 1838.00 1839.00 1837.00 1839.00 5528.00
20151009  23:29:00 1838.00 1839.00 1838.00 1839.00 10722.00
20151009  23:28:00 1840.00 1840.00 1838.00 1838.00 2866.00
20151009  23:27:00 1839.00 1840.00 1839.00 1840.00 1150.00
20151009  23:26:00 1839.00 1840.00 1839.00 1839.00 3756.00
20151009  23:25:00 1840.00 1840.00 1839.00 1839.00 1110.00
20151009  23:24:00 1841.00 1841.00 1839.00 1840.00 4258.00
20151009  23:23:00 1840.00 1841.00 1840.00 1840.00 266.00
20151009  23:22:00 1841.00 1841.00 1840.00 1840.00 1048.00
20151009  23:21:00 1840.00 1841.00 1840.00 1841.00 144.00
20151009  23:20:00 1841.00 1842.00 1840.00 1840.00 1594.00
20151009  23:19:00 1841.00 1842.00 1840.00 1841.00 2104.00
20151009  23:18:00 1841.00 1842.00 1841.00 1841.00 746.00
20151009  23:17:00 1841.00 1842.00 1840.00 1841.00 1124.00
20151009  23:16:00 1841.00 1841.00 1840.00 1841.00 1726.00
20151009  23:15:00 1841.00 1841.00 1840.00 1841.00 256.00
20151009  23:14:00 1839.00 1841.00 1839.00 1841.00 1370.00
20151009  23:13:00 1840.00 1840.00 1839.00 1839.00 656.00
20151009  23:12:00 1840.00 1840.00 1839.00 1840.00 4936.00
20151009  23:11:00 1840.00 1841.00 1840.00 1840.00 1506.00
20151009  23:10:00 1840.00 1841.00 1840.00 1840.00 6556.00
20151009  23:09:00 1841.00 1842.00 1840.00 1841.00 2772.00
20151009  23:08:00 1841.00 1842.00 1841.00 1841.00 510.00
20151009  23:07:00 1842.00 1842.00 1840.00 1841.00 3526.00
20151009  23:06:00 1842.00 1843.00 1841.00 1842.00 4158.00
20151009  23:05:00 1842.00 1843.00 1841.00 1843.00 5934.00
20151009  23:04:00 1842.00 1842.00 1841.00 1842.00 5272.00
20151009  23:03:00 1841.00 1842.00 1841.00 1842.00 2342.00
20151009  23:02:00 1841.00 1841.00 1840.00 1841.00 1788.00
20151009  23:01:00 1840.00 1841.00 1840.00 1841.00 1604.00
20151009  23:00:00 1840.00 1841.00 1840.00 1841.00 1506.00
20151009  22:59:00 1840.00 1841.00 1840.00 1840.00 1108.00
20151009  22:58:00 1840.00 1841.00 1840.00 1841.00 728.00
20151009  22:57:00 1840.00 1841.00 1839.00 1840.00 4942.00
20151009  22:56:00 1840.00 1840.00 1839.00 1840.00 1448.00
20151009  22:55:00 1839.00 1840.00 1839.00 1840.00 586.00
20151009  22:54:00 1839.00 1840.00 1838.00 1839.00 5866.00
20151009  22:53:00 1839.00 1840.00 1838.00 1839.00 1788.00
20151009  22:52:00 1839.00 1839.00 1838.00 1839.00 756.00
20151009  22:51:00 1840.00 1840.00 1838.00 1839.00 1066.00
20151009  22:50:00 1838.00 1840.00 1838.00 1840.00 2166.00
20151009  22:49:00 1839.00 1840.00 1838.00 1839.00 4368.00
20151009  22:48:00 1839.00 1840.00 1838.00 1840.00 6512.00
20151009  22:47:00 1838.00 1839.00 1837.00 1839.00 6094.00
20151009  22:46:00 1838.00 1838.00 1837.00 1838.00 1386.00
20151009  22:45:00 1838.00 1838.00 1836.00 1838.00 10672.00
20151009  22:44:00 1839.00 1839.00 1837.00 1837.00 7942.00
20151009  22:43:00 1839.00 1840.00 1838.00 1839.00 8566.00
20151009  22:42:00 1839.00 1840.00 1839.00 1840.00 842.00
20151009  22:41:00 1839.00 1840.00 1839.00 1839.00 1392.00
20151009  22:40:00 1840.00 1840.00 1838.00 1839.00 7022.00
20151009  22:39:00 1841.00 1841.00 1839.00 1840.00 8392.00
20151009  22:38:00 1841.00 1841.00 1840.00 1841.00 462.00
20151009  22:37:00 1842.00 1842.00 1840.00 1841.00 2074.00
20151009  22:36:00 1841.00 1842.00 1841.00 1842.00 1304.00
20151009  22:35:00 1841.00 1842.00 1840.00 1841.00 1512.00
20151009  22:34:00 1841.00 1842.00 1840.00 1841.00 656.00
20151009  22:33:00 1841.00 1841.00 1840.00 1841.00 1980.00
20151009  22:32:00 1842.00 1842.00 1841.00 1841.00 996.00
20151009  22:31:00 1841.00 1842.00 1840.00 1841.00 3500.00
20151009  22:30:00 1840.00 1841.00 1840.00 1841.00 3792.00
20151009  22:29:00 1841.00 1842.00 1840.00 1840.00 2218.00
20151009  22:28:00 1841.00 1842.00 1840.00 1841.00 1412.00
20151009  22:27:00 1840.00 1842.00 1840.00 1841.00 2234.00
20151009  22:26:00 1841.00 1841.00 1840.00 1840.00 2314.00
20151009  22:25:00 1841.00 1842.00 1841.00 1841.00 3670.00
20151009  22:24:00 1842.00 1842.00 1841.00 1841.00 1870.00
20151009  22:23:00 1840.00 1842.00 1840.00 1842.00 3904.00
20151009  22:22:00 1841.00 1842.00 1840.00 1841.00 5670.00
20151009  22:21:00 1841.00 1842.00 1840.00 1841.00 5212.00
20151009  22:20:00 1841.00 1841.00 1840.00 1841.00 3438.00
20151009  22:19:00 1841.00 1841.00 1840.00 1841.00 3244.00
20151009  22:18:00 1840.00 1841.00 1840.00 1840.00 7054.00
20151009  22:17:00 1839.00 1840.00 1839.00 1840.00 4268.00
20151009  22:16:00 1839.00 1840.00 1838.00 1840.00 8174.00
20151009  22:15:00 1839.00 1839.00 1838.00 1838.00 5842.00
20151009  22:14:00 1839.00 1839.00 1838.00 1839.00 11028.00
20151009  22:13:00 1839.00 1839.00 1838.00 1839.00 1462.00
20151009  22:12:00 1838.00 1839.00 1837.00 1839.00 13136.00
20151009  22:11:00 1839.00 1840.00 1838.00 1838.00 13504.00
20151009  22:10:00 1841.00 1841.00 1839.00 1839.00 6904.00
20151009  22:09:00 1841.00 1841.00 1840.00 1840.00 7394.00
20151009  22:08:00 1842.00 1842.00 1841.00 1841.00 2840.00
20151009  22:07:00 1841.00 1842.00 1841.00 1842.00 2586.00
20151009  22:06:00 1841.00 1842.00 1840.00 1841.00 7340.00
20151009  22:05:00 1839.00 1841.00 1839.00 1840.00 10744.00
20151009  22:04:00 1840.00 1841.00 1839.00 1840.00 15626.00
20151009  22:03:00 1842.00 1842.00 1840.00 1840.00 15986.00
20151009  22:02:00 1842.00 1843.00 1841.00 1841.00 11900.00
20151009  22:01:00 1842.00 1843.00 1842.00 1843.00 4038.00
20151009  22:00:00 1843.00 1844.00 1842.00 1843.00 15164.00
20151009  21:59:00 1844.00 1845.00 1843.00 1844.00 6918.00
20151009  21:58:00 1844.00 1845.00 1844.00 1844.00 2790.00
20151009  21:57:00 1844.00 1845.00 1844.00 1844.00 3390.00
20151009  21:56:00 1845.00 1846.00 1844.00 1845.00 5630.00
20151009  21:55:00 1846.00 1847.00 1845.00 1845.00 3960.00
20151009  21:54:00 1847.00 1847.00 1846.00 1846.00 782.00
20151009  21:53:00 1847.00 1847.00 1846.00 1846.00 208.00
20151009  21:52:00 1846.00 1847.00 1846.00 1847.00 696.00
20151009  21:51:00 1847.00 1847.00 1846.00 1847.00 290.00
20151009  21:50:00 1846.00 1847.00 1846.00 1847.00 1904.00
20151009  21:49:00 1846.00 1847.00 1846.00 1846.00 726.00
20151009  21:48:00 1847.00 1847.00 1846.00 1847.00 756.00
20151009  21:47:00 1847.00 1847.00 1846.00 1846.00 1126.00
20151009  21:46:00 1847.00 1847.00 1846.00 1847.00 1226.00
20151009  21:45:00 1846.00 1847.00 1845.00 1847.00 4096.00
20151009  21:44:00 1847.00 1847.00 1845.00 1846.00 5374.00
20151009  21:43:00 1846.00 1847.00 1846.00 1846.00 1574.00
20151009  21:42:00 1846.00 1847.00 1845.00 1846.00 3102.00
20151009  21:41:00 1846.00 1846.00 1845.00 1846.00 1984.00
20151009  21:40:00 1845.00 1846.00 1844.00 1846.00 6072.00
20151009  21:39:00 1846.00 1846.00 1845.00 1845.00 3174.00
20151009  21:38:00 1846.00 1846.00 1845.00 1846.00 8560.00
20151009  21:37:00 1844.00 1846.00 1844.00 1846.00 7616.00
20151009  21:36:00 1845.00 1845.00 1843.00 1844.00 5494.00
20151009  21:35:00 1845.00 1845.00 1843.00 1844.00 12246.00
20151009  21:34:00 1846.00 1847.00 1844.00 1844.00 25192.00
20151009  21:33:00 1847.00 1847.00 1846.00 1846.00 2748.00
20151009  21:32:00 1846.00 1847.00 1846.00 1847.00 2256.00
20151009  21:31:00 1847.00 1848.00 1846.00 1846.00 4416.00
20151009  21:30:00 1848.00 1848.00 1846.00 1847.00 8992.00
20151009  21:29:00 1847.00 1848.00 1847.00 1847.00 1988.00
20151009  21:28:00 1848.00 1848.00 1847.00 1847.00 1984.00
20151009  21:27:00 1848.00 1848.00 1847.00 1847.00 4634.00
20151009  21:26:00 1847.00 1848.00 1847.00 1848.00 2098.00
20151009  21:25:00 1847.00 1847.00 1846.00 1847.00 10386.00
20151009  21:24:00 1845.00 1847.00 1845.00 1846.00 7420.00
20151009  21:23:00 1847.00 1847.00 1846.00 1846.00 6908.00
20151009  21:22:00 1846.00 1847.00 1846.00 1846.00 2514.00
20151009  21:21:00 1848.00 1848.00 1846.00 1846.00 6584.00
20151009  21:20:00 1847.00 1848.00 1847.00 1847.00 15098.00
20151009  21:19:00 1848.00 1848.00 1847.00 1847.00 1936.00
20151009  21:18:00 1848.00 1848.00 1847.00 1848.00 2298.00
20151009  21:17:00 1847.00 1848.00 1846.00 1848.00 8328.00
20151009  21:16:00 1846.00 1847.00 1845.00 1847.00 6752.00
20151009  21:15:00 1846.00 1847.00 1845.00 1845.00 14838.00
20151009  21:14:00 1847.00 1848.00 1846.00 1846.00 10976.00
20151009  21:13:00 1848.00 1849.00 1847.00 1847.00 12252.00
20151009  21:12:00 1849.00 1849.00 1847.00 1847.00 11116.00
20151009  21:11:00 1849.00 1850.00 1848.00 1849.00 11082.00
20151009  21:10:00 1849.00 1851.00 1848.00 1849.00 10118.00
20151009  21:09:00 1851.00 1851.00 1849.00 1849.00 7922.00
20151009  21:08:00 1851.00 1852.00 1850.00 1851.00 7514.00
20151009  21:07:00 1851.00 1852.00 1851.00 1851.00 6072.00
20151009  21:06:00 1851.00 1852.00 1850.00 1851.00 13686.00
20151009  21:05:00 1852.00 1852.00 1849.00 1850.00 17126.00
20151009  21:04:00 1851.00 1852.00 1850.00 1852.00 6038.00
20151009  21:03:00 1850.00 1852.00 1850.00 1851.00 6144.00
20151009  21:02:00 1849.00 1852.00 1849.00 1850.00 17578.00
20151009  21:01:00 1853.00 1853.00 1849.00 1849.00 26742.00
20151009  21:00:00 1855.00 1855.00 1852.00 1853.00 24362.00
