20151119  21:00:00 1704.00 1706.00 1704.00 1705.00 12586.00
20151119  21:01:00 1705.00 1706.00 1704.00 1705.00 7214.00
20151119  21:02:00 1705.00 1706.00 1704.00 1706.00 10736.00
20151119  21:03:00 1705.00 1707.00 1705.00 1706.00 12354.00
20151119  21:04:00 1706.00 1707.00 1705.00 1707.00 8922.00
20151119  21:05:00 1707.00 1708.00 1706.00 1706.00 10288.00
20151119  21:06:00 1706.00 1706.00 1705.00 1706.00 12424.00
20151119  21:07:00 1706.00 1706.00 1704.00 1704.00 7346.00
20151119  21:08:00 1704.00 1704.00 1703.00 1704.00 15708.00
20151119  21:09:00 1704.00 1705.00 1703.00 1704.00 7096.00
20151119  21:10:00 1704.00 1705.00 1703.00 1704.00 9256.00
20151119  21:11:00 1704.00 1705.00 1703.00 1705.00 6034.00
20151119  21:12:00 1704.00 1705.00 1703.00 1705.00 7110.00
20151119  21:13:00 1705.00 1706.00 1704.00 1706.00 6650.00
20151119  21:14:00 1706.00 1707.00 1705.00 1706.00 8308.00
20151119  21:15:00 1706.00 1706.00 1705.00 1705.00 2358.00
20151119  21:16:00 1706.00 1707.00 1705.00 1706.00 7138.00
20151119  21:17:00 1706.00 1706.00 1704.00 1704.00 9614.00
20151119  21:18:00 1704.00 1705.00 1704.00 1704.00 1252.00
20151119  21:19:00 1704.00 1705.00 1704.00 1704.00 2284.00
20151119  21:20:00 1704.00 1705.00 1703.00 1704.00 10636.00
20151119  21:21:00 1704.00 1705.00 1704.00 1705.00 770.00
20151119  21:22:00 1705.00 1705.00 1704.00 1705.00 1362.00
20151119  21:23:00 1705.00 1706.00 1704.00 1705.00 8496.00
20151119  21:24:00 1705.00 1706.00 1704.00 1706.00 9298.00
20151119  21:25:00 1705.00 1706.00 1705.00 1706.00 7832.00
20151119  21:26:00 1706.00 1706.00 1705.00 1706.00 808.00
20151119  21:27:00 1706.00 1707.00 1705.00 1707.00 6014.00
20151119  21:28:00 1707.00 1708.00 1706.00 1707.00 17268.00
20151119  21:29:00 1707.00 1708.00 1706.00 1707.00 6690.00
20151119  21:30:00 1707.00 1707.00 1706.00 1707.00 1624.00
20151119  21:31:00 1707.00 1707.00 1706.00 1707.00 2238.00
20151119  21:32:00 1707.00 1708.00 1706.00 1707.00 4608.00
20151119  21:33:00 1707.00 1708.00 1706.00 1708.00 3866.00
20151119  21:34:00 1708.00 1709.00 1706.00 1709.00 21910.00
20151119  21:35:00 1709.00 1710.00 1708.00 1709.00 10768.00
20151119  21:36:00 1710.00 1710.00 1709.00 1710.00 7118.00
20151119  21:37:00 1710.00 1710.00 1708.00 1709.00 15538.00
20151119  21:38:00 1708.00 1709.00 1707.00 1708.00 8274.00
20151119  21:39:00 1708.00 1709.00 1707.00 1707.00 10206.00
20151119  21:40:00 1708.00 1708.00 1707.00 1708.00 2468.00
20151119  21:41:00 1708.00 1708.00 1707.00 1708.00 4794.00
20151119  21:42:00 1708.00 1708.00 1707.00 1707.00 402.00
20151119  21:43:00 1707.00 1708.00 1707.00 1707.00 3150.00
20151119  21:44:00 1708.00 1709.00 1708.00 1709.00 4224.00
20151119  21:45:00 1709.00 1709.00 1708.00 1709.00 1794.00
20151119  21:46:00 1709.00 1709.00 1708.00 1709.00 2288.00
20151119  21:47:00 1709.00 1709.00 1708.00 1709.00 5888.00
20151119  21:48:00 1708.00 1709.00 1708.00 1708.00 2900.00
20151119  21:49:00 1709.00 1709.00 1707.00 1707.00 12220.00
20151119  21:50:00 1707.00 1708.00 1707.00 1708.00 6208.00
20151119  21:51:00 1707.00 1708.00 1707.00 1707.00 418.00
20151119  21:52:00 1707.00 1708.00 1707.00 1708.00 236.00
20151119  21:53:00 1707.00 1708.00 1707.00 1707.00 468.00
20151119  21:54:00 1707.00 1708.00 1707.00 1707.00 338.00
20151119  21:55:00 1708.00 1708.00 1707.00 1707.00 456.00
20151119  21:56:00 1707.00 1708.00 1707.00 1708.00 452.00
20151119  21:57:00 1708.00 1708.00 1707.00 1707.00 594.00
20151119  21:58:00 1708.00 1708.00 1707.00 1708.00 228.00
20151119  21:59:00 1707.00 1708.00 1707.00 1708.00 2392.00
20151119  22:00:00 1707.00 1708.00 1707.00 1708.00 686.00
20151119  22:01:00 1708.00 1709.00 1707.00 1708.00 4338.00
20151119  22:02:00 1708.00 1709.00 1708.00 1708.00 1050.00
20151119  22:03:00 1708.00 1709.00 1708.00 1709.00 712.00
20151119  22:04:00 1709.00 1709.00 1708.00 1709.00 476.00
20151119  22:05:00 1709.00 1709.00 1708.00 1709.00  82.00
20151119  22:06:00 1709.00 1709.00 1708.00 1709.00 402.00
20151119  22:07:00 1709.00 1709.00 1708.00 1709.00 694.00
20151119  22:08:00 1708.00 1709.00 1708.00 1708.00 1348.00
20151119  22:09:00 1708.00 1710.00 1708.00 1709.00 10412.00
20151119  22:10:00 1709.00 1709.00 1708.00 1709.00 1760.00
20151119  22:11:00 1709.00 1709.00 1708.00 1709.00 654.00
20151119  22:12:00 1708.00 1709.00 1708.00 1709.00 1620.00
20151119  22:13:00 1709.00 1709.00 1707.00 1708.00 8468.00
20151119  22:14:00 1707.00 1708.00 1707.00 1708.00 9224.00
20151119  22:15:00 1708.00 1708.00 1707.00 1707.00 1018.00
20151119  22:16:00 1707.00 1708.00 1707.00 1708.00 990.00
20151119  22:17:00 1707.00 1708.00 1706.00 1706.00 8092.00
20151119  22:18:00 1706.00 1707.00 1706.00 1706.00 4912.00
20151119  22:19:00 1706.00 1707.00 1706.00 1706.00 946.00
20151119  22:20:00 1706.00 1707.00 1706.00 1706.00 1122.00
20151119  22:21:00 1706.00 1707.00 1706.00 1706.00 5272.00
20151119  22:22:00 1706.00 1707.00 1706.00 1706.00 1020.00
20151119  22:23:00 1706.00 1707.00 1706.00 1706.00 312.00
20151119  22:24:00 1706.00 1707.00 1706.00 1706.00 196.00
20151119  22:25:00 1706.00 1707.00 1706.00 1706.00 298.00
20151119  22:26:00 1706.00 1707.00 1706.00 1707.00 372.00
20151119  22:27:00 1706.00 1707.00 1706.00 1707.00 570.00
20151119  22:28:00 1706.00 1708.00 1706.00 1708.00 5282.00
20151119  22:29:00 1708.00 1709.00 1707.00 1709.00 12352.00
20151119  22:30:00 1709.00 1709.00 1708.00 1708.00 3990.00
20151119  22:31:00 1708.00 1708.00 1707.00 1708.00 2294.00
20151119  22:32:00 1708.00 1709.00 1707.00 1708.00 6130.00
20151119  22:33:00 1708.00 1708.00 1707.00 1708.00 890.00
20151119  22:34:00 1708.00 1709.00 1708.00 1708.00 2694.00
20151119  22:35:00 1708.00 1709.00 1708.00 1708.00 3366.00
20151119  22:36:00 1708.00 1709.00 1708.00 1709.00 5956.00
20151119  22:37:00 1709.00 1710.00 1709.00 1710.00 9544.00
20151119  22:38:00 1710.00 1710.00 1708.00 1709.00 4210.00
20151119  22:39:00 1709.00 1710.00 1708.00 1710.00 2548.00
20151119  22:40:00 1710.00 1710.00 1709.00 1710.00 1678.00
20151119  22:41:00 1710.00 1710.00 1709.00 1710.00 2590.00
20151119  22:42:00 1709.00 1710.00 1708.00 1709.00 5894.00
20151119  22:43:00 1709.00 1710.00 1708.00 1709.00 10810.00
20151119  22:44:00 1709.00 1709.00 1708.00 1709.00 5668.00
20151119  22:45:00 1710.00 1710.00 1709.00 1710.00 4408.00
20151119  22:46:00 1710.00 1710.00 1709.00 1710.00 12440.00
20151119  22:47:00 1710.00 1712.00 1710.00 1712.00 17130.00
20151119  22:48:00 1712.00 1712.00 1711.00 1711.00 11488.00
20151119  22:49:00 1712.00 1712.00 1710.00 1711.00 5642.00
20151119  22:50:00 1710.00 1711.00 1710.00 1711.00 12486.00
20151119  22:51:00 1711.00 1711.00 1709.00 1709.00 7188.00
20151119  22:52:00 1709.00 1710.00 1709.00 1709.00 3528.00
20151119  22:53:00 1709.00 1710.00 1708.00 1708.00 9626.00
20151119  22:54:00 1709.00 1709.00 1708.00 1708.00 5584.00
20151119  22:55:00 1708.00 1709.00 1708.00 1708.00 1940.00
20151119  22:56:00 1708.00 1709.00 1708.00 1709.00 1666.00
20151119  22:57:00 1708.00 1709.00 1708.00 1708.00 642.00
20151119  22:58:00 1708.00 1709.00 1708.00 1708.00 2334.00
20151119  22:59:00 1708.00 1709.00 1707.00 1707.00 12232.00
20151119  23:00:00 1707.00 1708.00 1706.00 1706.00 7152.00
20151119  23:01:00 1706.00 1707.00 1705.00 1706.00 20624.00
20151119  23:02:00 1707.00 1707.00 1705.00 1705.00 15260.00
20151119  23:03:00 1705.00 1707.00 1705.00 1705.00 8066.00
20151119  23:04:00 1706.00 1706.00 1705.00 1705.00 1292.00
20151119  23:05:00 1706.00 1706.00 1704.00 1705.00 12990.00
20151119  23:06:00 1705.00 1706.00 1705.00 1706.00 2496.00
20151119  23:07:00 1706.00 1706.00 1705.00 1706.00 796.00
20151119  23:08:00 1706.00 1706.00 1705.00 1706.00 1742.00
20151119  23:09:00 1705.00 1707.00 1705.00 1706.00 5878.00
20151119  23:10:00 1706.00 1706.00 1705.00 1706.00 856.00
20151119  23:11:00 1706.00 1706.00 1705.00 1705.00 6620.00
20151119  23:12:00 1705.00 1706.00 1705.00 1706.00 330.00
20151119  23:13:00 1706.00 1706.00 1705.00 1706.00 3202.00
20151119  23:14:00 1706.00 1706.00 1703.00 1703.00 16506.00
20151119  23:15:00 1703.00 1704.00 1702.00 1702.00 25886.00
20151119  23:16:00 1702.00 1703.00 1702.00 1703.00 6194.00
20151119  23:17:00 1703.00 1704.00 1702.00 1703.00 14184.00
20151119  23:18:00 1703.00 1704.00 1703.00 1704.00 1698.00
20151119  23:19:00 1704.00 1704.00 1703.00 1704.00 460.00
20151119  23:20:00 1704.00 1705.00 1703.00 1704.00 11674.00
20151119  23:21:00 1704.00 1705.00 1704.00 1704.00 704.00
20151119  23:22:00 1704.00 1706.00 1704.00 1705.00 5596.00
20151119  23:23:00 1706.00 1706.00 1705.00 1706.00 846.00
20151119  23:24:00 1706.00 1706.00 1705.00 1706.00 4222.00
20151119  23:25:00 1706.00 1707.00 1705.00 1706.00 4928.00
20151119  23:26:00 1706.00 1707.00 1706.00 1706.00 1028.00
20151119  23:27:00 1706.00 1707.00 1706.00 1707.00 1468.00
20151119  23:28:00 1707.00 1707.00 1705.00 1705.00 3140.00
20151119  23:29:00 1705.00 1707.00 1705.00 1706.00 3406.00
20151119  23:30:00 1706.00 1707.00 1706.00 1707.00 1382.00
20151119  23:31:00 1707.00 1707.00 1706.00 1707.00 5632.00
20151119  23:32:00 1707.00 1709.00 1707.00 1708.00 19322.00
20151119  23:33:00 1708.00 1709.00 1707.00 1708.00 4368.00
20151119  23:34:00 1708.00 1708.00 1707.00 1708.00 138.00
20151119  23:35:00 1708.00 1708.00 1707.00 1708.00 216.00
20151119  23:36:00 1708.00 1708.00 1707.00 1708.00 486.00
20151119  23:37:00 1708.00 1708.00 1707.00 1707.00 272.00
20151119  23:38:00 1707.00 1709.00 1707.00 1708.00 4438.00
20151119  23:39:00 1708.00 1709.00 1707.00 1707.00 8582.00
20151119  23:40:00 1707.00 1708.00 1707.00 1707.00 3818.00
20151119  23:41:00 1707.00 1708.00 1707.00 1707.00 1276.00
20151119  23:42:00 1707.00 1708.00 1707.00 1708.00 858.00
20151119  23:43:00 1708.00 1708.00 1707.00 1708.00 172.00
20151119  23:44:00 1708.00 1708.00 1707.00 1707.00 1194.00
20151119  23:45:00 1707.00 1708.00 1707.00 1708.00 1526.00
20151119  23:46:00 1708.00 1708.00 1707.00 1708.00 276.00
20151119  23:47:00 1708.00 1708.00 1707.00 1707.00 126.00
20151119  23:48:00 1708.00 1708.00 1707.00 1708.00 184.00
20151119  23:49:00 1708.00 1708.00 1707.00 1707.00 144.00
20151119  23:50:00 1707.00 1708.00 1707.00 1708.00 248.00
20151119  23:51:00 1708.00 1708.00 1707.00 1707.00 416.00
20151119  23:52:00 1708.00 1708.00 1707.00 1708.00 132.00
20151119  23:53:00 1708.00 1708.00 1707.00 1707.00  62.00
20151119  23:54:00 1707.00 1708.00 1707.00 1707.00 396.00
20151119  23:55:00 1707.00 1708.00 1707.00 1708.00 790.00
20151119  23:56:00 1708.00 1708.00 1707.00 1707.00 342.00
20151119  23:57:00 1708.00 1708.00 1707.00 1708.00 120.00
20151119  23:58:00 1707.00 1708.00 1707.00 1708.00 128.00
20151119  23:59:00 1708.00 1708.00 1707.00 1708.00 4676.00
20151120  00:00:00 1708.00 1709.00 1708.00 1709.00 2318.00
20151120  00:01:00 1709.00 1709.00 1708.00 1709.00 504.00
20151120  00:02:00 1709.00 1709.00 1708.00 1708.00 566.00
20151120  00:03:00 1709.00 1709.00 1708.00 1708.00 10528.00
20151120  00:04:00 1708.00 1709.00 1708.00 1709.00 1298.00
20151120  00:05:00 1709.00 1709.00 1708.00 1708.00 270.00
20151120  00:06:00 1708.00 1709.00 1708.00 1709.00 1090.00
20151120  00:07:00 1708.00 1709.00 1708.00 1708.00 118.00
20151120  00:08:00 1708.00 1709.00 1708.00 1708.00  84.00
20151120  00:09:00 1708.00 1709.00 1708.00 1709.00 206.00
20151120  00:10:00 1709.00 1709.00 1708.00 1709.00 2040.00
20151120  00:11:00 1709.00 1709.00 1708.00 1709.00 2622.00
20151120  00:12:00 1709.00 1709.00 1708.00 1708.00 4292.00
20151120  00:13:00 1709.00 1710.00 1708.00 1709.00 3544.00
20151120  00:14:00 1709.00 1709.00 1708.00 1709.00 2926.00
20151120  00:15:00 1709.00 1710.00 1709.00 1710.00 1096.00
20151120  00:16:00 1710.00 1710.00 1709.00 1709.00 138.00
20151120  00:17:00 1709.00 1710.00 1709.00 1709.00  58.00
20151120  00:18:00 1709.00 1710.00 1709.00 1710.00 232.00
20151120  00:19:00 1710.00 1710.00 1709.00 1710.00 140.00
20151120  00:20:00 1710.00 1710.00 1709.00 1709.00 1460.00
20151120  00:21:00 1709.00 1710.00 1708.00 1709.00 5650.00
20151120  00:22:00 1709.00 1710.00 1708.00 1708.00 426.00
20151120  00:23:00 1708.00 1709.00 1708.00 1709.00 104.00
20151120  00:24:00 1709.00 1709.00 1708.00 1709.00  28.00
20151120  00:25:00 1709.00 1709.00 1708.00 1709.00 674.00
20151120  00:26:00 1709.00 1709.00 1709.00 1709.00 472.00
20151120  00:27:00 1709.00 1709.00 1708.00 1708.00 820.00
20151120  00:28:00 1708.00 1709.00 1708.00 1708.00 1134.00
20151120  00:29:00 1708.00 1708.00 1707.00 1708.00 1744.00
20151120  00:30:00 1708.00 1708.00 1708.00 1708.00 176.00
20151120  00:31:00 1708.00 1709.00 1708.00 1708.00  48.00
20151120  00:32:00 1708.00 1708.00 1707.00 1708.00 1456.00
20151120  00:33:00 1708.00 1708.00 1708.00 1708.00 1036.00
20151120  00:34:00 1708.00 1709.00 1708.00 1708.00  40.00
20151120  00:35:00 1708.00 1709.00 1708.00 1709.00 168.00
20151120  00:36:00 1709.00 1709.00 1708.00 1708.00 1290.00
20151120  00:37:00 1708.00 1709.00 1708.00 1708.00  62.00
20151120  00:38:00 1708.00 1709.00 1708.00 1708.00  68.00
20151120  00:39:00 1708.00 1708.00 1708.00 1708.00  68.00
20151120  00:40:00 1708.00 1709.00 1708.00 1708.00 1558.00
20151120  00:41:00 1708.00 1709.00 1707.00 1708.00 724.00
20151120  00:42:00 1708.00 1708.00 1708.00 1708.00  94.00
20151120  00:43:00 1708.00 1708.00 1708.00 1708.00 304.00
20151120  00:44:00 1709.00 1709.00 1708.00 1708.00  20.00
20151120  00:45:00 1709.00 1709.00 1709.00 1709.00 160.00
20151120  00:46:00 1709.00 1709.00 1708.00 1709.00  60.00
20151120  00:47:00 1709.00 1709.00 1708.00 1709.00 228.00
20151120  00:48:00 1709.00 1709.00 1708.00 1708.00 196.00
20151120  00:49:00 1708.00 1709.00 1708.00 1709.00 142.00
20151120  00:50:00 1709.00 1709.00 1708.00 1709.00  24.00
20151120  00:51:00 1709.00 1709.00 1708.00 1708.00  34.00
20151120  00:52:00 1708.00 1709.00 1708.00 1709.00 156.00
20151120  00:53:00 1709.00 1709.00 1709.00 1709.00 132.00
20151120  00:54:00 1709.00 1709.00 1708.00 1709.00 668.00
20151120  00:55:00 1709.00 1709.00 1708.00 1709.00 1978.00
20151120  00:56:00 1709.00 1709.00 1709.00 1709.00 118.00
20151120  00:57:00 1709.00 1709.00 1708.00 1708.00 796.00
20151120  00:58:00 1708.00 1709.00 1708.00 1709.00 2646.00
20151120  00:59:00 1709.00 1709.00 1708.00 1708.00 1354.00
20151120  01:00:00 1708.00 1708.00 1708.00 1708.00   0.00
20151120  09:00:00 1708.00 1710.00 1708.00 1709.00 10924.00
20151120  09:01:00 1708.00 1709.00 1708.00 1708.00 7182.00
20151120  09:02:00 1709.00 1709.00 1707.00 1708.00 6650.00
20151120  09:03:00 1709.00 1709.00 1708.00 1709.00 5670.00
20151120  09:04:00 1710.00 1710.00 1709.00 1710.00 9838.00
20151120  09:05:00 1710.00 1710.00 1709.00 1710.00 12306.00
20151120  09:06:00 1710.00 1710.00 1709.00 1710.00 20532.00
20151120  09:07:00 1710.00 1710.00 1709.00 1709.00 12182.00
20151120  09:08:00 1709.00 1709.00 1707.00 1708.00 14616.00
20151120  09:09:00 1708.00 1708.00 1706.00 1706.00 20554.00
20151120  09:10:00 1706.00 1706.00 1704.00 1705.00 23152.00
20151120  09:11:00 1704.00 1706.00 1704.00 1705.00 14280.00
20151120  09:12:00 1705.00 1706.00 1705.00 1706.00 1192.00
20151120  09:13:00 1705.00 1706.00 1705.00 1705.00 5064.00
20151120  09:14:00 1705.00 1707.00 1705.00 1707.00 4778.00
20151120  09:15:00 1707.00 1708.00 1706.00 1707.00 8056.00
20151120  09:16:00 1707.00 1707.00 1705.00 1706.00 11182.00
20151120  09:17:00 1706.00 1708.00 1706.00 1708.00 7338.00
20151120  09:18:00 1708.00 1708.00 1706.00 1706.00 16268.00
20151120  09:19:00 1706.00 1708.00 1706.00 1706.00 5272.00
20151120  09:20:00 1706.00 1707.00 1706.00 1707.00 3754.00
20151120  09:21:00 1706.00 1707.00 1706.00 1707.00 1172.00
20151120  09:22:00 1707.00 1707.00 1706.00 1706.00 1410.00
20151120  09:23:00 1706.00 1707.00 1706.00 1706.00 13552.00
20151120  09:24:00 1706.00 1707.00 1705.00 1706.00 6294.00
20151120  09:25:00 1706.00 1707.00 1705.00 1706.00 3868.00
20151120  09:26:00 1707.00 1707.00 1706.00 1707.00 278.00
20151120  09:27:00 1707.00 1707.00 1706.00 1707.00 906.00
20151120  09:28:00 1706.00 1708.00 1706.00 1707.00 5610.00
20151120  09:29:00 1707.00 1707.00 1706.00 1706.00 1162.00
20151120  09:30:00 1706.00 1707.00 1705.00 1705.00 13236.00
20151120  09:31:00 1705.00 1706.00 1704.00 1704.00 11856.00
20151120  09:32:00 1704.00 1705.00 1703.00 1704.00 11146.00
20151120  09:33:00 1704.00 1705.00 1703.00 1704.00 10080.00
20151120  09:34:00 1704.00 1705.00 1703.00 1704.00 16824.00
20151120  09:35:00 1705.00 1705.00 1703.00 1704.00 16968.00
20151120  09:36:00 1704.00 1705.00 1703.00 1704.00 15490.00
20151120  09:37:00 1704.00 1704.00 1703.00 1703.00 5610.00
20151120  09:38:00 1704.00 1704.00 1703.00 1704.00 8390.00
20151120  09:39:00 1703.00 1704.00 1703.00 1704.00 2700.00
20151120  09:40:00 1704.00 1704.00 1702.00 1703.00 4732.00
20151120  09:41:00 1702.00 1703.00 1702.00 1703.00 18826.00
20151120  09:42:00 1703.00 1704.00 1702.00 1703.00 8596.00
20151120  09:43:00 1703.00 1704.00 1703.00 1703.00 876.00
20151120  09:44:00 1704.00 1704.00 1703.00 1703.00 4812.00
20151120  09:45:00 1703.00 1705.00 1703.00 1703.00 7040.00
20151120  09:46:00 1703.00 1705.00 1703.00 1705.00 3494.00
20151120  09:47:00 1705.00 1705.00 1704.00 1705.00 2522.00
20151120  09:48:00 1705.00 1705.00 1703.00 1704.00 4718.00
20151120  09:49:00 1704.00 1704.00 1703.00 1704.00 2564.00
20151120  09:50:00 1704.00 1705.00 1703.00 1704.00 7888.00
20151120  09:51:00 1704.00 1705.00 1704.00 1705.00 4184.00
20151120  09:52:00 1705.00 1706.00 1704.00 1705.00 4170.00
20151120  09:53:00 1705.00 1706.00 1705.00 1706.00 1104.00
20151120  09:54:00 1705.00 1706.00 1705.00 1705.00 680.00
20151120  09:55:00 1705.00 1706.00 1705.00 1706.00 894.00
20151120  09:56:00 1706.00 1706.00 1705.00 1706.00 634.00
20151120  09:57:00 1706.00 1706.00 1705.00 1706.00 4096.00
20151120  09:58:00 1706.00 1706.00 1704.00 1705.00 7700.00
20151120  09:59:00 1705.00 1706.00 1704.00 1705.00 3780.00
20151120  10:00:00 1704.00 1705.00 1704.00 1704.00 3572.00
20151120  10:01:00 1705.00 1705.00 1704.00 1704.00 2066.00
20151120  10:02:00 1704.00 1704.00 1703.00 1703.00 2480.00
20151120  10:03:00 1703.00 1705.00 1703.00 1704.00 6008.00
20151120  10:04:00 1704.00 1705.00 1704.00 1704.00 262.00
20151120  10:05:00 1704.00 1705.00 1703.00 1704.00 2614.00
20151120  10:06:00 1704.00 1704.00 1703.00 1703.00 384.00
20151120  10:07:00 1703.00 1704.00 1703.00 1703.00 458.00
20151120  10:08:00 1703.00 1704.00 1703.00 1704.00 2092.00
20151120  10:09:00 1703.00 1704.00 1703.00 1703.00 716.00
20151120  10:10:00 1704.00 1704.00 1703.00 1703.00 334.00
20151120  10:11:00 1703.00 1704.00 1703.00 1703.00 474.00
20151120  10:12:00 1703.00 1704.00 1703.00 1703.00 800.00
20151120  10:13:00 1703.00 1704.00 1703.00 1703.00 502.00
20151120  10:14:00 1704.00 1704.00 1703.00 1704.00 3152.00
20151120  10:30:00 1704.00 1704.00 1703.00 1703.00 1202.00
20151120  10:31:00 1703.00 1704.00 1703.00 1704.00 1278.00
20151120  10:32:00 1704.00 1705.00 1703.00 1704.00 10602.00
20151120  10:33:00 1704.00 1705.00 1703.00 1704.00 12194.00
20151120  10:34:00 1704.00 1704.00 1703.00 1703.00 728.00
20151120  10:35:00 1703.00 1704.00 1703.00 1704.00 766.00
20151120  10:36:00 1704.00 1704.00 1703.00 1704.00 2110.00
20151120  10:37:00 1704.00 1704.00 1703.00 1703.00 3002.00
20151120  10:38:00 1703.00 1704.00 1702.00 1703.00 10956.00
20151120  10:39:00 1703.00 1704.00 1703.00 1703.00 2392.00
20151120  10:40:00 1703.00 1704.00 1703.00 1704.00 356.00
20151120  10:41:00 1704.00 1704.00 1703.00 1704.00 578.00
20151120  10:42:00 1704.00 1704.00 1702.00 1704.00 9000.00
20151120  10:43:00 1704.00 1704.00 1702.00 1703.00 12628.00
20151120  10:44:00 1703.00 1703.00 1702.00 1702.00 2164.00
20151120  10:45:00 1703.00 1703.00 1702.00 1702.00 3216.00
20151120  10:46:00 1702.00 1704.00 1702.00 1703.00 9742.00
20151120  10:47:00 1703.00 1704.00 1702.00 1703.00 4816.00
20151120  10:48:00 1703.00 1704.00 1702.00 1703.00 8064.00
20151120  10:49:00 1703.00 1704.00 1703.00 1703.00 3870.00
20151120  10:50:00 1703.00 1703.00 1701.00 1701.00 18928.00
20151120  10:51:00 1701.00 1702.00 1701.00 1701.00 7866.00
20151120  10:52:00 1701.00 1701.00 1700.00 1700.00 21336.00
20151120  10:53:00 1700.00 1701.00 1697.00 1697.00 41084.00
20151120  10:54:00 1697.00 1699.00 1696.00 1698.00 29836.00
20151120  10:55:00 1697.00 1698.00 1695.00 1696.00 27000.00
20151120  10:56:00 1696.00 1697.00 1694.00 1694.00 39728.00
20151120  10:57:00 1694.00 1697.00 1694.00 1696.00 24162.00
20151120  10:58:00 1696.00 1697.00 1696.00 1697.00 11514.00
20151120  10:59:00 1697.00 1697.00 1696.00 1696.00 3424.00
20151120  11:00:00 1696.00 1697.00 1695.00 1697.00 19160.00
20151120  11:01:00 1697.00 1697.00 1696.00 1697.00 7210.00
20151120  11:02:00 1697.00 1697.00 1695.00 1696.00 6332.00
20151120  11:03:00 1696.00 1697.00 1696.00 1696.00 2636.00
20151120  11:04:00 1696.00 1697.00 1696.00 1697.00 1342.00
20151120  11:05:00 1696.00 1697.00 1696.00 1697.00 11074.00
20151120  11:06:00 1696.00 1697.00 1695.00 1696.00 9106.00
20151120  11:07:00 1696.00 1696.00 1695.00 1696.00 1480.00
20151120  11:08:00 1696.00 1697.00 1695.00 1696.00 12588.00
20151120  11:09:00 1696.00 1697.00 1695.00 1697.00 5680.00
20151120  11:10:00 1697.00 1697.00 1696.00 1696.00 1578.00
20151120  11:11:00 1696.00 1697.00 1696.00 1697.00 12446.00
20151120  11:12:00 1697.00 1697.00 1696.00 1696.00 2584.00
20151120  11:13:00 1696.00 1697.00 1696.00 1697.00 1186.00
20151120  11:14:00 1697.00 1697.00 1696.00 1696.00 554.00
20151120  11:15:00 1696.00 1697.00 1695.00 1696.00 13374.00
20151120  11:16:00 1696.00 1697.00 1696.00 1696.00 1284.00
20151120  11:17:00 1696.00 1697.00 1696.00 1696.00 4232.00
20151120  11:18:00 1696.00 1698.00 1696.00 1698.00 8446.00
20151120  11:19:00 1698.00 1698.00 1697.00 1698.00 1558.00
20151120  11:20:00 1698.00 1699.00 1698.00 1698.00 11234.00
20151120  11:21:00 1698.00 1699.00 1698.00 1698.00 6238.00
20151120  11:22:00 1698.00 1699.00 1697.00 1698.00 5706.00
20151120  11:23:00 1698.00 1699.00 1698.00 1698.00 4364.00
20151120  11:24:00 1698.00 1698.00 1697.00 1698.00 462.00
20151120  11:25:00 1698.00 1699.00 1697.00 1699.00 4494.00
20151120  11:26:00 1698.00 1700.00 1698.00 1699.00 8162.00
20151120  11:27:00 1700.00 1700.00 1698.00 1699.00 19034.00
20151120  11:28:00 1699.00 1699.00 1698.00 1699.00 8346.00
20151120  11:29:00 1699.00 1699.00 1697.00 1697.00 8192.00
20151120  13:30:00 1697.00 1699.00 1697.00 1698.00 10476.00
20151120  13:31:00 1698.00 1699.00 1698.00 1699.00 4126.00
20151120  13:32:00 1699.00 1699.00 1698.00 1699.00 6090.00
20151120  13:33:00 1700.00 1701.00 1699.00 1701.00 21822.00
20151120  13:34:00 1700.00 1701.00 1699.00 1700.00 10760.00
20151120  13:35:00 1700.00 1701.00 1699.00 1700.00 15020.00
20151120  13:36:00 1700.00 1701.00 1699.00 1699.00 13680.00
20151120  13:37:00 1699.00 1701.00 1698.00 1700.00 9624.00
20151120  13:38:00 1700.00 1701.00 1699.00 1700.00 5714.00
20151120  13:39:00 1700.00 1700.00 1699.00 1699.00 5874.00
20151120  13:40:00 1699.00 1700.00 1698.00 1699.00 3614.00
20151120  13:41:00 1699.00 1699.00 1698.00 1699.00 5482.00
20151120  13:42:00 1700.00 1700.00 1698.00 1698.00 6394.00
20151120  13:43:00 1698.00 1699.00 1698.00 1699.00 3780.00
20151120  13:44:00 1699.00 1699.00 1698.00 1698.00 6344.00
20151120  13:45:00 1698.00 1699.00 1698.00 1699.00 2062.00
20151120  13:46:00 1699.00 1699.00 1698.00 1698.00 530.00
20151120  13:47:00 1698.00 1699.00 1698.00 1699.00 454.00
20151120  13:48:00 1699.00 1701.00 1699.00 1700.00 17890.00
20151120  13:49:00 1701.00 1702.00 1700.00 1701.00 10756.00
20151120  13:50:00 1701.00 1703.00 1701.00 1703.00 15074.00
20151120  13:51:00 1703.00 1703.00 1701.00 1701.00 8042.00
20151120  13:52:00 1702.00 1702.00 1701.00 1702.00 2668.00
20151120  13:53:00 1702.00 1702.00 1700.00 1701.00 7562.00
20151120  13:54:00 1701.00 1702.00 1700.00 1701.00 3278.00
20151120  13:55:00 1701.00 1702.00 1701.00 1702.00 654.00
20151120  13:56:00 1702.00 1702.00 1701.00 1701.00 2072.00
20151120  13:57:00 1701.00 1702.00 1700.00 1701.00 6022.00
20151120  13:58:00 1700.00 1701.00 1700.00 1700.00 7420.00
20151120  13:59:00 1700.00 1701.00 1700.00 1700.00 292.00
20151120  14:00:00 1700.00 1701.00 1700.00 1700.00 7496.00
20151120  14:01:00 1701.00 1701.00 1700.00 1701.00 4074.00
20151120  14:02:00 1701.00 1701.00 1699.00 1700.00 9088.00
20151120  14:03:00 1700.00 1700.00 1699.00 1700.00 2526.00
20151120  14:04:00 1700.00 1701.00 1699.00 1700.00 5318.00
20151120  14:05:00 1700.00 1701.00 1699.00 1700.00 1862.00
20151120  14:06:00 1699.00 1700.00 1699.00 1699.00 1610.00
20151120  14:07:00 1699.00 1701.00 1699.00 1700.00 4944.00
20151120  14:08:00 1701.00 1702.00 1700.00 1701.00 10770.00
20151120  14:09:00 1701.00 1702.00 1701.00 1701.00 8860.00
20151120  14:10:00 1701.00 1703.00 1701.00 1703.00 9560.00
20151120  14:11:00 1703.00 1703.00 1701.00 1702.00 12066.00
20151120  14:12:00 1702.00 1703.00 1702.00 1703.00 13998.00
20151120  14:13:00 1704.00 1705.00 1703.00 1705.00 16752.00
20151120  14:14:00 1705.00 1705.00 1703.00 1704.00 21742.00
20151120  14:15:00 1704.00 1705.00 1703.00 1704.00 15508.00
20151120  14:16:00 1704.00 1705.00 1704.00 1705.00 14616.00
20151120  14:17:00 1704.00 1705.00 1704.00 1705.00 13318.00
20151120  14:18:00 1704.00 1704.00 1702.00 1703.00 6790.00
20151120  14:19:00 1703.00 1703.00 1701.00 1702.00 11890.00
20151120  14:20:00 1701.00 1702.00 1701.00 1702.00 3550.00
20151120  14:21:00 1702.00 1702.00 1700.00 1701.00 12130.00
20151120  14:22:00 1701.00 1702.00 1700.00 1701.00 3466.00
20151120  14:23:00 1701.00 1702.00 1701.00 1701.00 1204.00
20151120  14:24:00 1701.00 1702.00 1700.00 1701.00 17092.00
20151120  14:25:00 1701.00 1701.00 1700.00 1701.00 9842.00
20151120  14:26:00 1700.00 1702.00 1700.00 1701.00 6180.00
20151120  14:27:00 1701.00 1702.00 1700.00 1700.00 11158.00
20151120  14:28:00 1700.00 1701.00 1699.00 1699.00 7508.00
20151120  14:29:00 1700.00 1700.00 1699.00 1699.00 3534.00
20151120  14:30:00 1699.00 1700.00 1699.00 1700.00 1656.00
20151120  14:31:00 1699.00 1700.00 1699.00 1700.00 7194.00
20151120  14:32:00 1699.00 1700.00 1699.00 1699.00 4274.00
20151120  14:33:00 1699.00 1700.00 1698.00 1699.00 6190.00
20151120  14:34:00 1698.00 1699.00 1698.00 1698.00 2222.00
20151120  14:35:00 1698.00 1699.00 1697.00 1698.00 7646.00
20151120  14:36:00 1697.00 1698.00 1697.00 1697.00 1844.00
20151120  14:37:00 1698.00 1698.00 1696.00 1698.00 14660.00
20151120  14:38:00 1698.00 1698.00 1697.00 1698.00 2712.00
20151120  14:39:00 1697.00 1698.00 1697.00 1698.00 1638.00
20151120  14:40:00 1698.00 1698.00 1697.00 1698.00 490.00
20151120  14:41:00 1697.00 1698.00 1697.00 1697.00 1838.00
20151120  14:42:00 1697.00 1698.00 1696.00 1696.00 5680.00
20151120  14:43:00 1696.00 1697.00 1695.00 1696.00 9590.00
20151120  14:44:00 1696.00 1697.00 1695.00 1695.00 14500.00
20151120  14:45:00 1696.00 1697.00 1695.00 1696.00 7552.00
20151120  14:46:00 1696.00 1697.00 1696.00 1696.00 6028.00
20151120  14:47:00 1696.00 1697.00 1694.00 1694.00 29126.00
20151120  14:48:00 1694.00 1695.00 1694.00 1695.00 13344.00
20151120  14:49:00 1695.00 1696.00 1694.00 1695.00 22446.00
20151120  14:50:00 1695.00 1696.00 1695.00 1695.00 9638.00
20151120  14:51:00 1695.00 1697.00 1695.00 1696.00 13632.00
20151120  14:52:00 1696.00 1698.00 1696.00 1696.00 19752.00
20151120  14:53:00 1696.00 1698.00 1696.00 1698.00 8108.00
20151120  14:54:00 1698.00 1698.00 1697.00 1698.00 8110.00
20151120  14:55:00 1697.00 1698.00 1697.00 1697.00 6804.00
20151120  14:56:00 1698.00 1698.00 1697.00 1697.00 2924.00
20151120  14:57:00 1697.00 1698.00 1697.00 1697.00 3116.00
20151120  14:58:00 1697.00 1698.00 1696.00 1696.00 23680.00
20151120  14:59:00 1697.00 1698.00 1694.00 1694.00 34820.00
20151120  15:00:00 1695.00 1695.00 1695.00 1695.00  64.00
