20150910  21:00:00 1957.00 1958.00 1955.00 1958.00 28286.00
20150910  21:01:00 1958.00 1958.00 1956.00 1958.00 13004.00
20150910  21:02:00 1958.00 1960.00 1958.00 1960.00 22300.00
20150910  21:03:00 1960.00 1960.00 1958.00 1959.00 23232.00
20150910  21:04:00 1959.00 1959.00 1958.00 1959.00 8560.00
20150910  21:05:00 1959.00 1961.00 1958.00 1961.00 17708.00
20150910  21:06:00 1960.00 1961.00 1959.00 1960.00 14884.00
20150910  21:07:00 1960.00 1961.00 1959.00 1960.00 17554.00
20150910  21:08:00 1961.00 1961.00 1959.00 1959.00 11468.00
20150910  21:09:00 1960.00 1961.00 1959.00 1960.00 7746.00
20150910  21:10:00 1961.00 1962.00 1960.00 1960.00 16654.00
20150910  21:11:00 1961.00 1961.00 1960.00 1961.00 8870.00
20150910  21:12:00 1961.00 1961.00 1959.00 1959.00 15606.00
20150910  21:13:00 1960.00 1962.00 1960.00 1961.00 19978.00
20150910  21:14:00 1960.00 1962.00 1960.00 1962.00 12592.00
20150910  21:15:00 1961.00 1963.00 1961.00 1962.00 16048.00
20150910  21:16:00 1962.00 1963.00 1961.00 1962.00 15836.00
20150910  21:17:00 1962.00 1963.00 1961.00 1962.00 16780.00
20150910  21:18:00 1962.00 1962.00 1960.00 1960.00 14118.00
20150910  21:19:00 1960.00 1962.00 1960.00 1961.00 8698.00
20150910  21:20:00 1961.00 1962.00 1960.00 1961.00 8692.00
20150910  21:21:00 1961.00 1961.00 1959.00 1960.00 28100.00
20150910  21:22:00 1960.00 1961.00 1960.00 1960.00 6964.00
20150910  21:23:00 1961.00 1961.00 1959.00 1959.00 4934.00
20150910  21:24:00 1960.00 1960.00 1958.00 1960.00 28356.00
20150910  21:25:00 1959.00 1960.00 1959.00 1960.00 11378.00
20150910  21:26:00 1960.00 1961.00 1960.00 1960.00 7174.00
20150910  21:27:00 1959.00 1960.00 1958.00 1958.00 11450.00
20150910  21:28:00 1958.00 1959.00 1957.00 1957.00 15612.00
20150910  21:29:00 1957.00 1958.00 1957.00 1957.00 12788.00
20150910  21:30:00 1957.00 1959.00 1957.00 1958.00 9754.00
20150910  21:31:00 1958.00 1959.00 1958.00 1959.00 2328.00
20150910  21:32:00 1959.00 1960.00 1958.00 1958.00 11006.00
20150910  21:33:00 1959.00 1959.00 1958.00 1959.00 1460.00
20150910  21:34:00 1959.00 1960.00 1959.00 1960.00 7240.00
20150910  21:35:00 1960.00 1960.00 1959.00 1959.00 10454.00
20150910  21:36:00 1959.00 1960.00 1958.00 1960.00 9438.00
20150910  21:37:00 1959.00 1960.00 1957.00 1958.00 13136.00
20150910  21:38:00 1958.00 1958.00 1957.00 1957.00 8984.00
20150910  21:39:00 1957.00 1959.00 1957.00 1959.00 6464.00
20150910  21:40:00 1959.00 1960.00 1957.00 1959.00 13208.00
20150910  21:41:00 1959.00 1959.00 1957.00 1959.00 5598.00
20150910  21:42:00 1958.00 1961.00 1958.00 1960.00 16938.00
20150910  21:43:00 1961.00 1962.00 1960.00 1962.00 18652.00
20150910  21:44:00 1961.00 1963.00 1961.00 1962.00 24336.00
20150910  21:45:00 1962.00 1964.00 1961.00 1964.00 25998.00
20150910  21:46:00 1964.00 1964.00 1962.00 1962.00 13616.00
20150910  21:47:00 1963.00 1963.00 1962.00 1963.00 6558.00
20150910  21:48:00 1962.00 1963.00 1961.00 1962.00 15570.00
20150910  21:49:00 1963.00 1963.00 1962.00 1962.00 6134.00
20150910  21:50:00 1963.00 1963.00 1962.00 1962.00 2878.00
20150910  21:51:00 1963.00 1963.00 1962.00 1963.00 8186.00
20150910  21:52:00 1963.00 1964.00 1962.00 1963.00 10910.00
20150910  21:53:00 1963.00 1963.00 1962.00 1962.00 1220.00
20150910  21:54:00 1963.00 1963.00 1962.00 1962.00 3012.00
20150910  21:55:00 1962.00 1963.00 1962.00 1963.00 1870.00
20150910  21:56:00 1962.00 1963.00 1962.00 1962.00 2212.00
20150910  21:57:00 1963.00 1963.00 1960.00 1960.00 14090.00
20150910  21:58:00 1960.00 1962.00 1960.00 1961.00 19096.00
20150910  21:59:00 1961.00 1962.00 1960.00 1961.00 13774.00
20150910  22:00:00 1961.00 1962.00 1960.00 1961.00 9080.00
20150910  22:01:00 1961.00 1962.00 1960.00 1961.00 2734.00
20150910  22:02:00 1961.00 1963.00 1961.00 1963.00 6904.00
20150910  22:03:00 1963.00 1963.00 1961.00 1961.00 6788.00
20150910  22:04:00 1962.00 1963.00 1961.00 1962.00 9080.00
20150910  22:05:00 1962.00 1962.00 1961.00 1961.00 3072.00
20150910  22:06:00 1961.00 1963.00 1961.00 1963.00 6582.00
20150910  22:07:00 1963.00 1963.00 1962.00 1963.00 15858.00
20150910  22:08:00 1963.00 1964.00 1962.00 1964.00 8558.00
20150910  22:09:00 1964.00 1964.00 1962.00 1963.00 6288.00
20150910  22:10:00 1963.00 1963.00 1961.00 1962.00 8884.00
20150910  22:11:00 1962.00 1963.00 1961.00 1962.00 5660.00
20150910  22:12:00 1963.00 1963.00 1961.00 1962.00 5154.00
20150910  22:13:00 1962.00 1963.00 1961.00 1962.00 8448.00
20150910  22:14:00 1962.00 1963.00 1961.00 1962.00 2536.00
20150910  22:15:00 1963.00 1963.00 1962.00 1962.00 562.00
20150910  22:16:00 1963.00 1964.00 1962.00 1963.00 11982.00
20150910  22:17:00 1963.00 1964.00 1962.00 1963.00 13388.00
20150910  22:18:00 1963.00 1964.00 1963.00 1964.00 23044.00
20150910  22:19:00 1964.00 1965.00 1963.00 1965.00 14216.00
20150910  22:20:00 1965.00 1965.00 1964.00 1964.00 20440.00
20150910  22:21:00 1964.00 1964.00 1962.00 1963.00 11992.00
20150910  22:22:00 1963.00 1964.00 1962.00 1964.00 5382.00
20150910  22:23:00 1964.00 1964.00 1963.00 1963.00 8082.00
20150910  22:24:00 1964.00 1964.00 1962.00 1962.00 6896.00
20150910  22:25:00 1962.00 1963.00 1962.00 1963.00 3336.00
20150910  22:26:00 1962.00 1963.00 1962.00 1962.00 2942.00
20150910  22:27:00 1962.00 1964.00 1962.00 1964.00 10782.00
20150910  22:28:00 1964.00 1964.00 1963.00 1964.00 9186.00
20150910  22:29:00 1964.00 1965.00 1963.00 1964.00 4168.00
20150910  22:30:00 1964.00 1965.00 1962.00 1963.00 13256.00
20150910  22:31:00 1963.00 1964.00 1963.00 1963.00 5676.00
20150910  22:32:00 1963.00 1963.00 1961.00 1961.00 10236.00
20150910  22:33:00 1961.00 1962.00 1961.00 1961.00 5954.00
20150910  22:34:00 1961.00 1962.00 1959.00 1960.00 40988.00
20150910  22:35:00 1959.00 1961.00 1959.00 1961.00 8748.00
20150910  22:36:00 1961.00 1962.00 1960.00 1962.00 10052.00
20150910  22:37:00 1962.00 1962.00 1961.00 1961.00 2092.00
20150910  22:38:00 1961.00 1962.00 1961.00 1962.00 1322.00
20150910  22:39:00 1962.00 1962.00 1960.00 1960.00 6292.00
20150910  22:40:00 1960.00 1961.00 1960.00 1961.00 8514.00
20150910  22:41:00 1961.00 1962.00 1960.00 1960.00 11010.00
20150910  22:42:00 1960.00 1961.00 1959.00 1960.00 9152.00
20150910  22:43:00 1960.00 1961.00 1959.00 1960.00 5622.00
20150910  22:44:00 1960.00 1960.00 1959.00 1960.00 2868.00
20150910  22:45:00 1960.00 1961.00 1959.00 1960.00 4968.00
20150910  22:46:00 1961.00 1961.00 1960.00 1961.00 386.00
20150910  22:47:00 1961.00 1961.00 1960.00 1960.00 754.00
20150910  22:48:00 1960.00 1961.00 1960.00 1961.00 1866.00
20150910  22:49:00 1961.00 1961.00 1960.00 1961.00 2516.00
20150910  22:50:00 1961.00 1962.00 1960.00 1962.00 6118.00
20150910  22:51:00 1961.00 1962.00 1961.00 1961.00 2256.00
20150910  22:52:00 1962.00 1962.00 1961.00 1962.00 1116.00
20150910  22:53:00 1961.00 1962.00 1961.00 1962.00 19128.00
20150910  22:54:00 1962.00 1963.00 1962.00 1963.00 2668.00
20150910  22:55:00 1962.00 1964.00 1962.00 1963.00 7996.00
20150910  22:56:00 1964.00 1964.00 1962.00 1963.00 10900.00
20150910  22:57:00 1963.00 1963.00 1961.00 1962.00 12302.00
20150910  22:58:00 1962.00 1963.00 1962.00 1962.00 12574.00
20150910  22:59:00 1962.00 1963.00 1962.00 1962.00 3622.00
20150910  23:00:00 1962.00 1963.00 1961.00 1962.00 8204.00
20150910  23:01:00 1962.00 1963.00 1961.00 1961.00 3470.00
20150910  23:02:00 1961.00 1962.00 1961.00 1961.00 9280.00
20150910  23:03:00 1961.00 1962.00 1961.00 1962.00 2158.00
20150910  23:04:00 1961.00 1961.00 1960.00 1960.00 2416.00
20150910  23:05:00 1960.00 1962.00 1960.00 1961.00 4662.00
20150910  23:06:00 1961.00 1962.00 1961.00 1962.00 2256.00
20150910  23:07:00 1962.00 1963.00 1961.00 1962.00 8622.00
20150910  23:08:00 1962.00 1962.00 1961.00 1961.00 2164.00
20150910  23:09:00 1961.00 1962.00 1961.00 1962.00 4146.00
20150910  23:10:00 1962.00 1962.00 1960.00 1960.00 7286.00
20150910  23:11:00 1960.00 1961.00 1960.00 1961.00 1894.00
20150910  23:12:00 1961.00 1961.00 1960.00 1960.00 1364.00
20150910  23:13:00 1960.00 1961.00 1960.00 1961.00 2722.00
20150910  23:14:00 1960.00 1961.00 1959.00 1960.00 14264.00
20150910  23:15:00 1960.00 1960.00 1955.00 1957.00 41890.00
20150910  23:16:00 1957.00 1957.00 1956.00 1957.00 20030.00
20150910  23:17:00 1956.00 1958.00 1956.00 1957.00 25732.00
20150910  23:18:00 1957.00 1957.00 1956.00 1956.00 3380.00
20150910  23:19:00 1956.00 1958.00 1956.00 1957.00 8318.00
20150910  23:20:00 1957.00 1958.00 1956.00 1957.00 5792.00
20150910  23:21:00 1957.00 1957.00 1953.00 1954.00 35416.00
20150910  23:22:00 1953.00 1956.00 1953.00 1955.00 29276.00
20150910  23:23:00 1954.00 1955.00 1954.00 1954.00 7028.00
20150910  23:24:00 1954.00 1955.00 1954.00 1954.00 2218.00
20150910  23:25:00 1954.00 1955.00 1954.00 1955.00 2836.00
20150910  23:26:00 1955.00 1955.00 1954.00 1954.00 8344.00
20150910  23:27:00 1954.00 1954.00 1952.00 1952.00 10786.00
20150910  23:28:00 1952.00 1954.00 1952.00 1952.00 12242.00
20150910  23:29:00 1952.00 1954.00 1952.00 1954.00 9674.00
20150910  23:30:00 1953.00 1954.00 1952.00 1953.00 12964.00
20150910  23:31:00 1953.00 1955.00 1953.00 1955.00 10904.00
20150910  23:32:00 1955.00 1955.00 1953.00 1954.00 8508.00
20150910  23:33:00 1954.00 1954.00 1953.00 1953.00 16140.00
20150910  23:34:00 1952.00 1954.00 1952.00 1954.00 2990.00
20150910  23:35:00 1953.00 1954.00 1953.00 1954.00 2240.00
20150910  23:36:00 1954.00 1954.00 1953.00 1954.00 1570.00
20150910  23:37:00 1954.00 1955.00 1953.00 1955.00 7366.00
20150910  23:38:00 1955.00 1955.00 1954.00 1955.00 720.00
20150910  23:39:00 1955.00 1956.00 1954.00 1956.00 13410.00
20150910  23:40:00 1956.00 1956.00 1955.00 1955.00 1884.00
20150910  23:41:00 1955.00 1956.00 1954.00 1955.00 5246.00
20150910  23:42:00 1955.00 1955.00 1954.00 1955.00 1152.00
20150910  23:43:00 1955.00 1955.00 1954.00 1955.00 796.00
20150910  23:44:00 1955.00 1956.00 1954.00 1956.00 4402.00
20150910  23:45:00 1955.00 1956.00 1955.00 1956.00 900.00
20150910  23:46:00 1956.00 1956.00 1955.00 1955.00 1498.00
20150910  23:47:00 1955.00 1956.00 1955.00 1955.00 1830.00
20150910  23:48:00 1955.00 1956.00 1955.00 1955.00 1044.00
20150910  23:49:00 1955.00 1956.00 1954.00 1954.00 4768.00
20150910  23:50:00 1955.00 1955.00 1954.00 1954.00 788.00
20150910  23:51:00 1954.00 1955.00 1954.00 1955.00 638.00
20150910  23:52:00 1955.00 1955.00 1954.00 1954.00 458.00
20150910  23:53:00 1954.00 1955.00 1954.00 1954.00 2964.00
20150910  23:54:00 1954.00 1955.00 1954.00 1955.00 1132.00
20150910  23:55:00 1955.00 1956.00 1955.00 1956.00 9294.00
20150910  23:56:00 1955.00 1956.00 1955.00 1956.00 3634.00
20150910  23:57:00 1956.00 1957.00 1955.00 1956.00 4672.00
20150910  23:58:00 1956.00 1957.00 1955.00 1956.00 2058.00
20150910  23:59:00 1956.00 1957.00 1955.00 1956.00 4518.00
20150911  00:00:00 1956.00 1956.00 1955.00 1955.00 854.00
20150911  00:01:00 1955.00 1956.00 1955.00 1956.00 634.00
20150911  00:02:00 1956.00 1956.00 1955.00 1955.00 1294.00
20150911  00:03:00 1955.00 1956.00 1955.00 1956.00 2644.00
20150911  00:04:00 1956.00 1956.00 1955.00 1956.00  94.00
20150911  00:05:00 1956.00 1956.00 1955.00 1955.00 204.00
20150911  00:06:00 1955.00 1956.00 1955.00 1955.00 378.00
20150911  00:07:00 1955.00 1956.00 1955.00 1956.00 302.00
20150911  00:08:00 1956.00 1956.00 1955.00 1956.00 190.00
20150911  00:09:00 1956.00 1956.00 1954.00 1954.00 5160.00
20150911  00:10:00 1955.00 1956.00 1954.00 1955.00 1758.00
20150911  00:11:00 1955.00 1956.00 1955.00 1956.00 566.00
20150911  00:12:00 1956.00 1956.00 1955.00 1956.00 2752.00
20150911  00:13:00 1956.00 1956.00 1955.00 1956.00 160.00
20150911  00:14:00 1956.00 1956.00 1955.00 1955.00 1202.00
20150911  00:15:00 1955.00 1956.00 1955.00 1956.00 424.00
20150911  00:16:00 1956.00 1956.00 1955.00 1955.00 162.00
20150911  00:17:00 1956.00 1956.00 1955.00 1956.00 502.00
20150911  00:18:00 1956.00 1956.00 1955.00 1955.00 572.00
20150911  00:19:00 1955.00 1956.00 1955.00 1956.00 484.00
20150911  00:20:00 1956.00 1956.00 1955.00 1956.00 430.00
20150911  00:21:00 1956.00 1956.00 1955.00 1956.00 1192.00
20150911  00:22:00 1956.00 1956.00 1955.00 1956.00  52.00
20150911  00:23:00 1956.00 1956.00 1955.00 1955.00 344.00
20150911  00:24:00 1955.00 1956.00 1955.00 1955.00 696.00
20150911  00:25:00 1955.00 1956.00 1955.00 1955.00 712.00
20150911  00:26:00 1955.00 1956.00 1955.00 1955.00 1260.00
20150911  00:27:00 1955.00 1956.00 1955.00 1955.00 280.00
20150911  00:28:00 1955.00 1956.00 1955.00 1955.00 538.00
20150911  00:29:00 1955.00 1956.00 1954.00 1955.00 2772.00
20150911  00:30:00 1954.00 1955.00 1954.00 1955.00 156.00
20150911  00:31:00 1955.00 1955.00 1954.00 1954.00 724.00
20150911  00:32:00 1954.00 1955.00 1954.00 1954.00 462.00
20150911  00:33:00 1954.00 1955.00 1954.00 1954.00 272.00
20150911  00:34:00 1954.00 1955.00 1954.00 1955.00  52.00
20150911  00:35:00 1954.00 1955.00 1953.00 1954.00 5014.00
20150911  00:36:00 1954.00 1955.00 1954.00 1955.00 218.00
20150911  00:37:00 1955.00 1955.00 1954.00 1954.00 102.00
20150911  00:38:00 1954.00 1955.00 1954.00 1954.00  62.00
20150911  00:39:00 1954.00 1955.00 1954.00 1954.00  56.00
20150911  00:40:00 1954.00 1955.00 1954.00 1955.00 232.00
20150911  00:41:00 1955.00 1955.00 1954.00 1954.00 1344.00
20150911  00:42:00 1954.00 1955.00 1953.00 1953.00 3552.00
20150911  00:43:00 1954.00 1954.00 1953.00 1954.00 732.00
20150911  00:44:00 1954.00 1954.00 1953.00 1954.00 1544.00
20150911  00:45:00 1954.00 1954.00 1953.00 1953.00 248.00
20150911  00:46:00 1953.00 1954.00 1953.00 1953.00  48.00
20150911  00:47:00 1953.00 1954.00 1953.00 1954.00 408.00
20150911  00:48:00 1954.00 1955.00 1953.00 1954.00 1714.00
20150911  00:49:00 1954.00 1955.00 1954.00 1954.00  76.00
20150911  00:50:00 1955.00 1955.00 1954.00 1955.00 314.00
20150911  00:51:00 1955.00 1955.00 1954.00 1954.00 420.00
20150911  00:52:00 1954.00 1955.00 1954.00 1954.00 504.00
20150911  00:53:00 1954.00 1955.00 1954.00 1954.00 1060.00
20150911  00:54:00 1954.00 1954.00 1953.00 1954.00 658.00
20150911  00:55:00 1954.00 1955.00 1953.00 1954.00 2662.00
20150911  00:56:00 1955.00 1955.00 1953.00 1954.00 1722.00
20150911  00:57:00 1954.00 1955.00 1953.00 1954.00 994.00
20150911  00:58:00 1954.00 1954.00 1953.00 1954.00 1668.00
20150911  00:59:00 1954.00 1955.00 1954.00 1954.00 2064.00
20150911  09:00:00 1955.00 1957.00 1954.00 1957.00 26446.00
20150911  09:01:00 1957.00 1957.00 1953.00 1954.00 27018.00
20150911  09:02:00 1954.00 1955.00 1951.00 1951.00 56700.00
20150911  09:03:00 1951.00 1952.00 1950.00 1951.00 24306.00
20150911  09:04:00 1951.00 1953.00 1951.00 1952.00 22104.00
20150911  09:05:00 1953.00 1953.00 1952.00 1952.00 7618.00
20150911  09:06:00 1952.00 1954.00 1952.00 1954.00 14148.00
20150911  09:07:00 1954.00 1954.00 1951.00 1952.00 17844.00
20150911  09:08:00 1952.00 1953.00 1952.00 1952.00 9294.00
20150911  09:09:00 1952.00 1954.00 1951.00 1953.00 11812.00
20150911  09:10:00 1953.00 1955.00 1953.00 1953.00 20480.00
20150911  09:11:00 1953.00 1954.00 1953.00 1954.00 8450.00
20150911  09:12:00 1954.00 1955.00 1953.00 1955.00 11008.00
20150911  09:13:00 1955.00 1955.00 1954.00 1955.00 9286.00
20150911  09:14:00 1955.00 1955.00 1954.00 1955.00 7752.00
20150911  09:15:00 1955.00 1956.00 1954.00 1956.00 7876.00
20150911  09:16:00 1956.00 1957.00 1955.00 1956.00 10264.00
20150911  09:17:00 1957.00 1957.00 1955.00 1955.00 12378.00
20150911  09:18:00 1956.00 1956.00 1955.00 1955.00 20378.00
20150911  09:19:00 1955.00 1956.00 1954.00 1956.00 5372.00
20150911  09:20:00 1956.00 1956.00 1954.00 1955.00 5716.00
20150911  09:21:00 1955.00 1956.00 1954.00 1955.00 4516.00
20150911  09:22:00 1956.00 1956.00 1955.00 1956.00 1654.00
20150911  09:23:00 1956.00 1956.00 1955.00 1955.00 1474.00
20150911  09:24:00 1956.00 1957.00 1955.00 1957.00 9300.00
20150911  09:25:00 1956.00 1957.00 1956.00 1956.00 11736.00
20150911  09:26:00 1956.00 1956.00 1954.00 1955.00 13030.00
20150911  09:27:00 1955.00 1955.00 1953.00 1955.00 20402.00
20150911  09:28:00 1955.00 1955.00 1952.00 1953.00 14210.00
20150911  09:29:00 1953.00 1954.00 1952.00 1954.00 17596.00
20150911  09:30:00 1954.00 1955.00 1953.00 1955.00 7418.00
20150911  09:31:00 1955.00 1955.00 1953.00 1954.00 4488.00
20150911  09:32:00 1954.00 1955.00 1953.00 1954.00 12182.00
20150911  09:33:00 1954.00 1956.00 1954.00 1956.00 8454.00
20150911  09:34:00 1956.00 1956.00 1955.00 1956.00 9180.00
20150911  09:35:00 1956.00 1957.00 1954.00 1956.00 13196.00
20150911  09:36:00 1957.00 1957.00 1956.00 1956.00 13074.00
20150911  09:37:00 1957.00 1957.00 1956.00 1957.00 1852.00
20150911  09:38:00 1957.00 1957.00 1956.00 1957.00 7678.00
20150911  09:39:00 1957.00 1957.00 1956.00 1956.00 9470.00
20150911  09:40:00 1956.00 1958.00 1956.00 1957.00 10212.00
20150911  09:41:00 1958.00 1960.00 1958.00 1960.00 60014.00
20150911  09:42:00 1959.00 1961.00 1959.00 1961.00 36450.00
20150911  09:43:00 1961.00 1961.00 1960.00 1960.00 38606.00
20150911  09:44:00 1960.00 1961.00 1959.00 1960.00 11990.00
20150911  09:45:00 1960.00 1963.00 1960.00 1963.00 41198.00
20150911  09:46:00 1963.00 1964.00 1962.00 1964.00 41948.00
20150911  09:47:00 1964.00 1966.00 1963.00 1966.00 56080.00
20150911  09:48:00 1966.00 1966.00 1964.00 1964.00 27430.00
20150911  09:49:00 1964.00 1966.00 1964.00 1964.00 38950.00
20150911  09:50:00 1964.00 1965.00 1963.00 1963.00 12178.00
20150911  09:51:00 1963.00 1965.00 1963.00 1964.00 24538.00
20150911  09:52:00 1964.00 1966.00 1964.00 1966.00 31766.00
20150911  09:53:00 1966.00 1966.00 1964.00 1964.00 17798.00
20150911  09:54:00 1965.00 1965.00 1963.00 1963.00 13908.00
20150911  09:55:00 1963.00 1965.00 1963.00 1964.00 17064.00
20150911  09:56:00 1964.00 1965.00 1963.00 1964.00 9564.00
20150911  09:57:00 1963.00 1964.00 1962.00 1963.00 13790.00
20150911  09:58:00 1963.00 1963.00 1961.00 1961.00 21794.00
20150911  09:59:00 1961.00 1963.00 1961.00 1962.00 18934.00
20150911  10:00:00 1962.00 1963.00 1962.00 1962.00 9006.00
20150911  10:01:00 1962.00 1963.00 1962.00 1962.00 9038.00
20150911  10:02:00 1962.00 1963.00 1962.00 1963.00 1326.00
20150911  10:03:00 1963.00 1963.00 1962.00 1962.00 1424.00
20150911  10:04:00 1963.00 1963.00 1962.00 1963.00 3630.00
20150911  10:05:00 1962.00 1964.00 1962.00 1964.00 10890.00
20150911  10:06:00 1964.00 1964.00 1963.00 1964.00 4422.00
20150911  10:07:00 1964.00 1964.00 1962.00 1962.00 5648.00
20150911  10:08:00 1962.00 1964.00 1962.00 1963.00 6978.00
20150911  10:09:00 1964.00 1964.00 1963.00 1964.00 3932.00
20150911  10:10:00 1964.00 1964.00 1963.00 1963.00 8046.00
20150911  10:11:00 1964.00 1964.00 1963.00 1964.00 1164.00
20150911  10:12:00 1964.00 1966.00 1963.00 1966.00 21966.00
20150911  10:13:00 1966.00 1966.00 1964.00 1964.00 18944.00
20150911  10:14:00 1964.00 1966.00 1964.00 1965.00 18804.00
20150911  10:30:00 1966.00 1967.00 1965.00 1967.00 30726.00
20150911  10:31:00 1966.00 1968.00 1966.00 1968.00 43104.00
20150911  10:32:00 1968.00 1968.00 1967.00 1968.00 11640.00
20150911  10:33:00 1968.00 1968.00 1966.00 1966.00 12414.00
20150911  10:34:00 1966.00 1967.00 1966.00 1967.00 13590.00
20150911  10:35:00 1966.00 1967.00 1966.00 1966.00 6402.00
20150911  10:36:00 1966.00 1967.00 1965.00 1965.00 11936.00
20150911  10:37:00 1965.00 1966.00 1964.00 1964.00 9316.00
20150911  10:38:00 1964.00 1965.00 1960.00 1961.00 54426.00
20150911  10:39:00 1960.00 1961.00 1957.00 1957.00 57290.00
20150911  10:40:00 1958.00 1959.00 1957.00 1959.00 29786.00
20150911  10:41:00 1959.00 1959.00 1957.00 1959.00 23246.00
20150911  10:42:00 1958.00 1959.00 1957.00 1957.00 31648.00
20150911  10:43:00 1957.00 1958.00 1955.00 1955.00 38944.00
20150911  10:44:00 1955.00 1957.00 1955.00 1956.00 20846.00
20150911  10:45:00 1956.00 1956.00 1954.00 1956.00 17452.00
20150911  10:46:00 1956.00 1957.00 1955.00 1957.00 14612.00
20150911  10:47:00 1956.00 1957.00 1954.00 1956.00 21784.00
20150911  10:48:00 1956.00 1957.00 1955.00 1956.00 7372.00
20150911  10:49:00 1957.00 1957.00 1955.00 1956.00 11094.00
20150911  10:50:00 1956.00 1956.00 1953.00 1954.00 26828.00
20150911  10:51:00 1954.00 1956.00 1953.00 1956.00 19834.00
20150911  10:52:00 1956.00 1956.00 1954.00 1955.00 9778.00
20150911  10:53:00 1954.00 1955.00 1953.00 1955.00 12630.00
20150911  10:54:00 1955.00 1955.00 1954.00 1955.00 5590.00
20150911  10:55:00 1955.00 1955.00 1954.00 1955.00 2394.00
20150911  10:56:00 1955.00 1955.00 1954.00 1954.00 12656.00
20150911  10:57:00 1953.00 1955.00 1953.00 1954.00 28490.00
20150911  10:58:00 1953.00 1955.00 1953.00 1954.00 18862.00
20150911  10:59:00 1954.00 1956.00 1953.00 1955.00 14066.00
20150911  11:00:00 1955.00 1956.00 1954.00 1956.00 22350.00
20150911  11:01:00 1956.00 1956.00 1955.00 1955.00 6296.00
20150911  11:02:00 1956.00 1956.00 1954.00 1955.00 12140.00
20150911  11:03:00 1954.00 1955.00 1953.00 1953.00 13978.00
20150911  11:04:00 1953.00 1955.00 1953.00 1954.00 13536.00
20150911  11:05:00 1954.00 1955.00 1953.00 1954.00 10236.00
20150911  11:06:00 1955.00 1955.00 1953.00 1953.00 11464.00
20150911  11:07:00 1953.00 1955.00 1953.00 1954.00 11110.00
20150911  11:08:00 1954.00 1955.00 1953.00 1954.00 6376.00
20150911  11:09:00 1954.00 1954.00 1952.00 1953.00 27082.00
20150911  11:10:00 1953.00 1953.00 1950.00 1950.00 57724.00
20150911  11:11:00 1951.00 1952.00 1950.00 1952.00 22312.00
20150911  11:12:00 1952.00 1953.00 1951.00 1953.00 8254.00
20150911  11:13:00 1953.00 1953.00 1951.00 1952.00 18200.00
20150911  11:14:00 1952.00 1953.00 1950.00 1952.00 19108.00
20150911  11:15:00 1951.00 1952.00 1950.00 1951.00 18570.00
20150911  11:16:00 1951.00 1952.00 1950.00 1951.00 22048.00
20150911  11:17:00 1951.00 1951.00 1948.00 1949.00 44136.00
20150911  11:18:00 1949.00 1951.00 1949.00 1950.00 16620.00
20150911  11:19:00 1950.00 1951.00 1950.00 1951.00 13156.00
20150911  11:20:00 1951.00 1952.00 1950.00 1952.00 7390.00
20150911  11:21:00 1952.00 1952.00 1950.00 1951.00 7690.00
20150911  11:22:00 1951.00 1952.00 1950.00 1951.00 14344.00
20150911  11:23:00 1952.00 1953.00 1951.00 1952.00 12194.00
20150911  11:24:00 1952.00 1953.00 1952.00 1953.00 5014.00
20150911  11:25:00 1953.00 1953.00 1952.00 1953.00 3488.00
20150911  11:26:00 1953.00 1953.00 1952.00 1953.00 7704.00
20150911  11:27:00 1953.00 1953.00 1952.00 1953.00 1538.00
20150911  11:28:00 1952.00 1953.00 1952.00 1952.00 3572.00
20150911  11:29:00 1953.00 1953.00 1952.00 1953.00 8974.00
20150911  13:30:00 1953.00 1953.00 1951.00 1953.00 22614.00
20150911  13:31:00 1952.00 1953.00 1951.00 1952.00 9734.00
20150911  13:32:00 1952.00 1953.00 1951.00 1951.00 10580.00
20150911  13:33:00 1952.00 1953.00 1951.00 1952.00 10030.00
20150911  13:34:00 1952.00 1954.00 1952.00 1953.00 11192.00
20150911  13:35:00 1953.00 1954.00 1952.00 1954.00 5116.00
20150911  13:36:00 1954.00 1954.00 1953.00 1954.00 4898.00
20150911  13:37:00 1954.00 1954.00 1953.00 1953.00 2600.00
20150911  13:38:00 1954.00 1955.00 1953.00 1954.00 14068.00
20150911  13:39:00 1954.00 1955.00 1953.00 1954.00 8482.00
20150911  13:40:00 1954.00 1954.00 1953.00 1953.00 504.00
20150911  13:41:00 1953.00 1954.00 1952.00 1953.00 11022.00
20150911  13:42:00 1954.00 1954.00 1952.00 1952.00 2424.00
20150911  13:43:00 1952.00 1954.00 1952.00 1954.00 5198.00
20150911  13:44:00 1954.00 1955.00 1953.00 1954.00 15128.00
20150911  13:45:00 1954.00 1954.00 1953.00 1954.00 4048.00
20150911  13:46:00 1954.00 1955.00 1953.00 1954.00 15542.00
20150911  13:47:00 1954.00 1955.00 1953.00 1954.00 10672.00
20150911  13:48:00 1954.00 1954.00 1952.00 1954.00 9794.00
20150911  13:49:00 1953.00 1954.00 1953.00 1954.00 444.00
20150911  13:50:00 1953.00 1954.00 1952.00 1952.00 9966.00
20150911  13:51:00 1952.00 1954.00 1951.00 1954.00 17830.00
20150911  13:52:00 1954.00 1954.00 1953.00 1954.00 3120.00
20150911  13:53:00 1954.00 1954.00 1952.00 1953.00 6676.00
20150911  13:54:00 1953.00 1953.00 1952.00 1953.00 1082.00
20150911  13:55:00 1952.00 1954.00 1952.00 1953.00 5528.00
20150911  13:56:00 1953.00 1955.00 1953.00 1954.00 12580.00
20150911  13:57:00 1954.00 1954.00 1953.00 1954.00 3834.00
20150911  13:58:00 1954.00 1954.00 1952.00 1953.00 11516.00
20150911  13:59:00 1953.00 1953.00 1951.00 1951.00 15716.00
20150911  14:00:00 1951.00 1952.00 1951.00 1952.00 8696.00
20150911  14:01:00 1951.00 1953.00 1951.00 1952.00 8986.00
20150911  14:02:00 1952.00 1953.00 1951.00 1952.00 20904.00
20150911  14:03:00 1952.00 1952.00 1951.00 1951.00 4772.00
20150911  14:04:00 1951.00 1952.00 1951.00 1951.00 15370.00
20150911  14:05:00 1951.00 1953.00 1951.00 1953.00 12524.00
20150911  14:06:00 1953.00 1953.00 1951.00 1952.00 8416.00
20150911  14:07:00 1952.00 1953.00 1951.00 1951.00 3754.00
20150911  14:08:00 1951.00 1952.00 1951.00 1951.00 1098.00
20150911  14:09:00 1951.00 1952.00 1951.00 1951.00 1162.00
20150911  14:10:00 1951.00 1953.00 1951.00 1952.00 4498.00
20150911  14:11:00 1952.00 1953.00 1952.00 1952.00 4804.00
20150911  14:12:00 1953.00 1954.00 1952.00 1954.00 10218.00
20150911  14:13:00 1954.00 1954.00 1953.00 1954.00 8010.00
20150911  14:14:00 1953.00 1955.00 1953.00 1953.00 12878.00
20150911  14:15:00 1954.00 1954.00 1953.00 1954.00 11822.00
20150911  14:16:00 1954.00 1954.00 1953.00 1954.00 5344.00
20150911  14:17:00 1954.00 1954.00 1952.00 1952.00 9178.00
20150911  14:18:00 1952.00 1954.00 1952.00 1953.00 7808.00
20150911  14:19:00 1953.00 1954.00 1952.00 1953.00 3632.00
20150911  14:20:00 1953.00 1954.00 1952.00 1953.00 10280.00
20150911  14:21:00 1953.00 1954.00 1952.00 1953.00 7174.00
20150911  14:22:00 1953.00 1954.00 1953.00 1953.00 3540.00
20150911  14:23:00 1954.00 1955.00 1953.00 1955.00 10742.00
20150911  14:24:00 1954.00 1956.00 1954.00 1954.00 28136.00
20150911  14:25:00 1954.00 1955.00 1953.00 1953.00 19334.00
20150911  14:26:00 1953.00 1954.00 1952.00 1953.00 10062.00
20150911  14:27:00 1953.00 1953.00 1951.00 1951.00 24464.00
20150911  14:28:00 1951.00 1952.00 1950.00 1951.00 15094.00
20150911  14:29:00 1951.00 1952.00 1950.00 1951.00 12198.00
20150911  14:30:00 1951.00 1952.00 1949.00 1950.00 64436.00
20150911  14:31:00 1949.00 1951.00 1949.00 1951.00 16396.00
20150911  14:32:00 1950.00 1951.00 1949.00 1950.00 18076.00
20150911  14:33:00 1950.00 1950.00 1948.00 1950.00 29748.00
20150911  14:34:00 1950.00 1951.00 1949.00 1951.00 13694.00
20150911  14:35:00 1951.00 1951.00 1950.00 1950.00 12442.00
20150911  14:36:00 1950.00 1951.00 1949.00 1950.00 15196.00
20150911  14:37:00 1951.00 1951.00 1950.00 1950.00 1472.00
20150911  14:38:00 1951.00 1951.00 1948.00 1949.00 12078.00
20150911  14:39:00 1948.00 1949.00 1947.00 1947.00 26544.00
20150911  14:40:00 1947.00 1949.00 1947.00 1948.00 20548.00
20150911  14:41:00 1948.00 1949.00 1948.00 1949.00 5946.00
20150911  14:42:00 1948.00 1949.00 1948.00 1948.00 2862.00
20150911  14:43:00 1948.00 1949.00 1948.00 1948.00 3310.00
20150911  14:44:00 1949.00 1950.00 1948.00 1950.00 12410.00
20150911  14:45:00 1950.00 1950.00 1948.00 1949.00 9808.00
20150911  14:46:00 1949.00 1949.00 1948.00 1949.00 2770.00
20150911  14:47:00 1948.00 1949.00 1947.00 1947.00 8104.00
20150911  14:48:00 1948.00 1949.00 1947.00 1947.00 9790.00
20150911  14:49:00 1948.00 1948.00 1946.00 1947.00 20710.00
20150911  14:50:00 1947.00 1948.00 1947.00 1947.00 4716.00
20150911  14:51:00 1947.00 1949.00 1947.00 1949.00 18020.00
20150911  14:52:00 1949.00 1949.00 1948.00 1948.00 5504.00
20150911  14:53:00 1948.00 1951.00 1948.00 1951.00 25332.00
20150911  14:54:00 1951.00 1951.00 1949.00 1950.00 11618.00
20150911  14:55:00 1949.00 1950.00 1948.00 1949.00 17800.00
20150911  14:56:00 1949.00 1950.00 1949.00 1949.00 17132.00
20150911  14:57:00 1949.00 1950.00 1948.00 1948.00 21250.00
20150911  14:58:00 1948.00 1949.00 1947.00 1948.00 30254.00
20150911  14:59:00 1948.00 1948.00 1946.00 1947.00 42644.00
20150911  15:00:00 1946.00 1946.00 1946.00 1946.00 108.00
