20151228  21:00:00 1740.00 1744.00 1740.00 1743.00 34662.00
20151228  21:01:00 1742.00 1745.00 1742.00 1745.00 19636.00
20151228  21:02:00 1744.00 1747.00 1744.00 1745.00 51630.00
20151228  21:03:00 1745.00 1746.00 1744.00 1745.00 28964.00
20151228  21:04:00 1746.00 1746.00 1744.00 1745.00 27648.00
20151228  21:05:00 1745.00 1748.00 1744.00 1748.00 48176.00
20151228  21:06:00 1748.00 1750.00 1748.00 1748.00 63678.00
20151228  21:07:00 1748.00 1751.00 1748.00 1750.00 60784.00
20151228  21:08:00 1749.00 1750.00 1748.00 1750.00 50948.00
20151228  21:09:00 1750.00 1754.00 1749.00 1753.00 66626.00
20151228  21:10:00 1753.00 1755.00 1753.00 1754.00 101564.00
20151228  21:11:00 1753.00 1754.00 1752.00 1753.00 37260.00
20151228  21:12:00 1752.00 1753.00 1751.00 1753.00 43730.00
20151228  21:13:00 1753.00 1753.00 1752.00 1752.00 12134.00
20151228  21:14:00 1753.00 1755.00 1752.00 1755.00 58706.00
20151228  21:15:00 1755.00 1755.00 1753.00 1754.00 62466.00
20151228  21:16:00 1753.00 1755.00 1752.00 1755.00 52458.00
20151228  21:17:00 1754.00 1755.00 1753.00 1755.00 29278.00
20151228  21:18:00 1755.00 1755.00 1752.00 1753.00 33918.00
20151228  21:19:00 1753.00 1754.00 1752.00 1752.00 36404.00
20151228  21:20:00 1752.00 1754.00 1752.00 1753.00 27346.00
20151228  21:21:00 1753.00 1755.00 1753.00 1754.00 35462.00
20151228  21:22:00 1754.00 1756.00 1753.00 1756.00 47654.00
20151228  21:23:00 1755.00 1756.00 1753.00 1753.00 43838.00
20151228  21:24:00 1753.00 1754.00 1752.00 1753.00 32134.00
20151228  21:25:00 1752.00 1754.00 1752.00 1752.00 43070.00
20151228  21:26:00 1753.00 1753.00 1751.00 1751.00 18714.00
20151228  21:27:00 1751.00 1752.00 1751.00 1752.00 18444.00
20151228  21:28:00 1752.00 1753.00 1751.00 1751.00 27660.00
20151228  21:29:00 1751.00 1753.00 1751.00 1753.00 18080.00
20151228  21:30:00 1753.00 1753.00 1752.00 1753.00 28434.00
20151228  21:31:00 1753.00 1754.00 1752.00 1753.00 9918.00
20151228  21:32:00 1753.00 1754.00 1753.00 1753.00 2644.00
20151228  21:33:00 1754.00 1755.00 1753.00 1754.00 19470.00
20151228  21:34:00 1754.00 1755.00 1753.00 1753.00 28594.00
20151228  21:35:00 1754.00 1754.00 1753.00 1753.00 3832.00
20151228  21:36:00 1753.00 1755.00 1753.00 1754.00 9960.00
20151228  21:37:00 1754.00 1755.00 1753.00 1754.00 25912.00
20151228  21:38:00 1754.00 1754.00 1753.00 1754.00 5754.00
20151228  21:39:00 1753.00 1754.00 1752.00 1752.00 22548.00
20151228  21:40:00 1753.00 1754.00 1753.00 1754.00 26608.00
20151228  21:41:00 1754.00 1755.00 1753.00 1754.00 20114.00
20151228  21:42:00 1754.00 1755.00 1754.00 1754.00 4340.00
20151228  21:43:00 1754.00 1755.00 1753.00 1754.00 21082.00
20151228  21:44:00 1754.00 1755.00 1753.00 1754.00 11772.00
20151228  21:45:00 1754.00 1754.00 1753.00 1754.00 5016.00
20151228  21:46:00 1753.00 1754.00 1752.00 1753.00 11600.00
20151228  21:47:00 1753.00 1754.00 1752.00 1752.00 22672.00
20151228  21:48:00 1752.00 1754.00 1752.00 1754.00 6824.00
20151228  21:49:00 1754.00 1754.00 1753.00 1753.00 6182.00
20151228  21:50:00 1753.00 1755.00 1753.00 1754.00 19152.00
20151228  21:51:00 1754.00 1754.00 1753.00 1754.00 1380.00
20151228  21:52:00 1753.00 1754.00 1753.00 1754.00 2446.00
20151228  21:53:00 1754.00 1754.00 1753.00 1754.00 14670.00
20151228  21:54:00 1753.00 1755.00 1753.00 1753.00 22774.00
20151228  21:55:00 1754.00 1755.00 1754.00 1755.00 5360.00
20151228  21:56:00 1755.00 1755.00 1754.00 1755.00 5048.00
20151228  21:57:00 1754.00 1756.00 1754.00 1756.00 48486.00
20151228  21:58:00 1755.00 1756.00 1754.00 1755.00 32338.00
20151228  21:59:00 1755.00 1756.00 1754.00 1755.00 22032.00
20151228  22:00:00 1756.00 1756.00 1755.00 1756.00 9698.00
20151228  22:01:00 1755.00 1756.00 1755.00 1755.00 8970.00
20151228  22:02:00 1755.00 1757.00 1754.00 1756.00 45846.00
20151228  22:03:00 1756.00 1758.00 1756.00 1757.00 86878.00
20151228  22:04:00 1757.00 1758.00 1756.00 1756.00 28392.00
20151228  22:05:00 1756.00 1757.00 1756.00 1757.00 12960.00
20151228  22:06:00 1756.00 1757.00 1755.00 1756.00 9390.00
20151228  22:07:00 1756.00 1756.00 1754.00 1755.00 17638.00
20151228  22:08:00 1754.00 1755.00 1752.00 1753.00 62844.00
20151228  22:09:00 1753.00 1754.00 1752.00 1752.00 19590.00
20151228  22:10:00 1752.00 1754.00 1752.00 1753.00 22712.00
20151228  22:11:00 1753.00 1753.00 1751.00 1751.00 23958.00
20151228  22:12:00 1751.00 1752.00 1750.00 1752.00 26236.00
20151228  22:13:00 1751.00 1753.00 1751.00 1752.00 27530.00
20151228  22:14:00 1751.00 1753.00 1751.00 1752.00 18954.00
20151228  22:15:00 1751.00 1752.00 1751.00 1751.00 1704.00
20151228  22:16:00 1751.00 1752.00 1751.00 1752.00 4142.00
20151228  22:17:00 1752.00 1752.00 1750.00 1751.00 31286.00
20151228  22:18:00 1751.00 1752.00 1750.00 1750.00 29882.00
20151228  22:19:00 1751.00 1752.00 1750.00 1750.00 10502.00
20151228  22:20:00 1751.00 1751.00 1750.00 1750.00 11670.00
20151228  22:21:00 1750.00 1752.00 1750.00 1751.00 14820.00
20151228  22:22:00 1751.00 1753.00 1751.00 1753.00 16572.00
20151228  22:23:00 1753.00 1753.00 1751.00 1752.00 10896.00
20151228  22:24:00 1752.00 1752.00 1751.00 1752.00 1572.00
20151228  22:25:00 1752.00 1752.00 1751.00 1751.00 972.00
20151228  22:26:00 1751.00 1752.00 1751.00 1752.00 1698.00
20151228  22:27:00 1752.00 1753.00 1751.00 1753.00 15464.00
20151228  22:28:00 1753.00 1754.00 1752.00 1753.00 14726.00
20151228  22:29:00 1754.00 1754.00 1753.00 1754.00 2844.00
20151228  22:30:00 1753.00 1754.00 1753.00 1754.00 2132.00
20151228  22:31:00 1754.00 1754.00 1753.00 1753.00 1666.00
20151228  22:32:00 1753.00 1754.00 1752.00 1753.00 7298.00
20151228  22:33:00 1753.00 1753.00 1752.00 1753.00 10824.00
20151228  22:34:00 1753.00 1754.00 1752.00 1753.00 10300.00
20151228  22:35:00 1753.00 1754.00 1753.00 1754.00 920.00
20151228  22:36:00 1753.00 1755.00 1753.00 1754.00 10938.00
20151228  22:37:00 1754.00 1755.00 1753.00 1753.00 6084.00
20151228  22:38:00 1754.00 1754.00 1753.00 1753.00 1132.00
20151228  22:39:00 1753.00 1754.00 1753.00 1754.00 972.00
20151228  22:40:00 1754.00 1755.00 1753.00 1755.00 11390.00
20151228  22:41:00 1754.00 1757.00 1754.00 1757.00 41628.00
20151228  22:42:00 1757.00 1757.00 1755.00 1755.00 8562.00
20151228  22:43:00 1755.00 1756.00 1755.00 1755.00 1370.00
20151228  22:44:00 1755.00 1756.00 1755.00 1756.00 3810.00
20151228  22:45:00 1756.00 1756.00 1755.00 1755.00 2098.00
20151228  22:46:00 1756.00 1756.00 1755.00 1755.00 1068.00
20151228  22:47:00 1755.00 1756.00 1755.00 1755.00 9886.00
20151228  22:48:00 1756.00 1756.00 1755.00 1755.00 778.00
20151228  22:49:00 1756.00 1756.00 1755.00 1755.00 1796.00
20151228  22:50:00 1755.00 1756.00 1754.00 1754.00 10210.00
20151228  22:51:00 1754.00 1755.00 1754.00 1755.00 2850.00
20151228  22:52:00 1754.00 1755.00 1754.00 1755.00 1468.00
20151228  22:53:00 1754.00 1755.00 1754.00 1754.00 1392.00
20151228  22:54:00 1754.00 1755.00 1754.00 1755.00 746.00
20151228  22:55:00 1755.00 1755.00 1754.00 1754.00 1830.00
20151228  22:56:00 1754.00 1756.00 1754.00 1755.00 8434.00
20151228  22:57:00 1756.00 1756.00 1755.00 1755.00 2268.00
20151228  22:58:00 1756.00 1756.00 1755.00 1756.00 1930.00
20151228  22:59:00 1756.00 1757.00 1755.00 1756.00 19196.00
20151228  23:00:00 1756.00 1757.00 1756.00 1756.00 5056.00
20151228  23:01:00 1756.00 1757.00 1756.00 1757.00 4416.00
20151228  23:02:00 1756.00 1757.00 1756.00 1756.00 7502.00
20151228  23:03:00 1756.00 1756.00 1755.00 1755.00 9000.00
20151228  23:04:00 1756.00 1756.00 1755.00 1755.00 5090.00
20151228  23:05:00 1755.00 1756.00 1754.00 1755.00 22014.00
20151228  23:06:00 1755.00 1756.00 1754.00 1754.00 7438.00
20151228  23:07:00 1754.00 1755.00 1754.00 1754.00 4312.00
20151228  23:08:00 1755.00 1755.00 1754.00 1755.00 924.00
20151228  23:09:00 1754.00 1756.00 1754.00 1755.00 8228.00
20151228  23:10:00 1755.00 1756.00 1755.00 1756.00 15168.00
20151228  23:11:00 1756.00 1756.00 1755.00 1756.00 564.00
20151228  23:12:00 1756.00 1756.00 1755.00 1755.00 678.00
20151228  23:13:00 1756.00 1756.00 1755.00 1756.00 818.00
20151228  23:14:00 1756.00 1757.00 1755.00 1756.00 8222.00
20151228  23:15:00 1756.00 1757.00 1755.00 1756.00 16644.00
20151228  23:16:00 1756.00 1756.00 1755.00 1756.00 726.00
20151228  23:17:00 1756.00 1756.00 1755.00 1756.00 11060.00
20151228  23:18:00 1756.00 1758.00 1756.00 1758.00 21714.00
20151228  23:19:00 1758.00 1758.00 1755.00 1756.00 26046.00
20151228  23:20:00 1756.00 1757.00 1755.00 1756.00 7290.00
20151228  23:21:00 1756.00 1757.00 1756.00 1757.00 14770.00
20151228  23:22:00 1757.00 1757.00 1756.00 1757.00 7388.00
20151228  23:23:00 1757.00 1757.00 1755.00 1756.00 5186.00
20151228  23:24:00 1756.00 1757.00 1756.00 1756.00 854.00
20151228  23:25:00 1757.00 1758.00 1756.00 1757.00 30658.00
20151228  23:26:00 1757.00 1757.00 1756.00 1757.00 4906.00
20151228  23:27:00 1756.00 1757.00 1756.00 1757.00 1454.00
20151228  23:28:00 1756.00 1758.00 1756.00 1757.00 4098.00
20151228  23:29:00 1757.00 1760.00 1757.00 1759.00 34062.00
20151228  23:30:00 1759.00 1761.00 1758.00 1760.00 45192.00
20151228  23:31:00 1761.00 1761.00 1760.00 1761.00 21130.00
20151228  23:32:00 1760.00 1761.00 1758.00 1758.00 23122.00
20151228  23:33:00 1758.00 1759.00 1758.00 1758.00 2930.00
20151228  23:34:00 1758.00 1759.00 1757.00 1757.00 19076.00
20151228  23:35:00 1758.00 1759.00 1757.00 1758.00 16142.00
20151228  23:36:00 1758.00 1759.00 1756.00 1757.00 21074.00
20151228  23:37:00 1757.00 1757.00 1756.00 1756.00 4908.00
20151228  23:38:00 1756.00 1757.00 1756.00 1756.00 2182.00
20151228  23:39:00 1756.00 1757.00 1756.00 1756.00 958.00
20151228  23:40:00 1757.00 1757.00 1756.00 1756.00 1272.00
20151228  23:41:00 1756.00 1757.00 1755.00 1755.00 10210.00
20151228  23:42:00 1755.00 1756.00 1754.00 1754.00 15304.00
20151228  23:43:00 1754.00 1756.00 1754.00 1755.00 20380.00
20151228  23:44:00 1755.00 1756.00 1755.00 1755.00 3700.00
20151228  23:45:00 1755.00 1756.00 1755.00 1756.00 1182.00
20151228  23:46:00 1755.00 1756.00 1755.00 1756.00 500.00
20151228  23:47:00 1756.00 1756.00 1755.00 1756.00 972.00
20151228  23:48:00 1755.00 1756.00 1755.00 1756.00 908.00
20151228  23:49:00 1755.00 1756.00 1755.00 1756.00 432.00
20151228  23:50:00 1756.00 1756.00 1754.00 1755.00 8576.00
20151228  23:51:00 1755.00 1755.00 1754.00 1754.00 2926.00
20151228  23:52:00 1754.00 1755.00 1754.00 1754.00 574.00
20151228  23:53:00 1754.00 1756.00 1754.00 1755.00 12398.00
20151228  23:54:00 1755.00 1756.00 1754.00 1755.00 5078.00
20151228  23:55:00 1755.00 1755.00 1754.00 1754.00 2558.00
20151228  23:56:00 1754.00 1755.00 1754.00 1755.00 424.00
20151228  23:57:00 1754.00 1755.00 1754.00 1754.00 776.00
20151228  23:58:00 1754.00 1756.00 1754.00 1755.00 8482.00
20151228  23:59:00 1756.00 1756.00 1754.00 1755.00 5714.00
20151229  00:00:00 1755.00 1756.00 1754.00 1755.00 4584.00
20151229  00:01:00 1755.00 1755.00 1754.00 1755.00 286.00
20151229  00:02:00 1755.00 1755.00 1754.00 1755.00 896.00
20151229  00:03:00 1755.00 1755.00 1754.00 1755.00 996.00
20151229  00:04:00 1754.00 1755.00 1754.00 1755.00 926.00
20151229  00:05:00 1755.00 1755.00 1754.00 1754.00 2080.00
20151229  00:06:00 1755.00 1755.00 1754.00 1754.00 622.00
20151229  00:07:00 1754.00 1755.00 1754.00 1754.00 360.00
20151229  00:08:00 1754.00 1755.00 1754.00 1755.00 750.00
20151229  00:09:00 1755.00 1755.00 1753.00 1753.00 8630.00
20151229  00:10:00 1754.00 1755.00 1753.00 1754.00 5274.00
20151229  00:11:00 1754.00 1755.00 1754.00 1754.00 1060.00
20151229  00:12:00 1754.00 1755.00 1753.00 1753.00 3552.00
20151229  00:13:00 1754.00 1754.00 1753.00 1754.00 514.00
20151229  00:14:00 1754.00 1754.00 1753.00 1754.00 870.00
20151229  00:15:00 1754.00 1755.00 1753.00 1755.00 1980.00
20151229  00:16:00 1755.00 1755.00 1754.00 1754.00 190.00
20151229  00:17:00 1754.00 1755.00 1754.00 1755.00 344.00
20151229  00:18:00 1755.00 1755.00 1754.00 1755.00 2694.00
20151229  00:19:00 1755.00 1755.00 1754.00 1754.00 202.00
20151229  00:20:00 1754.00 1755.00 1754.00 1755.00 210.00
20151229  00:21:00 1755.00 1755.00 1754.00 1754.00 306.00
20151229  00:22:00 1754.00 1755.00 1754.00 1755.00 6696.00
20151229  00:23:00 1755.00 1755.00 1754.00 1755.00 6646.00
20151229  00:24:00 1755.00 1755.00 1754.00 1754.00 732.00
20151229  00:25:00 1754.00 1755.00 1754.00 1755.00 718.00
20151229  00:26:00 1755.00 1755.00 1754.00 1754.00 118.00
20151229  00:27:00 1755.00 1755.00 1754.00 1754.00 422.00
20151229  00:28:00 1754.00 1755.00 1754.00 1754.00 472.00
20151229  00:29:00 1754.00 1755.00 1754.00 1754.00 436.00
20151229  00:30:00 1754.00 1755.00 1754.00 1754.00 2638.00
20151229  00:31:00 1754.00 1755.00 1754.00 1754.00 184.00
20151229  00:32:00 1754.00 1755.00 1754.00 1755.00 610.00
20151229  00:33:00 1755.00 1755.00 1754.00 1755.00 620.00
20151229  00:34:00 1755.00 1755.00 1754.00 1754.00 1154.00
20151229  00:35:00 1754.00 1755.00 1754.00 1754.00 448.00
20151229  00:36:00 1755.00 1755.00 1754.00 1755.00 4136.00
20151229  00:37:00 1755.00 1755.00 1754.00 1755.00 1172.00
20151229  00:38:00 1755.00 1756.00 1754.00 1755.00 4874.00
20151229  00:39:00 1755.00 1756.00 1755.00 1755.00 4562.00
20151229  00:40:00 1755.00 1756.00 1754.00 1755.00 4008.00
20151229  00:41:00 1755.00 1755.00 1754.00 1755.00 378.00
20151229  00:42:00 1755.00 1755.00 1754.00 1754.00 580.00
20151229  00:43:00 1754.00 1755.00 1754.00 1754.00 102.00
20151229  00:44:00 1755.00 1755.00 1754.00 1755.00 354.00
20151229  00:45:00 1755.00 1755.00 1754.00 1755.00 350.00
20151229  00:46:00 1755.00 1755.00 1754.00 1754.00 110.00
20151229  00:47:00 1754.00 1755.00 1754.00 1754.00  70.00
20151229  00:48:00 1754.00 1755.00 1754.00 1754.00 224.00
20151229  00:49:00 1754.00 1755.00 1754.00 1754.00 1116.00
20151229  00:50:00 1754.00 1755.00 1754.00 1755.00 1590.00
20151229  00:51:00 1755.00 1755.00 1754.00 1754.00 11512.00
20151229  00:52:00 1754.00 1754.00 1753.00 1754.00 2524.00
20151229  00:53:00 1754.00 1754.00 1753.00 1754.00 2834.00
20151229  00:54:00 1754.00 1755.00 1754.00 1754.00 132.00
20151229  00:55:00 1755.00 1755.00 1753.00 1754.00 3562.00
20151229  00:56:00 1754.00 1754.00 1753.00 1754.00 586.00
20151229  00:57:00 1754.00 1754.00 1753.00 1754.00 2366.00
20151229  00:58:00 1754.00 1754.00 1753.00 1753.00 3442.00
20151229  00:59:00 1754.00 1754.00 1753.00 1753.00 4370.00
20151229  01:00:00 1754.00 1754.00 1754.00 1754.00  78.00
20151229  09:00:00 1754.00 1756.00 1754.00 1756.00 20144.00
20151229  09:01:00 1756.00 1757.00 1754.00 1754.00 24516.00
20151229  09:02:00 1754.00 1755.00 1753.00 1753.00 9172.00
20151229  09:03:00 1753.00 1754.00 1750.00 1751.00 47008.00
20151229  09:04:00 1751.00 1752.00 1751.00 1752.00 6754.00
20151229  09:05:00 1752.00 1753.00 1751.00 1753.00 12626.00
20151229  09:06:00 1752.00 1753.00 1752.00 1752.00 11160.00
20151229  09:07:00 1753.00 1755.00 1752.00 1754.00 31354.00
20151229  09:08:00 1754.00 1757.00 1754.00 1756.00 33732.00
20151229  09:09:00 1756.00 1757.00 1755.00 1757.00 10286.00
20151229  09:10:00 1756.00 1759.00 1756.00 1758.00 29762.00
20151229  09:11:00 1758.00 1760.00 1758.00 1758.00 27926.00
20151229  09:12:00 1758.00 1759.00 1757.00 1757.00 22794.00
20151229  09:13:00 1757.00 1758.00 1757.00 1758.00 4232.00
20151229  09:14:00 1758.00 1758.00 1754.00 1754.00 22794.00
20151229  09:15:00 1754.00 1755.00 1753.00 1754.00 19526.00
20151229  09:16:00 1754.00 1754.00 1753.00 1753.00 7894.00
20151229  09:17:00 1753.00 1755.00 1753.00 1754.00 8936.00
20151229  09:18:00 1754.00 1755.00 1752.00 1752.00 32172.00
20151229  09:19:00 1753.00 1754.00 1752.00 1752.00 13098.00
20151229  09:20:00 1752.00 1753.00 1752.00 1752.00 4102.00
20151229  09:21:00 1753.00 1754.00 1752.00 1754.00 11138.00
20151229  09:22:00 1753.00 1755.00 1753.00 1753.00 18312.00
20151229  09:23:00 1754.00 1754.00 1753.00 1754.00 1734.00
20151229  09:24:00 1754.00 1754.00 1753.00 1753.00 2096.00
20151229  09:25:00 1753.00 1754.00 1753.00 1753.00 736.00
20151229  09:26:00 1753.00 1755.00 1753.00 1754.00 17160.00
20151229  09:27:00 1754.00 1755.00 1753.00 1754.00 13122.00
20151229  09:28:00 1754.00 1755.00 1754.00 1755.00 1986.00
20151229  09:29:00 1755.00 1756.00 1754.00 1755.00 25186.00
20151229  09:30:00 1755.00 1755.00 1754.00 1755.00 3262.00
20151229  09:31:00 1754.00 1755.00 1754.00 1755.00 8212.00
20151229  09:32:00 1755.00 1755.00 1754.00 1754.00 5022.00
20151229  09:33:00 1755.00 1756.00 1755.00 1755.00 16494.00
20151229  09:34:00 1755.00 1756.00 1754.00 1755.00 7228.00
20151229  09:35:00 1755.00 1755.00 1754.00 1755.00 1972.00
20151229  09:36:00 1754.00 1755.00 1754.00 1754.00 614.00
20151229  09:37:00 1754.00 1755.00 1753.00 1753.00 9674.00
20151229  09:38:00 1753.00 1755.00 1753.00 1755.00 7956.00
20151229  09:39:00 1755.00 1755.00 1754.00 1754.00 1640.00
20151229  09:40:00 1754.00 1755.00 1754.00 1754.00 4496.00
20151229  09:41:00 1754.00 1755.00 1754.00 1754.00 4774.00
20151229  09:42:00 1754.00 1755.00 1754.00 1754.00 10200.00
20151229  09:43:00 1754.00 1755.00 1753.00 1754.00 11950.00
20151229  09:44:00 1754.00 1755.00 1753.00 1755.00 6114.00
20151229  09:45:00 1755.00 1756.00 1754.00 1755.00 15308.00
20151229  09:46:00 1755.00 1755.00 1754.00 1755.00 658.00
20151229  09:47:00 1755.00 1756.00 1755.00 1756.00 9930.00
20151229  09:48:00 1756.00 1756.00 1755.00 1756.00 2406.00
20151229  09:49:00 1756.00 1756.00 1755.00 1756.00 5452.00
20151229  09:50:00 1756.00 1757.00 1756.00 1757.00 13856.00
20151229  09:51:00 1756.00 1757.00 1755.00 1755.00 9810.00
20151229  09:52:00 1755.00 1756.00 1754.00 1755.00 4344.00
20151229  09:53:00 1755.00 1756.00 1754.00 1755.00 4400.00
20151229  09:54:00 1756.00 1756.00 1755.00 1756.00 15338.00
20151229  09:55:00 1756.00 1757.00 1755.00 1756.00 7766.00
20151229  09:56:00 1756.00 1756.00 1755.00 1755.00 2738.00
20151229  09:57:00 1755.00 1756.00 1755.00 1756.00 10000.00
20151229  09:58:00 1756.00 1757.00 1755.00 1756.00 5718.00
20151229  09:59:00 1757.00 1757.00 1755.00 1756.00 4194.00
20151229  10:00:00 1756.00 1757.00 1755.00 1755.00 9804.00
20151229  10:01:00 1756.00 1757.00 1755.00 1757.00 4348.00
20151229  10:02:00 1757.00 1757.00 1756.00 1756.00 8498.00
20151229  10:03:00 1757.00 1758.00 1756.00 1758.00 10950.00
20151229  10:04:00 1757.00 1759.00 1757.00 1759.00 36604.00
20151229  10:05:00 1759.00 1759.00 1758.00 1759.00 24366.00
20151229  10:06:00 1759.00 1759.00 1758.00 1759.00 6396.00
20151229  10:07:00 1759.00 1759.00 1757.00 1757.00 10880.00
20151229  10:08:00 1757.00 1758.00 1756.00 1756.00 11460.00
20151229  10:09:00 1756.00 1757.00 1755.00 1756.00 6238.00
20151229  10:10:00 1756.00 1757.00 1755.00 1756.00 10910.00
20151229  10:11:00 1756.00 1757.00 1756.00 1756.00 5348.00
20151229  10:12:00 1756.00 1757.00 1756.00 1757.00 8556.00
20151229  10:13:00 1757.00 1757.00 1756.00 1757.00 988.00
20151229  10:14:00 1757.00 1757.00 1756.00 1757.00 10154.00
20151229  10:30:00 1757.00 1758.00 1757.00 1758.00 8608.00
20151229  10:31:00 1758.00 1758.00 1757.00 1758.00 1200.00
20151229  10:32:00 1758.00 1758.00 1757.00 1758.00 1632.00
20151229  10:33:00 1758.00 1758.00 1757.00 1758.00 822.00
20151229  10:34:00 1757.00 1758.00 1756.00 1758.00 12598.00
20151229  10:35:00 1758.00 1759.00 1757.00 1757.00 12848.00
20151229  10:36:00 1757.00 1758.00 1757.00 1757.00 726.00
20151229  10:37:00 1757.00 1758.00 1757.00 1757.00 614.00
20151229  10:38:00 1757.00 1759.00 1757.00 1758.00 6918.00
20151229  10:39:00 1758.00 1761.00 1758.00 1761.00 49562.00
20151229  10:40:00 1760.00 1762.00 1760.00 1762.00 44558.00
20151229  10:41:00 1761.00 1763.00 1761.00 1763.00 42244.00
20151229  10:42:00 1762.00 1764.00 1762.00 1763.00 41602.00
20151229  10:43:00 1764.00 1769.00 1763.00 1767.00 144042.00
20151229  10:44:00 1767.00 1767.00 1765.00 1766.00 44062.00
20151229  10:45:00 1765.00 1767.00 1765.00 1765.00 26584.00
20151229  10:46:00 1766.00 1766.00 1764.00 1764.00 27714.00
20151229  10:47:00 1764.00 1766.00 1764.00 1765.00 21106.00
20151229  10:48:00 1766.00 1766.00 1765.00 1765.00 7058.00
20151229  10:49:00 1766.00 1767.00 1765.00 1767.00 19296.00
20151229  10:50:00 1767.00 1767.00 1765.00 1766.00 36144.00
20151229  10:51:00 1765.00 1769.00 1765.00 1769.00 46342.00
20151229  10:52:00 1768.00 1769.00 1766.00 1766.00 31124.00
20151229  10:53:00 1766.00 1768.00 1765.00 1766.00 35966.00
20151229  10:54:00 1765.00 1767.00 1765.00 1766.00 23726.00
20151229  10:55:00 1766.00 1767.00 1765.00 1766.00 16304.00
20151229  10:56:00 1766.00 1768.00 1765.00 1767.00 25630.00
20151229  10:57:00 1767.00 1767.00 1766.00 1766.00 7806.00
20151229  10:58:00 1766.00 1767.00 1766.00 1767.00 4356.00
20151229  10:59:00 1767.00 1768.00 1766.00 1767.00 11460.00
20151229  11:00:00 1767.00 1769.00 1766.00 1767.00 38288.00
20151229  11:01:00 1767.00 1768.00 1765.00 1766.00 26598.00
20151229  11:02:00 1765.00 1766.00 1765.00 1765.00 9102.00
20151229  11:03:00 1766.00 1766.00 1765.00 1765.00 33090.00
20151229  11:04:00 1766.00 1766.00 1765.00 1766.00 17324.00
20151229  11:05:00 1766.00 1767.00 1765.00 1766.00 9946.00
20151229  11:06:00 1766.00 1767.00 1765.00 1767.00 9592.00
20151229  11:07:00 1766.00 1767.00 1766.00 1766.00 2048.00
20151229  11:08:00 1766.00 1770.00 1766.00 1770.00 62954.00
20151229  11:09:00 1770.00 1770.00 1768.00 1768.00 26324.00
20151229  11:10:00 1769.00 1769.00 1767.00 1768.00 16816.00
20151229  11:11:00 1768.00 1768.00 1766.00 1766.00 22688.00
20151229  11:12:00 1766.00 1768.00 1766.00 1767.00 13936.00
20151229  11:13:00 1768.00 1768.00 1766.00 1766.00 5950.00
20151229  11:14:00 1767.00 1768.00 1766.00 1768.00 14834.00
20151229  11:15:00 1768.00 1769.00 1767.00 1768.00 10108.00
20151229  11:16:00 1769.00 1771.00 1768.00 1770.00 53942.00
20151229  11:17:00 1770.00 1770.00 1768.00 1769.00 16492.00
20151229  11:18:00 1769.00 1769.00 1765.00 1766.00 55994.00
20151229  11:19:00 1766.00 1767.00 1765.00 1766.00 8530.00
20151229  11:20:00 1766.00 1768.00 1766.00 1767.00 32742.00
20151229  11:21:00 1767.00 1768.00 1767.00 1767.00 17080.00
20151229  11:22:00 1767.00 1768.00 1767.00 1767.00 16018.00
20151229  11:23:00 1768.00 1768.00 1767.00 1767.00 3640.00
20151229  11:24:00 1767.00 1769.00 1767.00 1769.00 10568.00
20151229  11:25:00 1769.00 1769.00 1767.00 1769.00 20728.00
20151229  11:26:00 1769.00 1770.00 1769.00 1769.00 31688.00
20151229  11:27:00 1770.00 1771.00 1769.00 1771.00 18978.00
20151229  11:28:00 1771.00 1771.00 1769.00 1770.00 27076.00
20151229  11:29:00 1769.00 1771.00 1769.00 1770.00 20402.00
20151229  13:30:00 1771.00 1775.00 1770.00 1775.00 95880.00
20151229  13:31:00 1774.00 1780.00 1774.00 1778.00 120852.00
20151229  13:32:00 1778.00 1780.00 1777.00 1777.00 51854.00
20151229  13:33:00 1777.00 1778.00 1776.00 1777.00 32272.00
20151229  13:34:00 1777.00 1778.00 1777.00 1777.00 12478.00
20151229  13:35:00 1778.00 1779.00 1777.00 1779.00 58416.00
20151229  13:36:00 1779.00 1781.00 1778.00 1781.00 52656.00
20151229  13:37:00 1781.00 1781.00 1779.00 1779.00 55064.00
20151229  13:38:00 1779.00 1780.00 1778.00 1779.00 35856.00
20151229  13:39:00 1779.00 1782.00 1779.00 1781.00 37438.00
20151229  13:40:00 1781.00 1784.00 1781.00 1783.00 67728.00
20151229  13:41:00 1784.00 1784.00 1782.00 1782.00 24816.00
20151229  13:42:00 1782.00 1784.00 1781.00 1784.00 33174.00
20151229  13:43:00 1784.00 1784.00 1782.00 1783.00 35110.00
20151229  13:44:00 1782.00 1785.00 1782.00 1784.00 56400.00
20151229  13:45:00 1784.00 1788.00 1784.00 1788.00 66918.00
20151229  13:46:00 1787.00 1790.00 1787.00 1788.00 82142.00
20151229  13:47:00 1789.00 1789.00 1787.00 1787.00 44920.00
20151229  13:48:00 1788.00 1789.00 1786.00 1787.00 42924.00
20151229  13:49:00 1787.00 1788.00 1785.00 1785.00 34038.00
20151229  13:50:00 1786.00 1787.00 1784.00 1785.00 55974.00
20151229  13:51:00 1785.00 1786.00 1784.00 1785.00 32580.00
20151229  13:52:00 1785.00 1786.00 1785.00 1786.00 27436.00
20151229  13:53:00 1786.00 1787.00 1785.00 1786.00 21894.00
20151229  13:54:00 1786.00 1786.00 1784.00 1784.00 27844.00
20151229  13:55:00 1784.00 1786.00 1784.00 1786.00 31574.00
20151229  13:56:00 1786.00 1786.00 1784.00 1785.00 24334.00
20151229  13:57:00 1785.00 1786.00 1784.00 1786.00 15232.00
20151229  13:58:00 1785.00 1786.00 1784.00 1785.00 18444.00
20151229  13:59:00 1785.00 1786.00 1784.00 1785.00 19292.00
20151229  14:00:00 1785.00 1786.00 1782.00 1782.00 38742.00
20151229  14:01:00 1782.00 1783.00 1782.00 1782.00 20728.00
20151229  14:02:00 1782.00 1784.00 1782.00 1783.00 14602.00
20151229  14:03:00 1784.00 1784.00 1782.00 1783.00 29242.00
20151229  14:04:00 1783.00 1783.00 1782.00 1783.00 27790.00
20151229  14:05:00 1783.00 1783.00 1782.00 1783.00 15522.00
20151229  14:06:00 1782.00 1783.00 1782.00 1783.00 16686.00
20151229  14:07:00 1783.00 1784.00 1781.00 1782.00 28098.00
20151229  14:08:00 1782.00 1782.00 1781.00 1781.00 20350.00
20151229  14:09:00 1781.00 1781.00 1778.00 1778.00 71416.00
20151229  14:10:00 1778.00 1779.00 1778.00 1779.00 43704.00
20151229  14:11:00 1779.00 1781.00 1779.00 1781.00 28344.00
20151229  14:12:00 1781.00 1781.00 1780.00 1780.00 12572.00
20151229  14:13:00 1781.00 1781.00 1779.00 1780.00 16590.00
20151229  14:14:00 1780.00 1781.00 1780.00 1781.00 5540.00
20151229  14:15:00 1781.00 1782.00 1780.00 1782.00 8788.00
20151229  14:16:00 1782.00 1783.00 1781.00 1781.00 25672.00
20151229  14:17:00 1781.00 1782.00 1780.00 1780.00 11096.00
20151229  14:18:00 1780.00 1781.00 1779.00 1780.00 14052.00
20151229  14:19:00 1781.00 1781.00 1779.00 1779.00 21470.00
20151229  14:20:00 1779.00 1780.00 1778.00 1780.00 17688.00
20151229  14:21:00 1780.00 1781.00 1779.00 1780.00 7380.00
20151229  14:22:00 1780.00 1781.00 1779.00 1780.00 20092.00
20151229  14:23:00 1780.00 1781.00 1780.00 1780.00 3122.00
20151229  14:24:00 1781.00 1781.00 1780.00 1781.00 2848.00
20151229  14:25:00 1781.00 1781.00 1780.00 1781.00 9922.00
20151229  14:26:00 1780.00 1781.00 1780.00 1780.00 2658.00
20151229  14:27:00 1780.00 1782.00 1780.00 1782.00 9092.00
20151229  14:28:00 1782.00 1784.00 1781.00 1784.00 26032.00
20151229  14:29:00 1784.00 1785.00 1782.00 1783.00 48550.00
20151229  14:30:00 1783.00 1784.00 1782.00 1784.00 25342.00
20151229  14:31:00 1783.00 1784.00 1782.00 1783.00 41106.00
20151229  14:32:00 1783.00 1784.00 1782.00 1783.00 14678.00
20151229  14:33:00 1783.00 1784.00 1782.00 1783.00 16852.00
20151229  14:34:00 1783.00 1783.00 1782.00 1782.00 5756.00
20151229  14:35:00 1783.00 1783.00 1781.00 1781.00 23432.00
20151229  14:36:00 1781.00 1782.00 1780.00 1780.00 22166.00
20151229  14:37:00 1780.00 1782.00 1780.00 1782.00 13360.00
20151229  14:38:00 1781.00 1784.00 1781.00 1784.00 19034.00
20151229  14:39:00 1784.00 1784.00 1782.00 1783.00 31124.00
20151229  14:40:00 1783.00 1783.00 1781.00 1782.00 12650.00
20151229  14:41:00 1781.00 1782.00 1779.00 1779.00 21006.00
20151229  14:42:00 1780.00 1780.00 1776.00 1776.00 59634.00
20151229  14:43:00 1776.00 1779.00 1776.00 1779.00 26290.00
20151229  14:44:00 1779.00 1779.00 1777.00 1777.00 23446.00
20151229  14:45:00 1778.00 1778.00 1775.00 1778.00 51114.00
20151229  14:46:00 1778.00 1779.00 1777.00 1779.00 15060.00
20151229  14:47:00 1779.00 1780.00 1778.00 1779.00 12410.00
20151229  14:48:00 1779.00 1780.00 1779.00 1780.00 13230.00
20151229  14:49:00 1779.00 1780.00 1779.00 1780.00 16270.00
20151229  14:50:00 1780.00 1781.00 1779.00 1781.00 18882.00
20151229  14:51:00 1781.00 1783.00 1781.00 1783.00 31684.00
20151229  14:52:00 1782.00 1783.00 1780.00 1781.00 23060.00
20151229  14:53:00 1781.00 1782.00 1780.00 1781.00 13232.00
20151229  14:54:00 1780.00 1781.00 1778.00 1780.00 44198.00
20151229  14:55:00 1780.00 1781.00 1779.00 1780.00 9044.00
20151229  14:56:00 1781.00 1781.00 1779.00 1780.00 12730.00
20151229  14:57:00 1780.00 1780.00 1779.00 1780.00 27866.00
20151229  14:58:00 1780.00 1781.00 1779.00 1780.00 34302.00
20151229  14:59:00 1779.00 1781.00 1779.00 1781.00 36640.00
20151229  15:00:00 1780.00 1780.00 1780.00 1780.00 156.00
