20160530  21:01:00 1988.00 1993.00 1980.00 1992.00 122054.00
20160530  21:02:00 1993.00 1997.00 1992.00 1992.00 50190.00
20160530  21:03:00 1993.00 1996.00 1991.00 1994.00 21662.00
20160530  21:04:00 1994.00 1994.00 1989.00 1991.00 18996.00
20160530  21:05:00 1991.00 1994.00 1991.00 1992.00 11060.00
20160530  21:06:00 1992.00 1992.00 1989.00 1990.00 14322.00
20160530  21:07:00 1991.00 1991.00 1989.00 1991.00 12424.00
20160530  21:08:00 1990.00 1995.00 1990.00 1994.00 18272.00
20160530  21:09:00 1994.00 1996.00 1993.00 1994.00 17942.00
20160530  21:10:00 1994.00 1997.00 1993.00 1996.00 19244.00
20160530  21:11:00 1997.00 2000.00 1996.00 2000.00 36112.00
20160530  21:12:00 2000.00 2001.00 1993.00 1997.00 40850.00
20160530  21:13:00 1997.00 1997.00 1995.00 1996.00 14280.00
20160530  21:14:00 1996.00 1996.00 1994.00 1995.00 9798.00
20160530  21:15:00 1996.00 1999.00 1996.00 1997.00 13242.00
20160530  21:16:00 1998.00 1999.00 1997.00 1998.00 13622.00
20160530  21:17:00 1999.00 2002.00 1998.00 2000.00 29956.00
20160530  21:18:00 2000.00 2002.00 1998.00 1999.00 21736.00
20160530  21:19:00 1999.00 2004.00 1999.00 2003.00 39062.00
20160530  21:20:00 2004.00 2005.00 2000.00 2001.00 32020.00
20160530  21:21:00 2002.00 2003.00 2001.00 2001.00 12388.00
20160530  21:22:00 2000.00 2003.00 2000.00 2002.00 15340.00
20160530  21:23:00 2003.00 2004.00 2002.00 2002.00 11186.00
20160530  21:24:00 2003.00 2004.00 1998.00 2000.00 28120.00
20160530  21:25:00 2000.00 2003.00 2000.00 2002.00 11890.00
20160530  21:26:00 2003.00 2003.00 2002.00 2003.00 9648.00
20160530  21:27:00 2002.00 2002.00 1998.00 2000.00 15604.00
20160530  21:28:00 1999.00 2008.00 1999.00 2007.00 33626.00
20160530  21:29:00 2007.00 2007.00 2002.00 2007.00 39820.00
20160530  21:30:00 2006.00 2017.00 2006.00 2015.00 116098.00
20160530  21:31:00 2015.00 2021.00 2012.00 2019.00 98522.00
20160530  21:32:00 2019.00 2021.00 2017.00 2018.00 47644.00
20160530  21:33:00 2018.00 2020.00 2018.00 2020.00 31190.00
20160530  21:34:00 2019.00 2020.00 2016.00 2019.00 34058.00
20160530  21:35:00 2018.00 2019.00 2016.00 2018.00 20394.00
20160530  21:36:00 2017.00 2019.00 2016.00 2017.00 17994.00
20160530  21:37:00 2016.00 2024.00 2016.00 2024.00 46622.00
20160530  21:38:00 2023.00 2026.00 2021.00 2024.00 53936.00
20160530  21:39:00 2024.00 2027.00 2023.00 2025.00 49680.00
20160530  21:40:00 2025.00 2025.00 2021.00 2021.00 28444.00
20160530  21:41:00 2021.00 2023.00 2020.00 2021.00 21130.00
20160530  21:42:00 2021.00 2022.00 2020.00 2020.00 11756.00
20160530  21:43:00 2020.00 2024.00 2020.00 2022.00 18052.00
20160530  21:44:00 2022.00 2027.00 2022.00 2026.00 24150.00
20160530  21:45:00 2026.00 2028.00 2021.00 2021.00 27724.00
20160530  21:46:00 2022.00 2022.00 2020.00 2021.00 16506.00
20160530  21:47:00 2022.00 2022.00 2019.00 2019.00 20420.00
20160530  21:48:00 2019.00 2023.00 2019.00 2022.00 22290.00
20160530  21:49:00 2022.00 2023.00 2021.00 2021.00 7568.00
20160530  21:50:00 2021.00 2022.00 2020.00 2021.00 9996.00
20160530  21:51:00 2022.00 2022.00 2019.00 2020.00 14116.00
20160530  21:52:00 2019.00 2021.00 2018.00 2019.00 20590.00
20160530  21:53:00 2019.00 2021.00 2018.00 2021.00 8242.00
20160530  21:54:00 2020.00 2021.00 2020.00 2020.00 11648.00
20160530  21:55:00 2020.00 2022.00 2020.00 2022.00 9574.00
20160530  21:56:00 2022.00 2022.00 2020.00 2020.00 15678.00
20160530  21:57:00 2020.00 2021.00 2014.00 2015.00 27800.00
20160530  21:58:00 2015.00 2019.00 2014.00 2019.00 22346.00
20160530  21:59:00 2018.00 2020.00 2016.00 2018.00 15932.00
20160530  22:00:00 2019.00 2021.00 2019.00 2020.00 15836.00
20160530  22:01:00 2019.00 2020.00 2018.00 2020.00 7616.00
20160530  22:02:00 2020.00 2020.00 2016.00 2016.00 12330.00
20160530  22:03:00 2016.00 2018.00 2016.00 2017.00 12776.00
20160530  22:04:00 2017.00 2017.00 2014.00 2015.00 21510.00
20160530  22:05:00 2015.00 2016.00 2012.00 2013.00 25820.00
20160530  22:06:00 2013.00 2015.00 2011.00 2014.00 25426.00
20160530  22:07:00 2014.00 2014.00 2008.00 2010.00 45694.00
20160530  22:08:00 2010.00 2011.00 2008.00 2011.00 30116.00
20160530  22:09:00 2011.00 2013.00 2010.00 2012.00 15896.00
20160530  22:10:00 2013.00 2013.00 2012.00 2012.00 11424.00
20160530  22:11:00 2013.00 2014.00 2012.00 2013.00 10328.00
20160530  22:12:00 2013.00 2015.00 2012.00 2014.00 9270.00
20160530  22:13:00 2014.00 2014.00 2013.00 2014.00 5238.00
20160530  22:14:00 2014.00 2016.00 2013.00 2016.00 12720.00
20160530  22:15:00 2016.00 2016.00 2012.00 2014.00 15010.00
20160530  22:16:00 2013.00 2014.00 2012.00 2014.00 4782.00
20160530  22:17:00 2014.00 2014.00 2012.00 2013.00 8932.00
20160530  22:18:00 2013.00 2015.00 2012.00 2014.00 6832.00
20160530  22:19:00 2015.00 2016.00 2014.00 2016.00 13552.00
20160530  22:20:00 2016.00 2016.00 2013.00 2014.00 10762.00
20160530  22:21:00 2014.00 2016.00 2013.00 2016.00 6520.00
20160530  22:22:00 2016.00 2016.00 2014.00 2015.00 6036.00
20160530  22:23:00 2016.00 2018.00 2016.00 2017.00 19280.00
20160530  22:24:00 2017.00 2017.00 2014.00 2014.00 10566.00
20160530  22:25:00 2015.00 2016.00 2014.00 2016.00 3934.00
20160530  22:26:00 2016.00 2016.00 2014.00 2014.00 2632.00
20160530  22:27:00 2014.00 2015.00 2013.00 2014.00 3974.00
20160530  22:28:00 2014.00 2016.00 2014.00 2015.00 5218.00
20160530  22:29:00 2015.00 2018.00 2015.00 2018.00 10952.00
20160530  22:30:00 2018.00 2019.00 2016.00 2016.00 12394.00
20160530  22:31:00 2016.00 2018.00 2016.00 2017.00 5348.00
20160530  22:32:00 2017.00 2018.00 2015.00 2016.00 7378.00
20160530  22:33:00 2017.00 2017.00 2015.00 2015.00 5110.00
20160530  22:34:00 2015.00 2016.00 2014.00 2015.00 7628.00
20160530  22:35:00 2015.00 2017.00 2015.00 2016.00 5392.00
20160530  22:36:00 2016.00 2016.00 2010.00 2010.00 25540.00
20160530  22:37:00 2010.00 2011.00 2003.00 2006.00 61522.00
20160530  22:38:00 2006.00 2008.00 2005.00 2008.00 20802.00
20160530  22:39:00 2008.00 2008.00 2004.00 2005.00 37570.00
20160530  22:40:00 2005.00 2007.00 2004.00 2007.00 18306.00
20160530  22:41:00 2006.00 2007.00 2005.00 2005.00 15820.00
20160530  22:42:00 2006.00 2008.00 2005.00 2007.00 11998.00
20160530  22:43:00 2008.00 2008.00 2002.00 2003.00 32070.00
20160530  22:44:00 2002.00 2008.00 2002.00 2008.00 21578.00
20160530  22:45:00 2007.00 2008.00 2005.00 2007.00 12194.00
20160530  22:46:00 2008.00 2010.00 2008.00 2008.00 22208.00
20160530  22:47:00 2008.00 2008.00 2005.00 2006.00 14588.00
20160530  22:48:00 2006.00 2009.00 2004.00 2006.00 14330.00
20160530  22:49:00 2005.00 2006.00 2003.00 2005.00 11844.00
20160530  22:50:00 2004.00 2006.00 2004.00 2006.00 8424.00
20160530  22:51:00 2006.00 2008.00 2005.00 2007.00 8602.00
20160530  22:52:00 2007.00 2008.00 2005.00 2007.00 5314.00
20160530  22:53:00 2007.00 2008.00 2005.00 2005.00 8356.00
20160530  22:54:00 2006.00 2006.00 2003.00 2005.00 13182.00
20160530  22:55:00 2005.00 2006.00 2002.00 2002.00 17832.00
20160530  22:56:00 2002.00 2006.00 2002.00 2004.00 13216.00
20160530  22:57:00 2003.00 2004.00 2000.00 2000.00 22732.00
20160530  22:58:00 2000.00 2000.00 1997.00 1998.00 50190.00
20160530  22:59:00 1999.00 1999.00 1983.00 1988.00 79648.00
20160530  23:00:00 1987.00 1987.00 1987.00 1987.00 690.00
20160531  09:00:00 1985.00 1991.00 1980.00 1989.00 71920.00
20160531  09:01:00 1993.00 1997.00 1991.00 1995.00 65272.00
20160531  09:02:00 1994.00 1997.00 1993.00 1995.00 29058.00
20160531  09:03:00 1995.00 1996.00 1992.00 1995.00 20872.00
20160531  09:04:00 1995.00 1996.00 1993.00 1994.00 13096.00
20160531  09:05:00 1995.00 1998.00 1993.00 1998.00 17938.00
20160531  09:06:00 1998.00 1998.00 1992.00 1995.00 24042.00
20160531  09:07:00 1995.00 1996.00 1994.00 1995.00 9442.00
20160531  09:08:00 1996.00 1998.00 1995.00 1998.00 17672.00
20160531  09:09:00 1998.00 1998.00 1993.00 1995.00 17692.00
20160531  09:10:00 1995.00 1998.00 1994.00 1997.00 6214.00
20160531  09:11:00 1997.00 1999.00 1995.00 1996.00 14358.00
20160531  09:12:00 1996.00 1996.00 1994.00 1994.00 9338.00
20160531  09:13:00 1995.00 1997.00 1993.00 1996.00 10148.00
20160531  09:14:00 1996.00 1997.00 1995.00 1995.00 3216.00
20160531  09:15:00 1996.00 1997.00 1995.00 1995.00 4668.00
20160531  09:16:00 1996.00 1998.00 1995.00 1998.00 11096.00
20160531  09:17:00 1997.00 2001.00 1997.00 1999.00 34666.00
20160531  09:18:00 1998.00 1999.00 1995.00 1996.00 15000.00
20160531  09:19:00 1996.00 1997.00 1993.00 1994.00 19596.00
20160531  09:20:00 1995.00 1996.00 1994.00 1994.00 9858.00
20160531  09:21:00 1994.00 1997.00 1993.00 1996.00 10408.00
20160531  09:22:00 1996.00 1996.00 1995.00 1995.00 3314.00
20160531  09:23:00 1995.00 2000.00 1995.00 1998.00 18270.00
20160531  09:24:00 1998.00 1999.00 1996.00 1997.00 5870.00
20160531  09:25:00 1997.00 1998.00 1996.00 1997.00 4068.00
20160531  09:26:00 1996.00 1997.00 1996.00 1996.00 3208.00
20160531  09:27:00 1996.00 1997.00 1996.00 1996.00 1314.00
20160531  09:28:00 1997.00 1998.00 1994.00 1998.00 19384.00
20160531  09:29:00 1998.00 1999.00 1996.00 1998.00 7112.00
20160531  09:30:00 1997.00 1999.00 1997.00 1997.00 10864.00
20160531  09:31:00 1997.00 2000.00 1996.00 1999.00 11568.00
20160531  09:32:00 1998.00 1999.00 1997.00 1998.00 5472.00
20160531  09:33:00 1997.00 1999.00 1997.00 1999.00 5496.00
20160531  09:34:00 1999.00 1999.00 1997.00 1997.00 4310.00
20160531  09:35:00 1998.00 1999.00 1996.00 1998.00 4406.00
20160531  09:36:00 1998.00 1999.00 1997.00 1997.00 2954.00
20160531  09:37:00 1998.00 1998.00 1996.00 1996.00 5238.00
20160531  09:38:00 1996.00 1997.00 1996.00 1996.00 7344.00
20160531  09:39:00 1996.00 1997.00 1995.00 1996.00 5210.00
20160531  09:40:00 1996.00 1997.00 1995.00 1996.00 3994.00
20160531  09:41:00 1996.00 2000.00 1996.00 1998.00 21516.00
20160531  09:42:00 1998.00 2001.00 1997.00 1999.00 21946.00
20160531  09:43:00 2000.00 2002.00 1999.00 1999.00 17268.00
20160531  09:44:00 1999.00 2001.00 1998.00 1999.00 13484.00
20160531  09:45:00 2000.00 2004.00 1999.00 2004.00 24662.00
20160531  09:46:00 2004.00 2004.00 2001.00 2003.00 16562.00
20160531  09:47:00 2002.00 2003.00 2000.00 2002.00 14738.00
20160531  09:48:00 2002.00 2004.00 2001.00 2003.00 12482.00
20160531  09:49:00 2004.00 2004.00 2002.00 2003.00 11084.00
20160531  09:50:00 2002.00 2004.00 2001.00 2002.00 9668.00
20160531  09:51:00 2001.00 2007.00 2001.00 2006.00 29024.00
20160531  09:52:00 2007.00 2008.00 2006.00 2007.00 24164.00
20160531  09:53:00 2007.00 2008.00 2005.00 2008.00 12508.00
20160531  09:54:00 2008.00 2008.00 2004.00 2005.00 14068.00
20160531  09:55:00 2005.00 2008.00 2005.00 2007.00 11596.00
20160531  09:56:00 2007.00 2007.00 2005.00 2005.00 6054.00
20160531  09:57:00 2005.00 2005.00 2002.00 2003.00 16430.00
20160531  09:58:00 2002.00 2005.00 2002.00 2004.00 12134.00
20160531  09:59:00 2004.00 2004.00 2002.00 2003.00 8966.00
20160531  10:00:00 2004.00 2007.00 2004.00 2006.00 14386.00
20160531  10:01:00 2006.00 2007.00 2004.00 2005.00 11180.00
20160531  10:02:00 2004.00 2007.00 2003.00 2006.00 7290.00
20160531  10:03:00 2006.00 2007.00 2005.00 2005.00 7768.00
20160531  10:04:00 2005.00 2008.00 2005.00 2007.00 11356.00
20160531  10:05:00 2008.00 2009.00 2007.00 2008.00 19482.00
20160531  10:06:00 2008.00 2008.00 2006.00 2006.00 13044.00
20160531  10:07:00 2006.00 2009.00 2006.00 2009.00 8426.00
20160531  10:08:00 2008.00 2014.00 2008.00 2013.00 46494.00
20160531  10:09:00 2013.00 2013.00 2010.00 2011.00 21586.00
20160531  10:10:00 2012.00 2013.00 2011.00 2011.00 21742.00
20160531  10:11:00 2012.00 2013.00 2011.00 2011.00 11634.00
20160531  10:12:00 2011.00 2013.00 2010.00 2013.00 14488.00
20160531  10:13:00 2013.00 2014.00 2011.00 2012.00 15946.00
20160531  10:14:00 2011.00 2012.00 2010.00 2011.00 15286.00
20160531  10:30:00 2010.00 2011.00 2006.00 2008.00 39408.00
20160531  10:31:00 2009.00 2011.00 2007.00 2010.00 23146.00
20160531  10:32:00 2010.00 2011.00 2007.00 2007.00 20372.00
20160531  10:33:00 2008.00 2009.00 2007.00 2009.00 8762.00
20160531  10:34:00 2009.00 2009.00 2003.00 2005.00 25450.00
20160531  10:35:00 2006.00 2006.00 2003.00 2003.00 11424.00
20160531  10:36:00 2004.00 2004.00 1996.00 1997.00 74716.00
20160531  10:37:00 1998.00 2000.00 1995.00 1995.00 35348.00
20160531  10:38:00 1996.00 1998.00 1995.00 1998.00 24592.00
20160531  10:39:00 1997.00 1999.00 1997.00 1999.00 10792.00
20160531  10:40:00 1998.00 1999.00 1995.00 1997.00 28746.00
20160531  10:41:00 1997.00 1999.00 1997.00 1999.00 10460.00
20160531  10:42:00 1998.00 1999.00 1996.00 1997.00 19692.00
20160531  10:43:00 1996.00 1998.00 1993.00 1994.00 31670.00
20160531  10:44:00 1994.00 1995.00 1993.00 1993.00 24030.00
20160531  10:45:00 1993.00 1995.00 1992.00 1993.00 30480.00
20160531  10:46:00 1993.00 1995.00 1993.00 1995.00 12268.00
20160531  10:47:00 1995.00 1995.00 1990.00 1991.00 32140.00
20160531  10:48:00 1990.00 1992.00 1989.00 1989.00 33910.00
20160531  10:49:00 1990.00 1992.00 1989.00 1990.00 21310.00
20160531  10:50:00 1989.00 1989.00 1987.00 1988.00 39636.00
20160531  10:51:00 1988.00 1992.00 1988.00 1991.00 31844.00
20160531  10:52:00 1991.00 1992.00 1991.00 1991.00 17890.00
20160531  10:53:00 1992.00 1994.00 1991.00 1993.00 21464.00
20160531  10:54:00 1994.00 1994.00 1991.00 1992.00 19976.00
20160531  10:55:00 1992.00 1993.00 1991.00 1992.00 11958.00
20160531  10:56:00 1991.00 1992.00 1988.00 1990.00 27084.00
20160531  10:57:00 1990.00 1991.00 1989.00 1990.00 11640.00
20160531  10:58:00 1990.00 1991.00 1988.00 1989.00 16082.00
20160531  10:59:00 1989.00 1990.00 1987.00 1988.00 37684.00
20160531  11:00:00 1988.00 1990.00 1986.00 1989.00 19936.00
20160531  11:01:00 1989.00 1991.00 1989.00 1990.00 12336.00
20160531  11:02:00 1990.00 1991.00 1989.00 1990.00 7708.00
20160531  11:03:00 1990.00 1990.00 1985.00 1986.00 21678.00
20160531  11:04:00 1986.00 1989.00 1986.00 1988.00 17798.00
20160531  11:05:00 1988.00 1990.00 1988.00 1989.00 10748.00
20160531  11:06:00 1989.00 1990.00 1988.00 1990.00 11028.00
20160531  11:07:00 1990.00 1990.00 1988.00 1988.00 9710.00
20160531  11:08:00 1989.00 1991.00 1988.00 1990.00 11620.00
20160531  11:09:00 1990.00 1993.00 1990.00 1992.00 17478.00
20160531  11:10:00 1992.00 1992.00 1990.00 1991.00 9012.00
20160531  11:11:00 1992.00 1993.00 1991.00 1992.00 12338.00
20160531  11:12:00 1992.00 1992.00 1990.00 1991.00 7508.00
20160531  11:13:00 1992.00 1992.00 1990.00 1990.00 5728.00
20160531  11:14:00 1991.00 1992.00 1988.00 1989.00 14470.00
20160531  11:15:00 1989.00 1991.00 1989.00 1990.00 8870.00
20160531  11:16:00 1990.00 1992.00 1990.00 1992.00 5794.00
20160531  11:17:00 1992.00 1993.00 1990.00 1993.00 9366.00
20160531  11:18:00 1993.00 1993.00 1991.00 1992.00 7298.00
20160531  11:19:00 1992.00 1994.00 1991.00 1993.00 14004.00
20160531  11:20:00 1992.00 1993.00 1990.00 1991.00 10784.00
20160531  11:21:00 1991.00 1992.00 1990.00 1992.00 6178.00
20160531  11:22:00 1992.00 1993.00 1991.00 1993.00 3682.00
20160531  11:23:00 1992.00 1993.00 1990.00 1991.00 6046.00
20160531  11:24:00 1990.00 1991.00 1988.00 1988.00 13402.00
20160531  11:25:00 1989.00 1992.00 1988.00 1992.00 10342.00
20160531  11:26:00 1992.00 1993.00 1991.00 1993.00 9880.00
20160531  11:27:00 1992.00 1994.00 1992.00 1992.00 9114.00
20160531  11:28:00 1992.00 1994.00 1992.00 1993.00 10186.00
20160531  11:29:00 1994.00 1996.00 1993.00 1995.00 27240.00
20160531  13:30:00 1996.00 1999.00 1995.00 1999.00 38976.00
20160531  13:31:00 1998.00 2004.00 1998.00 2001.00 45774.00
20160531  13:32:00 2002.00 2002.00 2000.00 2000.00 13478.00
20160531  13:33:00 2001.00 2002.00 1999.00 2001.00 21296.00
20160531  13:34:00 2001.00 2001.00 1998.00 1998.00 17196.00
20160531  13:35:00 1998.00 1999.00 1997.00 1999.00 13508.00
20160531  13:36:00 1998.00 1999.00 1996.00 1997.00 12894.00
20160531  13:37:00 1997.00 2000.00 1997.00 2000.00 8290.00
20160531  13:38:00 2000.00 2000.00 1997.00 1998.00 14180.00
20160531  13:39:00 1998.00 1999.00 1998.00 1998.00 4506.00
20160531  13:40:00 1999.00 2000.00 1998.00 2000.00 11268.00
20160531  13:41:00 2000.00 2001.00 1999.00 2000.00 14340.00
20160531  13:42:00 2000.00 2000.00 1998.00 1998.00 5498.00
20160531  13:43:00 1998.00 1999.00 1997.00 1998.00 8890.00
20160531  13:44:00 1998.00 2000.00 1998.00 1999.00 6928.00
20160531  13:45:00 1999.00 2001.00 1999.00 2000.00 16418.00
20160531  13:46:00 2000.00 2000.00 1999.00 2000.00 3426.00
20160531  13:47:00 2000.00 2001.00 1999.00 1999.00 6560.00
20160531  13:48:00 1999.00 2000.00 1998.00 1999.00 8554.00
20160531  13:49:00 2000.00 2000.00 1999.00 1999.00 1778.00
20160531  13:50:00 2000.00 2001.00 1999.00 1999.00 22204.00
20160531  13:51:00 1999.00 2000.00 1997.00 1997.00 12286.00
20160531  13:52:00 1997.00 2000.00 1997.00 2000.00 6326.00
20160531  13:53:00 1999.00 2000.00 1997.00 1998.00 6316.00
20160531  13:54:00 1998.00 1999.00 1996.00 1996.00 12740.00
20160531  13:55:00 1996.00 1998.00 1996.00 1998.00 15222.00
20160531  13:56:00 1999.00 1999.00 1997.00 1999.00 9262.00
20160531  13:57:00 1998.00 1999.00 1997.00 1997.00 3932.00
20160531  13:58:00 1997.00 1998.00 1994.00 1994.00 18962.00
20160531  13:59:00 1994.00 1994.00 1990.00 1991.00 41642.00
20160531  14:00:00 1991.00 1991.00 1986.00 1988.00 52000.00
20160531  14:01:00 1988.00 1990.00 1987.00 1989.00 25348.00
20160531  14:02:00 1990.00 1990.00 1982.00 1984.00 80588.00
20160531  14:03:00 1983.00 1988.00 1983.00 1987.00 35978.00
20160531  14:04:00 1987.00 1989.00 1987.00 1988.00 16730.00
20160531  14:05:00 1987.00 1988.00 1986.00 1988.00 13348.00
20160531  14:06:00 1988.00 1992.00 1988.00 1991.00 29122.00
20160531  14:07:00 1991.00 1993.00 1991.00 1992.00 19064.00
20160531  14:08:00 1992.00 1993.00 1991.00 1991.00 11930.00
20160531  14:09:00 1991.00 1995.00 1991.00 1995.00 21902.00
20160531  14:10:00 1995.00 1997.00 1993.00 1996.00 28734.00
20160531  14:11:00 1996.00 2007.00 1996.00 2005.00 101024.00
20160531  14:12:00 2004.00 2008.00 2002.00 2006.00 70952.00
20160531  14:13:00 2006.00 2008.00 2002.00 2002.00 46242.00
20160531  14:14:00 2003.00 2006.00 2002.00 2005.00 23004.00
20160531  14:15:00 2005.00 2008.00 2004.00 2008.00 28556.00
20160531  14:16:00 2007.00 2008.00 2003.00 2003.00 30340.00
20160531  14:17:00 2004.00 2004.00 2002.00 2002.00 18786.00
20160531  14:18:00 2003.00 2005.00 2002.00 2004.00 15076.00
20160531  14:19:00 2004.00 2005.00 1997.00 1998.00 42428.00
20160531  14:20:00 1998.00 2000.00 1996.00 1997.00 31210.00
20160531  14:21:00 1997.00 1997.00 1991.00 1992.00 52664.00
20160531  14:22:00 1993.00 1993.00 1989.00 1991.00 53850.00
20160531  14:23:00 1992.00 1994.00 1990.00 1993.00 20812.00
20160531  14:24:00 1992.00 1994.00 1992.00 1992.00 16674.00
20160531  14:25:00 1993.00 1996.00 1991.00 1996.00 24380.00
20160531  14:26:00 1996.00 1996.00 1994.00 1995.00 18164.00
20160531  14:27:00 1995.00 1996.00 1992.00 1993.00 23830.00
20160531  14:28:00 1993.00 1994.00 1992.00 1994.00 11928.00
20160531  14:29:00 1994.00 1994.00 1993.00 1993.00 5698.00
20160531  14:30:00 1993.00 1998.00 1993.00 1996.00 22608.00
20160531  14:31:00 1995.00 1996.00 1990.00 1990.00 28464.00
20160531  14:32:00 1989.00 1994.00 1989.00 1993.00 10594.00
20160531  14:33:00 1992.00 1993.00 1992.00 1992.00 3954.00
20160531  14:34:00 1992.00 1999.00 1992.00 1998.00 37216.00
20160531  14:35:00 1996.00 1998.00 1996.00 1997.00 11386.00
20160531  14:36:00 1996.00 1997.00 1995.00 1996.00 8706.00
20160531  14:37:00 1996.00 1998.00 1995.00 1996.00 10488.00
20160531  14:38:00 1996.00 1996.00 1993.00 1993.00 11330.00
20160531  14:39:00 1993.00 1996.00 1993.00 1996.00 15292.00
20160531  14:40:00 1996.00 1996.00 1993.00 1993.00 13558.00
20160531  14:41:00 1993.00 1996.00 1993.00 1995.00 8184.00
20160531  14:42:00 1996.00 1996.00 1990.00 1992.00 28488.00
20160531  14:43:00 1991.00 1995.00 1991.00 1995.00 11476.00
20160531  14:44:00 1994.00 1995.00 1989.00 1991.00 33558.00
20160531  14:45:00 1992.00 1992.00 1988.00 1988.00 26096.00
20160531  14:46:00 1989.00 1989.00 1986.00 1986.00 39068.00
20160531  14:47:00 1986.00 1987.00 1982.00 1984.00 69874.00
20160531  14:48:00 1983.00 1987.00 1983.00 1985.00 34562.00
20160531  14:49:00 1985.00 1988.00 1985.00 1987.00 22566.00
20160531  14:50:00 1987.00 1987.00 1975.00 1980.00 112310.00
20160531  14:51:00 1980.00 1980.00 1975.00 1978.00 51046.00
20160531  14:52:00 1978.00 1980.00 1976.00 1978.00 26554.00
20160531  14:53:00 1978.00 1983.00 1978.00 1982.00 32036.00
20160531  14:54:00 1983.00 1984.00 1978.00 1979.00 33224.00
20160531  14:55:00 1979.00 1979.00 1973.00 1973.00 61808.00
20160531  14:56:00 1975.00 1978.00 1974.00 1977.00 37686.00
20160531  14:57:00 1977.00 1980.00 1975.00 1980.00 30758.00
20160531  14:58:00 1979.00 1982.00 1975.00 1976.00 43008.00
20160531  14:59:00 1975.00 1980.00 1975.00 1979.00 70408.00
20160531  15:00:00 1978.00 1978.00 1978.00 1978.00 242.00
