20160930  15:00:00 2253.00 2253.00 2253.00 2253.00 404.00
20160930  14:59:00 2255.00 2255.00 2252.00 2254.00 45018.00
20160930  14:58:00 2254.00 2256.00 2254.00 2254.00 20176.00
20160930  14:57:00 2260.00 2260.00 2253.00 2255.00 33252.00
20160930  14:56:00 2260.00 2260.00 2258.00 2259.00 11858.00
20160930  14:55:00 2260.00 2260.00 2258.00 2260.00 20910.00
20160930  14:54:00 2258.00 2261.00 2257.00 2260.00 21104.00
20160930  14:53:00 2258.00 2258.00 2256.00 2258.00 7692.00
20160930  14:52:00 2256.00 2258.00 2256.00 2257.00 10170.00
20160930  14:51:00 2257.00 2257.00 2255.00 2257.00 6802.00
20160930  14:50:00 2257.00 2258.00 2255.00 2256.00 16624.00
20160930  14:49:00 2255.00 2257.00 2254.00 2257.00 11864.00
20160930  14:48:00 2254.00 2255.00 2253.00 2254.00 6916.00
20160930  14:47:00 2255.00 2255.00 2253.00 2255.00 5472.00
20160930  14:46:00 2252.00 2255.00 2252.00 2254.00 5602.00
20160930  14:45:00 2252.00 2253.00 2251.00 2252.00 10340.00
20160930  14:44:00 2250.00 2254.00 2250.00 2252.00 23232.00
20160930  14:43:00 2253.00 2255.00 2250.00 2250.00 34404.00
20160930  14:42:00 2256.00 2256.00 2253.00 2253.00 7258.00
20160930  14:41:00 2255.00 2256.00 2254.00 2256.00 4072.00
20160930  14:40:00 2255.00 2256.00 2254.00 2255.00 6438.00
20160930  14:39:00 2257.00 2257.00 2255.00 2256.00 5704.00
20160930  14:38:00 2254.00 2257.00 2254.00 2256.00 8366.00
20160930  14:37:00 2254.00 2255.00 2254.00 2254.00 4010.00
20160930  14:36:00 2256.00 2256.00 2254.00 2254.00 5110.00
20160930  14:35:00 2255.00 2256.00 2254.00 2255.00 8478.00
20160930  14:34:00 2253.00 2255.00 2253.00 2254.00 14488.00
20160930  14:33:00 2254.00 2256.00 2253.00 2253.00 13544.00
20160930  14:32:00 2259.00 2259.00 2254.00 2254.00 23262.00
20160930  14:31:00 2259.00 2259.00 2257.00 2258.00 6372.00
20160930  14:30:00 2260.00 2260.00 2258.00 2258.00 6274.00
20160930  14:29:00 2262.00 2262.00 2259.00 2261.00 12440.00
20160930  14:28:00 2260.00 2262.00 2259.00 2261.00 5856.00
20160930  14:27:00 2261.00 2261.00 2259.00 2260.00 5436.00
20160930  14:26:00 2260.00 2261.00 2259.00 2260.00 6884.00
20160930  14:25:00 2260.00 2262.00 2259.00 2261.00 14862.00
20160930  14:24:00 2256.00 2260.00 2255.00 2259.00 17418.00
20160930  14:23:00 2257.00 2257.00 2255.00 2256.00 7882.00
20160930  14:22:00 2256.00 2257.00 2256.00 2257.00 2950.00
20160930  14:21:00 2256.00 2257.00 2255.00 2257.00 3126.00
20160930  14:20:00 2257.00 2257.00 2255.00 2256.00 3632.00
20160930  14:19:00 2256.00 2257.00 2256.00 2256.00 4082.00
20160930  14:18:00 2256.00 2257.00 2255.00 2256.00 4294.00
20160930  14:17:00 2257.00 2257.00 2255.00 2256.00 3728.00
20160930  14:16:00 2254.00 2257.00 2254.00 2257.00 12064.00
20160930  14:15:00 2257.00 2257.00 2254.00 2255.00 15038.00
20160930  14:14:00 2261.00 2261.00 2255.00 2257.00 23254.00
20160930  14:13:00 2262.00 2262.00 2261.00 2261.00 3378.00
20160930  14:12:00 2261.00 2263.00 2261.00 2262.00 4712.00
20160930  14:11:00 2261.00 2262.00 2260.00 2261.00 3524.00
20160930  14:10:00 2261.00 2262.00 2260.00 2261.00 4606.00
20160930  14:09:00 2260.00 2261.00 2259.00 2260.00 4528.00
20160930  14:08:00 2260.00 2261.00 2259.00 2260.00 2768.00
20160930  14:07:00 2261.00 2262.00 2259.00 2260.00 7704.00
20160930  14:06:00 2263.00 2263.00 2260.00 2261.00 8318.00
20160930  14:05:00 2261.00 2263.00 2261.00 2263.00 9468.00
20160930  14:04:00 2262.00 2264.00 2261.00 2261.00 9550.00
20160930  14:03:00 2261.00 2262.00 2261.00 2262.00 5646.00
20160930  14:02:00 2261.00 2262.00 2260.00 2261.00 4598.00
20160930  14:01:00 2261.00 2262.00 2260.00 2261.00 4326.00
20160930  14:00:00 2262.00 2263.00 2260.00 2261.00 16182.00
20160930  13:59:00 2263.00 2264.00 2260.00 2263.00 16532.00
20160930  13:58:00 2258.00 2265.00 2257.00 2263.00 43352.00
20160930  13:57:00 2257.00 2259.00 2257.00 2258.00 18450.00
20160930  13:56:00 2256.00 2257.00 2255.00 2257.00 4256.00
20160930  13:55:00 2256.00 2257.00 2256.00 2256.00 4514.00
20160930  13:54:00 2258.00 2258.00 2255.00 2256.00 8786.00
20160930  13:53:00 2253.00 2258.00 2253.00 2257.00 26708.00
20160930  13:52:00 2252.00 2254.00 2252.00 2254.00 7798.00
20160930  13:51:00 2252.00 2253.00 2251.00 2253.00 4008.00
20160930  13:50:00 2252.00 2253.00 2251.00 2253.00 4076.00
20160930  13:49:00 2253.00 2253.00 2251.00 2251.00 5484.00
20160930  13:48:00 2252.00 2253.00 2251.00 2253.00 2406.00
20160930  13:47:00 2253.00 2253.00 2252.00 2252.00 3664.00
20160930  13:46:00 2252.00 2254.00 2251.00 2253.00 10470.00
20160930  13:45:00 2251.00 2252.00 2249.00 2251.00 30376.00
20160930  13:44:00 2252.00 2253.00 2251.00 2251.00 8388.00
20160930  13:43:00 2251.00 2252.00 2250.00 2251.00 19640.00
20160930  13:42:00 2253.00 2254.00 2251.00 2252.00 11120.00
20160930  13:41:00 2253.00 2254.00 2252.00 2254.00 10086.00
20160930  13:40:00 2252.00 2253.00 2251.00 2252.00 13490.00
20160930  13:39:00 2254.00 2255.00 2251.00 2251.00 26918.00
20160930  13:38:00 2254.00 2255.00 2253.00 2253.00 7180.00
20160930  13:37:00 2256.00 2256.00 2254.00 2254.00 11430.00
20160930  13:36:00 2256.00 2258.00 2255.00 2256.00 6862.00
20160930  13:35:00 2257.00 2258.00 2256.00 2256.00 5174.00
20160930  13:34:00 2257.00 2258.00 2256.00 2257.00 7414.00
20160930  13:33:00 2256.00 2257.00 2255.00 2256.00 6798.00
20160930  13:32:00 2255.00 2256.00 2254.00 2256.00 5332.00
20160930  13:31:00 2254.00 2255.00 2253.00 2255.00 9324.00
20160930  13:30:00 2254.00 2256.00 2253.00 2254.00 17422.00
20160930  11:29:00 2252.00 2255.00 2252.00 2254.00 18474.00
20160930  11:28:00 2253.00 2254.00 2252.00 2252.00 14602.00
20160930  11:27:00 2255.00 2255.00 2253.00 2253.00 9580.00
20160930  11:26:00 2254.00 2256.00 2254.00 2255.00 6488.00
20160930  11:25:00 2255.00 2255.00 2253.00 2254.00 7702.00
20160930  11:24:00 2255.00 2256.00 2254.00 2255.00 8132.00
20160930  11:23:00 2256.00 2256.00 2253.00 2254.00 16598.00
20160930  11:22:00 2257.00 2257.00 2255.00 2256.00 5448.00
20160930  11:21:00 2257.00 2258.00 2255.00 2257.00 6868.00
20160930  11:20:00 2257.00 2257.00 2255.00 2256.00 6502.00
20160930  11:19:00 2256.00 2258.00 2253.00 2256.00 22810.00
20160930  11:18:00 2257.00 2257.00 2255.00 2256.00 5194.00
20160930  11:17:00 2257.00 2258.00 2256.00 2257.00 4358.00
20160930  11:16:00 2256.00 2257.00 2255.00 2257.00 13792.00
20160930  11:15:00 2257.00 2258.00 2256.00 2256.00 10374.00
20160930  11:14:00 2259.00 2260.00 2258.00 2258.00 4756.00
20160930  11:13:00 2259.00 2260.00 2259.00 2259.00 1400.00
20160930  11:12:00 2259.00 2260.00 2259.00 2259.00 2300.00
20160930  11:11:00 2262.00 2263.00 2259.00 2259.00 11790.00
20160930  11:10:00 2259.00 2263.00 2258.00 2262.00 9174.00
20160930  11:09:00 2259.00 2260.00 2258.00 2259.00 2276.00
20160930  11:08:00 2258.00 2260.00 2258.00 2259.00 2824.00
20160930  11:07:00 2258.00 2259.00 2257.00 2258.00 3780.00
20160930  11:06:00 2260.00 2260.00 2258.00 2259.00 2682.00
20160930  11:05:00 2259.00 2260.00 2259.00 2260.00 1252.00
20160930  11:04:00 2259.00 2260.00 2259.00 2259.00 2234.00
20160930  11:03:00 2259.00 2260.00 2258.00 2259.00 3326.00
20160930  11:02:00 2256.00 2261.00 2256.00 2260.00 8916.00
20160930  11:01:00 2257.00 2257.00 2256.00 2256.00 6884.00
20160930  11:00:00 2258.00 2258.00 2256.00 2256.00 13044.00
20160930  10:59:00 2260.00 2261.00 2258.00 2258.00 7158.00
20160930  10:58:00 2261.00 2261.00 2260.00 2261.00 534.00
20160930  10:57:00 2260.00 2261.00 2259.00 2261.00 3302.00
20160930  10:56:00 2258.00 2260.00 2258.00 2259.00 3676.00
20160930  10:55:00 2259.00 2259.00 2258.00 2259.00 1844.00
20160930  10:54:00 2259.00 2259.00 2258.00 2258.00 1758.00
20160930  10:53:00 2259.00 2260.00 2258.00 2258.00 6680.00
20160930  10:52:00 2259.00 2260.00 2259.00 2259.00 4084.00
20160930  10:51:00 2262.00 2263.00 2259.00 2259.00 7026.00
20160930  10:50:00 2262.00 2263.00 2262.00 2262.00 3224.00
20160930  10:49:00 2263.00 2264.00 2262.00 2262.00 1708.00
20160930  10:48:00 2263.00 2264.00 2262.00 2264.00 4218.00
20160930  10:47:00 2262.00 2264.00 2262.00 2263.00 2494.00
20160930  10:46:00 2261.00 2263.00 2261.00 2263.00 3426.00
20160930  10:45:00 2263.00 2263.00 2261.00 2262.00 2394.00
20160930  10:44:00 2262.00 2263.00 2262.00 2262.00 3038.00
20160930  10:43:00 2262.00 2263.00 2261.00 2263.00 2702.00
20160930  10:42:00 2262.00 2264.00 2262.00 2262.00 2444.00
20160930  10:41:00 2261.00 2264.00 2261.00 2262.00 5354.00
20160930  10:40:00 2261.00 2262.00 2261.00 2262.00 2884.00
20160930  10:39:00 2261.00 2262.00 2260.00 2261.00 4310.00
20160930  10:38:00 2261.00 2261.00 2260.00 2261.00 1078.00
20160930  10:37:00 2259.00 2261.00 2259.00 2261.00 2722.00
20160930  10:36:00 2259.00 2260.00 2259.00 2259.00 1550.00
20160930  10:35:00 2260.00 2260.00 2259.00 2260.00 778.00
20160930  10:34:00 2262.00 2262.00 2259.00 2260.00 5664.00
20160930  10:33:00 2262.00 2262.00 2260.00 2261.00 3254.00
20160930  10:32:00 2260.00 2262.00 2260.00 2261.00 2102.00
20160930  10:31:00 2259.00 2262.00 2259.00 2260.00 7628.00
20160930  10:30:00 2261.00 2261.00 2258.00 2259.00 10750.00
20160930  10:14:00 2263.00 2263.00 2260.00 2260.00 7038.00
20160930  10:13:00 2261.00 2263.00 2261.00 2263.00 9772.00
20160930  10:12:00 2265.00 2266.00 2261.00 2261.00 14380.00
20160930  10:11:00 2266.00 2266.00 2264.00 2265.00 13652.00
20160930  10:10:00 2264.00 2266.00 2263.00 2266.00 12388.00
20160930  10:09:00 2263.00 2264.00 2262.00 2263.00 6376.00
20160930  10:08:00 2264.00 2264.00 2263.00 2263.00 4072.00
20160930  10:07:00 2265.00 2265.00 2263.00 2263.00 5886.00
20160930  10:06:00 2263.00 2264.00 2263.00 2264.00 5404.00
20160930  10:05:00 2264.00 2264.00 2263.00 2264.00 10008.00
20160930  10:04:00 2263.00 2265.00 2263.00 2264.00 15598.00
20160930  10:03:00 2258.00 2265.00 2258.00 2263.00 36366.00
20160930  10:02:00 2256.00 2259.00 2256.00 2258.00 9440.00
20160930  10:01:00 2254.00 2257.00 2254.00 2257.00 4464.00
20160930  10:00:00 2256.00 2256.00 2253.00 2254.00 21752.00
20160930  09:59:00 2257.00 2257.00 2254.00 2255.00 7594.00
20160930  09:58:00 2255.00 2257.00 2254.00 2257.00 16774.00
20160930  09:57:00 2255.00 2256.00 2255.00 2255.00 3246.00
20160930  09:56:00 2256.00 2257.00 2255.00 2256.00 6764.00
20160930  09:55:00 2258.00 2259.00 2256.00 2256.00 5934.00
20160930  09:54:00 2257.00 2259.00 2257.00 2258.00 5526.00
20160930  09:53:00 2259.00 2259.00 2257.00 2258.00 5536.00
20160930  09:52:00 2258.00 2260.00 2258.00 2259.00 8036.00
20160930  09:51:00 2259.00 2259.00 2258.00 2259.00 3270.00
20160930  09:50:00 2258.00 2259.00 2256.00 2259.00 11896.00
20160930  09:49:00 2258.00 2259.00 2257.00 2258.00 4080.00
20160930  09:48:00 2258.00 2259.00 2257.00 2258.00 3906.00
20160930  09:47:00 2258.00 2258.00 2256.00 2258.00 3728.00
20160930  09:46:00 2256.00 2258.00 2255.00 2257.00 5024.00
20160930  09:45:00 2258.00 2258.00 2256.00 2256.00 3592.00
20160930  09:44:00 2257.00 2258.00 2255.00 2257.00 8724.00
20160930  09:43:00 2257.00 2258.00 2255.00 2257.00 10176.00
20160930  09:42:00 2258.00 2258.00 2257.00 2257.00 4698.00
20160930  09:41:00 2260.00 2260.00 2257.00 2258.00 13756.00
20160930  09:40:00 2258.00 2260.00 2257.00 2260.00 12810.00
20160930  09:39:00 2257.00 2258.00 2256.00 2258.00 4246.00
20160930  09:38:00 2256.00 2257.00 2256.00 2257.00 7908.00
20160930  09:37:00 2257.00 2258.00 2256.00 2256.00 7828.00
20160930  09:36:00 2256.00 2257.00 2255.00 2257.00 13394.00
20160930  09:35:00 2253.00 2256.00 2253.00 2256.00 16820.00
20160930  09:34:00 2254.00 2255.00 2252.00 2253.00 14258.00
20160930  09:33:00 2252.00 2255.00 2252.00 2254.00 16386.00
20160930  09:32:00 2252.00 2253.00 2248.00 2252.00 55018.00
20160930  09:31:00 2254.00 2254.00 2251.00 2251.00 17738.00
20160930  09:30:00 2252.00 2254.00 2251.00 2253.00 32934.00
20160930  09:29:00 2256.00 2257.00 2251.00 2252.00 52862.00
20160930  09:28:00 2259.00 2259.00 2255.00 2257.00 23110.00
20160930  09:27:00 2259.00 2260.00 2258.00 2259.00 5970.00
20160930  09:26:00 2259.00 2260.00 2259.00 2259.00 7610.00
20160930  09:25:00 2258.00 2261.00 2258.00 2259.00 7200.00
20160930  09:24:00 2259.00 2260.00 2258.00 2259.00 7652.00
20160930  09:23:00 2261.00 2261.00 2258.00 2260.00 8022.00
20160930  09:22:00 2260.00 2262.00 2259.00 2260.00 8804.00
20160930  09:21:00 2257.00 2261.00 2256.00 2260.00 18624.00
20160930  09:20:00 2260.00 2261.00 2255.00 2257.00 55106.00
20160930  09:19:00 2262.00 2262.00 2260.00 2260.00 11098.00
20160930  09:18:00 2264.00 2264.00 2260.00 2262.00 21970.00
20160930  09:17:00 2267.00 2267.00 2263.00 2263.00 6572.00
20160930  09:16:00 2265.00 2267.00 2265.00 2267.00 3794.00
20160930  09:15:00 2263.00 2266.00 2262.00 2266.00 13448.00
20160930  09:14:00 2267.00 2267.00 2262.00 2263.00 18450.00
20160930  09:13:00 2269.00 2270.00 2266.00 2267.00 8284.00
20160930  09:12:00 2265.00 2269.00 2265.00 2269.00 12280.00
20160930  09:11:00 2266.00 2266.00 2264.00 2265.00 9130.00
20160930  09:10:00 2267.00 2267.00 2266.00 2266.00 4760.00
20160930  09:09:00 2267.00 2268.00 2266.00 2267.00 4584.00
20160930  09:08:00 2269.00 2270.00 2266.00 2267.00 12212.00
20160930  09:07:00 2263.00 2270.00 2263.00 2269.00 26150.00
20160930  09:06:00 2262.00 2265.00 2262.00 2263.00 18066.00
20160930  09:05:00 2264.00 2265.00 2262.00 2262.00 15118.00
20160930  09:04:00 2264.00 2268.00 2263.00 2265.00 22052.00
20160930  09:03:00 2259.00 2265.00 2259.00 2264.00 27572.00
20160930  09:02:00 2271.00 2271.00 2259.00 2260.00 48878.00
20160930  09:01:00 2267.00 2270.00 2267.00 2270.00 22460.00
20160930  09:00:00 2265.00 2270.00 2261.00 2268.00 171182.00
20160929  23:00:00 2276.00 2276.00 2276.00 2276.00 226.00
20160929  22:59:00 2279.00 2279.00 2275.00 2276.00 14020.00
20160929  22:58:00 2277.00 2279.00 2276.00 2278.00 13490.00
20160929  22:57:00 2276.00 2277.00 2275.00 2277.00 4972.00
20160929  22:56:00 2277.00 2277.00 2275.00 2275.00 3744.00
20160929  22:55:00 2276.00 2278.00 2275.00 2277.00 8298.00
20160929  22:54:00 2279.00 2279.00 2275.00 2275.00 11430.00
20160929  22:53:00 2278.00 2280.00 2278.00 2279.00 6246.00
20160929  22:52:00 2279.00 2279.00 2278.00 2278.00 4140.00
20160929  22:51:00 2280.00 2280.00 2278.00 2278.00 3286.00
20160929  22:50:00 2279.00 2282.00 2279.00 2280.00 9798.00
20160929  22:49:00 2281.00 2281.00 2278.00 2280.00 8972.00
20160929  22:48:00 2282.00 2283.00 2280.00 2281.00 17022.00
20160929  22:47:00 2277.00 2281.00 2276.00 2281.00 13030.00
20160929  22:46:00 2276.00 2277.00 2275.00 2276.00 3502.00
20160929  22:45:00 2277.00 2278.00 2276.00 2277.00 1726.00
20160929  22:44:00 2276.00 2278.00 2275.00 2278.00 5336.00
20160929  22:43:00 2276.00 2277.00 2275.00 2275.00 8906.00
20160929  22:42:00 2277.00 2278.00 2275.00 2275.00 11010.00
20160929  22:41:00 2278.00 2278.00 2277.00 2278.00 834.00
20160929  22:40:00 2278.00 2278.00 2277.00 2277.00 906.00
20160929  22:39:00 2278.00 2278.00 2277.00 2278.00 800.00
20160929  22:38:00 2277.00 2278.00 2276.00 2278.00 2692.00
20160929  22:37:00 2276.00 2277.00 2276.00 2277.00 2214.00
20160929  22:36:00 2278.00 2279.00 2275.00 2276.00 12306.00
20160929  22:35:00 2279.00 2279.00 2278.00 2278.00 570.00
20160929  22:34:00 2279.00 2279.00 2278.00 2278.00 1160.00
20160929  22:33:00 2278.00 2280.00 2278.00 2279.00 5422.00
20160929  22:32:00 2279.00 2279.00 2278.00 2279.00 2430.00
20160929  22:31:00 2278.00 2280.00 2278.00 2279.00 3882.00
20160929  22:30:00 2279.00 2279.00 2277.00 2278.00 4150.00
20160929  22:29:00 2279.00 2280.00 2278.00 2278.00 4038.00
20160929  22:28:00 2281.00 2281.00 2277.00 2279.00 14256.00
20160929  22:27:00 2275.00 2282.00 2275.00 2281.00 22976.00
20160929  22:26:00 2275.00 2276.00 2274.00 2275.00 6240.00
20160929  22:25:00 2276.00 2277.00 2275.00 2275.00 4104.00
20160929  22:24:00 2277.00 2277.00 2276.00 2276.00 730.00
20160929  22:23:00 2276.00 2277.00 2275.00 2276.00 3514.00
20160929  22:22:00 2276.00 2277.00 2275.00 2276.00 6294.00
20160929  22:21:00 2278.00 2279.00 2276.00 2276.00 6908.00
20160929  22:20:00 2279.00 2279.00 2277.00 2279.00 6212.00
20160929  22:19:00 2277.00 2279.00 2277.00 2279.00 2828.00
20160929  22:18:00 2278.00 2279.00 2277.00 2278.00 4434.00
20160929  22:17:00 2277.00 2279.00 2276.00 2278.00 7644.00
20160929  22:16:00 2277.00 2277.00 2275.00 2277.00 4540.00
20160929  22:15:00 2274.00 2277.00 2274.00 2277.00 13778.00
20160929  22:14:00 2277.00 2277.00 2274.00 2274.00 22144.00
20160929  22:13:00 2276.00 2277.00 2275.00 2276.00 11360.00
20160929  22:12:00 2279.00 2279.00 2276.00 2276.00 5066.00
20160929  22:11:00 2279.00 2279.00 2278.00 2279.00 1490.00
20160929  22:10:00 2277.00 2279.00 2277.00 2279.00 3574.00
20160929  22:09:00 2278.00 2279.00 2277.00 2277.00 5100.00
20160929  22:08:00 2278.00 2279.00 2278.00 2278.00 1056.00
20160929  22:07:00 2278.00 2279.00 2278.00 2278.00 3594.00
20160929  22:06:00 2278.00 2279.00 2278.00 2278.00 2498.00
20160929  22:05:00 2280.00 2280.00 2278.00 2278.00 3448.00
20160929  22:04:00 2279.00 2280.00 2278.00 2280.00 4420.00
20160929  22:03:00 2279.00 2280.00 2279.00 2279.00 2680.00
20160929  22:02:00 2279.00 2280.00 2279.00 2279.00 2196.00
20160929  22:01:00 2279.00 2280.00 2278.00 2279.00 4738.00
20160929  22:00:00 2278.00 2279.00 2276.00 2279.00 11682.00
20160929  21:59:00 2278.00 2279.00 2278.00 2278.00 5780.00
20160929  21:58:00 2280.00 2280.00 2278.00 2278.00 4594.00
20160929  21:57:00 2280.00 2280.00 2279.00 2279.00 690.00
20160929  21:56:00 2279.00 2280.00 2279.00 2279.00 1096.00
20160929  21:55:00 2280.00 2280.00 2278.00 2280.00 4302.00
20160929  21:54:00 2278.00 2280.00 2278.00 2280.00 7338.00
20160929  21:53:00 2280.00 2281.00 2278.00 2278.00 8546.00
20160929  21:52:00 2282.00 2283.00 2280.00 2281.00 6844.00
20160929  21:51:00 2282.00 2283.00 2282.00 2282.00 1302.00
20160929  21:50:00 2282.00 2284.00 2281.00 2282.00 16124.00
20160929  21:49:00 2285.00 2285.00 2282.00 2282.00 16940.00
20160929  21:48:00 2284.00 2286.00 2283.00 2286.00 17714.00
20160929  21:47:00 2280.00 2285.00 2280.00 2284.00 20030.00
20160929  21:46:00 2282.00 2282.00 2280.00 2280.00 6382.00
20160929  21:45:00 2280.00 2282.00 2280.00 2282.00 7438.00
20160929  21:44:00 2279.00 2281.00 2279.00 2280.00 6802.00
20160929  21:43:00 2281.00 2281.00 2278.00 2279.00 5678.00
20160929  21:42:00 2280.00 2281.00 2279.00 2281.00 9504.00
20160929  21:41:00 2276.00 2281.00 2276.00 2280.00 19308.00
20160929  21:40:00 2276.00 2277.00 2274.00 2277.00 8314.00
20160929  21:39:00 2277.00 2277.00 2275.00 2276.00 6560.00
20160929  21:38:00 2277.00 2278.00 2275.00 2277.00 7790.00
20160929  21:37:00 2275.00 2277.00 2275.00 2276.00 12342.00
20160929  21:36:00 2275.00 2277.00 2274.00 2275.00 13184.00
20160929  21:35:00 2277.00 2277.00 2274.00 2276.00 23798.00
20160929  21:34:00 2278.00 2278.00 2276.00 2277.00 6842.00
20160929  21:33:00 2278.00 2279.00 2277.00 2278.00 8116.00
20160929  21:32:00 2277.00 2279.00 2276.00 2278.00 15094.00
20160929  21:31:00 2278.00 2278.00 2276.00 2276.00 13724.00
20160929  21:30:00 2280.00 2281.00 2278.00 2278.00 13106.00
20160929  21:29:00 2280.00 2281.00 2280.00 2280.00 2842.00
20160929  21:28:00 2279.00 2281.00 2279.00 2281.00 7172.00
20160929  21:27:00 2283.00 2283.00 2279.00 2279.00 8574.00
20160929  21:26:00 2283.00 2284.00 2282.00 2283.00 5712.00
20160929  21:25:00 2282.00 2283.00 2281.00 2283.00 6738.00
20160929  21:24:00 2281.00 2282.00 2279.00 2282.00 20464.00
20160929  21:23:00 2282.00 2282.00 2281.00 2282.00 17858.00
20160929  21:22:00 2282.00 2283.00 2281.00 2282.00 9756.00
20160929  21:21:00 2283.00 2284.00 2282.00 2282.00 6772.00
20160929  21:20:00 2286.00 2286.00 2283.00 2283.00 22590.00
20160929  21:19:00 2285.00 2286.00 2284.00 2286.00 6294.00
20160929  21:18:00 2286.00 2287.00 2284.00 2284.00 10694.00
20160929  21:17:00 2285.00 2286.00 2284.00 2285.00 6510.00
20160929  21:16:00 2284.00 2285.00 2284.00 2284.00 3678.00
20160929  21:15:00 2285.00 2285.00 2283.00 2285.00 7532.00
20160929  21:14:00 2284.00 2286.00 2284.00 2284.00 10588.00
20160929  21:13:00 2287.00 2287.00 2285.00 2285.00 17876.00
20160929  21:12:00 2284.00 2288.00 2282.00 2286.00 31678.00
20160929  21:11:00 2284.00 2285.00 2283.00 2284.00 14114.00
20160929  21:10:00 2283.00 2285.00 2282.00 2284.00 17886.00
20160929  21:09:00 2282.00 2284.00 2282.00 2283.00 29880.00
20160929  21:08:00 2279.00 2281.00 2278.00 2281.00 25436.00
20160929  21:07:00 2278.00 2279.00 2277.00 2278.00 10032.00
20160929  21:06:00 2275.00 2278.00 2275.00 2278.00 12154.00
20160929  21:05:00 2279.00 2279.00 2275.00 2275.00 16232.00
20160929  21:04:00 2276.00 2279.00 2276.00 2279.00 14990.00
20160929  21:03:00 2278.00 2279.00 2276.00 2276.00 16992.00
20160929  21:02:00 2276.00 2280.00 2276.00 2278.00 31414.00
20160929  21:01:00 2277.00 2278.00 2274.00 2276.00 28576.00
20160929  21:00:00 2270.00 2280.00 2266.00 2277.00 87020.00
