20160513  15:00:00 2030.00 2030.00 2030.00 2030.00 328.00
20160513  14:59:00 2030.00 2031.00 2026.00 2030.00 111350.00
20160513  14:58:00 2034.00 2035.00 2030.00 2030.00 52228.00
20160513  14:57:00 2037.00 2039.00 2032.00 2034.00 59322.00
20160513  14:56:00 2038.00 2038.00 2036.00 2037.00 23842.00
20160513  14:55:00 2039.00 2041.00 2037.00 2038.00 46108.00
20160513  14:54:00 2040.00 2040.00 2035.00 2038.00 47986.00
20160513  14:53:00 2037.00 2040.00 2037.00 2040.00 45964.00
20160513  14:52:00 2043.00 2044.00 2037.00 2038.00 85250.00
20160513  14:51:00 2050.00 2050.00 2042.00 2044.00 74730.00
20160513  14:50:00 2050.00 2053.00 2048.00 2051.00 51212.00
20160513  14:49:00 2046.00 2052.00 2045.00 2051.00 62026.00
20160513  14:48:00 2047.00 2050.00 2045.00 2047.00 63800.00
20160513  14:47:00 2043.00 2048.00 2042.00 2047.00 42054.00
20160513  14:46:00 2044.00 2045.00 2038.00 2042.00 48692.00
20160513  14:45:00 2042.00 2046.00 2042.00 2043.00 36276.00
20160513  14:44:00 2043.00 2047.00 2041.00 2042.00 52920.00
20160513  14:43:00 2041.00 2044.00 2039.00 2043.00 34792.00
20160513  14:42:00 2042.00 2044.00 2037.00 2040.00 38958.00
20160513  14:41:00 2043.00 2045.00 2039.00 2042.00 35366.00
20160513  14:40:00 2041.00 2044.00 2038.00 2043.00 49704.00
20160513  14:39:00 2039.00 2048.00 2038.00 2041.00 155860.00
20160513  14:38:00 2026.00 2043.00 2026.00 2039.00 105624.00
20160513  14:37:00 2028.00 2029.00 2026.00 2027.00 9380.00
20160513  14:36:00 2028.00 2028.00 2025.00 2028.00 21494.00
20160513  14:35:00 2027.00 2028.00 2025.00 2027.00 15450.00
20160513  14:34:00 2024.00 2027.00 2024.00 2026.00 27238.00
20160513  14:33:00 2028.00 2028.00 2023.00 2025.00 48912.00
20160513  14:32:00 2030.00 2031.00 2027.00 2028.00 25582.00
20160513  14:31:00 2032.00 2033.00 2029.00 2029.00 16680.00
20160513  14:30:00 2034.00 2034.00 2031.00 2032.00 15938.00
20160513  14:29:00 2030.00 2034.00 2030.00 2034.00 15760.00
20160513  14:28:00 2029.00 2032.00 2029.00 2030.00 9010.00
20160513  14:27:00 2030.00 2031.00 2029.00 2029.00 5430.00
20160513  14:26:00 2033.00 2034.00 2029.00 2030.00 18874.00
20160513  14:25:00 2028.00 2033.00 2026.00 2033.00 29130.00
20160513  14:24:00 2030.00 2030.00 2027.00 2027.00 20430.00
20160513  14:23:00 2031.00 2032.00 2028.00 2030.00 16164.00
20160513  14:22:00 2031.00 2031.00 2029.00 2030.00 15378.00
20160513  14:21:00 2029.00 2031.00 2028.00 2030.00 20620.00
20160513  14:20:00 2029.00 2032.00 2028.00 2029.00 37340.00
20160513  14:19:00 2030.00 2030.00 2027.00 2029.00 20148.00
20160513  14:18:00 2029.00 2030.00 2027.00 2029.00 39896.00
20160513  14:17:00 2029.00 2033.00 2028.00 2029.00 45526.00
20160513  14:16:00 2039.00 2039.00 2029.00 2030.00 91560.00
20160513  14:15:00 2040.00 2045.00 2036.00 2038.00 103710.00
20160513  14:14:00 2033.00 2043.00 2030.00 2039.00 96112.00
20160513  14:13:00 2036.00 2037.00 2030.00 2034.00 49094.00
20160513  14:12:00 2028.00 2041.00 2026.00 2036.00 144950.00
20160513  14:11:00 2025.00 2028.00 2022.00 2028.00 28578.00
20160513  14:10:00 2028.00 2029.00 2025.00 2025.00 14718.00
20160513  14:09:00 2027.00 2031.00 2026.00 2029.00 17326.00
20160513  14:08:00 2026.00 2029.00 2025.00 2028.00 11202.00
20160513  14:07:00 2026.00 2027.00 2024.00 2026.00 20876.00
20160513  14:06:00 2030.00 2030.00 2025.00 2025.00 19796.00
20160513  14:05:00 2028.00 2030.00 2028.00 2029.00 24964.00
20160513  14:04:00 2030.00 2030.00 2027.00 2028.00 31518.00
20160513  14:03:00 2032.00 2035.00 2029.00 2029.00 48146.00
20160513  14:02:00 2028.00 2034.00 2027.00 2033.00 54632.00
20160513  14:01:00 2028.00 2030.00 2027.00 2028.00 15886.00
20160513  14:00:00 2032.00 2035.00 2028.00 2029.00 52542.00
20160513  13:59:00 2026.00 2033.00 2026.00 2033.00 80258.00
20160513  13:58:00 2026.00 2027.00 2024.00 2026.00 11634.00
20160513  13:57:00 2024.00 2027.00 2023.00 2025.00 26716.00
20160513  13:56:00 2022.00 2024.00 2020.00 2023.00 13150.00
20160513  13:55:00 2020.00 2023.00 2020.00 2022.00 16294.00
20160513  13:54:00 2019.00 2022.00 2018.00 2020.00 23442.00
20160513  13:53:00 2020.00 2020.00 2017.00 2018.00 18858.00
20160513  13:52:00 2022.00 2023.00 2019.00 2020.00 13664.00
20160513  13:51:00 2021.00 2023.00 2018.00 2022.00 30374.00
20160513  13:50:00 2022.00 2024.00 2021.00 2021.00 18238.00
20160513  13:49:00 2028.00 2028.00 2023.00 2023.00 18490.00
20160513  13:48:00 2025.00 2028.00 2025.00 2027.00 13538.00
20160513  13:47:00 2029.00 2029.00 2025.00 2025.00 16794.00
20160513  13:46:00 2027.00 2029.00 2025.00 2029.00 17640.00
20160513  13:45:00 2028.00 2031.00 2026.00 2027.00 43462.00
20160513  13:44:00 2027.00 2030.00 2026.00 2027.00 31626.00
20160513  13:43:00 2023.00 2029.00 2023.00 2026.00 50274.00
20160513  13:42:00 2020.00 2024.00 2020.00 2024.00 13906.00
20160513  13:41:00 2022.00 2022.00 2019.00 2020.00 14880.00
20160513  13:40:00 2021.00 2024.00 2020.00 2022.00 19462.00
20160513  13:39:00 2022.00 2024.00 2021.00 2021.00 15078.00
20160513  13:38:00 2022.00 2023.00 2020.00 2023.00 11456.00
20160513  13:37:00 2021.00 2022.00 2020.00 2022.00 7834.00
20160513  13:36:00 2020.00 2021.00 2019.00 2020.00 9002.00
20160513  13:35:00 2021.00 2022.00 2019.00 2020.00 13554.00
20160513  13:34:00 2019.00 2022.00 2017.00 2021.00 23710.00
20160513  13:33:00 2019.00 2019.00 2017.00 2018.00 10560.00
20160513  13:32:00 2020.00 2021.00 2018.00 2019.00 19482.00
20160513  13:31:00 2017.00 2020.00 2016.00 2020.00 31220.00
20160513  13:30:00 2018.00 2019.00 2014.00 2016.00 52718.00
20160513  11:29:00 2017.00 2019.00 2017.00 2018.00 29394.00
20160513  11:28:00 2020.00 2021.00 2016.00 2017.00 30814.00
20160513  11:27:00 2018.00 2020.00 2018.00 2020.00 17370.00
20160513  11:26:00 2019.00 2021.00 2016.00 2019.00 48760.00
20160513  11:25:00 2021.00 2024.00 2018.00 2018.00 36204.00
20160513  11:24:00 2024.00 2024.00 2018.00 2022.00 59288.00
20160513  11:23:00 2026.00 2027.00 2022.00 2023.00 63814.00
20160513  11:22:00 2030.00 2035.00 2024.00 2026.00 80356.00
20160513  11:21:00 2031.00 2033.00 2029.00 2030.00 43954.00
20160513  11:20:00 2029.00 2033.00 2027.00 2030.00 69186.00
20160513  11:19:00 2030.00 2031.00 2026.00 2030.00 50602.00
20160513  11:18:00 2029.00 2030.00 2022.00 2029.00 58560.00
20160513  11:17:00 2020.00 2028.00 2020.00 2028.00 62286.00
20160513  11:16:00 2019.00 2023.00 2016.00 2021.00 40500.00
20160513  11:15:00 2022.00 2028.00 2018.00 2019.00 72312.00
20160513  11:14:00 2013.00 2022.00 2012.00 2022.00 63236.00
20160513  11:13:00 2017.00 2018.00 2012.00 2012.00 33952.00
20160513  11:12:00 2012.00 2021.00 2010.00 2018.00 81030.00
20160513  11:11:00 2005.00 2012.00 2004.00 2012.00 70990.00
20160513  11:10:00 2003.00 2005.00 2002.00 2004.00 20890.00
20160513  11:09:00 2003.00 2006.00 2002.00 2002.00 38332.00
20160513  11:08:00 2002.00 2004.00 2001.00 2002.00 73452.00
20160513  11:07:00 2009.00 2009.00 2002.00 2002.00 54866.00
20160513  11:06:00 2006.00 2009.00 2006.00 2009.00 15068.00
20160513  11:05:00 2008.00 2009.00 2006.00 2007.00 15148.00
20160513  11:04:00 2011.00 2011.00 2006.00 2008.00 17192.00
20160513  11:03:00 2008.00 2011.00 2007.00 2010.00 22030.00
20160513  11:02:00 2007.00 2008.00 2006.00 2007.00 20564.00
20160513  11:01:00 2011.00 2012.00 2007.00 2007.00 21464.00
20160513  11:00:00 2009.00 2011.00 2008.00 2010.00 13752.00
20160513  10:59:00 2011.00 2011.00 2008.00 2009.00 23224.00
20160513  10:58:00 2013.00 2014.00 2011.00 2011.00 14104.00
20160513  10:57:00 2012.00 2015.00 2011.00 2012.00 35526.00
20160513  10:56:00 2010.00 2013.00 2009.00 2012.00 15142.00
20160513  10:55:00 2011.00 2011.00 2007.00 2009.00 20972.00
20160513  10:54:00 2010.00 2012.00 2010.00 2011.00 21016.00
20160513  10:53:00 2007.00 2012.00 2007.00 2010.00 32754.00
20160513  10:52:00 2008.00 2008.00 2005.00 2006.00 41212.00
20160513  10:51:00 2009.00 2011.00 2007.00 2007.00 33208.00
20160513  10:50:00 2008.00 2010.00 2006.00 2010.00 60440.00
20160513  10:49:00 2011.00 2013.00 2008.00 2008.00 45784.00
20160513  10:48:00 2017.00 2018.00 2008.00 2011.00 109240.00
20160513  10:47:00 2019.00 2020.00 2016.00 2018.00 29898.00
20160513  10:46:00 2020.00 2022.00 2018.00 2018.00 25582.00
20160513  10:45:00 2024.00 2024.00 2018.00 2019.00 29748.00
20160513  10:44:00 2025.00 2025.00 2023.00 2024.00 6340.00
20160513  10:43:00 2023.00 2025.00 2022.00 2025.00 9406.00
20160513  10:42:00 2024.00 2024.00 2023.00 2023.00 5342.00
20160513  10:41:00 2022.00 2024.00 2022.00 2024.00 8312.00
20160513  10:40:00 2024.00 2024.00 2022.00 2023.00 11168.00
20160513  10:39:00 2023.00 2025.00 2022.00 2024.00 18552.00
20160513  10:38:00 2022.00 2023.00 2021.00 2022.00 16400.00
20160513  10:37:00 2023.00 2024.00 2021.00 2021.00 23956.00
20160513  10:36:00 2024.00 2025.00 2022.00 2023.00 19306.00
20160513  10:35:00 2024.00 2025.00 2024.00 2025.00 10384.00
20160513  10:34:00 2025.00 2026.00 2024.00 2024.00 12186.00
20160513  10:33:00 2026.00 2027.00 2025.00 2026.00 10794.00
20160513  10:32:00 2026.00 2026.00 2024.00 2025.00 21518.00
20160513  10:31:00 2025.00 2027.00 2025.00 2027.00 14602.00
20160513  10:30:00 2028.00 2029.00 2025.00 2025.00 27250.00
20160513  10:14:00 2029.00 2030.00 2028.00 2028.00 10304.00
20160513  10:13:00 2030.00 2031.00 2029.00 2029.00 6852.00
20160513  10:12:00 2031.00 2031.00 2029.00 2030.00 4850.00
20160513  10:11:00 2029.00 2031.00 2029.00 2031.00 7694.00
20160513  10:10:00 2031.00 2031.00 2028.00 2029.00 12672.00
20160513  10:09:00 2030.00 2032.00 2029.00 2031.00 6874.00
20160513  10:08:00 2032.00 2032.00 2029.00 2029.00 9228.00
20160513  10:07:00 2030.00 2032.00 2029.00 2032.00 12654.00
20160513  10:06:00 2029.00 2031.00 2028.00 2029.00 14286.00
20160513  10:05:00 2027.00 2030.00 2027.00 2029.00 14294.00
20160513  10:04:00 2029.00 2029.00 2026.00 2028.00 22802.00
20160513  10:03:00 2031.00 2031.00 2027.00 2028.00 20978.00
20160513  10:02:00 2033.00 2034.00 2027.00 2030.00 41492.00
20160513  10:01:00 2037.00 2038.00 2033.00 2034.00 22518.00
20160513  10:00:00 2030.00 2040.00 2030.00 2038.00 78968.00
20160513  09:59:00 2032.00 2034.00 2030.00 2031.00 13278.00
20160513  09:58:00 2030.00 2032.00 2030.00 2032.00 10950.00
20160513  09:57:00 2031.00 2032.00 2030.00 2031.00 11376.00
20160513  09:56:00 2029.00 2031.00 2028.00 2031.00 12444.00
20160513  09:55:00 2033.00 2033.00 2028.00 2028.00 29392.00
20160513  09:54:00 2033.00 2035.00 2032.00 2034.00 26116.00
20160513  09:53:00 2034.00 2035.00 2032.00 2032.00 37038.00
20160513  09:52:00 2032.00 2035.00 2030.00 2034.00 43608.00
20160513  09:51:00 2026.00 2033.00 2026.00 2032.00 60614.00
20160513  09:50:00 2026.00 2027.00 2025.00 2026.00 4830.00
20160513  09:49:00 2027.00 2027.00 2024.00 2026.00 7264.00
20160513  09:48:00 2025.00 2027.00 2024.00 2027.00 8244.00
20160513  09:47:00 2025.00 2026.00 2024.00 2025.00 6454.00
20160513  09:46:00 2025.00 2026.00 2024.00 2025.00 6964.00
20160513  09:45:00 2026.00 2027.00 2025.00 2025.00 5792.00
20160513  09:44:00 2027.00 2027.00 2025.00 2026.00 8250.00
20160513  09:43:00 2026.00 2028.00 2026.00 2027.00 17414.00
20160513  09:42:00 2026.00 2027.00 2025.00 2026.00 7038.00
20160513  09:41:00 2025.00 2026.00 2023.00 2026.00 6354.00
20160513  09:40:00 2024.00 2026.00 2024.00 2025.00 5652.00
20160513  09:39:00 2024.00 2025.00 2023.00 2024.00 8850.00
20160513  09:38:00 2025.00 2027.00 2024.00 2024.00 10560.00
20160513  09:37:00 2026.00 2026.00 2025.00 2025.00 9032.00
20160513  09:36:00 2027.00 2028.00 2025.00 2026.00 14158.00
20160513  09:35:00 2025.00 2027.00 2024.00 2027.00 11918.00
20160513  09:34:00 2026.00 2026.00 2025.00 2025.00 8620.00
20160513  09:33:00 2024.00 2027.00 2023.00 2026.00 17016.00
20160513  09:32:00 2027.00 2027.00 2023.00 2024.00 23428.00
20160513  09:31:00 2027.00 2029.00 2026.00 2026.00 36814.00
20160513  09:30:00 2024.00 2026.00 2022.00 2026.00 18858.00
20160513  09:29:00 2025.00 2026.00 2023.00 2024.00 22728.00
20160513  09:28:00 2024.00 2026.00 2023.00 2025.00 26256.00
20160513  09:27:00 2020.00 2025.00 2016.00 2024.00 50074.00
20160513  09:26:00 2020.00 2022.00 2019.00 2019.00 13330.00
20160513  09:25:00 2020.00 2023.00 2019.00 2021.00 19668.00
20160513  09:24:00 2021.00 2022.00 2020.00 2021.00 7908.00
20160513  09:23:00 2023.00 2024.00 2018.00 2021.00 29068.00
20160513  09:22:00 2024.00 2025.00 2021.00 2024.00 16120.00
20160513  09:21:00 2024.00 2025.00 2023.00 2024.00 10070.00
20160513  09:20:00 2025.00 2027.00 2024.00 2024.00 12184.00
20160513  09:19:00 2025.00 2026.00 2024.00 2025.00 7412.00
20160513  09:18:00 2027.00 2028.00 2024.00 2025.00 19202.00
20160513  09:17:00 2025.00 2028.00 2023.00 2028.00 17692.00
20160513  09:16:00 2022.00 2026.00 2021.00 2025.00 19614.00
20160513  09:15:00 2026.00 2026.00 2021.00 2022.00 30746.00
20160513  09:14:00 2026.00 2027.00 2024.00 2026.00 16822.00
20160513  09:13:00 2026.00 2026.00 2022.00 2026.00 19826.00
20160513  09:12:00 2024.00 2027.00 2024.00 2025.00 22078.00
20160513  09:11:00 2025.00 2026.00 2021.00 2025.00 25484.00
20160513  09:10:00 2020.00 2026.00 2020.00 2024.00 44012.00
20160513  09:09:00 2020.00 2021.00 2018.00 2020.00 30360.00
20160513  09:08:00 2020.00 2022.00 2019.00 2019.00 31210.00
20160513  09:07:00 2022.00 2022.00 2018.00 2021.00 30922.00
20160513  09:06:00 2022.00 2023.00 2020.00 2022.00 21782.00
20160513  09:05:00 2020.00 2024.00 2018.00 2022.00 36926.00
20160513  09:04:00 2021.00 2022.00 2014.00 2019.00 62384.00
20160513  09:03:00 2028.00 2029.00 2022.00 2022.00 41760.00
20160513  09:02:00 2029.00 2030.00 2026.00 2027.00 40030.00
20160513  09:01:00 2016.00 2030.00 2015.00 2029.00 77494.00
20160513  09:00:00 2025.00 2027.00 2016.00 2017.00 129614.00
20160512  23:00:00 2033.00 2033.00 2033.00 2033.00 198.00
20160512  22:59:00 2034.00 2034.00 2032.00 2034.00 53570.00
20160512  22:58:00 2030.00 2035.00 2029.00 2034.00 58288.00
20160512  22:57:00 2033.00 2035.00 2029.00 2030.00 59944.00
20160512  22:56:00 2035.00 2037.00 2030.00 2033.00 84694.00
20160512  22:55:00 2044.00 2045.00 2033.00 2034.00 89900.00
20160512  22:54:00 2048.00 2048.00 2043.00 2044.00 46098.00
20160512  22:53:00 2049.00 2050.00 2046.00 2047.00 24806.00
20160512  22:52:00 2046.00 2051.00 2046.00 2049.00 35874.00
20160512  22:51:00 2054.00 2054.00 2045.00 2046.00 66516.00
20160512  22:50:00 2051.00 2055.00 2051.00 2054.00 32742.00
20160512  22:49:00 2055.00 2056.00 2052.00 2052.00 25474.00
20160512  22:48:00 2057.00 2057.00 2054.00 2055.00 11190.00
20160512  22:47:00 2055.00 2058.00 2055.00 2057.00 23296.00
20160512  22:46:00 2057.00 2057.00 2054.00 2055.00 16222.00
20160512  22:45:00 2054.00 2057.00 2053.00 2056.00 22794.00
20160512  22:44:00 2058.00 2059.00 2053.00 2053.00 30402.00
20160512  22:43:00 2056.00 2059.00 2055.00 2058.00 22698.00
20160512  22:42:00 2058.00 2059.00 2056.00 2056.00 16184.00
20160512  22:41:00 2059.00 2060.00 2056.00 2058.00 18358.00
20160512  22:40:00 2063.00 2064.00 2058.00 2059.00 27426.00
20160512  22:39:00 2065.00 2066.00 2063.00 2063.00 11776.00
20160512  22:38:00 2065.00 2066.00 2064.00 2065.00 8272.00
20160512  22:37:00 2066.00 2066.00 2064.00 2064.00 8056.00
20160512  22:36:00 2063.00 2066.00 2062.00 2065.00 16156.00
20160512  22:35:00 2064.00 2065.00 2062.00 2062.00 9302.00
20160512  22:34:00 2064.00 2065.00 2062.00 2064.00 17310.00
20160512  22:33:00 2064.00 2065.00 2063.00 2064.00 10878.00
20160512  22:32:00 2066.00 2067.00 2063.00 2064.00 41554.00
20160512  22:31:00 2061.00 2067.00 2060.00 2067.00 40312.00
20160512  22:30:00 2062.00 2062.00 2058.00 2060.00 18716.00
20160512  22:29:00 2060.00 2062.00 2059.00 2062.00 28308.00
20160512  22:28:00 2056.00 2060.00 2056.00 2060.00 25450.00
20160512  22:27:00 2056.00 2057.00 2055.00 2056.00 8378.00
20160512  22:26:00 2055.00 2057.00 2055.00 2056.00 8198.00
20160512  22:25:00 2057.00 2057.00 2054.00 2055.00 9298.00
20160512  22:24:00 2057.00 2058.00 2056.00 2057.00 9088.00
20160512  22:23:00 2054.00 2058.00 2053.00 2057.00 15468.00
20160512  22:22:00 2056.00 2056.00 2053.00 2054.00 11866.00
20160512  22:21:00 2057.00 2058.00 2053.00 2056.00 20940.00
20160512  22:20:00 2057.00 2058.00 2055.00 2057.00 17870.00
20160512  22:19:00 2056.00 2058.00 2055.00 2057.00 13912.00
20160512  22:18:00 2058.00 2059.00 2055.00 2056.00 20774.00
20160512  22:17:00 2051.00 2058.00 2051.00 2057.00 60074.00
20160512  22:16:00 2059.00 2060.00 2052.00 2052.00 46276.00
20160512  22:15:00 2058.00 2060.00 2058.00 2059.00 8754.00
20160512  22:14:00 2060.00 2061.00 2058.00 2059.00 16352.00
20160512  22:13:00 2062.00 2062.00 2060.00 2060.00 14376.00
20160512  22:12:00 2062.00 2064.00 2061.00 2061.00 17054.00
20160512  22:11:00 2062.00 2063.00 2061.00 2063.00 7904.00
20160512  22:10:00 2060.00 2062.00 2059.00 2062.00 10076.00
20160512  22:09:00 2061.00 2062.00 2059.00 2059.00 10484.00
20160512  22:08:00 2060.00 2061.00 2059.00 2061.00 10904.00
20160512  22:07:00 2062.00 2062.00 2060.00 2060.00 11876.00
20160512  22:06:00 2061.00 2062.00 2061.00 2062.00 4536.00
20160512  22:05:00 2063.00 2064.00 2060.00 2061.00 13348.00
20160512  22:04:00 2061.00 2064.00 2061.00 2063.00 12824.00
20160512  22:03:00 2062.00 2063.00 2061.00 2062.00 12292.00
20160512  22:02:00 2062.00 2062.00 2060.00 2061.00 12206.00
20160512  22:01:00 2058.00 2063.00 2058.00 2063.00 24644.00
20160512  22:00:00 2056.00 2059.00 2055.00 2058.00 25266.00
20160512  21:59:00 2059.00 2060.00 2056.00 2056.00 13556.00
20160512  21:58:00 2057.00 2060.00 2056.00 2059.00 15780.00
20160512  21:57:00 2060.00 2061.00 2056.00 2057.00 24424.00
20160512  21:56:00 2059.00 2061.00 2059.00 2060.00 10780.00
20160512  21:55:00 2060.00 2061.00 2058.00 2059.00 14490.00
20160512  21:54:00 2063.00 2063.00 2060.00 2061.00 9854.00
20160512  21:53:00 2061.00 2063.00 2061.00 2063.00 6378.00
20160512  21:52:00 2062.00 2063.00 2061.00 2062.00 8908.00
20160512  21:51:00 2060.00 2063.00 2057.00 2062.00 23564.00
20160512  21:50:00 2062.00 2063.00 2058.00 2059.00 40456.00
20160512  21:49:00 2062.00 2063.00 2061.00 2063.00 9342.00
20160512  21:48:00 2066.00 2066.00 2061.00 2063.00 13482.00
20160512  21:47:00 2064.00 2066.00 2063.00 2066.00 12356.00
20160512  21:46:00 2064.00 2065.00 2061.00 2064.00 19492.00
20160512  21:45:00 2064.00 2065.00 2063.00 2065.00 12594.00
20160512  21:44:00 2067.00 2068.00 2064.00 2064.00 15954.00
20160512  21:43:00 2065.00 2069.00 2065.00 2068.00 44192.00
20160512  21:42:00 2063.00 2066.00 2062.00 2065.00 38064.00
20160512  21:41:00 2062.00 2063.00 2058.00 2062.00 34594.00
20160512  21:40:00 2060.00 2063.00 2059.00 2062.00 28486.00
20160512  21:39:00 2063.00 2063.00 2059.00 2059.00 45732.00
20160512  21:38:00 2062.00 2065.00 2062.00 2063.00 23130.00
20160512  21:37:00 2067.00 2067.00 2061.00 2062.00 33418.00
20160512  21:36:00 2065.00 2069.00 2064.00 2067.00 20776.00
20160512  21:35:00 2065.00 2065.00 2062.00 2064.00 33890.00
20160512  21:34:00 2068.00 2069.00 2065.00 2066.00 18634.00
20160512  21:33:00 2067.00 2070.00 2067.00 2069.00 10492.00
20160512  21:32:00 2071.00 2071.00 2065.00 2067.00 28254.00
20160512  21:31:00 2070.00 2073.00 2070.00 2071.00 19184.00
20160512  21:30:00 2070.00 2072.00 2066.00 2071.00 34204.00
20160512  21:29:00 2071.00 2072.00 2068.00 2070.00 21834.00
20160512  21:28:00 2073.00 2073.00 2071.00 2072.00 7808.00
20160512  21:27:00 2069.00 2074.00 2068.00 2073.00 25488.00
20160512  21:26:00 2073.00 2073.00 2069.00 2070.00 14022.00
20160512  21:25:00 2074.00 2074.00 2072.00 2073.00 16704.00
20160512  21:24:00 2073.00 2074.00 2071.00 2074.00 18474.00
20160512  21:23:00 2071.00 2073.00 2070.00 2073.00 12544.00
20160512  21:22:00 2070.00 2072.00 2069.00 2070.00 15152.00
20160512  21:21:00 2074.00 2074.00 2069.00 2069.00 20474.00
20160512  21:20:00 2071.00 2074.00 2070.00 2074.00 18800.00
20160512  21:19:00 2070.00 2071.00 2069.00 2070.00 21852.00
20160512  21:18:00 2071.00 2072.00 2069.00 2069.00 33868.00
20160512  21:17:00 2073.00 2073.00 2071.00 2072.00 24120.00
20160512  21:16:00 2076.00 2077.00 2071.00 2072.00 32988.00
20160512  21:15:00 2076.00 2078.00 2075.00 2075.00 22668.00
20160512  21:14:00 2075.00 2078.00 2075.00 2076.00 30794.00
20160512  21:13:00 2073.00 2077.00 2073.00 2075.00 28996.00
20160512  21:12:00 2073.00 2075.00 2072.00 2073.00 33252.00
20160512  21:11:00 2069.00 2074.00 2069.00 2073.00 21560.00
20160512  21:10:00 2074.00 2074.00 2067.00 2069.00 43756.00
20160512  21:09:00 2073.00 2074.00 2072.00 2074.00 23094.00
20160512  21:08:00 2073.00 2074.00 2071.00 2073.00 34022.00
20160512  21:07:00 2068.00 2075.00 2068.00 2073.00 32568.00
20160512  21:06:00 2068.00 2073.00 2068.00 2068.00 37978.00
20160512  21:05:00 2069.00 2071.00 2066.00 2069.00 37738.00
20160512  21:04:00 2068.00 2072.00 2067.00 2069.00 44576.00
20160512  21:03:00 2063.00 2068.00 2061.00 2068.00 45336.00
20160512  21:02:00 2070.00 2071.00 2062.00 2062.00 48666.00
20160512  21:01:00 2066.00 2070.00 2060.00 2070.00 83556.00
20160512  21:00:00 2065.00 2070.00 2053.00 2066.00 212260.00
