20160923  15:00:00 2309.00 2309.00 2309.00 2309.00  78.00
20160923  14:59:00 2307.00 2310.00 2307.00 2309.00 57182.00
20160923  14:58:00 2306.00 2308.00 2305.00 2308.00 27824.00
20160923  14:57:00 2306.00 2307.00 2305.00 2306.00 18222.00
20160923  14:56:00 2307.00 2308.00 2306.00 2307.00 26328.00
20160923  14:55:00 2304.00 2307.00 2304.00 2307.00 23828.00
20160923  14:54:00 2305.00 2306.00 2304.00 2304.00 17052.00
20160923  14:53:00 2304.00 2306.00 2303.00 2306.00 20998.00
20160923  14:52:00 2303.00 2305.00 2302.00 2305.00 26774.00
20160923  14:51:00 2300.00 2303.00 2300.00 2303.00 14216.00
20160923  14:50:00 2301.00 2301.00 2300.00 2300.00 7050.00
20160923  14:49:00 2300.00 2301.00 2299.00 2300.00 10834.00
20160923  14:48:00 2301.00 2302.00 2300.00 2301.00 8426.00
20160923  14:47:00 2301.00 2302.00 2300.00 2301.00 7798.00
20160923  14:46:00 2303.00 2303.00 2300.00 2300.00 9696.00
20160923  14:45:00 2302.00 2303.00 2301.00 2302.00 11068.00
20160923  14:44:00 2303.00 2304.00 2301.00 2301.00 16004.00
20160923  14:43:00 2303.00 2305.00 2302.00 2304.00 46120.00
20160923  14:42:00 2301.00 2304.00 2301.00 2303.00 33624.00
20160923  14:41:00 2299.00 2301.00 2299.00 2301.00 8770.00
20160923  14:40:00 2297.00 2300.00 2297.00 2299.00 7436.00
20160923  14:39:00 2300.00 2301.00 2297.00 2297.00 8348.00
20160923  14:38:00 2298.00 2301.00 2298.00 2300.00 10548.00
20160923  14:37:00 2300.00 2300.00 2298.00 2298.00 7268.00
20160923  14:36:00 2301.00 2301.00 2299.00 2299.00 11748.00
20160923  14:35:00 2300.00 2302.00 2299.00 2301.00 30706.00
20160923  14:34:00 2298.00 2300.00 2297.00 2299.00 12906.00
20160923  14:33:00 2295.00 2300.00 2295.00 2297.00 30586.00
20160923  14:32:00 2296.00 2296.00 2294.00 2296.00 4492.00
20160923  14:31:00 2292.00 2296.00 2292.00 2296.00 8458.00
20160923  14:30:00 2293.00 2293.00 2292.00 2292.00 13490.00
20160923  14:29:00 2294.00 2295.00 2293.00 2293.00 4532.00
20160923  14:28:00 2294.00 2295.00 2294.00 2295.00 3588.00
20160923  14:27:00 2295.00 2296.00 2294.00 2294.00 3764.00
20160923  14:26:00 2297.00 2297.00 2294.00 2295.00 8186.00
20160923  14:25:00 2295.00 2298.00 2294.00 2297.00 11164.00
20160923  14:24:00 2294.00 2295.00 2294.00 2295.00 1610.00
20160923  14:23:00 2296.00 2296.00 2294.00 2294.00 6068.00
20160923  14:22:00 2296.00 2296.00 2295.00 2295.00 7822.00
20160923  14:21:00 2297.00 2297.00 2294.00 2295.00 14082.00
20160923  14:20:00 2294.00 2297.00 2293.00 2297.00 24454.00
20160923  14:19:00 2293.00 2294.00 2291.00 2293.00 13890.00
20160923  14:18:00 2292.00 2293.00 2291.00 2293.00 14028.00
20160923  14:17:00 2293.00 2293.00 2289.00 2291.00 54826.00
20160923  14:16:00 2294.00 2296.00 2293.00 2293.00 29242.00
20160923  14:15:00 2298.00 2298.00 2293.00 2294.00 26552.00
20160923  14:14:00 2297.00 2298.00 2295.00 2298.00 15662.00
20160923  14:13:00 2300.00 2300.00 2296.00 2297.00 34118.00
20160923  14:12:00 2302.00 2303.00 2299.00 2299.00 22588.00
20160923  14:11:00 2304.00 2304.00 2302.00 2303.00 4772.00
20160923  14:10:00 2303.00 2304.00 2302.00 2304.00 7206.00
20160923  14:09:00 2302.00 2303.00 2302.00 2303.00 2618.00
20160923  14:08:00 2302.00 2303.00 2302.00 2302.00 6340.00
20160923  14:07:00 2304.00 2304.00 2302.00 2302.00 4416.00
20160923  14:06:00 2304.00 2304.00 2303.00 2303.00 4380.00
20160923  14:05:00 2304.00 2304.00 2303.00 2303.00 12448.00
20160923  14:04:00 2305.00 2306.00 2303.00 2303.00 18312.00
20160923  14:03:00 2305.00 2306.00 2304.00 2306.00 20394.00
20160923  14:02:00 2302.00 2305.00 2302.00 2304.00 33366.00
20160923  14:01:00 2301.00 2303.00 2301.00 2302.00 11464.00
20160923  14:00:00 2301.00 2303.00 2300.00 2301.00 24452.00
20160923  13:59:00 2300.00 2301.00 2299.00 2301.00 5924.00
20160923  13:58:00 2300.00 2300.00 2299.00 2299.00 5418.00
20160923  13:57:00 2300.00 2300.00 2299.00 2300.00 2226.00
20160923  13:56:00 2300.00 2301.00 2299.00 2299.00 10188.00
20160923  13:55:00 2298.00 2301.00 2298.00 2301.00 10094.00
20160923  13:54:00 2299.00 2299.00 2298.00 2299.00 5266.00
20160923  13:53:00 2300.00 2300.00 2298.00 2299.00 4938.00
20160923  13:52:00 2299.00 2300.00 2298.00 2299.00 4354.00
20160923  13:51:00 2299.00 2300.00 2298.00 2299.00 11108.00
20160923  13:50:00 2298.00 2300.00 2298.00 2299.00 5018.00
20160923  13:49:00 2301.00 2301.00 2298.00 2299.00 15878.00
20160923  13:48:00 2298.00 2300.00 2297.00 2300.00 16756.00
20160923  13:47:00 2297.00 2299.00 2296.00 2299.00 6686.00
20160923  13:46:00 2298.00 2298.00 2296.00 2296.00 5956.00
20160923  13:45:00 2299.00 2299.00 2297.00 2298.00 8316.00
20160923  13:44:00 2297.00 2299.00 2296.00 2299.00 27886.00
20160923  13:43:00 2294.00 2297.00 2294.00 2297.00 12632.00
20160923  13:42:00 2295.00 2295.00 2294.00 2294.00 9680.00
20160923  13:41:00 2294.00 2295.00 2294.00 2295.00 4032.00
20160923  13:40:00 2295.00 2296.00 2294.00 2294.00 8944.00
20160923  13:39:00 2295.00 2295.00 2293.00 2295.00 7130.00
20160923  13:38:00 2293.00 2295.00 2293.00 2295.00 7368.00
20160923  13:37:00 2295.00 2296.00 2293.00 2293.00 18104.00
20160923  13:36:00 2296.00 2296.00 2295.00 2296.00 3136.00
20160923  13:35:00 2296.00 2296.00 2294.00 2296.00 7530.00
20160923  13:34:00 2295.00 2297.00 2295.00 2296.00 9264.00
20160923  13:33:00 2297.00 2297.00 2294.00 2296.00 11024.00
20160923  13:32:00 2295.00 2297.00 2295.00 2297.00 7006.00
20160923  13:31:00 2294.00 2297.00 2294.00 2296.00 14484.00
20160923  13:30:00 2296.00 2296.00 2293.00 2294.00 29976.00
20160923  11:29:00 2296.00 2296.00 2294.00 2296.00 28926.00
20160923  11:28:00 2295.00 2296.00 2294.00 2295.00 25182.00
20160923  11:27:00 2297.00 2297.00 2293.00 2295.00 41022.00
20160923  11:26:00 2303.00 2303.00 2294.00 2297.00 77118.00
20160923  11:25:00 2303.00 2305.00 2302.00 2302.00 12186.00
20160923  11:24:00 2303.00 2303.00 2302.00 2302.00 5946.00
20160923  11:23:00 2302.00 2305.00 2302.00 2302.00 15800.00
20160923  11:22:00 2303.00 2305.00 2302.00 2302.00 14140.00
20160923  11:21:00 2305.00 2305.00 2303.00 2303.00 13352.00
20160923  11:20:00 2305.00 2306.00 2305.00 2305.00 4636.00
20160923  11:19:00 2306.00 2306.00 2304.00 2305.00 4698.00
20160923  11:18:00 2306.00 2307.00 2305.00 2305.00 1908.00
20160923  11:17:00 2306.00 2307.00 2305.00 2307.00 3188.00
20160923  11:16:00 2308.00 2308.00 2305.00 2306.00 5224.00
20160923  11:15:00 2306.00 2308.00 2306.00 2308.00 4792.00
20160923  11:14:00 2305.00 2307.00 2305.00 2306.00 3018.00
20160923  11:13:00 2304.00 2306.00 2304.00 2305.00 3816.00
20160923  11:12:00 2305.00 2306.00 2303.00 2304.00 10060.00
20160923  11:11:00 2306.00 2306.00 2304.00 2306.00 5542.00
20160923  11:10:00 2306.00 2307.00 2304.00 2306.00 17524.00
20160923  11:09:00 2308.00 2309.00 2305.00 2306.00 9068.00
20160923  11:08:00 2308.00 2309.00 2307.00 2308.00 4362.00
20160923  11:07:00 2307.00 2308.00 2306.00 2308.00 3918.00
20160923  11:06:00 2308.00 2308.00 2306.00 2307.00 2284.00
20160923  11:05:00 2305.00 2308.00 2305.00 2307.00 5918.00
20160923  11:04:00 2307.00 2307.00 2305.00 2306.00 5442.00
20160923  11:03:00 2306.00 2307.00 2305.00 2306.00 6788.00
20160923  11:02:00 2308.00 2308.00 2306.00 2307.00 4836.00
20160923  11:01:00 2310.00 2310.00 2307.00 2308.00 7128.00
20160923  11:00:00 2307.00 2310.00 2307.00 2309.00 20050.00
20160923  10:59:00 2306.00 2307.00 2306.00 2307.00 4344.00
20160923  10:58:00 2307.00 2308.00 2305.00 2306.00 5948.00
20160923  10:57:00 2305.00 2308.00 2304.00 2308.00 10338.00
20160923  10:56:00 2307.00 2307.00 2304.00 2305.00 9440.00
20160923  10:55:00 2305.00 2306.00 2304.00 2306.00 6510.00
20160923  10:54:00 2304.00 2306.00 2304.00 2305.00 4928.00
20160923  10:53:00 2306.00 2306.00 2304.00 2304.00 3380.00
20160923  10:52:00 2305.00 2308.00 2305.00 2306.00 11350.00
20160923  10:51:00 2305.00 2305.00 2304.00 2305.00 4958.00
20160923  10:50:00 2306.00 2306.00 2303.00 2304.00 13996.00
20160923  10:49:00 2304.00 2307.00 2304.00 2307.00 13520.00
20160923  10:48:00 2304.00 2305.00 2303.00 2303.00 7754.00
20160923  10:47:00 2304.00 2305.00 2303.00 2305.00 12536.00
20160923  10:46:00 2305.00 2306.00 2302.00 2304.00 33460.00
20160923  10:45:00 2308.00 2310.00 2306.00 2306.00 20856.00
20160923  10:44:00 2310.00 2310.00 2307.00 2307.00 18144.00
20160923  10:43:00 2309.00 2311.00 2309.00 2310.00 9472.00
20160923  10:42:00 2311.00 2312.00 2309.00 2309.00 15958.00
20160923  10:41:00 2311.00 2313.00 2309.00 2311.00 29308.00
20160923  10:40:00 2310.00 2312.00 2309.00 2311.00 17848.00
20160923  10:39:00 2311.00 2311.00 2309.00 2310.00 9292.00
20160923  10:38:00 2311.00 2312.00 2309.00 2311.00 16202.00
20160923  10:37:00 2309.00 2311.00 2308.00 2311.00 13928.00
20160923  10:36:00 2311.00 2313.00 2309.00 2309.00 33406.00
20160923  10:35:00 2306.00 2311.00 2306.00 2311.00 34752.00
20160923  10:34:00 2304.00 2306.00 2304.00 2306.00 2940.00
20160923  10:33:00 2303.00 2305.00 2303.00 2304.00 9294.00
20160923  10:32:00 2306.00 2307.00 2303.00 2304.00 12088.00
20160923  10:31:00 2306.00 2306.00 2305.00 2306.00 3046.00
20160923  10:30:00 2305.00 2307.00 2305.00 2306.00 8018.00
20160923  10:14:00 2305.00 2307.00 2305.00 2306.00 5850.00
20160923  10:13:00 2305.00 2306.00 2304.00 2305.00 5340.00
20160923  10:12:00 2307.00 2307.00 2305.00 2305.00 3162.00
20160923  10:11:00 2305.00 2307.00 2305.00 2306.00 2724.00
20160923  10:10:00 2306.00 2307.00 2305.00 2305.00 3968.00
20160923  10:09:00 2305.00 2308.00 2305.00 2307.00 7724.00
20160923  10:08:00 2308.00 2308.00 2305.00 2305.00 6240.00
20160923  10:07:00 2305.00 2308.00 2304.00 2308.00 15308.00
20160923  10:06:00 2307.00 2307.00 2305.00 2305.00 7144.00
20160923  10:05:00 2306.00 2307.00 2305.00 2306.00 8116.00
20160923  10:04:00 2305.00 2306.00 2305.00 2306.00 8490.00
20160923  10:03:00 2304.00 2305.00 2303.00 2305.00 4122.00
20160923  10:02:00 2302.00 2305.00 2302.00 2304.00 16734.00
20160923  10:01:00 2303.00 2303.00 2301.00 2302.00 10762.00
20160923  10:00:00 2301.00 2304.00 2301.00 2303.00 27586.00
20160923  09:59:00 2303.00 2304.00 2301.00 2301.00 23350.00
20160923  09:58:00 2305.00 2306.00 2302.00 2304.00 29012.00
20160923  09:57:00 2305.00 2306.00 2304.00 2306.00 10876.00
20160923  09:56:00 2305.00 2306.00 2304.00 2305.00 29684.00
20160923  09:55:00 2312.00 2313.00 2305.00 2306.00 27850.00
20160923  09:54:00 2309.00 2313.00 2308.00 2313.00 31718.00
20160923  09:53:00 2309.00 2311.00 2308.00 2309.00 17844.00
20160923  09:52:00 2308.00 2310.00 2307.00 2309.00 13988.00
20160923  09:51:00 2309.00 2309.00 2307.00 2308.00 8956.00
20160923  09:50:00 2305.00 2309.00 2305.00 2309.00 13226.00
20160923  09:49:00 2306.00 2306.00 2304.00 2304.00 7318.00
20160923  09:48:00 2306.00 2308.00 2305.00 2306.00 9498.00
20160923  09:47:00 2306.00 2307.00 2305.00 2306.00 7566.00
20160923  09:46:00 2307.00 2308.00 2306.00 2306.00 6136.00
20160923  09:45:00 2305.00 2308.00 2305.00 2307.00 12162.00
20160923  09:44:00 2306.00 2307.00 2303.00 2305.00 17618.00
20160923  09:43:00 2305.00 2308.00 2305.00 2306.00 6770.00
20160923  09:42:00 2309.00 2309.00 2305.00 2306.00 13230.00
20160923  09:41:00 2307.00 2310.00 2307.00 2309.00 12394.00
20160923  09:40:00 2310.00 2311.00 2307.00 2307.00 15602.00
20160923  09:39:00 2307.00 2310.00 2307.00 2310.00 13306.00
20160923  09:38:00 2308.00 2310.00 2307.00 2308.00 13870.00
20160923  09:37:00 2307.00 2310.00 2306.00 2309.00 18240.00
20160923  09:36:00 2310.00 2310.00 2307.00 2307.00 11866.00
20160923  09:35:00 2311.00 2311.00 2307.00 2310.00 22040.00
20160923  09:34:00 2306.00 2312.00 2306.00 2310.00 58604.00
20160923  09:33:00 2304.00 2307.00 2304.00 2306.00 18212.00
20160923  09:32:00 2304.00 2306.00 2303.00 2304.00 21244.00
20160923  09:31:00 2300.00 2304.00 2299.00 2304.00 22432.00
20160923  09:30:00 2302.00 2302.00 2300.00 2300.00 21248.00
20160923  09:29:00 2303.00 2303.00 2301.00 2301.00 15728.00
20160923  09:28:00 2302.00 2303.00 2301.00 2303.00 12084.00
20160923  09:27:00 2299.00 2302.00 2298.00 2302.00 28988.00
20160923  09:26:00 2301.00 2302.00 2299.00 2299.00 38146.00
20160923  09:25:00 2301.00 2303.00 2300.00 2302.00 27558.00
20160923  09:24:00 2302.00 2302.00 2301.00 2301.00 42642.00
20160923  09:23:00 2306.00 2307.00 2302.00 2302.00 26384.00
20160923  09:22:00 2307.00 2309.00 2306.00 2306.00 17624.00
20160923  09:21:00 2308.00 2310.00 2307.00 2308.00 38480.00
20160923  09:20:00 2303.00 2308.00 2303.00 2308.00 30590.00
20160923  09:19:00 2303.00 2304.00 2302.00 2302.00 10144.00
20160923  09:18:00 2303.00 2305.00 2302.00 2303.00 29708.00
20160923  09:17:00 2304.00 2305.00 2303.00 2304.00 19606.00
20160923  09:16:00 2307.00 2308.00 2304.00 2304.00 24708.00
20160923  09:15:00 2306.00 2309.00 2305.00 2307.00 41676.00
20160923  09:14:00 2308.00 2308.00 2305.00 2305.00 29612.00
20160923  09:13:00 2303.00 2308.00 2302.00 2307.00 37010.00
20160923  09:12:00 2305.00 2306.00 2303.00 2303.00 40546.00
20160923  09:11:00 2303.00 2305.00 2302.00 2305.00 39918.00
20160923  09:10:00 2299.00 2303.00 2299.00 2302.00 60132.00
20160923  09:09:00 2296.00 2299.00 2295.00 2299.00 27200.00
20160923  09:08:00 2297.00 2298.00 2295.00 2296.00 25150.00
20160923  09:07:00 2295.00 2298.00 2293.00 2297.00 47478.00
20160923  09:06:00 2289.00 2295.00 2288.00 2295.00 24592.00
20160923  09:05:00 2287.00 2289.00 2286.00 2289.00 10736.00
20160923  09:04:00 2288.00 2288.00 2286.00 2288.00 7358.00
20160923  09:03:00 2287.00 2289.00 2286.00 2288.00 11838.00
20160923  09:02:00 2285.00 2288.00 2285.00 2288.00 13672.00
20160923  09:01:00 2289.00 2289.00 2285.00 2285.00 16772.00
20160923  09:00:00 2290.00 2290.00 2286.00 2288.00 27200.00
20160922  23:00:00 2290.00 2290.00 2290.00 2290.00  94.00
20160922  22:59:00 2293.00 2294.00 2290.00 2290.00 20526.00
20160922  22:58:00 2294.00 2295.00 2293.00 2294.00 16900.00
20160922  22:57:00 2293.00 2294.00 2292.00 2293.00 12276.00
20160922  22:56:00 2292.00 2293.00 2291.00 2292.00 5084.00
20160922  22:55:00 2292.00 2292.00 2291.00 2292.00 5602.00
20160922  22:54:00 2293.00 2293.00 2291.00 2292.00 11654.00
20160922  22:53:00 2289.00 2294.00 2288.00 2293.00 28222.00
20160922  22:52:00 2288.00 2289.00 2288.00 2289.00 2546.00
20160922  22:51:00 2288.00 2288.00 2287.00 2288.00 1946.00
20160922  22:50:00 2287.00 2289.00 2287.00 2288.00 4828.00
20160922  22:49:00 2286.00 2288.00 2286.00 2288.00 2068.00
20160922  22:48:00 2287.00 2288.00 2286.00 2286.00 3244.00
20160922  22:47:00 2285.00 2288.00 2284.00 2287.00 6848.00
20160922  22:46:00 2286.00 2287.00 2285.00 2285.00 12256.00
20160922  22:45:00 2288.00 2288.00 2286.00 2287.00 5030.00
20160922  22:44:00 2289.00 2289.00 2288.00 2288.00 2244.00
20160922  22:43:00 2287.00 2289.00 2287.00 2289.00 3414.00
20160922  22:42:00 2287.00 2288.00 2286.00 2287.00 2648.00
20160922  22:41:00 2287.00 2288.00 2286.00 2287.00 8728.00
20160922  22:40:00 2289.00 2290.00 2287.00 2287.00 9116.00
20160922  22:39:00 2290.00 2290.00 2289.00 2289.00 898.00
20160922  22:38:00 2290.00 2291.00 2289.00 2289.00 1188.00
20160922  22:37:00 2289.00 2291.00 2289.00 2290.00 4822.00
20160922  22:36:00 2292.00 2292.00 2289.00 2289.00 6818.00
20160922  22:35:00 2291.00 2292.00 2290.00 2292.00 6244.00
20160922  22:34:00 2290.00 2291.00 2289.00 2290.00 6238.00
20160922  22:33:00 2288.00 2290.00 2288.00 2290.00 1732.00
20160922  22:32:00 2290.00 2290.00 2288.00 2289.00 6082.00
20160922  22:31:00 2289.00 2290.00 2289.00 2290.00 1606.00
20160922  22:30:00 2289.00 2290.00 2288.00 2289.00 3352.00
20160922  22:29:00 2288.00 2290.00 2288.00 2289.00 6798.00
20160922  22:28:00 2289.00 2289.00 2288.00 2288.00 4170.00
20160922  22:27:00 2289.00 2289.00 2288.00 2289.00 5964.00
20160922  22:26:00 2289.00 2289.00 2288.00 2289.00 3514.00
20160922  22:25:00 2289.00 2290.00 2288.00 2289.00 3658.00
20160922  22:24:00 2288.00 2289.00 2287.00 2289.00 11140.00
20160922  22:23:00 2290.00 2291.00 2288.00 2288.00 10938.00
20160922  22:22:00 2291.00 2291.00 2290.00 2290.00 2980.00
20160922  22:21:00 2292.00 2292.00 2291.00 2291.00 6268.00
20160922  22:20:00 2292.00 2292.00 2290.00 2292.00 2652.00
20160922  22:19:00 2291.00 2292.00 2290.00 2291.00 13318.00
20160922  22:18:00 2290.00 2292.00 2289.00 2291.00 8090.00
20160922  22:17:00 2287.00 2291.00 2287.00 2290.00 10260.00
20160922  22:16:00 2287.00 2288.00 2286.00 2287.00 8140.00
20160922  22:15:00 2288.00 2288.00 2287.00 2288.00 2416.00
20160922  22:14:00 2289.00 2290.00 2287.00 2287.00 9162.00
20160922  22:13:00 2287.00 2289.00 2287.00 2289.00 4600.00
20160922  22:12:00 2287.00 2288.00 2287.00 2287.00 1398.00
20160922  22:11:00 2288.00 2288.00 2287.00 2287.00 1034.00
20160922  22:10:00 2287.00 2289.00 2287.00 2288.00 5774.00
20160922  22:09:00 2288.00 2288.00 2286.00 2287.00 7260.00
20160922  22:08:00 2288.00 2289.00 2286.00 2288.00 11700.00
20160922  22:07:00 2289.00 2289.00 2287.00 2288.00 14076.00
20160922  22:06:00 2290.00 2291.00 2289.00 2289.00 6694.00
20160922  22:05:00 2293.00 2293.00 2290.00 2290.00 9034.00
20160922  22:04:00 2291.00 2293.00 2291.00 2292.00 5732.00
20160922  22:03:00 2292.00 2293.00 2291.00 2291.00 11406.00
20160922  22:02:00 2293.00 2294.00 2292.00 2293.00 23506.00
20160922  22:01:00 2291.00 2293.00 2290.00 2292.00 17570.00
20160922  22:00:00 2288.00 2291.00 2288.00 2291.00 19722.00
20160922  21:59:00 2289.00 2290.00 2288.00 2288.00 10270.00
20160922  21:58:00 2288.00 2290.00 2287.00 2289.00 22212.00
20160922  21:57:00 2285.00 2289.00 2284.00 2289.00 22990.00
20160922  21:56:00 2286.00 2286.00 2284.00 2285.00 5862.00
20160922  21:55:00 2284.00 2286.00 2284.00 2286.00 5062.00
20160922  21:54:00 2286.00 2286.00 2284.00 2284.00 7460.00
20160922  21:53:00 2285.00 2286.00 2285.00 2285.00 3874.00
20160922  21:52:00 2284.00 2286.00 2284.00 2285.00 10990.00
20160922  21:51:00 2283.00 2285.00 2283.00 2284.00 8540.00
20160922  21:50:00 2283.00 2284.00 2282.00 2284.00 9736.00
20160922  21:49:00 2282.00 2283.00 2282.00 2282.00 8346.00
20160922  21:48:00 2283.00 2284.00 2281.00 2282.00 17138.00
20160922  21:47:00 2283.00 2284.00 2282.00 2284.00 12568.00
20160922  21:46:00 2282.00 2284.00 2282.00 2283.00 17058.00
20160922  21:45:00 2283.00 2283.00 2280.00 2282.00 41410.00
20160922  21:44:00 2287.00 2288.00 2281.00 2283.00 44466.00
20160922  21:43:00 2287.00 2288.00 2286.00 2288.00 23482.00
20160922  21:42:00 2291.00 2291.00 2288.00 2288.00 19922.00
20160922  21:41:00 2291.00 2292.00 2290.00 2290.00 15720.00
20160922  21:40:00 2292.00 2294.00 2291.00 2291.00 8974.00
20160922  21:39:00 2293.00 2293.00 2292.00 2293.00 2476.00
20160922  21:38:00 2292.00 2293.00 2291.00 2292.00 9952.00
20160922  21:37:00 2295.00 2295.00 2292.00 2292.00 7422.00
20160922  21:36:00 2293.00 2295.00 2292.00 2294.00 5986.00
20160922  21:35:00 2291.00 2293.00 2291.00 2293.00 10832.00
20160922  21:34:00 2293.00 2294.00 2291.00 2291.00 20500.00
20160922  21:33:00 2295.00 2295.00 2293.00 2293.00 4092.00
20160922  21:32:00 2296.00 2296.00 2294.00 2295.00 6472.00
20160922  21:31:00 2295.00 2296.00 2294.00 2296.00 4970.00
20160922  21:30:00 2294.00 2295.00 2293.00 2295.00 9154.00
20160922  21:29:00 2293.00 2294.00 2293.00 2294.00 3200.00
20160922  21:28:00 2293.00 2294.00 2293.00 2293.00 7330.00
20160922  21:27:00 2295.00 2295.00 2293.00 2294.00 8478.00
20160922  21:26:00 2296.00 2296.00 2294.00 2294.00 5968.00
20160922  21:25:00 2295.00 2296.00 2294.00 2296.00 9638.00
20160922  21:24:00 2294.00 2296.00 2294.00 2295.00 9084.00
20160922  21:23:00 2294.00 2295.00 2293.00 2294.00 10366.00
20160922  21:22:00 2296.00 2297.00 2294.00 2294.00 18282.00
20160922  21:21:00 2297.00 2298.00 2296.00 2297.00 29806.00
20160922  21:20:00 2294.00 2297.00 2294.00 2296.00 25152.00
20160922  21:19:00 2293.00 2295.00 2293.00 2294.00 11972.00
20160922  21:18:00 2293.00 2294.00 2292.00 2293.00 15314.00
20160922  21:17:00 2294.00 2295.00 2293.00 2293.00 13740.00
20160922  21:16:00 2293.00 2295.00 2293.00 2294.00 11572.00
20160922  21:15:00 2294.00 2294.00 2293.00 2294.00 14154.00
20160922  21:14:00 2293.00 2295.00 2292.00 2294.00 31018.00
20160922  21:13:00 2289.00 2294.00 2289.00 2293.00 24798.00
20160922  21:12:00 2288.00 2290.00 2287.00 2290.00 10114.00
20160922  21:11:00 2290.00 2290.00 2288.00 2288.00 6880.00
20160922  21:10:00 2290.00 2290.00 2289.00 2290.00 6254.00
20160922  21:09:00 2291.00 2291.00 2289.00 2290.00 9586.00
20160922  21:08:00 2290.00 2291.00 2288.00 2291.00 15806.00
20160922  21:07:00 2289.00 2291.00 2289.00 2290.00 18388.00
20160922  21:06:00 2290.00 2290.00 2287.00 2288.00 16520.00
20160922  21:05:00 2287.00 2290.00 2287.00 2290.00 21264.00
20160922  21:04:00 2288.00 2288.00 2286.00 2287.00 11402.00
20160922  21:03:00 2289.00 2289.00 2286.00 2287.00 13672.00
20160922  21:02:00 2288.00 2289.00 2286.00 2289.00 16798.00
20160922  21:01:00 2289.00 2289.00 2287.00 2289.00 29018.00
20160922  21:00:00 2286.00 2289.00 2284.00 2289.00 60878.00
