20160118  15:00:00 1827.00 1827.00 1827.00 1827.00 274.00
20160118  14:59:00 1827.00 1828.00 1826.00 1827.00 41768.00
20160118  14:58:00 1826.00 1828.00 1825.00 1826.00 39490.00
20160118  14:57:00 1825.00 1827.00 1824.00 1825.00 46818.00
20160118  14:56:00 1823.00 1826.00 1822.00 1826.00 45304.00
20160118  14:55:00 1820.00 1822.00 1820.00 1822.00 32174.00
20160118  14:54:00 1820.00 1821.00 1819.00 1820.00 13384.00
20160118  14:53:00 1820.00 1821.00 1820.00 1820.00 19450.00
20160118  14:52:00 1819.00 1821.00 1819.00 1820.00 7748.00
20160118  14:51:00 1820.00 1820.00 1818.00 1819.00 16292.00
20160118  14:50:00 1822.00 1822.00 1819.00 1819.00 17928.00
20160118  14:49:00 1820.00 1823.00 1820.00 1822.00 33960.00
20160118  14:48:00 1821.00 1822.00 1819.00 1820.00 16374.00
20160118  14:47:00 1821.00 1822.00 1820.00 1820.00 34990.00
20160118  14:46:00 1819.00 1821.00 1818.00 1820.00 11960.00
20160118  14:45:00 1818.00 1819.00 1817.00 1819.00 10804.00
20160118  14:44:00 1821.00 1821.00 1818.00 1818.00 21644.00
20160118  14:43:00 1820.00 1821.00 1818.00 1821.00 36258.00
20160118  14:42:00 1819.00 1820.00 1818.00 1819.00 9834.00
20160118  14:41:00 1817.00 1819.00 1817.00 1819.00 9776.00
20160118  14:40:00 1817.00 1818.00 1816.00 1817.00 11224.00
20160118  14:39:00 1818.00 1818.00 1817.00 1817.00 3526.00
20160118  14:38:00 1817.00 1819.00 1817.00 1818.00 20626.00
20160118  14:37:00 1816.00 1818.00 1815.00 1817.00 12290.00
20160118  14:36:00 1816.00 1817.00 1815.00 1816.00 11712.00
20160118  14:35:00 1817.00 1817.00 1815.00 1816.00 21368.00
20160118  14:34:00 1817.00 1818.00 1816.00 1817.00 12900.00
20160118  14:33:00 1817.00 1818.00 1816.00 1817.00 13838.00
20160118  14:32:00 1816.00 1817.00 1816.00 1817.00 7520.00
20160118  14:31:00 1817.00 1817.00 1816.00 1817.00 4232.00
20160118  14:30:00 1818.00 1818.00 1816.00 1817.00 15214.00
20160118  14:29:00 1817.00 1818.00 1816.00 1818.00 12280.00
20160118  14:28:00 1818.00 1818.00 1816.00 1816.00 15244.00
20160118  14:27:00 1819.00 1819.00 1817.00 1818.00 7054.00
20160118  14:26:00 1819.00 1820.00 1818.00 1819.00 7194.00
20160118  14:25:00 1818.00 1819.00 1817.00 1819.00 6920.00
20160118  14:24:00 1819.00 1819.00 1817.00 1818.00 13888.00
20160118  14:23:00 1818.00 1819.00 1817.00 1819.00 5168.00
20160118  14:22:00 1818.00 1818.00 1817.00 1818.00 21430.00
20160118  14:21:00 1819.00 1820.00 1818.00 1818.00 8954.00
20160118  14:20:00 1820.00 1821.00 1819.00 1820.00 12796.00
20160118  14:19:00 1817.00 1821.00 1817.00 1820.00 38594.00
20160118  14:18:00 1817.00 1818.00 1816.00 1817.00 12212.00
20160118  14:17:00 1816.00 1818.00 1816.00 1817.00 18658.00
20160118  14:16:00 1818.00 1818.00 1815.00 1816.00 21928.00
20160118  14:15:00 1817.00 1818.00 1815.00 1817.00 33088.00
20160118  14:14:00 1818.00 1818.00 1816.00 1817.00 35884.00
20160118  14:13:00 1818.00 1819.00 1818.00 1818.00 1030.00
20160118  14:12:00 1817.00 1818.00 1817.00 1818.00 12530.00
20160118  14:11:00 1819.00 1820.00 1817.00 1817.00 20364.00
20160118  14:10:00 1820.00 1820.00 1819.00 1819.00 2152.00
20160118  14:09:00 1820.00 1820.00 1819.00 1820.00 9526.00
20160118  14:08:00 1819.00 1820.00 1819.00 1820.00 772.00
20160118  14:07:00 1819.00 1820.00 1818.00 1819.00 12184.00
20160118  14:06:00 1820.00 1821.00 1818.00 1819.00 17650.00
20160118  14:05:00 1819.00 1820.00 1819.00 1820.00 1946.00
20160118  14:04:00 1820.00 1820.00 1819.00 1819.00 1178.00
20160118  14:03:00 1818.00 1820.00 1818.00 1820.00 28800.00
20160118  14:02:00 1821.00 1821.00 1818.00 1818.00 13882.00
20160118  14:01:00 1818.00 1821.00 1817.00 1820.00 22210.00
20160118  14:00:00 1817.00 1818.00 1817.00 1817.00 22822.00
20160118  13:59:00 1818.00 1819.00 1817.00 1817.00 7910.00
20160118  13:58:00 1819.00 1820.00 1818.00 1818.00 5310.00
20160118  13:57:00 1820.00 1820.00 1819.00 1819.00 1744.00
20160118  13:56:00 1819.00 1820.00 1818.00 1820.00 5028.00
20160118  13:55:00 1821.00 1821.00 1818.00 1819.00 24410.00
20160118  13:54:00 1820.00 1821.00 1819.00 1821.00 16400.00
20160118  13:53:00 1819.00 1820.00 1818.00 1819.00 4722.00
20160118  13:52:00 1819.00 1819.00 1818.00 1819.00 2090.00
20160118  13:51:00 1818.00 1819.00 1817.00 1819.00 10372.00
20160118  13:50:00 1819.00 1819.00 1817.00 1818.00 6344.00
20160118  13:49:00 1819.00 1820.00 1818.00 1819.00 12094.00
20160118  13:48:00 1818.00 1819.00 1818.00 1819.00 8664.00
20160118  13:47:00 1817.00 1819.00 1817.00 1818.00 12410.00
20160118  13:46:00 1819.00 1819.00 1817.00 1817.00 18268.00
20160118  13:45:00 1820.00 1820.00 1818.00 1818.00 16346.00
20160118  13:44:00 1819.00 1820.00 1818.00 1820.00 6092.00
20160118  13:43:00 1820.00 1820.00 1818.00 1819.00 17288.00
20160118  13:42:00 1819.00 1820.00 1818.00 1820.00 28048.00
20160118  13:41:00 1819.00 1819.00 1818.00 1819.00 21208.00
20160118  13:40:00 1816.00 1819.00 1816.00 1819.00 44582.00
20160118  13:39:00 1817.00 1818.00 1816.00 1816.00 31838.00
20160118  13:38:00 1818.00 1819.00 1817.00 1817.00 13346.00
20160118  13:37:00 1821.00 1821.00 1818.00 1819.00 28692.00
20160118  13:36:00 1819.00 1821.00 1818.00 1821.00 31268.00
20160118  13:35:00 1818.00 1820.00 1818.00 1819.00 27230.00
20160118  13:34:00 1820.00 1820.00 1818.00 1818.00 33322.00
20160118  13:33:00 1823.00 1823.00 1819.00 1820.00 60610.00
20160118  13:32:00 1825.00 1825.00 1822.00 1823.00 26114.00
20160118  13:31:00 1827.00 1828.00 1824.00 1824.00 33534.00
20160118  13:30:00 1827.00 1828.00 1825.00 1826.00 53400.00
20160118  11:29:00 1824.00 1827.00 1824.00 1826.00 18356.00
20160118  11:28:00 1825.00 1825.00 1824.00 1825.00 5744.00
20160118  11:27:00 1826.00 1827.00 1824.00 1825.00 27094.00
20160118  11:26:00 1824.00 1826.00 1824.00 1825.00 18116.00
20160118  11:25:00 1824.00 1826.00 1824.00 1824.00 12128.00
20160118  11:24:00 1824.00 1824.00 1823.00 1823.00 29968.00
20160118  11:23:00 1823.00 1825.00 1823.00 1823.00 35204.00
20160118  11:22:00 1825.00 1825.00 1823.00 1823.00 35136.00
20160118  11:21:00 1826.00 1827.00 1824.00 1824.00 52844.00
20160118  11:20:00 1828.00 1828.00 1826.00 1826.00 19148.00
20160118  11:19:00 1828.00 1828.00 1827.00 1828.00 1672.00
20160118  11:18:00 1829.00 1829.00 1827.00 1827.00 16824.00
20160118  11:17:00 1829.00 1829.00 1828.00 1829.00 8592.00
20160118  11:16:00 1827.00 1829.00 1827.00 1828.00 37270.00
20160118  11:15:00 1830.00 1832.00 1827.00 1827.00 30396.00
20160118  11:14:00 1831.00 1832.00 1829.00 1830.00 40746.00
20160118  11:13:00 1829.00 1831.00 1828.00 1831.00 40294.00
20160118  11:12:00 1827.00 1830.00 1827.00 1829.00 33014.00
20160118  11:11:00 1826.00 1829.00 1826.00 1828.00 30524.00
20160118  11:10:00 1827.00 1827.00 1826.00 1826.00 2884.00
20160118  11:09:00 1828.00 1828.00 1826.00 1827.00 18198.00
20160118  11:08:00 1827.00 1828.00 1825.00 1828.00 19272.00
20160118  11:07:00 1827.00 1828.00 1826.00 1827.00 13082.00
20160118  11:06:00 1828.00 1829.00 1826.00 1827.00 30274.00
20160118  11:05:00 1825.00 1829.00 1825.00 1828.00 23806.00
20160118  11:04:00 1827.00 1827.00 1825.00 1826.00 16416.00
20160118  11:03:00 1827.00 1828.00 1827.00 1827.00 9350.00
20160118  11:02:00 1829.00 1829.00 1827.00 1827.00 22732.00
20160118  11:01:00 1826.00 1830.00 1826.00 1828.00 51192.00
20160118  11:00:00 1827.00 1829.00 1826.00 1826.00 35994.00
20160118  10:59:00 1826.00 1827.00 1825.00 1827.00 18254.00
20160118  10:58:00 1827.00 1829.00 1826.00 1827.00 41316.00
20160118  10:57:00 1825.00 1827.00 1825.00 1826.00 22816.00
20160118  10:56:00 1825.00 1826.00 1824.00 1824.00 15128.00
20160118  10:55:00 1826.00 1827.00 1824.00 1825.00 19498.00
20160118  10:54:00 1825.00 1827.00 1824.00 1826.00 16734.00
20160118  10:53:00 1823.00 1826.00 1823.00 1825.00 29718.00
20160118  10:52:00 1823.00 1824.00 1823.00 1823.00 9970.00
20160118  10:51:00 1824.00 1824.00 1823.00 1824.00 6178.00
20160118  10:50:00 1822.00 1825.00 1822.00 1824.00 26106.00
20160118  10:49:00 1822.00 1824.00 1822.00 1823.00 37434.00
20160118  10:48:00 1827.00 1827.00 1821.00 1822.00 49162.00
20160118  10:47:00 1830.00 1831.00 1825.00 1827.00 53426.00
20160118  10:46:00 1827.00 1832.00 1827.00 1831.00 101152.00
20160118  10:45:00 1825.00 1827.00 1825.00 1827.00 27058.00
20160118  10:44:00 1824.00 1826.00 1824.00 1826.00 24684.00
20160118  10:43:00 1826.00 1826.00 1824.00 1824.00 12170.00
20160118  10:42:00 1826.00 1827.00 1825.00 1825.00 17116.00
20160118  10:41:00 1825.00 1827.00 1824.00 1826.00 43816.00
20160118  10:40:00 1825.00 1826.00 1823.00 1824.00 29980.00
20160118  10:39:00 1824.00 1826.00 1823.00 1825.00 44534.00
20160118  10:38:00 1822.00 1824.00 1821.00 1824.00 16420.00
20160118  10:37:00 1821.00 1823.00 1821.00 1821.00 13180.00
20160118  10:36:00 1822.00 1823.00 1821.00 1821.00 17130.00
20160118  10:35:00 1824.00 1824.00 1822.00 1822.00 22818.00
20160118  10:34:00 1823.00 1824.00 1822.00 1823.00 13996.00
20160118  10:33:00 1825.00 1825.00 1822.00 1822.00 29552.00
20160118  10:32:00 1825.00 1825.00 1823.00 1824.00 26672.00
20160118  10:31:00 1823.00 1825.00 1822.00 1824.00 48394.00
20160118  10:30:00 1822.00 1823.00 1820.00 1823.00 38562.00
20160118  10:14:00 1821.00 1823.00 1821.00 1823.00 18346.00
20160118  10:13:00 1820.00 1822.00 1820.00 1821.00 6618.00
20160118  10:12:00 1820.00 1821.00 1820.00 1820.00 9220.00
20160118  10:11:00 1821.00 1822.00 1819.00 1820.00 10678.00
20160118  10:10:00 1819.00 1822.00 1819.00 1822.00 13544.00
20160118  10:09:00 1820.00 1820.00 1819.00 1819.00 4972.00
20160118  10:08:00 1819.00 1821.00 1819.00 1820.00 31846.00
20160118  10:07:00 1822.00 1822.00 1819.00 1819.00 31768.00
20160118  10:06:00 1822.00 1823.00 1821.00 1823.00 13066.00
20160118  10:05:00 1823.00 1823.00 1821.00 1822.00 31978.00
20160118  10:04:00 1822.00 1823.00 1820.00 1823.00 38012.00
20160118  10:03:00 1822.00 1823.00 1821.00 1822.00 35096.00
20160118  10:02:00 1821.00 1823.00 1819.00 1822.00 42090.00
20160118  10:01:00 1819.00 1821.00 1818.00 1821.00 20896.00
20160118  10:00:00 1819.00 1821.00 1819.00 1819.00 35090.00
20160118  09:59:00 1817.00 1820.00 1816.00 1820.00 18174.00
20160118  09:58:00 1817.00 1818.00 1816.00 1817.00 27868.00
20160118  09:57:00 1819.00 1820.00 1817.00 1817.00 14486.00
20160118  09:56:00 1819.00 1820.00 1818.00 1819.00 20242.00
20160118  09:55:00 1817.00 1819.00 1817.00 1819.00 12660.00
20160118  09:54:00 1817.00 1818.00 1816.00 1817.00 36692.00
20160118  09:53:00 1818.00 1820.00 1817.00 1817.00 15326.00
20160118  09:52:00 1816.00 1820.00 1816.00 1818.00 36498.00
20160118  09:51:00 1821.00 1821.00 1816.00 1816.00 33958.00
20160118  09:50:00 1819.00 1821.00 1818.00 1820.00 16062.00
20160118  09:49:00 1820.00 1820.00 1818.00 1819.00 20884.00
20160118  09:48:00 1817.00 1820.00 1816.00 1820.00 36112.00
20160118  09:47:00 1816.00 1818.00 1816.00 1816.00 21480.00
20160118  09:46:00 1817.00 1817.00 1815.00 1816.00 20422.00
20160118  09:45:00 1817.00 1819.00 1816.00 1817.00 28068.00
20160118  09:44:00 1816.00 1818.00 1815.00 1818.00 15444.00
20160118  09:43:00 1815.00 1817.00 1815.00 1815.00 14820.00
20160118  09:42:00 1817.00 1818.00 1814.00 1815.00 70584.00
20160118  09:41:00 1816.00 1818.00 1815.00 1817.00 42070.00
20160118  09:40:00 1816.00 1817.00 1815.00 1816.00 37802.00
20160118  09:39:00 1818.00 1819.00 1815.00 1816.00 42680.00
20160118  09:38:00 1819.00 1819.00 1818.00 1818.00 16114.00
20160118  09:37:00 1817.00 1819.00 1816.00 1819.00 58994.00
20160118  09:36:00 1819.00 1820.00 1816.00 1817.00 43020.00
20160118  09:35:00 1819.00 1820.00 1818.00 1819.00 50454.00
20160118  09:34:00 1821.00 1823.00 1818.00 1819.00 53188.00
20160118  09:33:00 1824.00 1824.00 1821.00 1821.00 94684.00
20160118  09:32:00 1824.00 1826.00 1824.00 1824.00 65684.00
20160118  09:31:00 1827.00 1829.00 1824.00 1824.00 87498.00
20160118  09:30:00 1819.00 1828.00 1819.00 1827.00 127852.00
20160118  09:29:00 1815.00 1820.00 1815.00 1819.00 69910.00
20160118  09:28:00 1817.00 1817.00 1815.00 1815.00 30938.00
20160118  09:27:00 1815.00 1817.00 1815.00 1816.00 45594.00
20160118  09:26:00 1812.00 1815.00 1812.00 1815.00 50832.00
20160118  09:25:00 1811.00 1813.00 1811.00 1812.00 28094.00
20160118  09:24:00 1812.00 1812.00 1811.00 1812.00 3064.00
20160118  09:23:00 1812.00 1813.00 1811.00 1812.00 23164.00
20160118  09:22:00 1812.00 1813.00 1811.00 1811.00 25340.00
20160118  09:21:00 1812.00 1813.00 1811.00 1813.00 39894.00
20160118  09:20:00 1810.00 1812.00 1810.00 1811.00 22016.00
20160118  09:19:00 1809.00 1811.00 1809.00 1811.00 31766.00
20160118  09:18:00 1808.00 1810.00 1808.00 1809.00 30472.00
20160118  09:17:00 1811.00 1811.00 1808.00 1808.00 27656.00
20160118  09:16:00 1811.00 1811.00 1810.00 1810.00 22004.00
20160118  09:15:00 1810.00 1812.00 1809.00 1811.00 41506.00
20160118  09:14:00 1810.00 1811.00 1809.00 1809.00 14490.00
20160118  09:13:00 1811.00 1812.00 1809.00 1811.00 46078.00
20160118  09:12:00 1813.00 1813.00 1811.00 1812.00 29938.00
20160118  09:11:00 1810.00 1813.00 1810.00 1812.00 41056.00
20160118  09:10:00 1807.00 1812.00 1807.00 1811.00 75558.00
20160118  09:09:00 1807.00 1809.00 1807.00 1807.00 20534.00
20160118  09:08:00 1809.00 1809.00 1806.00 1807.00 53096.00
20160118  09:07:00 1807.00 1811.00 1807.00 1809.00 90258.00
20160118  09:06:00 1806.00 1809.00 1806.00 1808.00 87662.00
20160118  09:05:00 1805.00 1807.00 1803.00 1806.00 57644.00
20160118  09:04:00 1801.00 1804.00 1801.00 1804.00 46954.00
20160118  09:03:00 1799.00 1803.00 1799.00 1802.00 45776.00
20160118  09:02:00 1801.00 1802.00 1799.00 1800.00 45360.00
20160118  09:01:00 1798.00 1801.00 1797.00 1801.00 85266.00
20160118  09:00:00 1797.00 1799.00 1793.00 1798.00 92324.00
20160116  01:00:00 1797.00 1797.00 1797.00 1797.00 618.00
20160116  00:59:00 1797.00 1798.00 1796.00 1798.00 18144.00
20160116  00:58:00 1797.00 1797.00 1796.00 1797.00 8162.00
20160116  00:57:00 1796.00 1797.00 1795.00 1797.00 9328.00
20160116  00:56:00 1796.00 1796.00 1795.00 1796.00 2230.00
20160116  00:55:00 1795.00 1796.00 1794.00 1796.00 8024.00
20160116  00:54:00 1796.00 1796.00 1795.00 1795.00 3794.00
20160116  00:53:00 1796.00 1796.00 1795.00 1796.00 2940.00
20160116  00:52:00 1796.00 1796.00 1795.00 1796.00 1442.00
20160116  00:51:00 1796.00 1797.00 1795.00 1795.00 5180.00
20160116  00:50:00 1796.00 1797.00 1795.00 1797.00 11178.00
20160116  00:49:00 1795.00 1796.00 1795.00 1796.00 5420.00
20160116  00:48:00 1795.00 1796.00 1794.00 1795.00 6052.00
20160116  00:47:00 1794.00 1795.00 1794.00 1795.00 496.00
20160116  00:46:00 1794.00 1795.00 1794.00 1794.00 1732.00
20160116  00:45:00 1794.00 1795.00 1793.00 1794.00 1540.00
20160116  00:44:00 1795.00 1795.00 1793.00 1794.00 2536.00
20160116  00:43:00 1794.00 1795.00 1793.00 1795.00 5542.00
20160116  00:42:00 1793.00 1794.00 1793.00 1794.00 1610.00
20160116  00:41:00 1793.00 1794.00 1793.00 1793.00 656.00
20160116  00:40:00 1792.00 1794.00 1792.00 1793.00 4242.00
20160116  00:39:00 1793.00 1793.00 1792.00 1793.00 362.00
20160116  00:38:00 1792.00 1793.00 1792.00 1793.00 294.00
20160116  00:37:00 1793.00 1793.00 1792.00 1792.00 1324.00
20160116  00:36:00 1793.00 1793.00 1792.00 1792.00 872.00
20160116  00:35:00 1793.00 1793.00 1792.00 1793.00 4364.00
20160116  00:34:00 1793.00 1794.00 1793.00 1793.00 1850.00
20160116  00:33:00 1794.00 1794.00 1793.00 1793.00 1844.00
20160116  00:32:00 1794.00 1794.00 1793.00 1794.00 2388.00
20160116  00:31:00 1793.00 1794.00 1793.00 1794.00 5980.00
20160116  00:30:00 1794.00 1794.00 1793.00 1794.00 372.00
20160116  00:29:00 1793.00 1794.00 1793.00 1794.00 296.00
20160116  00:28:00 1794.00 1794.00 1793.00 1793.00 252.00
20160116  00:27:00 1793.00 1794.00 1793.00 1794.00 3064.00
20160116  00:26:00 1793.00 1794.00 1792.00 1793.00 2012.00
20160116  00:25:00 1793.00 1794.00 1793.00 1793.00 2634.00
20160116  00:24:00 1792.00 1794.00 1792.00 1793.00 9492.00
20160116  00:23:00 1793.00 1793.00 1792.00 1792.00 762.00
20160116  00:22:00 1793.00 1794.00 1792.00 1793.00 6342.00
20160116  00:21:00 1793.00 1793.00 1792.00 1793.00 10448.00
20160116  00:20:00 1793.00 1794.00 1793.00 1793.00 6236.00
20160116  00:19:00 1795.00 1795.00 1793.00 1793.00 7014.00
20160116  00:18:00 1794.00 1795.00 1794.00 1795.00 320.00
20160116  00:17:00 1795.00 1795.00 1794.00 1794.00 3340.00
20160116  00:16:00 1795.00 1795.00 1794.00 1795.00 7900.00
20160116  00:15:00 1793.00 1795.00 1793.00 1794.00 6444.00
20160116  00:14:00 1793.00 1794.00 1793.00 1793.00 202.00
20160116  00:13:00 1793.00 1794.00 1792.00 1793.00 4896.00
20160116  00:12:00 1793.00 1794.00 1792.00 1793.00 7450.00
20160116  00:11:00 1793.00 1794.00 1793.00 1794.00 658.00
20160116  00:10:00 1793.00 1794.00 1793.00 1794.00 2688.00
20160116  00:09:00 1794.00 1794.00 1793.00 1794.00 1784.00
20160116  00:08:00 1794.00 1795.00 1793.00 1794.00 7400.00
20160116  00:07:00 1794.00 1794.00 1793.00 1794.00 2296.00
20160116  00:06:00 1793.00 1794.00 1793.00 1794.00 4462.00
20160116  00:05:00 1793.00 1794.00 1793.00 1793.00 464.00
20160116  00:04:00 1793.00 1794.00 1793.00 1794.00 536.00
20160116  00:03:00 1793.00 1794.00 1793.00 1793.00 428.00
20160116  00:02:00 1794.00 1794.00 1793.00 1793.00 262.00
20160116  00:01:00 1794.00 1794.00 1793.00 1794.00 6096.00
20160116  00:00:00 1794.00 1794.00 1793.00 1794.00 5546.00
20160115  23:59:00 1794.00 1794.00 1793.00 1794.00 2264.00
20160115  23:58:00 1793.00 1794.00 1793.00 1793.00 8748.00
20160115  23:57:00 1792.00 1793.00 1792.00 1793.00 1110.00
20160115  23:56:00 1792.00 1793.00 1792.00 1792.00 446.00
20160115  23:55:00 1792.00 1793.00 1792.00 1792.00 2776.00
20160115  23:54:00 1793.00 1794.00 1792.00 1793.00 11550.00
20160115  23:53:00 1793.00 1794.00 1793.00 1793.00 10776.00
20160115  23:52:00 1795.00 1795.00 1793.00 1793.00 13184.00
20160115  23:51:00 1796.00 1796.00 1794.00 1795.00 21106.00
20160115  23:50:00 1794.00 1796.00 1794.00 1795.00 35634.00
20160115  23:49:00 1793.00 1794.00 1793.00 1794.00 478.00
20160115  23:48:00 1793.00 1794.00 1793.00 1793.00 342.00
20160115  23:47:00 1794.00 1794.00 1793.00 1794.00 1128.00
20160115  23:46:00 1793.00 1794.00 1793.00 1794.00 956.00
20160115  23:45:00 1793.00 1794.00 1792.00 1793.00 9746.00
20160115  23:44:00 1792.00 1793.00 1792.00 1793.00 478.00
20160115  23:43:00 1793.00 1793.00 1792.00 1792.00 642.00
20160115  23:42:00 1792.00 1793.00 1792.00 1793.00 1336.00
20160115  23:41:00 1793.00 1793.00 1792.00 1792.00 686.00
20160115  23:40:00 1793.00 1794.00 1792.00 1792.00 5128.00
20160115  23:39:00 1794.00 1794.00 1793.00 1793.00 1812.00
20160115  23:38:00 1793.00 1794.00 1793.00 1794.00 852.00
20160115  23:37:00 1794.00 1794.00 1793.00 1794.00 12722.00
20160115  23:36:00 1793.00 1795.00 1793.00 1794.00 17852.00
20160115  23:35:00 1793.00 1794.00 1792.00 1793.00 4476.00
20160115  23:34:00 1793.00 1794.00 1792.00 1792.00 5666.00
20160115  23:33:00 1794.00 1794.00 1793.00 1793.00 3594.00
20160115  23:32:00 1794.00 1794.00 1793.00 1794.00 1270.00
20160115  23:31:00 1794.00 1794.00 1792.00 1794.00 14664.00
20160115  23:30:00 1793.00 1794.00 1792.00 1794.00 14874.00
20160115  23:29:00 1792.00 1793.00 1791.00 1792.00 15568.00
20160115  23:28:00 1791.00 1792.00 1791.00 1792.00 5894.00
20160115  23:27:00 1792.00 1793.00 1791.00 1791.00 9174.00
20160115  23:26:00 1792.00 1793.00 1792.00 1792.00 1728.00
20160115  23:25:00 1792.00 1793.00 1792.00 1793.00 2772.00
20160115  23:24:00 1793.00 1793.00 1792.00 1792.00 6550.00
20160115  23:23:00 1795.00 1795.00 1792.00 1793.00 16314.00
20160115  23:22:00 1794.00 1795.00 1794.00 1795.00 3304.00
20160115  23:21:00 1794.00 1794.00 1793.00 1794.00 9568.00
20160115  23:20:00 1794.00 1795.00 1793.00 1794.00 38308.00
20160115  23:19:00 1792.00 1795.00 1792.00 1795.00 19002.00
20160115  23:18:00 1792.00 1793.00 1792.00 1792.00 18188.00
20160115  23:17:00 1793.00 1794.00 1792.00 1792.00 17962.00
20160115  23:16:00 1792.00 1793.00 1792.00 1792.00 3264.00
20160115  23:15:00 1792.00 1793.00 1792.00 1792.00 10334.00
20160115  23:14:00 1794.00 1794.00 1792.00 1792.00 16346.00
20160115  23:13:00 1792.00 1794.00 1792.00 1794.00 42640.00
20160115  23:12:00 1790.00 1793.00 1790.00 1792.00 31130.00
20160115  23:11:00 1790.00 1792.00 1790.00 1791.00 17432.00
20160115  23:10:00 1789.00 1791.00 1789.00 1790.00 25308.00
20160115  23:09:00 1788.00 1789.00 1788.00 1789.00 5314.00
20160115  23:08:00 1788.00 1789.00 1787.00 1788.00 10042.00
20160115  23:07:00 1788.00 1788.00 1786.00 1788.00 23152.00
20160115  23:06:00 1788.00 1788.00 1787.00 1787.00 5052.00
20160115  23:05:00 1786.00 1788.00 1786.00 1788.00 20108.00
20160115  23:04:00 1788.00 1788.00 1786.00 1786.00 40192.00
20160115  23:03:00 1789.00 1790.00 1788.00 1788.00 16574.00
20160115  23:02:00 1789.00 1790.00 1789.00 1789.00 2640.00
20160115  23:01:00 1790.00 1790.00 1789.00 1790.00 10228.00
20160115  23:00:00 1791.00 1792.00 1789.00 1789.00 24184.00
20160115  22:59:00 1791.00 1791.00 1790.00 1791.00 4510.00
20160115  22:58:00 1790.00 1791.00 1789.00 1791.00 20346.00
20160115  22:57:00 1790.00 1790.00 1789.00 1790.00 10286.00
20160115  22:56:00 1790.00 1791.00 1789.00 1789.00 17550.00
20160115  22:55:00 1790.00 1791.00 1789.00 1789.00 9678.00
20160115  22:54:00 1790.00 1791.00 1789.00 1790.00 22446.00
20160115  22:53:00 1791.00 1791.00 1789.00 1789.00 27890.00
20160115  22:52:00 1792.00 1793.00 1791.00 1791.00 33596.00
20160115  22:51:00 1792.00 1793.00 1791.00 1792.00 14108.00
20160115  22:50:00 1793.00 1793.00 1792.00 1792.00 1594.00
20160115  22:49:00 1792.00 1793.00 1792.00 1792.00 12458.00
20160115  22:48:00 1793.00 1793.00 1792.00 1792.00 5068.00
20160115  22:47:00 1792.00 1793.00 1790.00 1793.00 27054.00
20160115  22:46:00 1792.00 1793.00 1791.00 1792.00 27816.00
20160115  22:45:00 1789.00 1792.00 1789.00 1792.00 17676.00
20160115  22:44:00 1790.00 1791.00 1789.00 1789.00 11934.00
20160115  22:43:00 1790.00 1791.00 1790.00 1790.00 4840.00
20160115  22:42:00 1791.00 1792.00 1790.00 1790.00 14344.00
20160115  22:41:00 1792.00 1792.00 1790.00 1791.00 7714.00
20160115  22:40:00 1791.00 1792.00 1790.00 1792.00 10522.00
20160115  22:39:00 1790.00 1791.00 1790.00 1791.00 14940.00
20160115  22:38:00 1791.00 1791.00 1790.00 1791.00 2090.00
20160115  22:37:00 1790.00 1791.00 1790.00 1791.00 39678.00
20160115  22:36:00 1791.00 1792.00 1790.00 1790.00 11294.00
20160115  22:35:00 1791.00 1792.00 1790.00 1792.00 32710.00
20160115  22:34:00 1789.00 1791.00 1789.00 1791.00 20804.00
20160115  22:33:00 1789.00 1790.00 1788.00 1790.00 28068.00
20160115  22:32:00 1789.00 1790.00 1788.00 1789.00 36698.00
20160115  22:31:00 1790.00 1790.00 1789.00 1790.00 16832.00
20160115  22:30:00 1788.00 1790.00 1788.00 1789.00 30218.00
20160115  22:29:00 1788.00 1789.00 1787.00 1788.00 15512.00
20160115  22:28:00 1788.00 1790.00 1788.00 1788.00 47582.00
20160115  22:27:00 1786.00 1789.00 1786.00 1789.00 61068.00
20160115  22:26:00 1784.00 1786.00 1784.00 1786.00 19110.00
20160115  22:25:00 1784.00 1785.00 1784.00 1784.00 998.00
20160115  22:24:00 1784.00 1785.00 1784.00 1784.00 908.00
20160115  22:23:00 1785.00 1785.00 1784.00 1784.00 2504.00
20160115  22:22:00 1784.00 1785.00 1784.00 1785.00 3570.00
20160115  22:21:00 1785.00 1785.00 1783.00 1784.00 17306.00
20160115  22:20:00 1785.00 1786.00 1784.00 1785.00 21152.00
20160115  22:19:00 1784.00 1785.00 1784.00 1785.00 7928.00
20160115  22:18:00 1786.00 1786.00 1784.00 1784.00 13642.00
20160115  22:17:00 1785.00 1786.00 1785.00 1786.00 26748.00
20160115  22:16:00 1785.00 1786.00 1784.00 1785.00 12988.00
20160115  22:15:00 1785.00 1786.00 1784.00 1785.00 19896.00
20160115  22:14:00 1785.00 1785.00 1784.00 1785.00 1366.00
20160115  22:13:00 1784.00 1786.00 1784.00 1785.00 32672.00
20160115  22:12:00 1785.00 1785.00 1784.00 1784.00 910.00
20160115  22:11:00 1784.00 1785.00 1784.00 1785.00 9012.00
20160115  22:10:00 1784.00 1785.00 1783.00 1785.00 8066.00
20160115  22:09:00 1783.00 1785.00 1783.00 1784.00 16870.00
20160115  22:08:00 1783.00 1784.00 1783.00 1783.00 16600.00
20160115  22:07:00 1784.00 1784.00 1783.00 1783.00 2090.00
20160115  22:06:00 1785.00 1785.00 1783.00 1784.00 7046.00
20160115  22:05:00 1783.00 1785.00 1783.00 1785.00 11006.00
20160115  22:04:00 1784.00 1784.00 1783.00 1783.00 10132.00
20160115  22:03:00 1783.00 1784.00 1783.00 1783.00 4640.00
20160115  22:02:00 1784.00 1785.00 1783.00 1783.00 22298.00
20160115  22:01:00 1785.00 1786.00 1784.00 1784.00 7700.00
20160115  22:00:00 1785.00 1786.00 1785.00 1786.00 3666.00
20160115  21:59:00 1786.00 1786.00 1785.00 1786.00 8426.00
20160115  21:58:00 1787.00 1788.00 1785.00 1785.00 35904.00
20160115  21:57:00 1786.00 1787.00 1785.00 1787.00 31738.00
20160115  21:56:00 1785.00 1786.00 1784.00 1786.00 14172.00
20160115  21:55:00 1783.00 1785.00 1783.00 1784.00 19442.00
20160115  21:54:00 1783.00 1784.00 1783.00 1783.00 2886.00
20160115  21:53:00 1783.00 1784.00 1783.00 1784.00 9854.00
20160115  21:52:00 1785.00 1785.00 1783.00 1784.00 14844.00
20160115  21:51:00 1784.00 1785.00 1784.00 1784.00 16050.00
20160115  21:50:00 1784.00 1786.00 1783.00 1785.00 39678.00
20160115  21:49:00 1783.00 1785.00 1782.00 1784.00 30542.00
20160115  21:48:00 1782.00 1783.00 1782.00 1783.00 7778.00
20160115  21:47:00 1782.00 1783.00 1782.00 1782.00 13346.00
20160115  21:46:00 1783.00 1784.00 1782.00 1782.00 15982.00
20160115  21:45:00 1784.00 1784.00 1783.00 1783.00 9702.00
20160115  21:44:00 1784.00 1784.00 1783.00 1784.00 25142.00
20160115  21:43:00 1782.00 1784.00 1782.00 1783.00 17328.00
20160115  21:42:00 1783.00 1783.00 1781.00 1782.00 42040.00
20160115  21:41:00 1780.00 1783.00 1780.00 1783.00 37226.00
20160115  21:40:00 1778.00 1781.00 1778.00 1781.00 40010.00
20160115  21:39:00 1777.00 1778.00 1777.00 1778.00 15234.00
20160115  21:38:00 1778.00 1778.00 1777.00 1777.00 32982.00
20160115  21:37:00 1779.00 1779.00 1777.00 1778.00 38494.00
20160115  21:36:00 1778.00 1779.00 1777.00 1778.00 18882.00
20160115  21:35:00 1776.00 1778.00 1775.00 1778.00 21656.00
20160115  21:34:00 1775.00 1776.00 1775.00 1776.00 2722.00
20160115  21:33:00 1775.00 1776.00 1775.00 1775.00 1642.00
20160115  21:32:00 1775.00 1776.00 1775.00 1776.00 10484.00
20160115  21:31:00 1775.00 1776.00 1775.00 1775.00 2324.00
20160115  21:30:00 1775.00 1776.00 1774.00 1775.00 10300.00
20160115  21:29:00 1775.00 1776.00 1774.00 1775.00 15294.00
20160115  21:28:00 1774.00 1776.00 1773.00 1776.00 27064.00
20160115  21:27:00 1773.00 1774.00 1772.00 1774.00 12066.00
20160115  21:26:00 1771.00 1773.00 1771.00 1773.00 8122.00
20160115  21:25:00 1772.00 1773.00 1771.00 1771.00 12290.00
20160115  21:24:00 1773.00 1773.00 1772.00 1772.00 16772.00
20160115  21:23:00 1772.00 1773.00 1772.00 1773.00 1560.00
20160115  21:22:00 1774.00 1774.00 1772.00 1772.00 7690.00
20160115  21:21:00 1774.00 1774.00 1773.00 1774.00 7288.00
20160115  21:20:00 1773.00 1774.00 1772.00 1773.00 11988.00
20160115  21:19:00 1773.00 1773.00 1772.00 1773.00 4468.00
20160115  21:18:00 1772.00 1774.00 1772.00 1773.00 31550.00
20160115  21:17:00 1773.00 1773.00 1772.00 1772.00 4394.00
20160115  21:16:00 1772.00 1773.00 1771.00 1773.00 20154.00
20160115  21:15:00 1771.00 1773.00 1771.00 1773.00 22324.00
20160115  21:14:00 1772.00 1773.00 1771.00 1772.00 39200.00
20160115  21:13:00 1772.00 1772.00 1770.00 1771.00 31066.00
20160115  21:12:00 1772.00 1773.00 1771.00 1771.00 31660.00
20160115  21:11:00 1773.00 1773.00 1772.00 1773.00 11986.00
20160115  21:10:00 1774.00 1775.00 1772.00 1772.00 59436.00
20160115  21:09:00 1777.00 1777.00 1774.00 1774.00 34672.00
20160115  21:08:00 1777.00 1777.00 1776.00 1776.00 11300.00
20160115  21:07:00 1777.00 1778.00 1776.00 1776.00 27434.00
20160115  21:06:00 1777.00 1778.00 1777.00 1777.00 3134.00
20160115  21:05:00 1779.00 1779.00 1777.00 1777.00 13300.00
20160115  21:04:00 1778.00 1779.00 1777.00 1778.00 10412.00
20160115  21:03:00 1778.00 1779.00 1777.00 1778.00 25194.00
20160115  21:02:00 1776.00 1778.00 1776.00 1778.00 15116.00
20160115  21:01:00 1776.00 1778.00 1775.00 1777.00 32506.00
20160115  21:00:00 1776.00 1777.00 1775.00 1775.00 43834.00
