20161201  15:00:00 3187.00 3187.00 3187.00 3187.00 324.00
20161201  14:59:00 3187.00 3190.00 3183.00 3186.00 28688.00
20161201  14:58:00 3192.00 3198.00 3186.00 3187.00 26250.00
20161201  14:57:00 3194.00 3194.00 3189.00 3194.00 18718.00
20161201  14:56:00 3183.00 3195.00 3180.00 3194.00 20880.00
20161201  14:55:00 3177.00 3183.00 3177.00 3182.00 9838.00
20161201  14:54:00 3181.00 3182.00 3176.00 3177.00 15338.00
20161201  14:53:00 3190.00 3190.00 3181.00 3181.00 10988.00
20161201  14:52:00 3186.00 3190.00 3185.00 3189.00 15820.00
20161201  14:51:00 3186.00 3186.00 3180.00 3185.00 12958.00
20161201  14:50:00 3176.00 3186.00 3176.00 3184.00 23224.00
20161201  14:49:00 3171.00 3177.00 3171.00 3177.00 9068.00
20161201  14:48:00 3169.00 3176.00 3169.00 3171.00 7388.00
20161201  14:47:00 3167.00 3172.00 3165.00 3170.00 4450.00
20161201  14:46:00 3161.00 3167.00 3161.00 3167.00 6674.00
20161201  14:45:00 3173.00 3173.00 3161.00 3162.00 7616.00
20161201  14:44:00 3174.00 3174.00 3171.00 3172.00 4494.00
20161201  14:43:00 3168.00 3176.00 3168.00 3174.00 5516.00
20161201  14:42:00 3174.00 3175.00 3168.00 3168.00 7942.00
20161201  14:41:00 3164.00 3175.00 3163.00 3175.00 11764.00
20161201  14:40:00 3164.00 3164.00 3158.00 3163.00 15586.00
20161201  14:39:00 3168.00 3171.00 3163.00 3164.00 9320.00
20161201  14:38:00 3158.00 3168.00 3155.00 3168.00 15502.00
20161201  14:37:00 3164.00 3169.00 3159.00 3159.00 13294.00
20161201  14:36:00 3169.00 3170.00 3165.00 3166.00 6750.00
20161201  14:35:00 3173.00 3173.00 3165.00 3169.00 18000.00
20161201  14:34:00 3183.00 3184.00 3173.00 3173.00 9916.00
20161201  14:33:00 3183.00 3184.00 3179.00 3184.00 7964.00
20161201  14:32:00 3188.00 3189.00 3184.00 3184.00 11490.00
20161201  14:31:00 3179.00 3191.00 3179.00 3188.00 26758.00
20161201  14:30:00 3170.00 3180.00 3170.00 3178.00 25684.00
20161201  14:29:00 3167.00 3170.00 3163.00 3169.00 10178.00
20161201  14:28:00 3165.00 3167.00 3165.00 3167.00 8676.00
20161201  14:27:00 3154.00 3169.00 3147.00 3166.00 37944.00
20161201  14:26:00 3164.00 3174.00 3155.00 3155.00 29936.00
20161201  14:25:00 3168.00 3168.00 3162.00 3164.00 12820.00
20161201  14:24:00 3160.00 3167.00 3157.00 3167.00 29936.00
20161201  14:23:00 3166.00 3170.00 3161.00 3161.00 21514.00
20161201  14:22:00 3171.00 3173.00 3165.00 3167.00 14542.00
20161201  14:21:00 3169.00 3175.00 3167.00 3171.00 14692.00
20161201  14:20:00 3186.00 3186.00 3164.00 3170.00 46968.00
20161201  14:19:00 3183.00 3188.00 3182.00 3185.00 7338.00
20161201  14:18:00 3184.00 3185.00 3181.00 3182.00 11156.00
20161201  14:17:00 3186.00 3187.00 3182.00 3183.00 7344.00
20161201  14:16:00 3193.00 3193.00 3185.00 3186.00 7520.00
20161201  14:15:00 3185.00 3193.00 3184.00 3193.00 11236.00
20161201  14:14:00 3185.00 3187.00 3183.00 3185.00 12750.00
20161201  14:13:00 3191.00 3192.00 3181.00 3185.00 12820.00
20161201  14:12:00 3189.00 3191.00 3186.00 3191.00 9036.00
20161201  14:11:00 3200.00 3201.00 3190.00 3190.00 6988.00
20161201  14:10:00 3188.00 3202.00 3185.00 3200.00 19194.00
20161201  14:09:00 3183.00 3190.00 3182.00 3188.00 9124.00
20161201  14:08:00 3187.00 3189.00 3183.00 3184.00 15016.00
20161201  14:07:00 3193.00 3195.00 3186.00 3187.00 13628.00
20161201  14:06:00 3192.00 3195.00 3176.00 3195.00 36894.00
20161201  14:05:00 3201.00 3203.00 3187.00 3191.00 25508.00
20161201  14:04:00 3197.00 3208.00 3197.00 3202.00 13228.00
20161201  14:03:00 3199.00 3200.00 3194.00 3199.00 18290.00
20161201  14:02:00 3195.00 3201.00 3195.00 3199.00 15290.00
20161201  14:01:00 3208.00 3209.00 3194.00 3194.00 23160.00
20161201  14:00:00 3214.00 3216.00 3204.00 3206.00 29720.00
20161201  13:59:00 3205.00 3217.00 3205.00 3215.00 37774.00
20161201  13:58:00 3199.00 3205.00 3199.00 3204.00 16316.00
20161201  13:57:00 3195.00 3205.00 3194.00 3199.00 16586.00
20161201  13:56:00 3199.00 3203.00 3195.00 3196.00 15328.00
20161201  13:55:00 3188.00 3201.00 3188.00 3199.00 14212.00
20161201  13:54:00 3196.00 3203.00 3188.00 3188.00 31910.00
20161201  13:53:00 3199.00 3200.00 3193.00 3196.00 20396.00
20161201  13:52:00 3188.00 3199.00 3188.00 3198.00 26964.00
20161201  13:51:00 3189.00 3193.00 3179.00 3187.00 23392.00
20161201  13:50:00 3187.00 3195.00 3186.00 3189.00 20416.00
20161201  13:49:00 3193.00 3196.00 3184.00 3187.00 24128.00
20161201  13:48:00 3194.00 3197.00 3188.00 3194.00 36272.00
20161201  13:47:00 3182.00 3194.00 3177.00 3194.00 31720.00
20161201  13:46:00 3179.00 3185.00 3174.00 3182.00 21826.00
20161201  13:45:00 3169.00 3183.00 3169.00 3180.00 36280.00
20161201  13:44:00 3159.00 3169.00 3158.00 3169.00 10252.00
20161201  13:43:00 3160.00 3166.00 3157.00 3158.00 15352.00
20161201  13:42:00 3176.00 3177.00 3161.00 3161.00 15074.00
20161201  13:41:00 3167.00 3176.00 3164.00 3176.00 15780.00
20161201  13:40:00 3166.00 3170.00 3165.00 3167.00 10236.00
20161201  13:39:00 3168.00 3172.00 3165.00 3165.00 10540.00
20161201  13:38:00 3169.00 3176.00 3165.00 3169.00 21008.00
20161201  13:37:00 3161.00 3171.00 3161.00 3170.00 13356.00
20161201  13:36:00 3165.00 3171.00 3161.00 3161.00 21256.00
20161201  13:35:00 3162.00 3172.00 3162.00 3164.00 40804.00
20161201  13:34:00 3154.00 3162.00 3150.00 3162.00 16576.00
20161201  13:33:00 3153.00 3157.00 3152.00 3153.00 14324.00
20161201  13:32:00 3153.00 3154.00 3149.00 3153.00 14530.00
20161201  13:31:00 3158.00 3160.00 3150.00 3153.00 24920.00
20161201  13:30:00 3141.00 3160.00 3139.00 3160.00 68002.00
20161201  11:29:00 3133.00 3142.00 3128.00 3138.00 27520.00
20161201  11:28:00 3130.00 3133.00 3125.00 3132.00 11092.00
20161201  11:27:00 3132.00 3133.00 3125.00 3130.00 17700.00
20161201  11:26:00 3121.00 3134.00 3115.00 3133.00 26000.00
20161201  11:25:00 3125.00 3125.00 3118.00 3120.00 7266.00
20161201  11:24:00 3117.00 3127.00 3116.00 3123.00 11118.00
20161201  11:23:00 3105.00 3126.00 3105.00 3116.00 23632.00
20161201  11:22:00 3100.00 3108.00 3099.00 3104.00 10296.00
20161201  11:21:00 3112.00 3112.00 3093.00 3101.00 27090.00
20161201  11:20:00 3114.00 3114.00 3109.00 3112.00 4890.00
20161201  11:19:00 3110.00 3115.00 3109.00 3113.00 6558.00
20161201  11:18:00 3113.00 3113.00 3106.00 3109.00 15526.00
20161201  11:17:00 3119.00 3119.00 3113.00 3113.00 11240.00
20161201  11:16:00 3120.00 3124.00 3116.00 3119.00 14008.00
20161201  11:15:00 3119.00 3130.00 3119.00 3121.00 22492.00
20161201  11:14:00 3118.00 3120.00 3113.00 3119.00 14754.00
20161201  11:13:00 3118.00 3128.00 3117.00 3119.00 19004.00
20161201  11:12:00 3117.00 3123.00 3115.00 3117.00 10850.00
20161201  11:11:00 3118.00 3119.00 3113.00 3116.00 9362.00
20161201  11:10:00 3121.00 3125.00 3113.00 3118.00 17264.00
20161201  11:09:00 3120.00 3123.00 3112.00 3122.00 14572.00
20161201  11:08:00 3108.00 3125.00 3108.00 3119.00 18072.00
20161201  11:07:00 3116.00 3117.00 3107.00 3107.00 13578.00
20161201  11:06:00 3110.00 3124.00 3110.00 3116.00 19760.00
20161201  11:05:00 3105.00 3112.00 3105.00 3111.00 12276.00
20161201  11:04:00 3099.00 3105.00 3098.00 3104.00 6922.00
20161201  11:03:00 3107.00 3107.00 3097.00 3099.00 11454.00
20161201  11:02:00 3103.00 3109.00 3103.00 3107.00 9174.00
20161201  11:01:00 3111.00 3112.00 3102.00 3104.00 16402.00
20161201  11:00:00 3103.00 3123.00 3103.00 3112.00 44476.00
20161201  10:59:00 3087.00 3103.00 3087.00 3103.00 13274.00
20161201  10:58:00 3089.00 3090.00 3083.00 3088.00 10640.00
20161201  10:57:00 3093.00 3095.00 3088.00 3089.00 7722.00
20161201  10:56:00 3099.00 3099.00 3090.00 3093.00 11996.00
20161201  10:55:00 3098.00 3104.00 3098.00 3099.00 15806.00
20161201  10:54:00 3093.00 3098.00 3092.00 3098.00 7752.00
20161201  10:53:00 3088.00 3095.00 3087.00 3092.00 11728.00
20161201  10:52:00 3086.00 3088.00 3085.00 3087.00 3704.00
20161201  10:51:00 3088.00 3089.00 3083.00 3086.00 3310.00
20161201  10:50:00 3081.00 3091.00 3081.00 3088.00 6774.00
20161201  10:49:00 3084.00 3085.00 3081.00 3081.00 5678.00
20161201  10:48:00 3091.00 3091.00 3082.00 3084.00 9640.00
20161201  10:47:00 3084.00 3091.00 3083.00 3091.00 13040.00
20161201  10:46:00 3081.00 3084.00 3080.00 3084.00 5888.00
20161201  10:45:00 3072.00 3081.00 3069.00 3080.00 14684.00
20161201  10:44:00 3083.00 3083.00 3070.00 3072.00 16370.00
20161201  10:43:00 3079.00 3082.00 3078.00 3082.00 7694.00
20161201  10:42:00 3083.00 3083.00 3076.00 3078.00 10878.00
20161201  10:41:00 3083.00 3085.00 3082.00 3084.00 7028.00
20161201  10:40:00 3082.00 3083.00 3077.00 3082.00 16738.00
20161201  10:39:00 3093.00 3093.00 3079.00 3081.00 28256.00
20161201  10:38:00 3092.00 3096.00 3089.00 3093.00 18282.00
20161201  10:37:00 3099.00 3100.00 3092.00 3092.00 21202.00
20161201  10:36:00 3108.00 3108.00 3100.00 3100.00 11188.00
20161201  10:35:00 3104.00 3110.00 3103.00 3109.00 11574.00
20161201  10:34:00 3108.00 3110.00 3102.00 3103.00 15592.00
20161201  10:33:00 3112.00 3113.00 3105.00 3108.00 19676.00
20161201  10:32:00 3102.00 3115.00 3102.00 3113.00 30686.00
20161201  10:31:00 3102.00 3105.00 3098.00 3103.00 22058.00
20161201  10:30:00 3084.00 3108.00 3083.00 3101.00 43628.00
20161201  10:14:00 3074.00 3084.00 3073.00 3083.00 11246.00
20161201  10:13:00 3075.00 3077.00 3072.00 3073.00 5280.00
20161201  10:12:00 3072.00 3077.00 3072.00 3075.00 7802.00
20161201  10:11:00 3075.00 3076.00 3068.00 3072.00 17518.00
20161201  10:10:00 3078.00 3080.00 3075.00 3075.00 10872.00
20161201  10:09:00 3081.00 3084.00 3075.00 3078.00 11404.00
20161201  10:08:00 3078.00 3085.00 3078.00 3082.00 15404.00
20161201  10:07:00 3086.00 3087.00 3077.00 3079.00 25472.00
20161201  10:06:00 3092.00 3095.00 3087.00 3087.00 27644.00
20161201  10:05:00 3086.00 3092.00 3084.00 3091.00 36940.00
20161201  10:04:00 3068.00 3088.00 3066.00 3085.00 43454.00
20161201  10:03:00 3062.00 3067.00 3061.00 3067.00 7682.00
20161201  10:02:00 3066.00 3068.00 3061.00 3062.00 11540.00
20161201  10:01:00 3060.00 3068.00 3059.00 3066.00 15654.00
20161201  10:00:00 3064.00 3064.00 3054.00 3059.00 19586.00
20161201  09:59:00 3051.00 3065.00 3051.00 3065.00 18664.00
20161201  09:58:00 3061.00 3061.00 3051.00 3051.00 10026.00
20161201  09:57:00 3053.00 3062.00 3053.00 3061.00 24194.00
20161201  09:56:00 3057.00 3059.00 3053.00 3053.00 15542.00
20161201  09:55:00 3046.00 3060.00 3046.00 3058.00 40242.00
20161201  09:54:00 3040.00 3052.00 3040.00 3046.00 38404.00
20161201  09:53:00 3027.00 3041.00 3027.00 3041.00 7530.00
20161201  09:52:00 3030.00 3030.00 3026.00 3027.00 4352.00
20161201  09:51:00 3033.00 3033.00 3029.00 3029.00 1296.00
20161201  09:50:00 3031.00 3033.00 3030.00 3032.00 1184.00
20161201  09:49:00 3030.00 3034.00 3028.00 3031.00 4106.00
20161201  09:48:00 3034.00 3035.00 3029.00 3031.00 5254.00
20161201  09:47:00 3035.00 3039.00 3034.00 3035.00 5636.00
20161201  09:46:00 3035.00 3038.00 3034.00 3035.00 5454.00
20161201  09:45:00 3031.00 3036.00 3031.00 3036.00 3646.00
20161201  09:44:00 3030.00 3034.00 3029.00 3031.00 3630.00
20161201  09:43:00 3029.00 3035.00 3028.00 3030.00 7784.00
20161201  09:42:00 3033.00 3037.00 3027.00 3028.00 8306.00
20161201  09:41:00 3032.00 3032.00 3026.00 3032.00 6104.00
20161201  09:40:00 3027.00 3032.00 3027.00 3032.00 5986.00
20161201  09:39:00 3030.00 3032.00 3026.00 3027.00 6868.00
20161201  09:38:00 3036.00 3037.00 3026.00 3029.00 12806.00
20161201  09:37:00 3035.00 3037.00 3035.00 3037.00 3844.00
20161201  09:36:00 3036.00 3039.00 3034.00 3035.00 3994.00
20161201  09:35:00 3039.00 3040.00 3033.00 3036.00 8928.00
20161201  09:34:00 3039.00 3041.00 3034.00 3039.00 7784.00
20161201  09:33:00 3046.00 3047.00 3035.00 3039.00 14980.00
20161201  09:32:00 3035.00 3045.00 3033.00 3045.00 16242.00
20161201  09:31:00 3040.00 3041.00 3031.00 3035.00 11946.00
20161201  09:30:00 3041.00 3045.00 3036.00 3040.00 26504.00
20161201  09:29:00 3024.00 3041.00 3023.00 3041.00 30066.00
20161201  09:28:00 3014.00 3024.00 3014.00 3024.00 11246.00
20161201  09:27:00 3011.00 3018.00 3010.00 3014.00 7776.00
20161201  09:26:00 3012.00 3012.00 3009.00 3011.00 3288.00
20161201  09:25:00 3003.00 3012.00 3003.00 3012.00 6574.00
20161201  09:24:00 3000.00 3005.00 2997.00 3003.00 6394.00
20161201  09:23:00 3007.00 3007.00 2999.00 2999.00 6006.00
20161201  09:22:00 3003.00 3007.00 2998.00 3006.00 7748.00
20161201  09:21:00 3008.00 3008.00 2998.00 3004.00 14538.00
20161201  09:20:00 3010.00 3010.00 3005.00 3008.00 4170.00
20161201  09:19:00 3012.00 3014.00 3010.00 3010.00 2900.00
20161201  09:18:00 3009.00 3012.00 3005.00 3012.00 7998.00
20161201  09:17:00 3008.00 3010.00 3006.00 3008.00 6070.00
20161201  09:16:00 3014.00 3015.00 3008.00 3008.00 5398.00
20161201  09:15:00 3008.00 3015.00 3007.00 3014.00 9380.00
20161201  09:14:00 3015.00 3018.00 3006.00 3007.00 10112.00
20161201  09:13:00 3016.00 3016.00 3012.00 3015.00 9428.00
20161201  09:12:00 3025.00 3026.00 3015.00 3015.00 10906.00
20161201  09:11:00 3026.00 3027.00 3021.00 3025.00 3802.00
20161201  09:10:00 3021.00 3028.00 3021.00 3027.00 8028.00
20161201  09:09:00 3024.00 3025.00 3020.00 3021.00 7540.00
20161201  09:08:00 3027.00 3028.00 3024.00 3025.00 9820.00
20161201  09:07:00 3023.00 3027.00 3022.00 3027.00 12250.00
20161201  09:06:00 3020.00 3024.00 3018.00 3022.00 7162.00
20161201  09:05:00 3023.00 3025.00 3017.00 3020.00 11402.00
20161201  09:04:00 3011.00 3025.00 3011.00 3025.00 15254.00
20161201  09:03:00 3011.00 3012.00 3009.00 3011.00 5946.00
20161201  09:02:00 3016.00 3017.00 3006.00 3011.00 13034.00
20161201  09:01:00 3016.00 3018.00 3011.00 3017.00 15886.00
20161201  09:00:00 3001.00 3017.00 2997.00 3017.00 37090.00
20161130  23:00:00 3020.00 3020.00 3020.00 3020.00  86.00
20161130  22:59:00 3012.00 3020.00 3012.00 3019.00 27042.00
20161130  22:58:00 3004.00 3015.00 3004.00 3013.00 22940.00
20161130  22:57:00 2990.00 3007.00 2990.00 3004.00 21912.00
20161130  22:56:00 2992.00 2995.00 2989.00 2990.00 6222.00
20161130  22:55:00 2981.00 2995.00 2980.00 2993.00 10466.00
20161130  22:54:00 2989.00 2991.00 2980.00 2982.00 9462.00
20161130  22:53:00 2983.00 2998.00 2983.00 2989.00 25026.00
20161130  22:52:00 2984.00 2984.00 2978.00 2983.00 10784.00
20161130  22:51:00 2977.00 2983.00 2976.00 2983.00 13366.00
20161130  22:50:00 2970.00 2977.00 2966.00 2977.00 15170.00
20161130  22:49:00 2978.00 2978.00 2967.00 2970.00 12222.00
20161130  22:48:00 2972.00 2978.00 2970.00 2978.00 14450.00
20161130  22:47:00 2981.00 2982.00 2965.00 2972.00 22280.00
20161130  22:46:00 2977.00 2984.00 2971.00 2980.00 17948.00
20161130  22:45:00 2970.00 2983.00 2970.00 2976.00 45478.00
20161130  22:44:00 2990.00 2991.00 2970.00 2978.00 39430.00
20161130  22:43:00 2989.00 2997.00 2988.00 2991.00 18454.00
20161130  22:42:00 3001.00 3001.00 2989.00 2989.00 29442.00
20161130  22:41:00 3004.00 3006.00 2997.00 3000.00 14744.00
20161130  22:40:00 3001.00 3007.00 2997.00 3005.00 17972.00
20161130  22:39:00 3012.00 3012.00 3000.00 3001.00 17370.00
20161130  22:38:00 3010.00 3013.00 3009.00 3012.00 6166.00
20161130  22:37:00 3009.00 3013.00 3008.00 3010.00 10182.00
20161130  22:36:00 3006.00 3010.00 3002.00 3010.00 20912.00
20161130  22:35:00 3022.00 3022.00 3004.00 3006.00 23752.00
20161130  22:34:00 3019.00 3024.00 3018.00 3022.00 6976.00
20161130  22:33:00 3025.00 3026.00 3019.00 3019.00 6688.00
20161130  22:32:00 3024.00 3026.00 3024.00 3026.00 4772.00
20161130  22:31:00 3023.00 3026.00 3022.00 3025.00 7142.00
20161130  22:30:00 3019.00 3024.00 3017.00 3023.00 12380.00
20161130  22:29:00 3025.00 3025.00 3018.00 3018.00 13366.00
20161130  22:28:00 3026.00 3027.00 3024.00 3026.00 4714.00
20161130  22:27:00 3026.00 3027.00 3021.00 3026.00 5678.00
20161130  22:26:00 3024.00 3027.00 3023.00 3027.00 4120.00
20161130  22:25:00 3029.00 3029.00 3020.00 3023.00 15516.00
20161130  22:24:00 3026.00 3030.00 3024.00 3028.00 10016.00
20161130  22:23:00 3031.00 3031.00 3025.00 3027.00 11510.00
20161130  22:22:00 3031.00 3035.00 3031.00 3032.00 8516.00
20161130  22:21:00 3039.00 3039.00 3031.00 3032.00 15054.00
20161130  22:20:00 3042.00 3045.00 3039.00 3039.00 7268.00
20161130  22:19:00 3041.00 3045.00 3041.00 3042.00 4656.00
20161130  22:18:00 3048.00 3048.00 3040.00 3042.00 10770.00
20161130  22:17:00 3044.00 3048.00 3042.00 3047.00 11806.00
20161130  22:16:00 3049.00 3051.00 3043.00 3045.00 14494.00
20161130  22:15:00 3035.00 3052.00 3035.00 3048.00 44620.00
20161130  22:14:00 3034.00 3036.00 3031.00 3036.00 4836.00
20161130  22:13:00 3037.00 3038.00 3032.00 3034.00 13058.00
20161130  22:12:00 3030.00 3037.00 3029.00 3037.00 17756.00
20161130  22:11:00 3027.00 3030.00 3027.00 3030.00 7082.00
20161130  22:10:00 3028.00 3028.00 3024.00 3027.00 5922.00
20161130  22:09:00 3025.00 3028.00 3024.00 3028.00 4934.00
20161130  22:08:00 3025.00 3026.00 3024.00 3025.00 3382.00
20161130  22:07:00 3025.00 3026.00 3024.00 3025.00 6758.00
20161130  22:06:00 3023.00 3025.00 3021.00 3025.00 4300.00
20161130  22:05:00 3023.00 3024.00 3022.00 3023.00 1470.00
20161130  22:04:00 3018.00 3024.00 3017.00 3024.00 3888.00
20161130  22:03:00 3021.00 3022.00 3018.00 3018.00 3886.00
20161130  22:02:00 3026.00 3027.00 3020.00 3021.00 5548.00
20161130  22:01:00 3022.00 3027.00 3022.00 3027.00 11710.00
20161130  22:00:00 3020.00 3023.00 3020.00 3022.00 5710.00
20161130  21:59:00 3019.00 3021.00 3017.00 3020.00 3386.00
20161130  21:58:00 3015.00 3021.00 3015.00 3020.00 4534.00
20161130  21:57:00 3019.00 3020.00 3015.00 3015.00 6456.00
20161130  21:56:00 3022.00 3023.00 3019.00 3019.00 4954.00
20161130  21:55:00 3026.00 3026.00 3020.00 3022.00 5702.00
20161130  21:54:00 3018.00 3026.00 3017.00 3026.00 8978.00
20161130  21:53:00 3022.00 3023.00 3017.00 3018.00 5330.00
20161130  21:52:00 3022.00 3024.00 3021.00 3022.00 4556.00
20161130  21:51:00 3023.00 3025.00 3019.00 3022.00 13756.00
20161130  21:50:00 3017.00 3023.00 3016.00 3023.00 7378.00
20161130  21:49:00 3020.00 3021.00 3015.00 3017.00 7862.00
20161130  21:48:00 3013.00 3020.00 3013.00 3019.00 12870.00
20161130  21:47:00 3015.00 3015.00 3011.00 3014.00 5634.00
20161130  21:46:00 3013.00 3016.00 3012.00 3015.00 6762.00
20161130  21:45:00 3008.00 3015.00 3007.00 3013.00 11090.00
20161130  21:44:00 3005.00 3008.00 3004.00 3007.00 3442.00
20161130  21:43:00 3007.00 3007.00 3003.00 3005.00 3030.00
20161130  21:42:00 3004.00 3008.00 3003.00 3007.00 4788.00
20161130  21:41:00 3007.00 3009.00 3003.00 3004.00 6294.00
20161130  21:40:00 3011.00 3011.00 3008.00 3008.00 9258.00
20161130  21:39:00 3005.00 3011.00 3003.00 3011.00 11680.00
20161130  21:38:00 3003.00 3004.00 2997.00 3004.00 12712.00
20161130  21:37:00 3010.00 3011.00 2995.00 3002.00 30306.00
20161130  21:36:00 3014.00 3014.00 3010.00 3011.00 3832.00
20161130  21:35:00 3012.00 3015.00 3010.00 3014.00 5614.00
20161130  21:34:00 3007.00 3013.00 3007.00 3012.00 4310.00
20161130  21:33:00 3009.00 3011.00 3007.00 3007.00 7798.00
20161130  21:32:00 3012.00 3014.00 3008.00 3010.00 7864.00
20161130  21:31:00 3017.00 3017.00 3012.00 3013.00 3580.00
20161130  21:30:00 3015.00 3018.00 3014.00 3016.00 5938.00
20161130  21:29:00 3014.00 3018.00 3012.00 3013.00 8884.00
20161130  21:28:00 3015.00 3016.00 3013.00 3015.00 6750.00
20161130  21:27:00 3008.00 3015.00 3007.00 3015.00 8668.00
20161130  21:26:00 3009.00 3011.00 3007.00 3009.00 8762.00
20161130  21:25:00 3012.00 3012.00 3002.00 3009.00 16942.00
20161130  21:24:00 3012.00 3017.00 3010.00 3011.00 11518.00
20161130  21:23:00 3018.00 3020.00 3008.00 3012.00 23472.00
20161130  21:22:00 3020.00 3022.00 3015.00 3018.00 12736.00
20161130  21:21:00 3025.00 3025.00 3018.00 3020.00 10566.00
20161130  21:20:00 3024.00 3026.00 3023.00 3025.00 4136.00
20161130  21:19:00 3024.00 3026.00 3021.00 3023.00 7812.00
20161130  21:18:00 3021.00 3026.00 3019.00 3026.00 11482.00
20161130  21:17:00 3022.00 3024.00 3017.00 3020.00 13818.00
20161130  21:16:00 3028.00 3028.00 3021.00 3021.00 13158.00
20161130  21:15:00 3025.00 3029.00 3024.00 3027.00 13990.00
20161130  21:14:00 3026.00 3027.00 3020.00 3026.00 20116.00
20161130  21:13:00 3029.00 3029.00 3025.00 3026.00 11754.00
20161130  21:12:00 3035.00 3035.00 3026.00 3029.00 19612.00
20161130  21:11:00 3031.00 3037.00 3030.00 3035.00 16606.00
20161130  21:10:00 3037.00 3040.00 3029.00 3030.00 20886.00
20161130  21:09:00 3036.00 3040.00 3032.00 3037.00 27688.00
20161130  21:08:00 3028.00 3038.00 3026.00 3035.00 30266.00
20161130  21:07:00 3022.00 3029.00 3022.00 3028.00 25876.00
20161130  21:06:00 3014.00 3024.00 3013.00 3020.00 28086.00
20161130  21:05:00 3003.00 3018.00 3003.00 3014.00 27248.00
20161130  21:04:00 2999.00 3003.00 2992.00 3003.00 31262.00
20161130  21:03:00 3006.00 3006.00 2998.00 2998.00 28684.00
20161130  21:02:00 3003.00 3009.00 3003.00 3006.00 23352.00
20161130  21:01:00 3007.00 3020.00 3004.00 3004.00 36164.00
20161130  21:00:00 2999.00 3007.00 2976.00 3006.00 82556.00
