20160503  21:00:00 2439.00 2445.00 2424.00 2434.00 117024.00
20160503  21:01:00 2434.00 2437.00 2430.00 2431.00 50450.00
20160503  21:02:00 2430.00 2431.00 2425.00 2426.00 81194.00
20160503  21:03:00 2426.00 2431.00 2417.00 2419.00 95354.00
20160503  21:04:00 2419.00 2425.00 2419.00 2425.00 32368.00
20160503  21:05:00 2424.00 2428.00 2421.00 2427.00 43102.00
20160503  21:06:00 2428.00 2431.00 2425.00 2429.00 40934.00
20160503  21:07:00 2429.00 2431.00 2427.00 2430.00 34260.00
20160503  21:08:00 2429.00 2433.00 2427.00 2432.00 32622.00
20160503  21:09:00 2432.00 2432.00 2429.00 2430.00 23674.00
20160503  21:10:00 2431.00 2431.00 2427.00 2427.00 21912.00
20160503  21:11:00 2427.00 2431.00 2427.00 2430.00 24268.00
20160503  21:12:00 2431.00 2436.00 2430.00 2436.00 40418.00
20160503  21:13:00 2436.00 2437.00 2433.00 2436.00 26430.00
20160503  21:14:00 2436.00 2436.00 2432.00 2432.00 20460.00
20160503  21:15:00 2432.00 2438.00 2432.00 2435.00 23898.00
20160503  21:16:00 2434.00 2435.00 2433.00 2434.00 12094.00
20160503  21:17:00 2435.00 2435.00 2431.00 2431.00 19446.00
20160503  21:18:00 2431.00 2432.00 2428.00 2428.00 33524.00
20160503  21:19:00 2429.00 2429.00 2425.00 2426.00 36022.00
20160503  21:20:00 2426.00 2428.00 2424.00 2425.00 41904.00
20160503  21:21:00 2424.00 2426.00 2424.00 2426.00 24856.00
20160503  21:22:00 2425.00 2426.00 2420.00 2421.00 43330.00
20160503  21:23:00 2421.00 2426.00 2420.00 2425.00 29568.00
20160503  21:24:00 2426.00 2427.00 2424.00 2426.00 17122.00
20160503  21:25:00 2426.00 2427.00 2425.00 2427.00 12504.00
20160503  21:26:00 2426.00 2427.00 2424.00 2425.00 17640.00
20160503  21:27:00 2424.00 2427.00 2424.00 2427.00 13586.00
20160503  21:28:00 2427.00 2427.00 2424.00 2425.00 11998.00
20160503  21:29:00 2425.00 2427.00 2425.00 2426.00 9168.00
20160503  21:30:00 2426.00 2426.00 2419.00 2423.00 46510.00
20160503  21:31:00 2422.00 2423.00 2420.00 2422.00 21402.00
20160503  21:32:00 2422.00 2424.00 2421.00 2423.00 12070.00
20160503  21:33:00 2423.00 2427.00 2422.00 2426.00 32148.00
20160503  21:34:00 2426.00 2427.00 2425.00 2425.00 13312.00
20160503  21:35:00 2426.00 2426.00 2424.00 2425.00 8780.00
20160503  21:36:00 2425.00 2430.00 2425.00 2430.00 36554.00
20160503  21:37:00 2429.00 2431.00 2428.00 2429.00 20798.00
20160503  21:38:00 2429.00 2430.00 2427.00 2430.00 20580.00
20160503  21:39:00 2430.00 2432.00 2429.00 2431.00 25590.00
20160503  21:40:00 2431.00 2433.00 2430.00 2432.00 18102.00
20160503  21:41:00 2431.00 2432.00 2429.00 2430.00 15556.00
20160503  21:42:00 2430.00 2432.00 2429.00 2431.00 11602.00
20160503  21:43:00 2432.00 2434.00 2432.00 2434.00 17242.00
20160503  21:44:00 2433.00 2435.00 2432.00 2432.00 17754.00
20160503  21:45:00 2432.00 2432.00 2430.00 2430.00 16796.00
20160503  21:46:00 2431.00 2432.00 2430.00 2431.00 8584.00
20160503  21:47:00 2431.00 2434.00 2431.00 2432.00 10456.00
20160503  21:48:00 2432.00 2434.00 2432.00 2433.00 6402.00
20160503  21:49:00 2434.00 2435.00 2432.00 2433.00 12448.00
20160503  21:50:00 2434.00 2434.00 2429.00 2429.00 23254.00
20160503  21:51:00 2430.00 2433.00 2430.00 2432.00 11472.00
20160503  21:52:00 2433.00 2433.00 2431.00 2432.00 8054.00
20160503  21:53:00 2432.00 2433.00 2431.00 2433.00 4232.00
20160503  21:54:00 2432.00 2433.00 2431.00 2432.00 4678.00
20160503  21:55:00 2432.00 2433.00 2430.00 2431.00 12276.00
20160503  21:56:00 2431.00 2432.00 2429.00 2431.00 12608.00
20160503  21:57:00 2431.00 2432.00 2430.00 2430.00 10346.00
20160503  21:58:00 2430.00 2435.00 2430.00 2435.00 24876.00
20160503  21:59:00 2435.00 2438.00 2435.00 2437.00 59598.00
20160503  22:00:00 2437.00 2440.00 2437.00 2438.00 44770.00
20160503  22:01:00 2438.00 2438.00 2435.00 2437.00 19870.00
20160503  22:02:00 2437.00 2438.00 2435.00 2436.00 16316.00
20160503  22:03:00 2437.00 2437.00 2434.00 2437.00 19986.00
20160503  22:04:00 2436.00 2437.00 2435.00 2435.00 7866.00
20160503  22:05:00 2435.00 2439.00 2434.00 2437.00 19866.00
20160503  22:06:00 2436.00 2437.00 2434.00 2435.00 16876.00
20160503  22:07:00 2435.00 2435.00 2430.00 2432.00 23532.00
20160503  22:08:00 2432.00 2432.00 2429.00 2430.00 23460.00
20160503  22:09:00 2430.00 2431.00 2429.00 2431.00 19302.00
20160503  22:10:00 2431.00 2432.00 2429.00 2432.00 19554.00
20160503  22:11:00 2431.00 2432.00 2430.00 2431.00 9778.00
20160503  22:12:00 2431.00 2432.00 2429.00 2430.00 12478.00
20160503  22:13:00 2429.00 2432.00 2428.00 2432.00 12218.00
20160503  22:14:00 2432.00 2432.00 2430.00 2431.00 10152.00
20160503  22:15:00 2431.00 2432.00 2428.00 2428.00 18616.00
20160503  22:16:00 2429.00 2429.00 2425.00 2426.00 31156.00
20160503  22:17:00 2426.00 2429.00 2426.00 2428.00 11830.00
20160503  22:18:00 2427.00 2428.00 2424.00 2425.00 19034.00
20160503  22:19:00 2425.00 2428.00 2425.00 2426.00 11470.00
20160503  22:20:00 2427.00 2429.00 2426.00 2429.00 8640.00
20160503  22:21:00 2428.00 2430.00 2428.00 2429.00 6634.00
20160503  22:22:00 2430.00 2431.00 2429.00 2430.00 13690.00
20160503  22:23:00 2430.00 2430.00 2429.00 2430.00 7106.00
20160503  22:24:00 2430.00 2430.00 2427.00 2428.00 9860.00
20160503  22:25:00 2427.00 2430.00 2427.00 2429.00 8378.00
20160503  22:26:00 2430.00 2430.00 2428.00 2429.00 3316.00
20160503  22:27:00 2429.00 2430.00 2429.00 2429.00 5990.00
20160503  22:28:00 2430.00 2430.00 2427.00 2427.00 5652.00
20160503  22:29:00 2428.00 2428.00 2426.00 2426.00 7540.00
20160503  22:30:00 2426.00 2429.00 2426.00 2428.00 14404.00
20160503  22:31:00 2429.00 2431.00 2428.00 2430.00 15692.00
20160503  22:32:00 2429.00 2432.00 2429.00 2432.00 12984.00
20160503  22:33:00 2433.00 2433.00 2429.00 2430.00 14192.00
20160503  22:34:00 2430.00 2433.00 2430.00 2433.00 7674.00
20160503  22:35:00 2433.00 2434.00 2432.00 2432.00 10098.00
20160503  22:36:00 2432.00 2433.00 2431.00 2431.00 5718.00
20160503  22:37:00 2431.00 2432.00 2429.00 2430.00 8336.00
20160503  22:38:00 2429.00 2431.00 2429.00 2431.00 3366.00
20160503  22:39:00 2431.00 2432.00 2430.00 2432.00 5164.00
20160503  22:40:00 2432.00 2432.00 2430.00 2430.00 5310.00
20160503  22:41:00 2430.00 2434.00 2430.00 2434.00 10872.00
20160503  22:42:00 2434.00 2434.00 2431.00 2432.00 2594.00
20160503  22:43:00 2431.00 2432.00 2430.00 2430.00 3808.00
20160503  22:44:00 2430.00 2433.00 2430.00 2432.00 4684.00
20160503  22:45:00 2432.00 2433.00 2431.00 2432.00 6044.00
20160503  22:46:00 2432.00 2436.00 2432.00 2435.00 22220.00
20160503  22:47:00 2435.00 2435.00 2433.00 2433.00 5726.00
20160503  22:48:00 2434.00 2436.00 2433.00 2436.00 11320.00
20160503  22:49:00 2436.00 2436.00 2433.00 2434.00 7546.00
20160503  22:50:00 2434.00 2434.00 2431.00 2433.00 9924.00
20160503  22:51:00 2433.00 2433.00 2430.00 2430.00 23272.00
20160503  22:52:00 2431.00 2432.00 2430.00 2431.00 5838.00
20160503  22:53:00 2431.00 2432.00 2430.00 2430.00 5888.00
20160503  22:54:00 2430.00 2431.00 2429.00 2430.00 13932.00
20160503  22:55:00 2431.00 2431.00 2429.00 2429.00 14654.00
20160503  22:56:00 2429.00 2432.00 2429.00 2432.00 15064.00
20160503  22:57:00 2431.00 2434.00 2431.00 2434.00 15784.00
20160503  22:58:00 2434.00 2436.00 2433.00 2435.00 26450.00
20160503  22:59:00 2435.00 2436.00 2435.00 2436.00 26704.00
20160503  23:00:00 2436.00 2436.00 2436.00 2436.00  36.00
20160504  09:00:00 2435.00 2436.00 2430.00 2434.00 60802.00
20160504  09:01:00 2435.00 2439.00 2435.00 2437.00 33796.00
20160504  09:02:00 2438.00 2438.00 2434.00 2434.00 16512.00
20160504  09:03:00 2434.00 2435.00 2430.00 2432.00 21388.00
20160504  09:04:00 2431.00 2432.00 2429.00 2431.00 18634.00
20160504  09:05:00 2431.00 2431.00 2426.00 2428.00 30234.00
20160504  09:06:00 2428.00 2431.00 2428.00 2431.00 16700.00
20160504  09:07:00 2432.00 2435.00 2431.00 2433.00 15036.00
20160504  09:08:00 2433.00 2435.00 2431.00 2434.00 20572.00
20160504  09:09:00 2434.00 2435.00 2431.00 2432.00 12908.00
20160504  09:10:00 2433.00 2436.00 2432.00 2434.00 21946.00
20160504  09:11:00 2435.00 2438.00 2434.00 2437.00 17526.00
20160504  09:12:00 2437.00 2438.00 2435.00 2438.00 18372.00
20160504  09:13:00 2438.00 2438.00 2434.00 2436.00 13726.00
20160504  09:14:00 2435.00 2438.00 2435.00 2437.00 8804.00
20160504  09:15:00 2438.00 2445.00 2437.00 2444.00 80330.00
20160504  09:16:00 2443.00 2447.00 2443.00 2445.00 46296.00
20160504  09:17:00 2444.00 2446.00 2442.00 2442.00 21748.00
20160504  09:18:00 2442.00 2443.00 2442.00 2442.00 20816.00
20160504  09:19:00 2442.00 2444.00 2441.00 2441.00 14368.00
20160504  09:20:00 2441.00 2444.00 2441.00 2444.00 10014.00
20160504  09:21:00 2444.00 2444.00 2441.00 2441.00 19154.00
20160504  09:22:00 2442.00 2442.00 2438.00 2440.00 26620.00
20160504  09:23:00 2441.00 2441.00 2439.00 2440.00 9156.00
20160504  09:24:00 2440.00 2441.00 2439.00 2440.00 7098.00
20160504  09:25:00 2440.00 2442.00 2439.00 2441.00 12490.00
20160504  09:26:00 2441.00 2441.00 2438.00 2439.00 12764.00
20160504  09:27:00 2438.00 2439.00 2437.00 2438.00 11170.00
20160504  09:28:00 2438.00 2438.00 2436.00 2437.00 17860.00
20160504  09:29:00 2437.00 2437.00 2434.00 2435.00 22274.00
20160504  09:30:00 2436.00 2437.00 2435.00 2437.00 10388.00
20160504  09:31:00 2437.00 2437.00 2436.00 2437.00 12056.00
20160504  09:32:00 2436.00 2437.00 2436.00 2436.00 5748.00
20160504  09:33:00 2436.00 2438.00 2436.00 2437.00 7368.00
20160504  09:34:00 2437.00 2439.00 2437.00 2437.00 6260.00
20160504  09:35:00 2437.00 2439.00 2437.00 2439.00 4242.00
20160504  09:36:00 2439.00 2439.00 2438.00 2439.00 5474.00
20160504  09:37:00 2439.00 2439.00 2436.00 2436.00 6646.00
20160504  09:38:00 2436.00 2436.00 2433.00 2434.00 20950.00
20160504  09:39:00 2434.00 2436.00 2434.00 2434.00 9662.00
20160504  09:40:00 2434.00 2435.00 2431.00 2432.00 22944.00
20160504  09:41:00 2433.00 2434.00 2431.00 2432.00 14336.00
20160504  09:42:00 2433.00 2435.00 2432.00 2435.00 13810.00
20160504  09:43:00 2435.00 2435.00 2433.00 2434.00 5990.00
20160504  09:44:00 2433.00 2434.00 2432.00 2433.00 3842.00
20160504  09:45:00 2433.00 2435.00 2432.00 2435.00 9994.00
20160504  09:46:00 2435.00 2437.00 2434.00 2437.00 9250.00
20160504  09:47:00 2436.00 2437.00 2434.00 2434.00 6846.00
20160504  09:48:00 2434.00 2435.00 2430.00 2432.00 15720.00
20160504  09:49:00 2431.00 2432.00 2430.00 2430.00 19244.00
20160504  09:50:00 2431.00 2432.00 2430.00 2432.00 7774.00
20160504  09:51:00 2432.00 2433.00 2428.00 2429.00 15590.00
20160504  09:52:00 2429.00 2431.00 2428.00 2431.00 9752.00
20160504  09:53:00 2431.00 2431.00 2428.00 2430.00 12610.00
20160504  09:54:00 2430.00 2432.00 2430.00 2431.00 6728.00
20160504  09:55:00 2431.00 2432.00 2428.00 2429.00 10350.00
20160504  09:56:00 2428.00 2429.00 2426.00 2426.00 28344.00
20160504  09:57:00 2427.00 2427.00 2425.00 2426.00 38208.00
20160504  09:58:00 2426.00 2427.00 2422.00 2422.00 43748.00
20160504  09:59:00 2423.00 2424.00 2418.00 2419.00 59928.00
20160504  10:00:00 2419.00 2420.00 2413.00 2418.00 81630.00
20160504  10:01:00 2418.00 2419.00 2414.00 2414.00 37668.00
20160504  10:02:00 2415.00 2417.00 2413.00 2415.00 44564.00
20160504  10:03:00 2416.00 2418.00 2414.00 2417.00 43408.00
20160504  10:04:00 2417.00 2420.00 2417.00 2419.00 37572.00
20160504  10:05:00 2419.00 2421.00 2418.00 2419.00 29054.00
20160504  10:06:00 2418.00 2419.00 2416.00 2417.00 23654.00
20160504  10:07:00 2418.00 2419.00 2416.00 2418.00 14372.00
20160504  10:08:00 2418.00 2419.00 2416.00 2417.00 22040.00
20160504  10:09:00 2417.00 2419.00 2415.00 2418.00 28334.00
20160504  10:10:00 2419.00 2419.00 2414.00 2415.00 29812.00
20160504  10:11:00 2414.00 2416.00 2411.00 2411.00 47110.00
20160504  10:12:00 2411.00 2411.00 2405.00 2406.00 85174.00
20160504  10:13:00 2407.00 2410.00 2405.00 2409.00 34978.00
20160504  10:14:00 2409.00 2411.00 2408.00 2410.00 20994.00
20160504  10:30:00 2409.00 2409.00 2401.00 2402.00 81500.00
20160504  10:31:00 2402.00 2404.00 2397.00 2399.00 90690.00
20160504  10:32:00 2398.00 2403.00 2398.00 2401.00 41314.00
20160504  10:33:00 2400.00 2401.00 2393.00 2394.00 63514.00
20160504  10:34:00 2394.00 2395.00 2391.00 2394.00 57918.00
20160504  10:35:00 2395.00 2398.00 2394.00 2396.00 47380.00
20160504  10:36:00 2396.00 2399.00 2396.00 2397.00 37222.00
20160504  10:37:00 2397.00 2400.00 2396.00 2398.00 23800.00
20160504  10:38:00 2398.00 2402.00 2398.00 2401.00 31368.00
20160504  10:39:00 2401.00 2401.00 2398.00 2399.00 24614.00
20160504  10:40:00 2399.00 2399.00 2397.00 2398.00 22102.00
20160504  10:41:00 2398.00 2400.00 2398.00 2399.00 11954.00
20160504  10:42:00 2400.00 2400.00 2396.00 2397.00 21580.00
20160504  10:43:00 2396.00 2398.00 2395.00 2397.00 15124.00
20160504  10:44:00 2396.00 2398.00 2396.00 2397.00 10322.00
20160504  10:45:00 2396.00 2397.00 2392.00 2392.00 36726.00
20160504  10:46:00 2392.00 2393.00 2386.00 2388.00 84780.00
20160504  10:47:00 2388.00 2388.00 2383.00 2383.00 64710.00
20160504  10:48:00 2384.00 2388.00 2382.00 2388.00 42856.00
20160504  10:49:00 2387.00 2390.00 2387.00 2388.00 44372.00
20160504  10:50:00 2389.00 2391.00 2388.00 2391.00 26290.00
20160504  10:51:00 2391.00 2391.00 2389.00 2390.00 20228.00
20160504  10:52:00 2389.00 2389.00 2386.00 2387.00 23718.00
20160504  10:53:00 2387.00 2388.00 2386.00 2387.00 19156.00
20160504  10:54:00 2388.00 2389.00 2375.00 2377.00 81298.00
20160504  10:55:00 2376.00 2377.00 2370.00 2373.00 105234.00
20160504  10:56:00 2373.00 2376.00 2372.00 2374.00 63334.00
20160504  10:57:00 2373.00 2378.00 2373.00 2377.00 31996.00
20160504  10:58:00 2376.00 2377.00 2372.00 2373.00 33122.00
20160504  10:59:00 2373.00 2373.00 2366.00 2367.00 79694.00
20160504  11:00:00 2367.00 2374.00 2366.00 2374.00 49528.00
20160504  11:01:00 2373.00 2377.00 2373.00 2377.00 44710.00
20160504  11:02:00 2377.00 2379.00 2376.00 2376.00 32532.00
20160504  11:03:00 2377.00 2378.00 2375.00 2378.00 22588.00
20160504  11:04:00 2378.00 2381.00 2377.00 2381.00 59950.00
20160504  11:05:00 2380.00 2385.00 2380.00 2385.00 67772.00
20160504  11:06:00 2384.00 2388.00 2381.00 2386.00 62366.00
20160504  11:07:00 2386.00 2389.00 2385.00 2385.00 40752.00
20160504  11:08:00 2385.00 2385.00 2382.00 2382.00 33620.00
20160504  11:09:00 2382.00 2384.00 2382.00 2383.00 16916.00
20160504  11:10:00 2383.00 2384.00 2380.00 2382.00 33632.00
20160504  11:11:00 2382.00 2389.00 2382.00 2389.00 32172.00
20160504  11:12:00 2389.00 2389.00 2383.00 2384.00 28542.00
20160504  11:13:00 2383.00 2385.00 2382.00 2384.00 14730.00
20160504  11:14:00 2384.00 2385.00 2382.00 2384.00 12124.00
20160504  11:15:00 2384.00 2385.00 2381.00 2382.00 16832.00
20160504  11:16:00 2382.00 2384.00 2381.00 2381.00 16844.00
20160504  11:17:00 2382.00 2386.00 2380.00 2386.00 25414.00
20160504  11:18:00 2386.00 2386.00 2383.00 2385.00 17292.00
20160504  11:19:00 2385.00 2389.00 2384.00 2388.00 27816.00
20160504  11:20:00 2387.00 2391.00 2387.00 2389.00 60120.00
20160504  11:21:00 2389.00 2390.00 2388.00 2389.00 18342.00
20160504  11:22:00 2390.00 2390.00 2386.00 2386.00 21986.00
20160504  11:23:00 2386.00 2387.00 2386.00 2386.00 7506.00
20160504  11:24:00 2387.00 2387.00 2383.00 2384.00 19916.00
20160504  11:25:00 2384.00 2385.00 2383.00 2385.00 12072.00
20160504  11:26:00 2385.00 2386.00 2382.00 2383.00 16718.00
20160504  11:27:00 2383.00 2384.00 2380.00 2381.00 25600.00
20160504  11:28:00 2381.00 2382.00 2378.00 2378.00 36914.00
20160504  11:29:00 2378.00 2381.00 2376.00 2378.00 41404.00
20160504  13:30:00 2380.00 2382.00 2378.00 2382.00 41864.00
20160504  13:31:00 2381.00 2383.00 2381.00 2381.00 23890.00
20160504  13:32:00 2382.00 2384.00 2381.00 2384.00 16214.00
20160504  13:33:00 2384.00 2384.00 2381.00 2382.00 16944.00
20160504  13:34:00 2381.00 2382.00 2378.00 2378.00 23226.00
20160504  13:35:00 2378.00 2382.00 2378.00 2381.00 10856.00
20160504  13:36:00 2381.00 2382.00 2380.00 2381.00 20224.00
20160504  13:37:00 2382.00 2384.00 2381.00 2382.00 12326.00
20160504  13:38:00 2382.00 2383.00 2381.00 2383.00 9244.00
20160504  13:39:00 2383.00 2390.00 2382.00 2389.00 41320.00
20160504  13:40:00 2390.00 2392.00 2389.00 2392.00 50598.00
20160504  13:41:00 2392.00 2392.00 2389.00 2390.00 26146.00
20160504  13:42:00 2390.00 2390.00 2389.00 2390.00 13026.00
20160504  13:43:00 2390.00 2392.00 2389.00 2390.00 20382.00
20160504  13:44:00 2389.00 2392.00 2389.00 2392.00 17818.00
20160504  13:45:00 2392.00 2393.00 2390.00 2390.00 27942.00
20160504  13:46:00 2389.00 2391.00 2389.00 2390.00 13414.00
20160504  13:47:00 2390.00 2391.00 2387.00 2387.00 16910.00
20160504  13:48:00 2387.00 2390.00 2387.00 2388.00 17424.00
20160504  13:49:00 2389.00 2393.00 2388.00 2393.00 19456.00
20160504  13:50:00 2392.00 2394.00 2392.00 2393.00 22286.00
20160504  13:51:00 2393.00 2395.00 2392.00 2395.00 23530.00
20160504  13:52:00 2395.00 2395.00 2393.00 2393.00 23418.00
20160504  13:53:00 2393.00 2395.00 2393.00 2394.00 13846.00
20160504  13:54:00 2393.00 2394.00 2390.00 2390.00 19114.00
20160504  13:55:00 2390.00 2391.00 2389.00 2389.00 18450.00
20160504  13:56:00 2390.00 2391.00 2389.00 2390.00 13028.00
20160504  13:57:00 2390.00 2391.00 2386.00 2386.00 22116.00
20160504  13:58:00 2387.00 2391.00 2387.00 2390.00 12376.00
20160504  13:59:00 2390.00 2395.00 2389.00 2394.00 22970.00
20160504  14:00:00 2395.00 2396.00 2393.00 2394.00 39336.00
20160504  14:01:00 2394.00 2395.00 2392.00 2392.00 15224.00
20160504  14:02:00 2393.00 2393.00 2391.00 2391.00 9624.00
20160504  14:03:00 2391.00 2394.00 2391.00 2394.00 13894.00
20160504  14:04:00 2394.00 2394.00 2391.00 2391.00 9850.00
20160504  14:05:00 2391.00 2391.00 2390.00 2391.00 6706.00
20160504  14:06:00 2390.00 2392.00 2389.00 2389.00 15698.00
20160504  14:07:00 2389.00 2390.00 2387.00 2388.00 21924.00
20160504  14:08:00 2389.00 2389.00 2383.00 2383.00 31928.00
20160504  14:09:00 2384.00 2385.00 2382.00 2382.00 32874.00
20160504  14:10:00 2382.00 2385.00 2382.00 2385.00 21764.00
20160504  14:11:00 2384.00 2385.00 2381.00 2382.00 24034.00
20160504  14:12:00 2382.00 2383.00 2380.00 2380.00 23736.00
20160504  14:13:00 2381.00 2385.00 2380.00 2384.00 25758.00
20160504  14:14:00 2385.00 2386.00 2383.00 2385.00 22212.00
20160504  14:15:00 2385.00 2385.00 2383.00 2383.00 10350.00
20160504  14:16:00 2384.00 2385.00 2383.00 2384.00 6966.00
20160504  14:17:00 2384.00 2389.00 2384.00 2388.00 29470.00
20160504  14:18:00 2388.00 2391.00 2388.00 2390.00 33160.00
20160504  14:19:00 2390.00 2390.00 2388.00 2389.00 8578.00
20160504  14:20:00 2389.00 2389.00 2386.00 2386.00 8704.00
20160504  14:21:00 2386.00 2389.00 2386.00 2389.00 10780.00
20160504  14:22:00 2389.00 2390.00 2388.00 2390.00 8858.00
20160504  14:23:00 2389.00 2390.00 2387.00 2387.00 11296.00
20160504  14:24:00 2387.00 2388.00 2383.00 2384.00 15310.00
20160504  14:25:00 2384.00 2386.00 2384.00 2384.00 10922.00
20160504  14:26:00 2385.00 2386.00 2383.00 2386.00 10964.00
20160504  14:27:00 2385.00 2387.00 2385.00 2387.00 6104.00
20160504  14:28:00 2387.00 2388.00 2385.00 2387.00 5976.00
20160504  14:29:00 2387.00 2390.00 2387.00 2390.00 16288.00
20160504  14:30:00 2391.00 2392.00 2389.00 2392.00 29052.00
20160504  14:31:00 2392.00 2393.00 2389.00 2389.00 20202.00
20160504  14:32:00 2390.00 2393.00 2390.00 2393.00 11860.00
20160504  14:33:00 2392.00 2392.00 2391.00 2392.00 8776.00
20160504  14:34:00 2391.00 2391.00 2388.00 2388.00 14868.00
20160504  14:35:00 2389.00 2390.00 2387.00 2387.00 17952.00
20160504  14:36:00 2387.00 2388.00 2386.00 2386.00 18512.00
20160504  14:37:00 2386.00 2387.00 2383.00 2385.00 29184.00
20160504  14:38:00 2385.00 2385.00 2383.00 2384.00 13874.00
20160504  14:39:00 2384.00 2387.00 2383.00 2386.00 16242.00
20160504  14:40:00 2387.00 2387.00 2384.00 2386.00 10560.00
20160504  14:41:00 2386.00 2387.00 2384.00 2385.00 7896.00
20160504  14:42:00 2384.00 2386.00 2382.00 2382.00 21694.00
20160504  14:43:00 2383.00 2385.00 2382.00 2383.00 13800.00
20160504  14:44:00 2383.00 2386.00 2383.00 2386.00 11102.00
20160504  14:45:00 2386.00 2392.00 2386.00 2389.00 41136.00
20160504  14:46:00 2390.00 2392.00 2389.00 2391.00 21348.00
20160504  14:47:00 2391.00 2392.00 2385.00 2386.00 23880.00
20160504  14:48:00 2385.00 2386.00 2379.00 2381.00 62564.00
20160504  14:49:00 2381.00 2384.00 2378.00 2379.00 34290.00
20160504  14:50:00 2378.00 2382.00 2378.00 2380.00 21294.00
20160504  14:51:00 2381.00 2381.00 2376.00 2378.00 47184.00
20160504  14:52:00 2378.00 2381.00 2378.00 2381.00 18308.00
20160504  14:53:00 2380.00 2383.00 2380.00 2382.00 22142.00
20160504  14:54:00 2382.00 2382.00 2377.00 2378.00 20684.00
20160504  14:55:00 2377.00 2382.00 2377.00 2380.00 24264.00
20160504  14:56:00 2381.00 2381.00 2379.00 2380.00 27326.00
20160504  14:57:00 2380.00 2382.00 2378.00 2382.00 23660.00
20160504  14:58:00 2381.00 2382.00 2380.00 2381.00 36392.00
20160504  14:59:00 2381.00 2382.00 2380.00 2381.00 50908.00
20160504  15:00:00 2381.00 2381.00 2381.00 2381.00 426.00
