20160127  15:00:00 1863.00 1863.00 1863.00 1863.00 178.00
20160127  14:59:00 1862.00 1863.00 1862.00 1863.00 37656.00
20160127  14:58:00 1863.00 1863.00 1862.00 1863.00 8020.00
20160127  14:57:00 1863.00 1864.00 1862.00 1863.00 40758.00
20160127  14:56:00 1864.00 1864.00 1862.00 1862.00 12444.00
20160127  14:55:00 1863.00 1864.00 1862.00 1864.00 14950.00
20160127  14:54:00 1863.00 1863.00 1862.00 1863.00 4104.00
20160127  14:53:00 1862.00 1863.00 1861.00 1863.00 21982.00
20160127  14:52:00 1861.00 1863.00 1861.00 1861.00 13566.00
20160127  14:51:00 1861.00 1862.00 1860.00 1861.00 27754.00
20160127  14:50:00 1862.00 1862.00 1860.00 1861.00 20256.00
20160127  14:49:00 1861.00 1862.00 1860.00 1862.00 16050.00
20160127  14:48:00 1862.00 1863.00 1861.00 1862.00 28278.00
20160127  14:47:00 1863.00 1864.00 1862.00 1863.00 11978.00
20160127  14:46:00 1863.00 1864.00 1862.00 1863.00 24422.00
20160127  14:45:00 1862.00 1863.00 1861.00 1863.00 21230.00
20160127  14:44:00 1862.00 1862.00 1860.00 1861.00 17628.00
20160127  14:43:00 1859.00 1862.00 1859.00 1862.00 39516.00
20160127  14:42:00 1858.00 1860.00 1858.00 1859.00 11914.00
20160127  14:41:00 1858.00 1859.00 1857.00 1859.00 19752.00
20160127  14:40:00 1860.00 1860.00 1858.00 1859.00 15898.00
20160127  14:39:00 1859.00 1860.00 1858.00 1860.00 37012.00
20160127  14:38:00 1858.00 1859.00 1858.00 1859.00 6494.00
20160127  14:37:00 1857.00 1859.00 1857.00 1858.00 20678.00
20160127  14:36:00 1858.00 1858.00 1857.00 1858.00 3638.00
20160127  14:35:00 1857.00 1858.00 1857.00 1858.00 2888.00
20160127  14:34:00 1857.00 1858.00 1857.00 1857.00 12894.00
20160127  14:33:00 1857.00 1858.00 1857.00 1857.00 2420.00
20160127  14:32:00 1858.00 1858.00 1856.00 1857.00 15370.00
20160127  14:31:00 1857.00 1858.00 1857.00 1858.00 6130.00
20160127  14:30:00 1858.00 1858.00 1856.00 1857.00 13152.00
20160127  14:29:00 1857.00 1858.00 1856.00 1858.00 11186.00
20160127  14:28:00 1857.00 1858.00 1856.00 1857.00 14580.00
20160127  14:27:00 1858.00 1858.00 1856.00 1856.00 17674.00
20160127  14:26:00 1857.00 1859.00 1857.00 1858.00 32300.00
20160127  14:25:00 1857.00 1858.00 1857.00 1858.00 4580.00
20160127  14:24:00 1858.00 1858.00 1856.00 1858.00 19032.00
20160127  14:23:00 1857.00 1858.00 1857.00 1857.00 4290.00
20160127  14:22:00 1856.00 1857.00 1856.00 1857.00 11568.00
20160127  14:21:00 1857.00 1858.00 1855.00 1856.00 26884.00
20160127  14:20:00 1856.00 1858.00 1856.00 1857.00 46784.00
20160127  14:19:00 1857.00 1857.00 1856.00 1857.00 4974.00
20160127  14:18:00 1856.00 1857.00 1855.00 1857.00 21096.00
20160127  14:17:00 1856.00 1856.00 1855.00 1856.00 6576.00
20160127  14:16:00 1856.00 1857.00 1855.00 1856.00 34128.00
20160127  14:15:00 1855.00 1856.00 1854.00 1856.00 33638.00
20160127  14:14:00 1854.00 1855.00 1853.00 1854.00 27942.00
20160127  14:13:00 1855.00 1855.00 1854.00 1855.00 7686.00
20160127  14:12:00 1854.00 1855.00 1853.00 1854.00 58942.00
20160127  14:11:00 1857.00 1857.00 1854.00 1854.00 50138.00
20160127  14:10:00 1856.00 1857.00 1855.00 1856.00 39452.00
20160127  14:09:00 1856.00 1857.00 1855.00 1856.00 34776.00
20160127  14:08:00 1857.00 1858.00 1855.00 1857.00 74690.00
20160127  14:07:00 1860.00 1860.00 1856.00 1857.00 99086.00
20160127  14:06:00 1863.00 1863.00 1860.00 1860.00 62856.00
20160127  14:05:00 1864.00 1864.00 1862.00 1862.00 7100.00
20160127  14:04:00 1864.00 1864.00 1863.00 1864.00 4902.00
20160127  14:03:00 1863.00 1864.00 1862.00 1863.00 19654.00
20160127  14:02:00 1864.00 1864.00 1862.00 1863.00 12282.00
20160127  14:01:00 1864.00 1865.00 1863.00 1864.00 22902.00
20160127  14:00:00 1863.00 1865.00 1863.00 1864.00 23484.00
20160127  13:59:00 1864.00 1864.00 1862.00 1863.00 36654.00
20160127  13:58:00 1865.00 1865.00 1863.00 1863.00 13312.00
20160127  13:57:00 1863.00 1865.00 1863.00 1865.00 16802.00
20160127  13:56:00 1863.00 1864.00 1863.00 1863.00 2738.00
20160127  13:55:00 1862.00 1864.00 1862.00 1863.00 6094.00
20160127  13:54:00 1863.00 1864.00 1862.00 1862.00 5896.00
20160127  13:53:00 1864.00 1864.00 1862.00 1863.00 8550.00
20160127  13:52:00 1863.00 1864.00 1862.00 1864.00 8408.00
20160127  13:51:00 1862.00 1864.00 1862.00 1863.00 41114.00
20160127  13:50:00 1864.00 1864.00 1862.00 1862.00 18772.00
20160127  13:49:00 1865.00 1865.00 1863.00 1863.00 15738.00
20160127  13:48:00 1866.00 1866.00 1864.00 1865.00 15324.00
20160127  13:47:00 1865.00 1866.00 1864.00 1866.00 20806.00
20160127  13:46:00 1865.00 1865.00 1864.00 1865.00 3100.00
20160127  13:45:00 1865.00 1865.00 1864.00 1865.00 8858.00
20160127  13:44:00 1864.00 1865.00 1864.00 1865.00 18686.00
20160127  13:43:00 1864.00 1864.00 1863.00 1864.00 7000.00
20160127  13:42:00 1863.00 1864.00 1863.00 1864.00 842.00
20160127  13:41:00 1863.00 1864.00 1862.00 1863.00 4882.00
20160127  13:40:00 1864.00 1864.00 1862.00 1863.00 6542.00
20160127  13:39:00 1863.00 1864.00 1863.00 1864.00 2168.00
20160127  13:38:00 1864.00 1864.00 1862.00 1863.00 16530.00
20160127  13:37:00 1864.00 1865.00 1863.00 1864.00 14552.00
20160127  13:36:00 1863.00 1864.00 1862.00 1864.00 10900.00
20160127  13:35:00 1863.00 1863.00 1862.00 1862.00 434.00
20160127  13:34:00 1862.00 1863.00 1862.00 1862.00 13094.00
20160127  13:33:00 1862.00 1863.00 1862.00 1862.00 3696.00
20160127  13:32:00 1863.00 1864.00 1861.00 1862.00 22458.00
20160127  13:31:00 1864.00 1864.00 1863.00 1863.00 2632.00
20160127  13:30:00 1863.00 1864.00 1862.00 1864.00 13860.00
20160127  11:29:00 1862.00 1863.00 1861.00 1862.00 31826.00
20160127  11:28:00 1863.00 1864.00 1862.00 1862.00 19408.00
20160127  11:27:00 1864.00 1864.00 1863.00 1863.00 18316.00
20160127  11:26:00 1864.00 1865.00 1863.00 1864.00 27316.00
20160127  11:25:00 1864.00 1864.00 1863.00 1863.00 2136.00
20160127  11:24:00 1864.00 1864.00 1863.00 1864.00 1162.00
20160127  11:23:00 1864.00 1864.00 1863.00 1864.00 11202.00
20160127  11:22:00 1864.00 1864.00 1863.00 1864.00 3784.00
20160127  11:21:00 1863.00 1864.00 1863.00 1864.00 9534.00
20160127  11:20:00 1862.00 1864.00 1862.00 1863.00 16392.00
20160127  11:19:00 1863.00 1864.00 1862.00 1863.00 18696.00
20160127  11:18:00 1863.00 1863.00 1862.00 1863.00 16672.00
20160127  11:17:00 1862.00 1863.00 1862.00 1862.00 9270.00
20160127  11:16:00 1863.00 1863.00 1862.00 1863.00 3712.00
20160127  11:15:00 1863.00 1864.00 1862.00 1863.00 19458.00
20160127  11:14:00 1864.00 1864.00 1863.00 1863.00 24958.00
20160127  11:13:00 1863.00 1864.00 1863.00 1864.00 5106.00
20160127  11:12:00 1864.00 1864.00 1862.00 1864.00 14634.00
20160127  11:11:00 1863.00 1864.00 1863.00 1864.00 18800.00
20160127  11:10:00 1864.00 1864.00 1862.00 1863.00 53796.00
20160127  11:09:00 1863.00 1865.00 1863.00 1863.00 18674.00
20160127  11:08:00 1865.00 1865.00 1863.00 1863.00 11906.00
20160127  11:07:00 1865.00 1866.00 1864.00 1865.00 18094.00
20160127  11:06:00 1865.00 1866.00 1864.00 1865.00 24362.00
20160127  11:05:00 1864.00 1866.00 1864.00 1865.00 10628.00
20160127  11:04:00 1865.00 1866.00 1864.00 1864.00 7698.00
20160127  11:03:00 1865.00 1866.00 1865.00 1865.00 8230.00
20160127  11:02:00 1866.00 1866.00 1864.00 1865.00 19848.00
20160127  11:01:00 1865.00 1866.00 1864.00 1866.00 25742.00
20160127  11:00:00 1864.00 1866.00 1864.00 1865.00 10190.00
20160127  10:59:00 1866.00 1866.00 1864.00 1865.00 21402.00
20160127  10:58:00 1866.00 1867.00 1865.00 1866.00 34094.00
20160127  10:57:00 1868.00 1868.00 1866.00 1866.00 21284.00
20160127  10:56:00 1867.00 1868.00 1866.00 1868.00 41810.00
20160127  10:55:00 1866.00 1867.00 1866.00 1867.00 8738.00
20160127  10:54:00 1867.00 1867.00 1866.00 1866.00 5442.00
20160127  10:53:00 1867.00 1868.00 1866.00 1867.00 32710.00
20160127  10:52:00 1866.00 1867.00 1866.00 1867.00 21064.00
20160127  10:51:00 1867.00 1867.00 1865.00 1866.00 33580.00
20160127  10:50:00 1867.00 1867.00 1866.00 1867.00 13778.00
20160127  10:49:00 1866.00 1867.00 1865.00 1867.00 11808.00
20160127  10:48:00 1866.00 1866.00 1865.00 1866.00 20908.00
20160127  10:47:00 1866.00 1866.00 1865.00 1866.00 1030.00
20160127  10:46:00 1865.00 1866.00 1865.00 1865.00 1928.00
20160127  10:45:00 1865.00 1865.00 1864.00 1865.00 8332.00
20160127  10:44:00 1866.00 1866.00 1864.00 1865.00 7754.00
20160127  10:43:00 1864.00 1865.00 1864.00 1865.00 4568.00
20160127  10:42:00 1865.00 1865.00 1864.00 1864.00 4300.00
20160127  10:41:00 1864.00 1865.00 1864.00 1865.00 944.00
20160127  10:40:00 1865.00 1866.00 1864.00 1864.00 7774.00
20160127  10:39:00 1866.00 1866.00 1865.00 1865.00 6292.00
20160127  10:38:00 1865.00 1866.00 1864.00 1865.00 25970.00
20160127  10:37:00 1865.00 1866.00 1864.00 1865.00 38192.00
20160127  10:36:00 1866.00 1867.00 1865.00 1866.00 7288.00
20160127  10:35:00 1864.00 1866.00 1864.00 1866.00 28506.00
20160127  10:34:00 1864.00 1865.00 1864.00 1864.00 1910.00
20160127  10:33:00 1863.00 1865.00 1863.00 1865.00 10926.00
20160127  10:32:00 1862.00 1864.00 1862.00 1864.00 16240.00
20160127  10:31:00 1863.00 1863.00 1862.00 1862.00 4724.00
20160127  10:30:00 1863.00 1864.00 1862.00 1863.00 12272.00
20160127  10:14:00 1863.00 1864.00 1863.00 1863.00 9898.00
20160127  10:13:00 1862.00 1864.00 1862.00 1863.00 22838.00
20160127  10:12:00 1861.00 1863.00 1861.00 1863.00 32460.00
20160127  10:11:00 1863.00 1863.00 1861.00 1862.00 24130.00
20160127  10:10:00 1862.00 1863.00 1861.00 1863.00 29808.00
20160127  10:09:00 1861.00 1864.00 1861.00 1862.00 37360.00
20160127  10:08:00 1862.00 1862.00 1861.00 1861.00 25794.00
20160127  10:07:00 1863.00 1864.00 1861.00 1862.00 32252.00
20160127  10:06:00 1863.00 1864.00 1862.00 1863.00 15646.00
20160127  10:05:00 1865.00 1865.00 1863.00 1863.00 14400.00
20160127  10:04:00 1865.00 1866.00 1864.00 1864.00 13250.00
20160127  10:03:00 1864.00 1866.00 1864.00 1865.00 18596.00
20160127  10:02:00 1864.00 1865.00 1863.00 1864.00 6468.00
20160127  10:01:00 1863.00 1865.00 1863.00 1863.00 8540.00
20160127  10:00:00 1864.00 1865.00 1863.00 1863.00 28416.00
20160127  09:59:00 1865.00 1865.00 1863.00 1864.00 33128.00
20160127  09:58:00 1864.00 1865.00 1863.00 1865.00 7140.00
20160127  09:57:00 1863.00 1864.00 1862.00 1863.00 25620.00
20160127  09:56:00 1865.00 1866.00 1863.00 1864.00 31376.00
20160127  09:55:00 1864.00 1866.00 1864.00 1866.00 12458.00
20160127  09:54:00 1865.00 1866.00 1864.00 1865.00 31300.00
20160127  09:53:00 1863.00 1865.00 1862.00 1864.00 56272.00
20160127  09:52:00 1867.00 1867.00 1863.00 1864.00 47484.00
20160127  09:51:00 1867.00 1869.00 1867.00 1867.00 26118.00
20160127  09:50:00 1868.00 1868.00 1867.00 1867.00 2954.00
20160127  09:49:00 1868.00 1868.00 1867.00 1868.00 1820.00
20160127  09:48:00 1868.00 1868.00 1867.00 1867.00 6754.00
20160127  09:47:00 1868.00 1869.00 1867.00 1868.00 19822.00
20160127  09:46:00 1869.00 1869.00 1868.00 1868.00 5818.00
20160127  09:45:00 1870.00 1870.00 1868.00 1869.00 19248.00
20160127  09:44:00 1869.00 1871.00 1868.00 1870.00 42006.00
20160127  09:43:00 1869.00 1870.00 1868.00 1870.00 17436.00
20160127  09:42:00 1868.00 1870.00 1867.00 1869.00 21136.00
20160127  09:41:00 1870.00 1870.00 1868.00 1869.00 15712.00
20160127  09:40:00 1868.00 1870.00 1868.00 1870.00 9126.00
20160127  09:39:00 1871.00 1871.00 1868.00 1868.00 51036.00
20160127  09:38:00 1867.00 1871.00 1867.00 1870.00 46244.00
20160127  09:37:00 1867.00 1868.00 1866.00 1868.00 33920.00
20160127  09:36:00 1867.00 1868.00 1866.00 1866.00 22486.00
20160127  09:35:00 1864.00 1867.00 1863.00 1866.00 25560.00
20160127  09:34:00 1864.00 1864.00 1863.00 1863.00 13080.00
20160127  09:33:00 1864.00 1865.00 1863.00 1864.00 7948.00
20160127  09:32:00 1864.00 1865.00 1863.00 1864.00 6000.00
20160127  09:31:00 1862.00 1864.00 1862.00 1864.00 9854.00
20160127  09:30:00 1864.00 1864.00 1862.00 1862.00 11678.00
20160127  09:29:00 1864.00 1865.00 1863.00 1864.00 7962.00
20160127  09:28:00 1863.00 1864.00 1863.00 1864.00 19628.00
20160127  09:27:00 1865.00 1865.00 1863.00 1863.00 33282.00
20160127  09:26:00 1865.00 1867.00 1864.00 1864.00 39660.00
20160127  09:25:00 1869.00 1869.00 1865.00 1865.00 41774.00
20160127  09:24:00 1865.00 1869.00 1865.00 1868.00 48068.00
20160127  09:23:00 1865.00 1866.00 1865.00 1865.00 2556.00
20160127  09:22:00 1865.00 1866.00 1865.00 1865.00 2812.00
20160127  09:21:00 1865.00 1866.00 1865.00 1865.00 3026.00
20160127  09:20:00 1864.00 1866.00 1864.00 1866.00 13364.00
20160127  09:19:00 1866.00 1866.00 1864.00 1864.00 10228.00
20160127  09:18:00 1865.00 1866.00 1864.00 1866.00 12394.00
20160127  09:17:00 1865.00 1866.00 1864.00 1865.00 12074.00
20160127  09:16:00 1865.00 1866.00 1865.00 1865.00 3696.00
20160127  09:15:00 1867.00 1867.00 1865.00 1866.00 14626.00
20160127  09:14:00 1867.00 1867.00 1865.00 1867.00 18336.00
20160127  09:13:00 1867.00 1867.00 1865.00 1866.00 15172.00
20160127  09:12:00 1865.00 1867.00 1864.00 1866.00 19364.00
20160127  09:11:00 1866.00 1866.00 1865.00 1866.00 23930.00
20160127  09:10:00 1865.00 1866.00 1864.00 1866.00 32088.00
20160127  09:09:00 1862.00 1865.00 1862.00 1865.00 30464.00
20160127  09:08:00 1862.00 1863.00 1862.00 1862.00 16780.00
20160127  09:07:00 1862.00 1863.00 1862.00 1863.00 10348.00
20160127  09:06:00 1864.00 1865.00 1862.00 1862.00 28342.00
20160127  09:05:00 1863.00 1865.00 1862.00 1865.00 32966.00
20160127  09:04:00 1861.00 1863.00 1861.00 1863.00 21516.00
20160127  09:03:00 1861.00 1862.00 1860.00 1862.00 40184.00
20160127  09:02:00 1862.00 1864.00 1861.00 1861.00 59568.00
20160127  09:01:00 1863.00 1864.00 1862.00 1863.00 70496.00
20160127  09:00:00 1866.00 1867.00 1862.00 1862.00 99738.00
20160127  01:00:00 1868.00 1868.00 1868.00 1868.00  30.00
20160127  00:59:00 1867.00 1868.00 1866.00 1867.00 12176.00
20160127  00:58:00 1868.00 1868.00 1866.00 1866.00 18164.00
20160127  00:57:00 1865.00 1867.00 1865.00 1867.00 17374.00
20160127  00:56:00 1866.00 1866.00 1865.00 1865.00 4800.00
20160127  00:55:00 1866.00 1867.00 1865.00 1866.00 18168.00
20160127  00:54:00 1864.00 1866.00 1864.00 1866.00 16288.00
20160127  00:53:00 1865.00 1865.00 1864.00 1864.00 2118.00
20160127  00:52:00 1865.00 1865.00 1864.00 1864.00 862.00
20160127  00:51:00 1864.00 1865.00 1864.00 1864.00 690.00
20160127  00:50:00 1865.00 1865.00 1864.00 1865.00 3084.00
20160127  00:49:00 1864.00 1865.00 1864.00 1864.00 5168.00
20160127  00:48:00 1864.00 1865.00 1864.00 1864.00 6234.00
20160127  00:47:00 1864.00 1865.00 1863.00 1864.00 16178.00
20160127  00:46:00 1864.00 1864.00 1863.00 1864.00 1080.00
20160127  00:45:00 1864.00 1864.00 1863.00 1864.00 3002.00
20160127  00:44:00 1863.00 1864.00 1863.00 1864.00 782.00
20160127  00:43:00 1863.00 1864.00 1863.00 1863.00 1336.00
20160127  00:42:00 1863.00 1864.00 1862.00 1863.00 17308.00
20160127  00:41:00 1863.00 1864.00 1863.00 1863.00 7514.00
20160127  00:40:00 1864.00 1864.00 1863.00 1863.00 14630.00
20160127  00:39:00 1863.00 1864.00 1863.00 1864.00 830.00
20160127  00:38:00 1864.00 1864.00 1863.00 1863.00 2064.00
20160127  00:37:00 1865.00 1865.00 1863.00 1863.00 10832.00
20160127  00:36:00 1866.00 1866.00 1864.00 1864.00 5922.00
20160127  00:35:00 1864.00 1866.00 1863.00 1866.00 25394.00
20160127  00:34:00 1864.00 1864.00 1862.00 1864.00 13064.00
20160127  00:33:00 1863.00 1864.00 1863.00 1863.00 5316.00
20160127  00:32:00 1863.00 1864.00 1863.00 1863.00 1150.00
20160127  00:31:00 1864.00 1864.00 1863.00 1863.00 7670.00
20160127  00:30:00 1864.00 1865.00 1863.00 1864.00 20170.00
20160127  00:29:00 1863.00 1864.00 1863.00 1864.00 2192.00
20160127  00:28:00 1863.00 1864.00 1863.00 1864.00 4282.00
20160127  00:27:00 1863.00 1864.00 1862.00 1863.00 7314.00
20160127  00:26:00 1862.00 1864.00 1862.00 1863.00 14972.00
20160127  00:25:00 1862.00 1863.00 1861.00 1863.00 11904.00
20160127  00:24:00 1863.00 1864.00 1861.00 1861.00 22126.00
20160127  00:23:00 1864.00 1865.00 1863.00 1863.00 7816.00
20160127  00:22:00 1864.00 1865.00 1864.00 1865.00 10126.00
20160127  00:21:00 1864.00 1865.00 1864.00 1864.00 11102.00
20160127  00:20:00 1863.00 1865.00 1863.00 1864.00 26430.00
20160127  00:19:00 1861.00 1865.00 1861.00 1863.00 52102.00
20160127  00:18:00 1861.00 1862.00 1861.00 1862.00 6786.00
20160127  00:17:00 1861.00 1862.00 1860.00 1861.00 39328.00
20160127  00:16:00 1859.00 1861.00 1858.00 1861.00 41838.00
20160127  00:15:00 1858.00 1859.00 1857.00 1858.00 7682.00
20160127  00:14:00 1857.00 1858.00 1856.00 1857.00 10934.00
20160127  00:13:00 1858.00 1858.00 1857.00 1857.00 4880.00
20160127  00:12:00 1858.00 1859.00 1857.00 1858.00 20016.00
20160127  00:11:00 1857.00 1858.00 1856.00 1857.00 16000.00
20160127  00:10:00 1856.00 1857.00 1856.00 1856.00 8134.00
20160127  00:09:00 1856.00 1857.00 1856.00 1856.00 2586.00
20160127  00:08:00 1857.00 1857.00 1855.00 1856.00 15706.00
20160127  00:07:00 1856.00 1858.00 1856.00 1857.00 17746.00
20160127  00:06:00 1855.00 1857.00 1855.00 1856.00 22938.00
20160127  00:05:00 1856.00 1858.00 1855.00 1855.00 20594.00
20160127  00:04:00 1856.00 1857.00 1856.00 1856.00 8458.00
20160127  00:03:00 1855.00 1856.00 1855.00 1856.00 13456.00
20160127  00:02:00 1855.00 1856.00 1855.00 1856.00 3438.00
20160127  00:01:00 1856.00 1857.00 1855.00 1855.00 26626.00
20160127  00:00:00 1855.00 1858.00 1854.00 1856.00 77014.00
20160126  23:59:00 1854.00 1855.00 1853.00 1854.00 13308.00
20160126  23:58:00 1854.00 1855.00 1853.00 1854.00 33142.00
20160126  23:57:00 1852.00 1855.00 1851.00 1854.00 42962.00
20160126  23:56:00 1850.00 1852.00 1850.00 1852.00 14264.00
20160126  23:55:00 1850.00 1851.00 1849.00 1850.00 6960.00
20160126  23:54:00 1851.00 1851.00 1849.00 1850.00 6866.00
20160126  23:53:00 1850.00 1851.00 1849.00 1851.00 7608.00
20160126  23:52:00 1850.00 1850.00 1849.00 1850.00 2238.00
20160126  23:51:00 1849.00 1850.00 1849.00 1850.00 2792.00
20160126  23:50:00 1851.00 1851.00 1849.00 1849.00 16362.00
20160126  23:49:00 1850.00 1851.00 1850.00 1850.00 1622.00
20160126  23:48:00 1850.00 1851.00 1850.00 1850.00 10504.00
20160126  23:47:00 1849.00 1851.00 1849.00 1850.00 19230.00
20160126  23:46:00 1849.00 1851.00 1849.00 1850.00 13492.00
20160126  23:45:00 1849.00 1850.00 1848.00 1849.00 26516.00
20160126  23:44:00 1850.00 1850.00 1849.00 1850.00 15866.00
20160126  23:43:00 1847.00 1850.00 1847.00 1850.00 34972.00
20160126  23:42:00 1847.00 1848.00 1847.00 1847.00 2652.00
20160126  23:41:00 1847.00 1848.00 1846.00 1847.00 11582.00
20160126  23:40:00 1848.00 1848.00 1846.00 1847.00 19502.00
20160126  23:39:00 1846.00 1848.00 1846.00 1848.00 8972.00
20160126  23:38:00 1846.00 1847.00 1845.00 1846.00 8946.00
20160126  23:37:00 1845.00 1846.00 1845.00 1846.00 364.00
20160126  23:36:00 1845.00 1846.00 1845.00 1845.00 3636.00
20160126  23:35:00 1845.00 1846.00 1845.00 1845.00 9586.00
20160126  23:34:00 1845.00 1846.00 1845.00 1845.00 1504.00
20160126  23:33:00 1845.00 1846.00 1845.00 1845.00 2224.00
20160126  23:32:00 1845.00 1846.00 1845.00 1845.00 1136.00
20160126  23:31:00 1845.00 1846.00 1845.00 1845.00 2948.00
20160126  23:30:00 1847.00 1848.00 1845.00 1846.00 14462.00
20160126  23:29:00 1846.00 1848.00 1846.00 1847.00 16516.00
20160126  23:28:00 1846.00 1847.00 1846.00 1846.00 5382.00
20160126  23:27:00 1847.00 1847.00 1846.00 1847.00 2748.00
20160126  23:26:00 1845.00 1847.00 1845.00 1847.00 8542.00
20160126  23:25:00 1846.00 1846.00 1845.00 1845.00 1660.00
20160126  23:24:00 1845.00 1846.00 1844.00 1846.00 8716.00
20160126  23:23:00 1845.00 1846.00 1845.00 1845.00 2266.00
20160126  23:22:00 1845.00 1846.00 1845.00 1845.00 1302.00
20160126  23:21:00 1845.00 1846.00 1845.00 1845.00 516.00
20160126  23:20:00 1846.00 1846.00 1845.00 1846.00 4382.00
20160126  23:19:00 1845.00 1846.00 1845.00 1845.00 1728.00
20160126  23:18:00 1846.00 1846.00 1845.00 1845.00 610.00
20160126  23:17:00 1845.00 1846.00 1844.00 1846.00 10858.00
20160126  23:16:00 1844.00 1845.00 1844.00 1845.00 790.00
20160126  23:15:00 1845.00 1845.00 1844.00 1844.00 2718.00
20160126  23:14:00 1845.00 1846.00 1844.00 1845.00 10854.00
20160126  23:13:00 1846.00 1846.00 1845.00 1845.00 2836.00
20160126  23:12:00 1846.00 1846.00 1845.00 1846.00 12958.00
20160126  23:11:00 1846.00 1846.00 1845.00 1846.00 7088.00
20160126  23:10:00 1845.00 1846.00 1845.00 1846.00 14984.00
20160126  23:09:00 1844.00 1845.00 1844.00 1845.00 6246.00
20160126  23:08:00 1845.00 1845.00 1844.00 1845.00 3222.00
20160126  23:07:00 1845.00 1845.00 1844.00 1845.00 2210.00
20160126  23:06:00 1844.00 1845.00 1843.00 1845.00 7964.00
20160126  23:05:00 1843.00 1844.00 1843.00 1843.00 1780.00
20160126  23:04:00 1844.00 1844.00 1843.00 1843.00 670.00
20160126  23:03:00 1844.00 1844.00 1843.00 1844.00 162.00
20160126  23:02:00 1844.00 1844.00 1843.00 1844.00 780.00
20160126  23:01:00 1844.00 1845.00 1843.00 1844.00 24066.00
20160126  23:00:00 1843.00 1844.00 1843.00 1844.00 1218.00
20160126  22:59:00 1842.00 1844.00 1842.00 1844.00 5258.00
20160126  22:58:00 1843.00 1843.00 1842.00 1842.00 798.00
20160126  22:57:00 1843.00 1843.00 1842.00 1843.00 438.00
20160126  22:56:00 1843.00 1843.00 1842.00 1843.00 124.00
20160126  22:55:00 1843.00 1843.00 1842.00 1843.00 214.00
20160126  22:54:00 1842.00 1843.00 1842.00 1843.00  86.00
20160126  22:53:00 1843.00 1843.00 1842.00 1842.00 336.00
20160126  22:52:00 1844.00 1844.00 1843.00 1843.00 4982.00
20160126  22:51:00 1843.00 1844.00 1843.00 1844.00 360.00
20160126  22:50:00 1842.00 1844.00 1842.00 1844.00 4364.00
20160126  22:49:00 1843.00 1843.00 1842.00 1842.00 2048.00
20160126  22:48:00 1842.00 1843.00 1842.00 1843.00 804.00
20160126  22:47:00 1842.00 1843.00 1842.00 1842.00 500.00
20160126  22:46:00 1842.00 1843.00 1842.00 1842.00 202.00
20160126  22:45:00 1842.00 1843.00 1842.00 1842.00 498.00
20160126  22:44:00 1843.00 1843.00 1842.00 1842.00 2314.00
20160126  22:43:00 1842.00 1843.00 1842.00 1843.00 1134.00
20160126  22:42:00 1843.00 1843.00 1842.00 1842.00 822.00
20160126  22:41:00 1843.00 1844.00 1843.00 1843.00 5466.00
20160126  22:40:00 1843.00 1844.00 1842.00 1843.00 6310.00
20160126  22:39:00 1842.00 1843.00 1842.00 1843.00 372.00
20160126  22:38:00 1843.00 1844.00 1842.00 1842.00 6628.00
20160126  22:37:00 1843.00 1844.00 1843.00 1843.00 772.00
20160126  22:36:00 1843.00 1844.00 1843.00 1843.00 396.00
20160126  22:35:00 1844.00 1844.00 1843.00 1844.00 2404.00
20160126  22:34:00 1843.00 1844.00 1843.00 1844.00 1584.00
20160126  22:33:00 1843.00 1844.00 1842.00 1843.00 8950.00
20160126  22:32:00 1842.00 1843.00 1842.00 1843.00 332.00
20160126  22:31:00 1843.00 1843.00 1842.00 1842.00 1032.00
20160126  22:30:00 1842.00 1843.00 1842.00 1843.00 2400.00
20160126  22:29:00 1843.00 1843.00 1842.00 1843.00 680.00
20160126  22:28:00 1842.00 1843.00 1841.00 1843.00 3038.00
20160126  22:27:00 1842.00 1842.00 1841.00 1842.00 1126.00
20160126  22:26:00 1842.00 1842.00 1841.00 1842.00 7470.00
20160126  22:25:00 1842.00 1843.00 1841.00 1842.00 9588.00
20160126  22:24:00 1841.00 1842.00 1841.00 1842.00 1046.00
20160126  22:23:00 1842.00 1842.00 1841.00 1841.00 1978.00
20160126  22:22:00 1842.00 1842.00 1841.00 1842.00 560.00
20160126  22:21:00 1842.00 1842.00 1841.00 1842.00 2268.00
20160126  22:20:00 1841.00 1842.00 1841.00 1842.00 3514.00
20160126  22:19:00 1842.00 1842.00 1841.00 1841.00 2206.00
20160126  22:18:00 1841.00 1842.00 1841.00 1842.00 1208.00
20160126  22:17:00 1842.00 1842.00 1841.00 1841.00 3226.00
20160126  22:16:00 1842.00 1843.00 1841.00 1841.00 8500.00
20160126  22:15:00 1842.00 1843.00 1841.00 1842.00 19820.00
20160126  22:14:00 1842.00 1843.00 1842.00 1842.00 544.00
20160126  22:13:00 1842.00 1843.00 1841.00 1842.00 15024.00
20160126  22:12:00 1841.00 1842.00 1841.00 1842.00 4182.00
20160126  22:11:00 1841.00 1842.00 1841.00 1841.00 3076.00
20160126  22:10:00 1842.00 1843.00 1841.00 1841.00 9580.00
20160126  22:09:00 1843.00 1843.00 1842.00 1842.00 15068.00
20160126  22:08:00 1844.00 1844.00 1842.00 1843.00 10734.00
20160126  22:07:00 1844.00 1844.00 1843.00 1844.00 3524.00
20160126  22:06:00 1845.00 1845.00 1844.00 1844.00 8996.00
20160126  22:05:00 1845.00 1845.00 1844.00 1845.00 2876.00
20160126  22:04:00 1844.00 1845.00 1843.00 1845.00 13550.00
20160126  22:03:00 1843.00 1844.00 1842.00 1844.00 19958.00
20160126  22:02:00 1843.00 1844.00 1842.00 1843.00 16196.00
20160126  22:01:00 1844.00 1844.00 1843.00 1843.00 3886.00
20160126  22:00:00 1843.00 1845.00 1843.00 1844.00 12654.00
20160126  21:59:00 1844.00 1845.00 1843.00 1843.00 7786.00
20160126  21:58:00 1843.00 1845.00 1842.00 1845.00 15208.00
20160126  21:57:00 1843.00 1844.00 1842.00 1843.00 15626.00
20160126  21:56:00 1843.00 1844.00 1842.00 1843.00 7322.00
20160126  21:55:00 1844.00 1844.00 1842.00 1843.00 9508.00
20160126  21:54:00 1843.00 1844.00 1842.00 1844.00 7802.00
20160126  21:53:00 1842.00 1843.00 1842.00 1843.00 6658.00
20160126  21:52:00 1843.00 1843.00 1842.00 1842.00 2042.00
20160126  21:51:00 1844.00 1844.00 1842.00 1843.00 5566.00
20160126  21:50:00 1843.00 1844.00 1843.00 1844.00 8952.00
20160126  21:49:00 1843.00 1844.00 1842.00 1843.00 28508.00
20160126  21:48:00 1844.00 1844.00 1843.00 1843.00 8338.00
20160126  21:47:00 1844.00 1845.00 1844.00 1845.00 3732.00
20160126  21:46:00 1845.00 1845.00 1844.00 1844.00 1528.00
20160126  21:45:00 1844.00 1845.00 1843.00 1845.00 10014.00
20160126  21:44:00 1843.00 1844.00 1843.00 1844.00 7036.00
20160126  21:43:00 1843.00 1844.00 1843.00 1843.00 8356.00
20160126  21:42:00 1844.00 1844.00 1843.00 1843.00 1646.00
20160126  21:41:00 1844.00 1845.00 1843.00 1844.00 7486.00
20160126  21:40:00 1845.00 1845.00 1844.00 1844.00 33046.00
20160126  21:39:00 1847.00 1847.00 1844.00 1844.00 23118.00
20160126  21:38:00 1846.00 1847.00 1845.00 1847.00 11220.00
20160126  21:37:00 1846.00 1846.00 1845.00 1846.00 8484.00
20160126  21:36:00 1846.00 1846.00 1845.00 1846.00 8572.00
20160126  21:35:00 1845.00 1846.00 1844.00 1845.00 20958.00
20160126  21:34:00 1845.00 1845.00 1844.00 1845.00 1274.00
20160126  21:33:00 1844.00 1845.00 1844.00 1845.00 3892.00
20160126  21:32:00 1844.00 1845.00 1843.00 1845.00 7172.00
20160126  21:31:00 1843.00 1844.00 1843.00 1843.00 13610.00
20160126  21:30:00 1844.00 1844.00 1843.00 1843.00 3948.00
20160126  21:29:00 1844.00 1844.00 1843.00 1844.00 2790.00
20160126  21:28:00 1844.00 1845.00 1843.00 1844.00 14414.00
20160126  21:27:00 1844.00 1844.00 1843.00 1844.00 3006.00
20160126  21:26:00 1844.00 1844.00 1843.00 1844.00 3412.00
20160126  21:25:00 1842.00 1844.00 1842.00 1844.00 14556.00
20160126  21:24:00 1842.00 1843.00 1842.00 1843.00 1714.00
20160126  21:23:00 1842.00 1843.00 1841.00 1843.00 8574.00
20160126  21:22:00 1842.00 1843.00 1841.00 1842.00 15834.00
20160126  21:21:00 1842.00 1843.00 1841.00 1842.00 21990.00
20160126  21:20:00 1842.00 1842.00 1841.00 1842.00 6448.00
20160126  21:19:00 1843.00 1843.00 1841.00 1841.00 18562.00
20160126  21:18:00 1843.00 1844.00 1842.00 1843.00 12540.00
20160126  21:17:00 1843.00 1844.00 1842.00 1843.00 20634.00
20160126  21:16:00 1842.00 1844.00 1842.00 1843.00 67346.00
20160126  21:15:00 1842.00 1842.00 1841.00 1842.00 18734.00
20160126  21:14:00 1843.00 1843.00 1840.00 1841.00 55490.00
20160126  21:13:00 1844.00 1844.00 1842.00 1842.00 34642.00
20160126  21:12:00 1846.00 1847.00 1843.00 1843.00 58618.00
20160126  21:11:00 1847.00 1847.00 1846.00 1846.00 6840.00
20160126  21:10:00 1846.00 1847.00 1846.00 1847.00 9564.00
20160126  21:09:00 1846.00 1848.00 1846.00 1847.00 27552.00
20160126  21:08:00 1847.00 1848.00 1846.00 1847.00 16346.00
20160126  21:07:00 1848.00 1848.00 1846.00 1847.00 28350.00
20160126  21:06:00 1850.00 1850.00 1847.00 1848.00 25422.00
20160126  21:05:00 1849.00 1850.00 1848.00 1850.00 16840.00
20160126  21:04:00 1851.00 1851.00 1849.00 1849.00 17402.00
20160126  21:03:00 1849.00 1851.00 1849.00 1851.00 27114.00
20160126  21:02:00 1850.00 1851.00 1848.00 1849.00 27490.00
20160126  21:01:00 1849.00 1851.00 1849.00 1850.00 38852.00
20160126  21:00:00 1850.00 1856.00 1849.00 1850.00 81220.00
