20160715  15:00:00 2527.00 2527.00 2527.00 2527.00 300.00
20160715  14:59:00 2530.00 2530.00 2526.00 2527.00 35546.00
20160715  14:58:00 2531.00 2532.00 2529.00 2529.00 21542.00
20160715  14:57:00 2534.00 2535.00 2531.00 2532.00 17104.00
20160715  14:56:00 2530.00 2535.00 2529.00 2534.00 19046.00
20160715  14:55:00 2533.00 2534.00 2529.00 2530.00 22228.00
20160715  14:54:00 2530.00 2533.00 2530.00 2533.00 17804.00
20160715  14:53:00 2530.00 2531.00 2528.00 2530.00 12320.00
20160715  14:52:00 2527.00 2530.00 2527.00 2530.00 12158.00
20160715  14:51:00 2529.00 2530.00 2527.00 2528.00 9370.00
20160715  14:50:00 2525.00 2530.00 2524.00 2529.00 17002.00
20160715  14:49:00 2523.00 2525.00 2522.00 2525.00 18366.00
20160715  14:48:00 2528.00 2529.00 2522.00 2522.00 26898.00
20160715  14:47:00 2528.00 2530.00 2528.00 2528.00 6948.00
20160715  14:46:00 2529.00 2530.00 2526.00 2529.00 17814.00
20160715  14:45:00 2530.00 2531.00 2529.00 2530.00 8230.00
20160715  14:44:00 2530.00 2531.00 2528.00 2530.00 8816.00
20160715  14:43:00 2530.00 2531.00 2529.00 2530.00 7884.00
20160715  14:42:00 2532.00 2533.00 2529.00 2530.00 12534.00
20160715  14:41:00 2535.00 2535.00 2530.00 2532.00 17036.00
20160715  14:40:00 2532.00 2537.00 2531.00 2535.00 39254.00
20160715  14:39:00 2531.00 2532.00 2530.00 2532.00 9614.00
20160715  14:38:00 2530.00 2532.00 2529.00 2530.00 9790.00
20160715  14:37:00 2530.00 2531.00 2529.00 2530.00 4372.00
20160715  14:36:00 2528.00 2531.00 2528.00 2530.00 8544.00
20160715  14:35:00 2530.00 2531.00 2528.00 2528.00 6014.00
20160715  14:34:00 2529.00 2531.00 2529.00 2530.00 9852.00
20160715  14:33:00 2533.00 2533.00 2529.00 2529.00 14238.00
20160715  14:32:00 2528.00 2533.00 2528.00 2532.00 29214.00
20160715  14:31:00 2524.00 2529.00 2524.00 2529.00 19068.00
20160715  14:30:00 2524.00 2525.00 2523.00 2524.00 5830.00
20160715  14:29:00 2524.00 2525.00 2523.00 2525.00 7570.00
20160715  14:28:00 2523.00 2524.00 2520.00 2523.00 21162.00
20160715  14:27:00 2526.00 2526.00 2523.00 2523.00 6150.00
20160715  14:26:00 2524.00 2526.00 2523.00 2526.00 7460.00
20160715  14:25:00 2525.00 2528.00 2524.00 2525.00 7886.00
20160715  14:24:00 2525.00 2526.00 2523.00 2525.00 15130.00
20160715  14:23:00 2527.00 2528.00 2524.00 2524.00 13164.00
20160715  14:22:00 2530.00 2530.00 2527.00 2527.00 6390.00
20160715  14:21:00 2527.00 2530.00 2527.00 2530.00 8442.00
20160715  14:20:00 2528.00 2528.00 2526.00 2527.00 10606.00
20160715  14:19:00 2529.00 2529.00 2526.00 2528.00 10304.00
20160715  14:18:00 2527.00 2529.00 2527.00 2529.00 7998.00
20160715  14:17:00 2529.00 2530.00 2526.00 2528.00 15028.00
20160715  14:16:00 2530.00 2531.00 2528.00 2529.00 18904.00
20160715  14:15:00 2532.00 2535.00 2530.00 2530.00 39906.00
20160715  14:14:00 2528.00 2532.00 2527.00 2532.00 24654.00
20160715  14:13:00 2528.00 2532.00 2528.00 2528.00 22540.00
20160715  14:12:00 2526.00 2531.00 2525.00 2528.00 39752.00
20160715  14:11:00 2522.00 2527.00 2522.00 2525.00 33936.00
20160715  14:10:00 2521.00 2524.00 2520.00 2522.00 12204.00
20160715  14:09:00 2522.00 2523.00 2521.00 2521.00 5578.00
20160715  14:08:00 2523.00 2524.00 2520.00 2521.00 10588.00
20160715  14:07:00 2519.00 2524.00 2519.00 2523.00 16706.00
20160715  14:06:00 2519.00 2520.00 2518.00 2519.00 4192.00
20160715  14:05:00 2521.00 2522.00 2519.00 2520.00 9294.00
20160715  14:04:00 2521.00 2522.00 2519.00 2521.00 14164.00
20160715  14:03:00 2522.00 2522.00 2518.00 2520.00 20598.00
20160715  14:02:00 2515.00 2522.00 2514.00 2522.00 23070.00
20160715  14:01:00 2515.00 2515.00 2512.00 2515.00 11800.00
20160715  14:00:00 2515.00 2516.00 2514.00 2515.00 7958.00
20160715  13:59:00 2517.00 2517.00 2514.00 2515.00 8624.00
20160715  13:58:00 2515.00 2517.00 2515.00 2517.00 5364.00
20160715  13:57:00 2518.00 2518.00 2515.00 2515.00 5596.00
20160715  13:56:00 2515.00 2518.00 2515.00 2517.00 8520.00
20160715  13:55:00 2516.00 2517.00 2515.00 2516.00 9032.00
20160715  13:54:00 2518.00 2518.00 2515.00 2516.00 8590.00
20160715  13:53:00 2518.00 2519.00 2517.00 2518.00 6774.00
20160715  13:52:00 2518.00 2520.00 2517.00 2517.00 20834.00
20160715  13:51:00 2517.00 2519.00 2515.00 2517.00 10756.00
20160715  13:50:00 2514.00 2517.00 2513.00 2517.00 6924.00
20160715  13:49:00 2514.00 2515.00 2513.00 2513.00 4976.00
20160715  13:48:00 2514.00 2516.00 2514.00 2514.00 5006.00
20160715  13:47:00 2517.00 2517.00 2514.00 2515.00 5226.00
20160715  13:46:00 2514.00 2517.00 2514.00 2516.00 8164.00
20160715  13:45:00 2515.00 2516.00 2513.00 2514.00 9792.00
20160715  13:44:00 2516.00 2517.00 2514.00 2515.00 7540.00
20160715  13:43:00 2513.00 2519.00 2513.00 2516.00 18754.00
20160715  13:42:00 2511.00 2516.00 2511.00 2513.00 15940.00
20160715  13:41:00 2509.00 2511.00 2508.00 2511.00 6674.00
20160715  13:40:00 2508.00 2510.00 2507.00 2510.00 8044.00
20160715  13:39:00 2507.00 2508.00 2506.00 2508.00 11480.00
20160715  13:38:00 2509.00 2510.00 2506.00 2506.00 10516.00
20160715  13:37:00 2510.00 2511.00 2508.00 2509.00 5724.00
20160715  13:36:00 2512.00 2512.00 2510.00 2510.00 5888.00
20160715  13:35:00 2508.00 2513.00 2507.00 2512.00 12332.00
20160715  13:34:00 2509.00 2509.00 2507.00 2508.00 5676.00
20160715  13:33:00 2508.00 2509.00 2507.00 2509.00 5362.00
20160715  13:32:00 2505.00 2510.00 2504.00 2509.00 16046.00
20160715  13:31:00 2508.00 2509.00 2505.00 2505.00 13312.00
20160715  13:30:00 2513.00 2513.00 2508.00 2509.00 14376.00
20160715  11:29:00 2512.00 2514.00 2511.00 2512.00 10488.00
20160715  11:28:00 2514.00 2515.00 2511.00 2511.00 8318.00
20160715  11:27:00 2514.00 2517.00 2512.00 2515.00 12430.00
20160715  11:26:00 2513.00 2516.00 2512.00 2514.00 18526.00
20160715  11:25:00 2507.00 2513.00 2506.00 2512.00 24774.00
20160715  11:24:00 2508.00 2508.00 2505.00 2506.00 6648.00
20160715  11:23:00 2508.00 2509.00 2507.00 2508.00 3286.00
20160715  11:22:00 2507.00 2509.00 2506.00 2509.00 5102.00
20160715  11:21:00 2505.00 2508.00 2504.00 2507.00 8338.00
20160715  11:20:00 2504.00 2506.00 2501.00 2505.00 21310.00
20160715  11:19:00 2509.00 2509.00 2504.00 2504.00 12276.00
20160715  11:18:00 2508.00 2510.00 2507.00 2509.00 4922.00
20160715  11:17:00 2508.00 2510.00 2507.00 2507.00 5246.00
20160715  11:16:00 2510.00 2510.00 2507.00 2508.00 11012.00
20160715  11:15:00 2506.00 2511.00 2506.00 2510.00 16278.00
20160715  11:14:00 2508.00 2508.00 2505.00 2507.00 11874.00
20160715  11:13:00 2507.00 2509.00 2505.00 2508.00 28922.00
20160715  11:12:00 2512.00 2512.00 2507.00 2507.00 29708.00
20160715  11:11:00 2515.00 2516.00 2511.00 2512.00 24982.00
20160715  11:10:00 2517.00 2518.00 2515.00 2516.00 7622.00
20160715  11:09:00 2515.00 2519.00 2515.00 2517.00 6388.00
20160715  11:08:00 2519.00 2520.00 2514.00 2516.00 13016.00
20160715  11:07:00 2517.00 2519.00 2515.00 2519.00 10598.00
20160715  11:06:00 2516.00 2518.00 2515.00 2517.00 7026.00
20160715  11:05:00 2518.00 2519.00 2514.00 2515.00 16814.00
20160715  11:04:00 2521.00 2522.00 2517.00 2518.00 13946.00
20160715  11:03:00 2518.00 2523.00 2517.00 2522.00 24936.00
20160715  11:02:00 2520.00 2521.00 2516.00 2518.00 16910.00
20160715  11:01:00 2518.00 2520.00 2517.00 2520.00 19074.00
20160715  11:00:00 2522.00 2525.00 2518.00 2519.00 51426.00
20160715  10:59:00 2520.00 2522.00 2516.00 2522.00 47112.00
20160715  10:58:00 2507.00 2522.00 2507.00 2519.00 86322.00
20160715  10:57:00 2505.00 2507.00 2504.00 2507.00 10606.00
20160715  10:56:00 2504.00 2505.00 2503.00 2504.00 2776.00
20160715  10:55:00 2503.00 2505.00 2499.00 2504.00 15134.00
20160715  10:54:00 2504.00 2504.00 2502.00 2504.00 3510.00
20160715  10:53:00 2502.00 2504.00 2502.00 2504.00 3522.00
20160715  10:52:00 2507.00 2507.00 2502.00 2502.00 9004.00
20160715  10:51:00 2506.00 2508.00 2506.00 2507.00 10974.00
20160715  10:50:00 2504.00 2507.00 2504.00 2507.00 17630.00
20160715  10:49:00 2501.00 2505.00 2501.00 2504.00 6070.00
20160715  10:48:00 2503.00 2503.00 2501.00 2501.00 5868.00
20160715  10:47:00 2504.00 2505.00 2502.00 2502.00 4488.00
20160715  10:46:00 2503.00 2504.00 2502.00 2504.00 7926.00
20160715  10:45:00 2505.00 2506.00 2503.00 2504.00 9934.00
20160715  10:44:00 2503.00 2505.00 2501.00 2504.00 10380.00
20160715  10:43:00 2503.00 2505.00 2502.00 2502.00 9428.00
20160715  10:42:00 2502.00 2503.00 2501.00 2503.00 8354.00
20160715  10:41:00 2496.00 2502.00 2496.00 2502.00 11788.00
20160715  10:40:00 2497.00 2498.00 2495.00 2496.00 6734.00
20160715  10:39:00 2494.00 2497.00 2493.00 2497.00 13716.00
20160715  10:38:00 2499.00 2499.00 2493.00 2493.00 20230.00
20160715  10:37:00 2498.00 2500.00 2497.00 2499.00 8508.00
20160715  10:36:00 2499.00 2500.00 2497.00 2497.00 14430.00
20160715  10:35:00 2503.00 2504.00 2499.00 2499.00 14762.00
20160715  10:34:00 2505.00 2506.00 2501.00 2502.00 7884.00
20160715  10:33:00 2506.00 2506.00 2504.00 2505.00 3920.00
20160715  10:32:00 2505.00 2507.00 2504.00 2505.00 3634.00
20160715  10:31:00 2508.00 2508.00 2503.00 2504.00 17272.00
20160715  10:30:00 2504.00 2508.00 2504.00 2507.00 12028.00
20160715  10:14:00 2503.00 2505.00 2503.00 2505.00 5624.00
20160715  10:13:00 2505.00 2505.00 2501.00 2504.00 6452.00
20160715  10:12:00 2503.00 2505.00 2503.00 2505.00 6384.00
20160715  10:11:00 2505.00 2505.00 2501.00 2503.00 7636.00
20160715  10:10:00 2503.00 2505.00 2502.00 2505.00 8054.00
20160715  10:09:00 2501.00 2503.00 2500.00 2503.00 7524.00
20160715  10:08:00 2504.00 2505.00 2500.00 2501.00 13452.00
20160715  10:07:00 2509.00 2509.00 2504.00 2504.00 22602.00
20160715  10:06:00 2500.00 2509.00 2500.00 2508.00 32274.00
20160715  10:05:00 2501.00 2504.00 2499.00 2500.00 15190.00
20160715  10:04:00 2498.00 2503.00 2497.00 2501.00 32790.00
20160715  10:03:00 2495.00 2499.00 2494.00 2498.00 16734.00
20160715  10:02:00 2492.00 2496.00 2490.00 2495.00 14038.00
20160715  10:01:00 2492.00 2493.00 2489.00 2493.00 14330.00
20160715  10:00:00 2490.00 2497.00 2490.00 2492.00 13266.00
20160715  09:59:00 2491.00 2493.00 2490.00 2491.00 14208.00
20160715  09:58:00 2494.00 2496.00 2491.00 2491.00 14026.00
20160715  09:57:00 2498.00 2498.00 2494.00 2495.00 9240.00
20160715  09:56:00 2492.00 2498.00 2492.00 2498.00 8218.00
20160715  09:55:00 2493.00 2494.00 2492.00 2493.00 9816.00
20160715  09:54:00 2494.00 2496.00 2493.00 2493.00 8854.00
20160715  09:53:00 2498.00 2499.00 2494.00 2494.00 7636.00
20160715  09:52:00 2497.00 2499.00 2497.00 2499.00 4994.00
20160715  09:51:00 2496.00 2498.00 2496.00 2497.00 4540.00
20160715  09:50:00 2496.00 2497.00 2494.00 2496.00 6920.00
20160715  09:49:00 2499.00 2500.00 2496.00 2496.00 9194.00
20160715  09:48:00 2495.00 2501.00 2495.00 2498.00 25546.00
20160715  09:47:00 2496.00 2496.00 2493.00 2495.00 8102.00
20160715  09:46:00 2489.00 2496.00 2489.00 2496.00 12112.00
20160715  09:45:00 2492.00 2492.00 2488.00 2489.00 12516.00
20160715  09:44:00 2490.00 2492.00 2490.00 2492.00 4302.00
20160715  09:43:00 2492.00 2493.00 2490.00 2491.00 8056.00
20160715  09:42:00 2493.00 2495.00 2492.00 2493.00 5570.00
20160715  09:41:00 2496.00 2497.00 2491.00 2493.00 12142.00
20160715  09:40:00 2494.00 2496.00 2493.00 2496.00 4838.00
20160715  09:39:00 2496.00 2496.00 2493.00 2494.00 6272.00
20160715  09:38:00 2496.00 2497.00 2493.00 2496.00 8398.00
20160715  09:37:00 2496.00 2497.00 2495.00 2496.00 7036.00
20160715  09:36:00 2494.00 2496.00 2493.00 2495.00 5600.00
20160715  09:35:00 2494.00 2496.00 2490.00 2495.00 15144.00
20160715  09:34:00 2491.00 2495.00 2491.00 2493.00 11352.00
20160715  09:33:00 2493.00 2494.00 2490.00 2491.00 10266.00
20160715  09:32:00 2488.00 2494.00 2487.00 2493.00 11252.00
20160715  09:31:00 2489.00 2492.00 2486.00 2488.00 21308.00
20160715  09:30:00 2488.00 2492.00 2487.00 2489.00 19950.00
20160715  09:29:00 2492.00 2493.00 2489.00 2489.00 17166.00
20160715  09:28:00 2493.00 2495.00 2491.00 2492.00 13462.00
20160715  09:27:00 2489.00 2495.00 2489.00 2493.00 17244.00
20160715  09:26:00 2493.00 2494.00 2488.00 2490.00 24896.00
20160715  09:25:00 2493.00 2496.00 2492.00 2494.00 10088.00
20160715  09:24:00 2497.00 2498.00 2490.00 2492.00 21472.00
20160715  09:23:00 2497.00 2498.00 2496.00 2497.00 3972.00
20160715  09:22:00 2497.00 2499.00 2494.00 2498.00 13914.00
20160715  09:21:00 2497.00 2498.00 2495.00 2497.00 9532.00
20160715  09:20:00 2496.00 2498.00 2492.00 2498.00 20648.00
20160715  09:19:00 2497.00 2499.00 2496.00 2497.00 8552.00
20160715  09:18:00 2499.00 2501.00 2496.00 2496.00 10384.00
20160715  09:17:00 2501.00 2502.00 2498.00 2501.00 7258.00
20160715  09:16:00 2496.00 2501.00 2495.00 2501.00 20514.00
20160715  09:15:00 2501.00 2502.00 2495.00 2495.00 18884.00
20160715  09:14:00 2500.00 2505.00 2500.00 2501.00 18614.00
20160715  09:13:00 2503.00 2504.00 2498.00 2499.00 21316.00
20160715  09:12:00 2501.00 2504.00 2500.00 2503.00 15994.00
20160715  09:11:00 2505.00 2505.00 2500.00 2501.00 22426.00
20160715  09:10:00 2506.00 2508.00 2505.00 2506.00 12018.00
20160715  09:09:00 2508.00 2508.00 2504.00 2507.00 19022.00
20160715  09:08:00 2506.00 2510.00 2506.00 2507.00 19634.00
20160715  09:07:00 2506.00 2513.00 2506.00 2506.00 38902.00
20160715  09:06:00 2509.00 2509.00 2506.00 2506.00 22520.00
20160715  09:05:00 2506.00 2510.00 2505.00 2509.00 37260.00
20160715  09:04:00 2498.00 2507.00 2498.00 2505.00 53312.00
20160715  09:03:00 2494.00 2499.00 2492.00 2499.00 30240.00
20160715  09:02:00 2485.00 2490.00 2480.00 2490.00 59104.00
20160715  09:01:00 2494.00 2494.00 2485.00 2485.00 38402.00
20160715  09:00:00 2493.00 2496.00 2488.00 2495.00 32982.00
20160714  23:00:00 2493.00 2493.00 2493.00 2493.00  24.00
20160714  22:59:00 2495.00 2496.00 2492.00 2494.00 23058.00
20160714  22:58:00 2496.00 2499.00 2495.00 2495.00 11952.00
20160714  22:57:00 2496.00 2498.00 2495.00 2496.00 9170.00
20160714  22:56:00 2498.00 2498.00 2495.00 2496.00 8346.00
20160714  22:55:00 2498.00 2499.00 2496.00 2497.00 10428.00
20160714  22:54:00 2499.00 2500.00 2498.00 2499.00 10344.00
20160714  22:53:00 2496.00 2502.00 2495.00 2500.00 22314.00
20160714  22:52:00 2494.00 2496.00 2494.00 2495.00 5130.00
20160714  22:51:00 2494.00 2495.00 2493.00 2495.00 7288.00
20160714  22:50:00 2495.00 2495.00 2493.00 2494.00 7372.00
20160714  22:49:00 2493.00 2496.00 2493.00 2495.00 6906.00
20160714  22:48:00 2494.00 2495.00 2493.00 2494.00 4688.00
20160714  22:47:00 2494.00 2495.00 2494.00 2494.00 3064.00
20160714  22:46:00 2493.00 2495.00 2493.00 2493.00 7218.00
20160714  22:45:00 2495.00 2497.00 2493.00 2494.00 12026.00
20160714  22:44:00 2495.00 2497.00 2494.00 2496.00 13560.00
20160714  22:43:00 2498.00 2499.00 2495.00 2495.00 12666.00
20160714  22:42:00 2495.00 2499.00 2494.00 2499.00 19284.00
20160714  22:41:00 2494.00 2495.00 2492.00 2495.00 6156.00
20160714  22:40:00 2494.00 2495.00 2492.00 2494.00 7276.00
20160714  22:39:00 2493.00 2494.00 2492.00 2494.00 4144.00
20160714  22:38:00 2495.00 2495.00 2492.00 2492.00 6900.00
20160714  22:37:00 2493.00 2496.00 2491.00 2495.00 12642.00
20160714  22:36:00 2493.00 2493.00 2492.00 2493.00 3828.00
20160714  22:35:00 2493.00 2494.00 2492.00 2493.00 10484.00
20160714  22:34:00 2492.00 2495.00 2492.00 2493.00 14704.00
20160714  22:33:00 2491.00 2493.00 2490.00 2493.00 12502.00
20160714  22:32:00 2489.00 2491.00 2488.00 2491.00 7362.00
20160714  22:31:00 2487.00 2489.00 2484.00 2489.00 21812.00
20160714  22:30:00 2491.00 2491.00 2486.00 2486.00 22554.00
20160714  22:29:00 2488.00 2493.00 2488.00 2492.00 12054.00
20160714  22:28:00 2489.00 2490.00 2488.00 2489.00 11018.00
20160714  22:27:00 2493.00 2494.00 2488.00 2490.00 12962.00
20160714  22:26:00 2494.00 2494.00 2492.00 2492.00 12756.00
20160714  22:25:00 2491.00 2495.00 2491.00 2493.00 21482.00
20160714  22:24:00 2492.00 2492.00 2490.00 2492.00 20468.00
20160714  22:23:00 2491.00 2492.00 2490.00 2492.00 14834.00
20160714  22:22:00 2487.00 2492.00 2487.00 2491.00 22982.00
20160714  22:21:00 2487.00 2489.00 2485.00 2488.00 26994.00
20160714  22:20:00 2485.00 2487.00 2482.00 2486.00 34106.00
20160714  22:19:00 2491.00 2491.00 2483.00 2486.00 68652.00
20160714  22:18:00 2490.00 2494.00 2489.00 2490.00 26970.00
20160714  22:17:00 2495.00 2496.00 2490.00 2490.00 41082.00
20160714  22:16:00 2494.00 2496.00 2494.00 2495.00 13080.00
20160714  22:15:00 2494.00 2496.00 2491.00 2495.00 26048.00
20160714  22:14:00 2494.00 2498.00 2492.00 2494.00 22358.00
20160714  22:13:00 2492.00 2496.00 2492.00 2494.00 33632.00
20160714  22:12:00 2503.00 2504.00 2490.00 2491.00 53282.00
20160714  22:11:00 2506.00 2506.00 2502.00 2503.00 12626.00
20160714  22:10:00 2505.00 2507.00 2504.00 2506.00 7858.00
20160714  22:09:00 2503.00 2505.00 2503.00 2504.00 11728.00
20160714  22:08:00 2508.00 2508.00 2503.00 2504.00 20342.00
20160714  22:07:00 2508.00 2508.00 2506.00 2507.00 8202.00
20160714  22:06:00 2508.00 2509.00 2507.00 2508.00 18920.00
20160714  22:05:00 2509.00 2511.00 2507.00 2508.00 19810.00
20160714  22:04:00 2506.00 2509.00 2506.00 2509.00 7070.00
20160714  22:03:00 2506.00 2507.00 2505.00 2506.00 4746.00
20160714  22:02:00 2507.00 2508.00 2504.00 2505.00 6288.00
20160714  22:01:00 2505.00 2509.00 2504.00 2507.00 14374.00
20160714  22:00:00 2504.00 2506.00 2501.00 2504.00 14464.00
20160714  21:59:00 2504.00 2506.00 2503.00 2503.00 13208.00
20160714  21:58:00 2508.00 2508.00 2504.00 2505.00 14236.00
20160714  21:57:00 2507.00 2508.00 2506.00 2508.00 7642.00
20160714  21:56:00 2504.00 2507.00 2503.00 2507.00 13086.00
20160714  21:55:00 2507.00 2507.00 2503.00 2503.00 18280.00
20160714  21:54:00 2507.00 2508.00 2505.00 2507.00 14918.00
20160714  21:53:00 2504.00 2509.00 2504.00 2507.00 24378.00
20160714  21:52:00 2506.00 2507.00 2503.00 2504.00 11708.00
20160714  21:51:00 2500.00 2506.00 2500.00 2506.00 21200.00
20160714  21:50:00 2507.00 2507.00 2500.00 2500.00 24838.00
20160714  21:49:00 2500.00 2507.00 2499.00 2506.00 28152.00
20160714  21:48:00 2503.00 2504.00 2499.00 2500.00 23756.00
20160714  21:47:00 2499.00 2504.00 2497.00 2503.00 30636.00
20160714  21:46:00 2498.00 2502.00 2497.00 2500.00 52046.00
20160714  21:45:00 2504.00 2504.00 2497.00 2498.00 107762.00
20160714  21:44:00 2516.00 2517.00 2502.00 2504.00 102184.00
20160714  21:43:00 2519.00 2520.00 2516.00 2517.00 14482.00
20160714  21:42:00 2517.00 2519.00 2516.00 2518.00 29952.00
20160714  21:41:00 2521.00 2522.00 2516.00 2516.00 28940.00
20160714  21:40:00 2524.00 2525.00 2519.00 2521.00 20024.00
20160714  21:39:00 2525.00 2526.00 2524.00 2525.00 6952.00
20160714  21:38:00 2524.00 2527.00 2524.00 2526.00 9216.00
20160714  21:37:00 2527.00 2527.00 2523.00 2524.00 10130.00
20160714  21:36:00 2524.00 2527.00 2522.00 2527.00 25086.00
20160714  21:35:00 2520.00 2524.00 2517.00 2524.00 24884.00
20160714  21:34:00 2521.00 2524.00 2516.00 2519.00 30272.00
20160714  21:33:00 2525.00 2525.00 2519.00 2521.00 35302.00
20160714  21:32:00 2524.00 2529.00 2522.00 2524.00 33240.00
20160714  21:31:00 2524.00 2524.00 2518.00 2524.00 47300.00
20160714  21:30:00 2524.00 2527.00 2524.00 2525.00 37714.00
20160714  21:29:00 2529.00 2532.00 2525.00 2525.00 33668.00
20160714  21:28:00 2533.00 2535.00 2527.00 2528.00 56402.00
20160714  21:27:00 2544.00 2544.00 2531.00 2533.00 63520.00
20160714  21:26:00 2541.00 2545.00 2541.00 2544.00 13974.00
20160714  21:25:00 2544.00 2544.00 2541.00 2541.00 21262.00
20160714  21:24:00 2544.00 2546.00 2543.00 2544.00 11870.00
20160714  21:23:00 2547.00 2548.00 2541.00 2545.00 22858.00
20160714  21:22:00 2553.00 2553.00 2546.00 2547.00 19342.00
20160714  21:21:00 2550.00 2554.00 2549.00 2552.00 22232.00
20160714  21:20:00 2548.00 2552.00 2548.00 2550.00 17084.00
20160714  21:19:00 2549.00 2551.00 2548.00 2548.00 11968.00
20160714  21:18:00 2550.00 2552.00 2548.00 2549.00 30340.00
20160714  21:17:00 2543.00 2552.00 2542.00 2550.00 32068.00
20160714  21:16:00 2541.00 2543.00 2540.00 2543.00 15818.00
20160714  21:15:00 2546.00 2548.00 2539.00 2540.00 42954.00
20160714  21:14:00 2547.00 2547.00 2542.00 2546.00 34112.00
20160714  21:13:00 2547.00 2548.00 2546.00 2547.00 9370.00
20160714  21:12:00 2547.00 2548.00 2545.00 2546.00 14168.00
20160714  21:11:00 2549.00 2549.00 2546.00 2547.00 19282.00
20160714  21:10:00 2543.00 2552.00 2543.00 2549.00 45378.00
20160714  21:09:00 2545.00 2547.00 2542.00 2543.00 33180.00
20160714  21:08:00 2549.00 2551.00 2545.00 2546.00 29668.00
20160714  21:07:00 2551.00 2551.00 2546.00 2549.00 44102.00
20160714  21:06:00 2547.00 2556.00 2547.00 2550.00 83890.00
20160714  21:05:00 2540.00 2548.00 2540.00 2547.00 73220.00
20160714  21:04:00 2518.00 2540.00 2517.00 2539.00 78884.00
20160714  21:03:00 2519.00 2519.00 2512.00 2517.00 45614.00
20160714  21:02:00 2520.00 2521.00 2518.00 2518.00 20020.00
20160714  21:01:00 2522.00 2522.00 2519.00 2520.00 25826.00
20160714  21:00:00 2516.00 2524.00 2516.00 2521.00 42706.00
