20161027  15:00:00 2512.00 2512.00 2512.00 2512.00 182.00
20161027  14:59:00 2511.00 2513.00 2510.00 2510.00 22306.00
20161027  14:58:00 2510.00 2513.00 2510.00 2512.00 17410.00
20161027  14:57:00 2514.00 2514.00 2508.00 2511.00 19578.00
20161027  14:56:00 2515.00 2517.00 2512.00 2514.00 15994.00
20161027  14:55:00 2518.00 2518.00 2515.00 2516.00 22580.00
20161027  14:54:00 2514.00 2518.00 2513.00 2518.00 17368.00
20161027  14:53:00 2510.00 2515.00 2510.00 2514.00 13746.00
20161027  14:52:00 2510.00 2511.00 2509.00 2510.00 7970.00
20161027  14:51:00 2506.00 2511.00 2505.00 2510.00 17860.00
20161027  14:50:00 2513.00 2513.00 2506.00 2506.00 22974.00
20161027  14:49:00 2511.00 2514.00 2511.00 2513.00 7494.00
20161027  14:48:00 2517.00 2517.00 2511.00 2511.00 14466.00
20161027  14:47:00 2515.00 2517.00 2515.00 2516.00 11992.00
20161027  14:46:00 2515.00 2516.00 2513.00 2514.00 7968.00
20161027  14:45:00 2513.00 2516.00 2513.00 2515.00 16504.00
20161027  14:44:00 2514.00 2516.00 2513.00 2513.00 14700.00
20161027  14:43:00 2515.00 2517.00 2512.00 2513.00 28238.00
20161027  14:42:00 2511.00 2514.00 2508.00 2514.00 22434.00
20161027  14:41:00 2505.00 2510.00 2504.00 2510.00 22302.00
20161027  14:40:00 2501.00 2505.00 2501.00 2505.00 11842.00
20161027  14:39:00 2501.00 2502.00 2499.00 2502.00 21514.00
20161027  14:38:00 2500.00 2504.00 2500.00 2502.00 13916.00
20161027  14:37:00 2503.00 2505.00 2500.00 2501.00 20992.00
20161027  14:36:00 2504.00 2506.00 2503.00 2504.00 9944.00
20161027  14:35:00 2505.00 2506.00 2503.00 2504.00 17606.00
20161027  14:34:00 2509.00 2509.00 2504.00 2504.00 21720.00
20161027  14:33:00 2510.00 2511.00 2508.00 2509.00 8514.00
20161027  14:32:00 2514.00 2514.00 2509.00 2510.00 16810.00
20161027  14:31:00 2511.00 2514.00 2511.00 2514.00 14038.00
20161027  14:30:00 2508.00 2512.00 2507.00 2511.00 14130.00
20161027  14:29:00 2511.00 2511.00 2507.00 2508.00 9742.00
20161027  14:28:00 2508.00 2510.00 2506.00 2510.00 18112.00
20161027  14:27:00 2510.00 2512.00 2507.00 2508.00 16500.00
20161027  14:26:00 2509.00 2512.00 2506.00 2511.00 28050.00
20161027  14:25:00 2512.00 2512.00 2509.00 2509.00 17370.00
20161027  14:24:00 2517.00 2517.00 2511.00 2511.00 12482.00
20161027  14:23:00 2518.00 2518.00 2516.00 2516.00 3254.00
20161027  14:22:00 2514.00 2518.00 2513.00 2518.00 10980.00
20161027  14:21:00 2515.00 2516.00 2513.00 2513.00 10782.00
20161027  14:20:00 2516.00 2517.00 2514.00 2515.00 12136.00
20161027  14:19:00 2518.00 2519.00 2516.00 2517.00 11256.00
20161027  14:18:00 2515.00 2519.00 2515.00 2518.00 8342.00
20161027  14:17:00 2512.00 2516.00 2512.00 2516.00 13848.00
20161027  14:16:00 2513.00 2513.00 2512.00 2512.00 4934.00
20161027  14:15:00 2510.00 2514.00 2510.00 2513.00 14164.00
20161027  14:14:00 2511.00 2512.00 2509.00 2511.00 21036.00
20161027  14:13:00 2513.00 2513.00 2511.00 2512.00 11606.00
20161027  14:12:00 2513.00 2515.00 2513.00 2513.00 8558.00
20161027  14:11:00 2515.00 2515.00 2513.00 2513.00 10624.00
20161027  14:10:00 2516.00 2516.00 2513.00 2514.00 17880.00
20161027  14:09:00 2516.00 2517.00 2515.00 2517.00 9176.00
20161027  14:08:00 2520.00 2521.00 2516.00 2516.00 16790.00
20161027  14:07:00 2519.00 2520.00 2517.00 2520.00 9568.00
20161027  14:06:00 2523.00 2523.00 2519.00 2519.00 17216.00
20161027  14:05:00 2517.00 2524.00 2517.00 2523.00 37004.00
20161027  14:04:00 2516.00 2518.00 2515.00 2518.00 10122.00
20161027  14:03:00 2515.00 2517.00 2515.00 2517.00 9158.00
20161027  14:02:00 2516.00 2517.00 2515.00 2516.00 7684.00
20161027  14:01:00 2513.00 2516.00 2513.00 2516.00 4404.00
20161027  14:00:00 2514.00 2515.00 2513.00 2514.00 17372.00
20161027  13:59:00 2515.00 2516.00 2514.00 2514.00 15736.00
20161027  13:58:00 2516.00 2517.00 2515.00 2516.00 7910.00
20161027  13:57:00 2518.00 2519.00 2517.00 2517.00 11702.00
20161027  13:56:00 2516.00 2518.00 2513.00 2518.00 18754.00
20161027  13:55:00 2519.00 2521.00 2515.00 2515.00 23108.00
20161027  13:54:00 2518.00 2519.00 2516.00 2518.00 19218.00
20161027  13:53:00 2517.00 2518.00 2514.00 2517.00 29758.00
20161027  13:52:00 2516.00 2518.00 2515.00 2516.00 30064.00
20161027  13:51:00 2513.00 2516.00 2513.00 2516.00 17544.00
20161027  13:50:00 2514.00 2515.00 2512.00 2513.00 17142.00
20161027  13:49:00 2509.00 2514.00 2509.00 2514.00 45002.00
20161027  13:48:00 2508.00 2509.00 2507.00 2509.00 8426.00
20161027  13:47:00 2506.00 2509.00 2506.00 2508.00 7060.00
20161027  13:46:00 2507.00 2508.00 2506.00 2506.00 6842.00
20161027  13:45:00 2506.00 2508.00 2505.00 2507.00 8838.00
20161027  13:44:00 2509.00 2509.00 2507.00 2507.00 8970.00
20161027  13:43:00 2507.00 2509.00 2507.00 2509.00 8660.00
20161027  13:42:00 2506.00 2508.00 2506.00 2507.00 11500.00
20161027  13:41:00 2507.00 2508.00 2505.00 2506.00 10340.00
20161027  13:40:00 2504.00 2507.00 2504.00 2507.00 6512.00
20161027  13:39:00 2504.00 2505.00 2503.00 2504.00 8152.00
20161027  13:38:00 2505.00 2506.00 2502.00 2503.00 9354.00
20161027  13:37:00 2505.00 2506.00 2504.00 2505.00 12832.00
20161027  13:36:00 2505.00 2507.00 2503.00 2505.00 16880.00
20161027  13:35:00 2506.00 2506.00 2503.00 2505.00 26014.00
20161027  13:34:00 2502.00 2506.00 2502.00 2506.00 16094.00
20161027  13:33:00 2499.00 2502.00 2499.00 2502.00 17186.00
20161027  13:32:00 2503.00 2504.00 2499.00 2500.00 28904.00
20161027  13:31:00 2502.00 2503.00 2501.00 2503.00 22458.00
20161027  13:30:00 2498.00 2505.00 2495.00 2501.00 52762.00
20161027  11:29:00 2498.00 2498.00 2494.00 2497.00 32966.00
20161027  11:28:00 2499.00 2499.00 2497.00 2498.00 19126.00
20161027  11:27:00 2498.00 2500.00 2495.00 2499.00 24158.00
20161027  11:26:00 2495.00 2501.00 2495.00 2498.00 46640.00
20161027  11:25:00 2489.00 2496.00 2489.00 2496.00 41446.00
20161027  11:24:00 2490.00 2491.00 2489.00 2489.00 24924.00
20161027  11:23:00 2491.00 2493.00 2485.00 2489.00 73220.00
20161027  11:22:00 2499.00 2499.00 2491.00 2491.00 40992.00
20161027  11:21:00 2499.00 2500.00 2497.00 2500.00 18100.00
20161027  11:20:00 2497.00 2502.00 2493.00 2499.00 40982.00
20161027  11:19:00 2505.00 2506.00 2496.00 2498.00 49202.00
20161027  11:18:00 2499.00 2505.00 2498.00 2505.00 41380.00
20161027  11:17:00 2500.00 2501.00 2493.00 2499.00 64518.00
20161027  11:16:00 2504.00 2506.00 2499.00 2500.00 47986.00
20161027  11:15:00 2509.00 2509.00 2499.00 2505.00 108058.00
20161027  11:14:00 2515.00 2516.00 2507.00 2509.00 104932.00
20161027  11:13:00 2518.00 2519.00 2515.00 2516.00 45164.00
20161027  11:12:00 2520.00 2523.00 2518.00 2518.00 18182.00
20161027  11:11:00 2523.00 2525.00 2518.00 2520.00 22562.00
20161027  11:10:00 2525.00 2526.00 2523.00 2524.00 15234.00
20161027  11:09:00 2526.00 2527.00 2524.00 2526.00 12066.00
20161027  11:08:00 2523.00 2526.00 2522.00 2526.00 15294.00
20161027  11:07:00 2525.00 2525.00 2522.00 2524.00 14376.00
20161027  11:06:00 2520.00 2526.00 2519.00 2525.00 23736.00
20161027  11:05:00 2523.00 2523.00 2519.00 2519.00 34434.00
20161027  11:04:00 2522.00 2524.00 2521.00 2523.00 16390.00
20161027  11:03:00 2522.00 2524.00 2520.00 2522.00 28166.00
20161027  11:02:00 2526.00 2526.00 2521.00 2521.00 16170.00
20161027  11:01:00 2523.00 2527.00 2523.00 2526.00 12084.00
20161027  11:00:00 2523.00 2527.00 2522.00 2524.00 29220.00
20161027  10:59:00 2528.00 2529.00 2523.00 2523.00 33472.00
20161027  10:58:00 2531.00 2531.00 2528.00 2529.00 10738.00
20161027  10:57:00 2530.00 2531.00 2529.00 2531.00 11218.00
20161027  10:56:00 2529.00 2531.00 2529.00 2529.00 22566.00
20161027  10:55:00 2528.00 2530.00 2526.00 2529.00 24812.00
20161027  10:54:00 2530.00 2531.00 2526.00 2528.00 29160.00
20161027  10:53:00 2532.00 2532.00 2528.00 2530.00 39906.00
20161027  10:52:00 2533.00 2536.00 2531.00 2532.00 26968.00
20161027  10:51:00 2538.00 2538.00 2533.00 2533.00 27034.00
20161027  10:50:00 2536.00 2538.00 2536.00 2538.00 11410.00
20161027  10:49:00 2537.00 2538.00 2535.00 2537.00 11916.00
20161027  10:48:00 2539.00 2540.00 2535.00 2536.00 32902.00
20161027  10:47:00 2539.00 2541.00 2539.00 2539.00 15520.00
20161027  10:46:00 2544.00 2544.00 2539.00 2540.00 18656.00
20161027  10:45:00 2546.00 2546.00 2543.00 2543.00 9548.00
20161027  10:44:00 2546.00 2547.00 2545.00 2546.00 8280.00
20161027  10:43:00 2544.00 2546.00 2543.00 2546.00 9204.00
20161027  10:42:00 2545.00 2546.00 2543.00 2544.00 3982.00
20161027  10:41:00 2544.00 2546.00 2544.00 2546.00 2572.00
20161027  10:40:00 2545.00 2546.00 2544.00 2544.00 3480.00
20161027  10:39:00 2545.00 2545.00 2542.00 2544.00 10456.00
20161027  10:38:00 2545.00 2546.00 2544.00 2545.00 11128.00
20161027  10:37:00 2546.00 2547.00 2544.00 2545.00 7448.00
20161027  10:36:00 2548.00 2548.00 2545.00 2546.00 11342.00
20161027  10:35:00 2544.00 2548.00 2544.00 2548.00 17990.00
20161027  10:34:00 2544.00 2545.00 2543.00 2545.00 12040.00
20161027  10:33:00 2544.00 2545.00 2542.00 2545.00 17212.00
20161027  10:32:00 2543.00 2545.00 2542.00 2545.00 17060.00
20161027  10:31:00 2542.00 2543.00 2541.00 2543.00 13788.00
20161027  10:30:00 2542.00 2543.00 2539.00 2542.00 12972.00
20161027  10:14:00 2541.00 2544.00 2539.00 2542.00 12076.00
20161027  10:13:00 2544.00 2544.00 2540.00 2541.00 8092.00
20161027  10:12:00 2542.00 2544.00 2541.00 2543.00 7930.00
20161027  10:11:00 2541.00 2543.00 2540.00 2542.00 8978.00
20161027  10:10:00 2541.00 2541.00 2538.00 2541.00 16898.00
20161027  10:09:00 2541.00 2542.00 2539.00 2541.00 16618.00
20161027  10:08:00 2541.00 2544.00 2541.00 2541.00 13472.00
20161027  10:07:00 2542.00 2543.00 2540.00 2541.00 17826.00
20161027  10:06:00 2540.00 2543.00 2539.00 2542.00 21336.00
20161027  10:05:00 2544.00 2544.00 2537.00 2539.00 42902.00
20161027  10:04:00 2544.00 2546.00 2542.00 2544.00 22992.00
20161027  10:03:00 2552.00 2552.00 2541.00 2544.00 48468.00
20161027  10:02:00 2552.00 2554.00 2550.00 2551.00 16014.00
20161027  10:01:00 2554.00 2554.00 2552.00 2552.00 7202.00
20161027  10:00:00 2557.00 2557.00 2553.00 2554.00 9118.00
20161027  09:59:00 2553.00 2557.00 2553.00 2556.00 10834.00
20161027  09:58:00 2553.00 2554.00 2550.00 2553.00 20450.00
20161027  09:57:00 2553.00 2555.00 2553.00 2553.00 6016.00
20161027  09:56:00 2555.00 2555.00 2552.00 2554.00 8092.00
20161027  09:55:00 2555.00 2556.00 2552.00 2554.00 10808.00
20161027  09:54:00 2557.00 2557.00 2552.00 2556.00 13368.00
20161027  09:53:00 2558.00 2558.00 2555.00 2557.00 3614.00
20161027  09:52:00 2556.00 2558.00 2556.00 2558.00 3580.00
20161027  09:51:00 2555.00 2558.00 2555.00 2556.00 6556.00
20161027  09:50:00 2556.00 2557.00 2554.00 2555.00 10084.00
20161027  09:49:00 2558.00 2558.00 2555.00 2556.00 5846.00
20161027  09:48:00 2559.00 2559.00 2557.00 2558.00 5226.00
20161027  09:47:00 2559.00 2560.00 2558.00 2559.00 3598.00
20161027  09:46:00 2559.00 2559.00 2556.00 2559.00 9312.00
20161027  09:45:00 2557.00 2560.00 2556.00 2559.00 7956.00
20161027  09:44:00 2557.00 2559.00 2553.00 2557.00 25756.00
20161027  09:43:00 2560.00 2561.00 2557.00 2557.00 7212.00
20161027  09:42:00 2561.00 2561.00 2559.00 2560.00 3098.00
20161027  09:41:00 2561.00 2562.00 2560.00 2561.00 2880.00
20161027  09:40:00 2561.00 2562.00 2560.00 2561.00 2556.00
20161027  09:39:00 2562.00 2563.00 2560.00 2561.00 6856.00
20161027  09:38:00 2562.00 2563.00 2561.00 2563.00 8370.00
20161027  09:37:00 2559.00 2562.00 2559.00 2562.00 2994.00
20161027  09:36:00 2561.00 2561.00 2559.00 2559.00 1812.00
20161027  09:35:00 2560.00 2562.00 2560.00 2561.00 3636.00
20161027  09:34:00 2558.00 2562.00 2558.00 2560.00 6986.00
20161027  09:33:00 2558.00 2559.00 2556.00 2558.00 8602.00
20161027  09:32:00 2559.00 2560.00 2558.00 2558.00 4168.00
20161027  09:31:00 2560.00 2561.00 2559.00 2559.00 1654.00
20161027  09:30:00 2562.00 2562.00 2558.00 2560.00 7062.00
20161027  09:29:00 2562.00 2563.00 2558.00 2561.00 9260.00
20161027  09:28:00 2560.00 2562.00 2560.00 2562.00 2994.00
20161027  09:27:00 2560.00 2562.00 2560.00 2560.00 2206.00
20161027  09:26:00 2558.00 2562.00 2557.00 2560.00 4580.00
20161027  09:25:00 2563.00 2563.00 2558.00 2559.00 4384.00
20161027  09:24:00 2560.00 2563.00 2558.00 2563.00 10640.00
20161027  09:23:00 2560.00 2561.00 2559.00 2560.00 7152.00
20161027  09:22:00 2559.00 2562.00 2559.00 2561.00 3676.00
20161027  09:21:00 2561.00 2562.00 2559.00 2560.00 5232.00
20161027  09:20:00 2558.00 2563.00 2557.00 2561.00 16004.00
20161027  09:19:00 2561.00 2562.00 2555.00 2557.00 19132.00
20161027  09:18:00 2561.00 2562.00 2560.00 2562.00 3588.00
20161027  09:17:00 2563.00 2564.00 2561.00 2561.00 4284.00
20161027  09:16:00 2564.00 2565.00 2561.00 2563.00 5990.00
20161027  09:15:00 2562.00 2565.00 2559.00 2564.00 15132.00
20161027  09:14:00 2563.00 2563.00 2560.00 2561.00 11088.00
20161027  09:13:00 2563.00 2564.00 2563.00 2563.00 3896.00
20161027  09:12:00 2564.00 2564.00 2563.00 2564.00 2074.00
20161027  09:11:00 2566.00 2566.00 2563.00 2563.00 9148.00
20161027  09:10:00 2565.00 2566.00 2564.00 2566.00 14546.00
20161027  09:09:00 2562.00 2566.00 2562.00 2564.00 19070.00
20161027  09:08:00 2561.00 2563.00 2561.00 2562.00 5886.00
20161027  09:07:00 2562.00 2562.00 2560.00 2561.00 10726.00
20161027  09:06:00 2560.00 2563.00 2560.00 2562.00 8506.00
20161027  09:05:00 2563.00 2563.00 2559.00 2560.00 9968.00
20161027  09:04:00 2561.00 2563.00 2559.00 2563.00 14472.00
20161027  09:03:00 2561.00 2564.00 2560.00 2561.00 19786.00
20161027  09:02:00 2563.00 2564.00 2560.00 2560.00 18702.00
20161027  09:01:00 2564.00 2566.00 2561.00 2563.00 26914.00
20161027  09:00:00 2562.00 2570.00 2562.00 2563.00 68440.00
20161026  23:00:00 2557.00 2557.00 2557.00 2557.00 124.00
20161026  22:59:00 2559.00 2559.00 2554.00 2557.00 26160.00
20161026  22:58:00 2558.00 2559.00 2557.00 2558.00 8896.00
20161026  22:57:00 2558.00 2559.00 2558.00 2559.00 9314.00
20161026  22:56:00 2557.00 2559.00 2555.00 2559.00 14620.00
20161026  22:55:00 2554.00 2557.00 2554.00 2556.00 17236.00
20161026  22:54:00 2554.00 2555.00 2553.00 2554.00 7644.00
20161026  22:53:00 2553.00 2555.00 2553.00 2554.00 7928.00
20161026  22:52:00 2556.00 2556.00 2551.00 2554.00 14566.00
20161026  22:51:00 2551.00 2556.00 2551.00 2556.00 15158.00
20161026  22:50:00 2551.00 2552.00 2550.00 2551.00 3514.00
20161026  22:49:00 2550.00 2552.00 2550.00 2551.00 2336.00
20161026  22:48:00 2550.00 2552.00 2550.00 2550.00 3760.00
20161026  22:47:00 2549.00 2551.00 2549.00 2551.00 4920.00
20161026  22:46:00 2552.00 2553.00 2549.00 2549.00 7608.00
20161026  22:45:00 2552.00 2553.00 2551.00 2553.00 6560.00
20161026  22:44:00 2553.00 2555.00 2552.00 2552.00 9788.00
20161026  22:43:00 2554.00 2554.00 2551.00 2553.00 12924.00
20161026  22:42:00 2551.00 2554.00 2550.00 2554.00 10064.00
20161026  22:41:00 2551.00 2552.00 2550.00 2552.00 4380.00
20161026  22:40:00 2548.00 2552.00 2547.00 2550.00 7842.00
20161026  22:39:00 2548.00 2549.00 2547.00 2548.00 5672.00
20161026  22:38:00 2550.00 2551.00 2547.00 2548.00 6754.00
20161026  22:37:00 2551.00 2552.00 2550.00 2550.00 4908.00
20161026  22:36:00 2553.00 2553.00 2550.00 2551.00 9720.00
20161026  22:35:00 2550.00 2553.00 2550.00 2553.00 8362.00
20161026  22:34:00 2549.00 2551.00 2548.00 2551.00 6230.00
20161026  22:33:00 2551.00 2553.00 2549.00 2549.00 15248.00
20161026  22:32:00 2548.00 2551.00 2547.00 2551.00 16098.00
20161026  22:31:00 2548.00 2549.00 2547.00 2548.00 8702.00
20161026  22:30:00 2547.00 2549.00 2546.00 2548.00 10616.00
20161026  22:29:00 2545.00 2547.00 2543.00 2547.00 13912.00
20161026  22:28:00 2547.00 2547.00 2544.00 2545.00 4908.00
20161026  22:27:00 2546.00 2548.00 2546.00 2547.00 7366.00
20161026  22:26:00 2544.00 2548.00 2544.00 2547.00 8120.00
20161026  22:25:00 2546.00 2547.00 2542.00 2545.00 15756.00
20161026  22:24:00 2547.00 2549.00 2545.00 2546.00 16912.00
20161026  22:23:00 2552.00 2552.00 2545.00 2546.00 21802.00
20161026  22:22:00 2553.00 2553.00 2550.00 2551.00 10480.00
20161026  22:21:00 2552.00 2553.00 2551.00 2552.00 6266.00
20161026  22:20:00 2555.00 2555.00 2551.00 2551.00 9486.00
20161026  22:19:00 2551.00 2555.00 2551.00 2554.00 15230.00
20161026  22:18:00 2551.00 2554.00 2551.00 2552.00 14736.00
20161026  22:17:00 2555.00 2555.00 2551.00 2551.00 12350.00
20161026  22:16:00 2551.00 2554.00 2551.00 2554.00 12434.00
20161026  22:15:00 2556.00 2557.00 2551.00 2551.00 28916.00
20161026  22:14:00 2551.00 2555.00 2551.00 2555.00 26884.00
20161026  22:13:00 2552.00 2553.00 2550.00 2552.00 19328.00
20161026  22:12:00 2545.00 2553.00 2545.00 2552.00 43892.00
20161026  22:11:00 2543.00 2546.00 2543.00 2545.00 10158.00
20161026  22:10:00 2543.00 2544.00 2543.00 2543.00 2538.00
20161026  22:09:00 2544.00 2545.00 2543.00 2544.00 8148.00
20161026  22:08:00 2543.00 2545.00 2542.00 2545.00 24906.00
20161026  22:07:00 2542.00 2544.00 2541.00 2544.00 4676.00
20161026  22:06:00 2543.00 2544.00 2542.00 2542.00 5408.00
20161026  22:05:00 2543.00 2544.00 2542.00 2544.00 5970.00
20161026  22:04:00 2542.00 2543.00 2541.00 2543.00 1640.00
20161026  22:03:00 2540.00 2543.00 2540.00 2542.00 2354.00
20161026  22:02:00 2540.00 2543.00 2539.00 2541.00 5738.00
20161026  22:01:00 2544.00 2544.00 2539.00 2540.00 9026.00
20161026  22:00:00 2541.00 2544.00 2540.00 2544.00 16106.00
20161026  21:59:00 2541.00 2542.00 2540.00 2540.00 7492.00
20161026  21:58:00 2540.00 2542.00 2539.00 2542.00 10724.00
20161026  21:57:00 2541.00 2541.00 2538.00 2539.00 8722.00
20161026  21:56:00 2541.00 2541.00 2539.00 2541.00 6356.00
20161026  21:55:00 2536.00 2541.00 2536.00 2540.00 11440.00
20161026  21:54:00 2538.00 2538.00 2535.00 2536.00 7430.00
20161026  21:53:00 2537.00 2538.00 2535.00 2538.00 17350.00
20161026  21:52:00 2540.00 2540.00 2536.00 2537.00 14842.00
20161026  21:51:00 2540.00 2541.00 2537.00 2540.00 18648.00
20161026  21:50:00 2542.00 2543.00 2540.00 2540.00 8170.00
20161026  21:49:00 2543.00 2544.00 2541.00 2542.00 10890.00
20161026  21:48:00 2541.00 2545.00 2541.00 2543.00 8056.00
20161026  21:47:00 2544.00 2544.00 2541.00 2542.00 7418.00
20161026  21:46:00 2545.00 2545.00 2542.00 2543.00 10344.00
20161026  21:45:00 2547.00 2547.00 2543.00 2544.00 21062.00
20161026  21:44:00 2544.00 2548.00 2544.00 2548.00 22798.00
20161026  21:43:00 2545.00 2546.00 2544.00 2544.00 7484.00
20161026  21:42:00 2545.00 2547.00 2544.00 2545.00 28450.00
20161026  21:41:00 2541.00 2545.00 2540.00 2545.00 24128.00
20161026  21:40:00 2537.00 2542.00 2537.00 2541.00 12150.00
20161026  21:39:00 2542.00 2543.00 2536.00 2537.00 20452.00
20161026  21:38:00 2540.00 2542.00 2538.00 2541.00 12338.00
20161026  21:37:00 2543.00 2544.00 2539.00 2540.00 14222.00
20161026  21:36:00 2539.00 2544.00 2539.00 2544.00 20470.00
20161026  21:35:00 2538.00 2540.00 2537.00 2539.00 8306.00
20161026  21:34:00 2540.00 2540.00 2537.00 2537.00 10792.00
20161026  21:33:00 2536.00 2540.00 2536.00 2540.00 11684.00
20161026  21:32:00 2534.00 2538.00 2534.00 2537.00 18636.00
20161026  21:31:00 2538.00 2538.00 2534.00 2535.00 14386.00
20161026  21:30:00 2538.00 2539.00 2535.00 2538.00 15134.00
20161026  21:29:00 2537.00 2540.00 2535.00 2538.00 16142.00
20161026  21:28:00 2538.00 2538.00 2535.00 2536.00 20588.00
20161026  21:27:00 2538.00 2540.00 2537.00 2538.00 18372.00
20161026  21:26:00 2540.00 2541.00 2538.00 2538.00 23466.00
20161026  21:25:00 2543.00 2544.00 2540.00 2540.00 25322.00
20161026  21:24:00 2544.00 2545.00 2543.00 2543.00 4214.00
20161026  21:23:00 2543.00 2545.00 2542.00 2544.00 12430.00
20161026  21:22:00 2544.00 2547.00 2543.00 2543.00 13150.00
20161026  21:21:00 2547.00 2547.00 2544.00 2545.00 12292.00
20161026  21:20:00 2543.00 2547.00 2543.00 2546.00 14004.00
20161026  21:19:00 2543.00 2545.00 2542.00 2543.00 15240.00
20161026  21:18:00 2544.00 2546.00 2542.00 2543.00 15476.00
20161026  21:17:00 2545.00 2546.00 2545.00 2545.00 12408.00
20161026  21:16:00 2544.00 2546.00 2543.00 2544.00 18172.00
20161026  21:15:00 2543.00 2545.00 2543.00 2544.00 16022.00
20161026  21:14:00 2543.00 2545.00 2542.00 2542.00 12854.00
20161026  21:13:00 2543.00 2544.00 2540.00 2543.00 21212.00
20161026  21:12:00 2541.00 2544.00 2540.00 2544.00 20600.00
20161026  21:11:00 2541.00 2541.00 2539.00 2540.00 6478.00
20161026  21:10:00 2538.00 2541.00 2537.00 2541.00 13708.00
20161026  21:09:00 2538.00 2539.00 2537.00 2537.00 7204.00
20161026  21:08:00 2541.00 2541.00 2537.00 2538.00 12400.00
20161026  21:07:00 2539.00 2541.00 2536.00 2541.00 15148.00
20161026  21:06:00 2538.00 2540.00 2538.00 2538.00 18028.00
20161026  21:05:00 2533.00 2538.00 2533.00 2538.00 21700.00
20161026  21:04:00 2530.00 2536.00 2529.00 2534.00 16264.00
20161026  21:03:00 2534.00 2536.00 2529.00 2530.00 27246.00
20161026  21:02:00 2537.00 2537.00 2534.00 2534.00 14182.00
20161026  21:01:00 2539.00 2539.00 2533.00 2537.00 20208.00
20161026  21:00:00 2536.00 2542.00 2534.00 2539.00 50516.00
