20160204  15:00:00 1851.00 1851.00 1851.00 1851.00 304.00
20160204  14:59:00 1852.00 1853.00 1851.00 1852.00 14866.00
20160204  14:58:00 1851.00 1853.00 1851.00 1852.00 18112.00
20160204  14:57:00 1850.00 1852.00 1849.00 1852.00 16222.00
20160204  14:56:00 1850.00 1850.00 1849.00 1850.00 3392.00
20160204  14:55:00 1849.00 1850.00 1848.00 1850.00 5634.00
20160204  14:54:00 1849.00 1850.00 1848.00 1849.00 5294.00
20160204  14:53:00 1849.00 1850.00 1849.00 1850.00 4048.00
20160204  14:52:00 1848.00 1850.00 1848.00 1849.00 10328.00
20160204  14:51:00 1849.00 1850.00 1848.00 1848.00 6502.00
20160204  14:50:00 1851.00 1851.00 1849.00 1849.00 5094.00
20160204  14:49:00 1851.00 1852.00 1850.00 1851.00 8024.00
20160204  14:48:00 1852.00 1852.00 1851.00 1851.00 2570.00
20160204  14:47:00 1850.00 1852.00 1850.00 1851.00 6190.00
20160204  14:46:00 1851.00 1851.00 1850.00 1851.00 1346.00
20160204  14:45:00 1851.00 1851.00 1850.00 1850.00 1236.00
20160204  14:44:00 1851.00 1852.00 1850.00 1851.00 7032.00
20160204  14:43:00 1850.00 1851.00 1849.00 1850.00 7654.00
20160204  14:42:00 1851.00 1851.00 1849.00 1850.00 6914.00
20160204  14:41:00 1851.00 1851.00 1850.00 1851.00 1010.00
20160204  14:40:00 1850.00 1852.00 1850.00 1851.00 10792.00
20160204  14:39:00 1851.00 1851.00 1849.00 1850.00 9270.00
20160204  14:38:00 1849.00 1851.00 1849.00 1851.00 6486.00
20160204  14:37:00 1849.00 1850.00 1848.00 1850.00 6468.00
20160204  14:36:00 1848.00 1849.00 1847.00 1848.00 4714.00
20160204  14:35:00 1848.00 1848.00 1847.00 1847.00 380.00
20160204  14:34:00 1848.00 1848.00 1847.00 1848.00 730.00
20160204  14:33:00 1849.00 1849.00 1847.00 1848.00 4916.00
20160204  14:32:00 1850.00 1850.00 1848.00 1848.00 5438.00
20160204  14:31:00 1848.00 1850.00 1848.00 1850.00 5358.00
20160204  14:30:00 1848.00 1848.00 1847.00 1848.00 11356.00
20160204  14:29:00 1848.00 1849.00 1848.00 1848.00 6884.00
20160204  14:28:00 1849.00 1849.00 1848.00 1848.00 2972.00
20160204  14:27:00 1848.00 1849.00 1848.00 1849.00 546.00
20160204  14:26:00 1848.00 1849.00 1848.00 1848.00 1664.00
20160204  14:25:00 1849.00 1849.00 1848.00 1848.00 7636.00
20160204  14:24:00 1850.00 1850.00 1849.00 1849.00 1404.00
20160204  14:23:00 1850.00 1851.00 1849.00 1850.00 17444.00
20160204  14:22:00 1848.00 1850.00 1848.00 1849.00 8118.00
20160204  14:21:00 1849.00 1849.00 1848.00 1848.00 1192.00
20160204  14:20:00 1848.00 1849.00 1847.00 1848.00 4946.00
20160204  14:19:00 1848.00 1849.00 1848.00 1848.00 6590.00
20160204  14:18:00 1847.00 1849.00 1847.00 1848.00 13144.00
20160204  14:17:00 1846.00 1847.00 1846.00 1847.00 6784.00
20160204  14:16:00 1845.00 1846.00 1845.00 1846.00 4922.00
20160204  14:15:00 1847.00 1847.00 1845.00 1846.00 7500.00
20160204  14:14:00 1847.00 1847.00 1846.00 1847.00 2764.00
20160204  14:13:00 1846.00 1847.00 1845.00 1847.00 5412.00
20160204  14:12:00 1845.00 1846.00 1844.00 1846.00 11576.00
20160204  14:11:00 1847.00 1848.00 1845.00 1845.00 21268.00
20160204  14:10:00 1849.00 1850.00 1847.00 1847.00 13632.00
20160204  14:09:00 1850.00 1850.00 1849.00 1849.00 652.00
20160204  14:08:00 1850.00 1850.00 1849.00 1850.00 3366.00
20160204  14:07:00 1849.00 1851.00 1849.00 1850.00 10142.00
20160204  14:06:00 1851.00 1851.00 1849.00 1849.00 3700.00
20160204  14:05:00 1851.00 1851.00 1850.00 1851.00 4216.00
20160204  14:04:00 1850.00 1851.00 1850.00 1851.00 3204.00
20160204  14:03:00 1850.00 1851.00 1849.00 1850.00 11340.00
20160204  14:02:00 1850.00 1851.00 1850.00 1851.00 1156.00
20160204  14:01:00 1851.00 1852.00 1850.00 1851.00 4790.00
20160204  14:00:00 1850.00 1852.00 1850.00 1851.00 8968.00
20160204  13:59:00 1850.00 1851.00 1850.00 1850.00 5526.00
20160204  13:58:00 1850.00 1851.00 1849.00 1850.00 3774.00
20160204  13:57:00 1849.00 1850.00 1849.00 1850.00 4930.00
20160204  13:56:00 1850.00 1851.00 1849.00 1850.00 4814.00
20160204  13:55:00 1852.00 1853.00 1850.00 1851.00 6800.00
20160204  13:54:00 1851.00 1852.00 1850.00 1852.00 18174.00
20160204  13:53:00 1848.00 1851.00 1847.00 1851.00 16170.00
20160204  13:52:00 1848.00 1848.00 1847.00 1848.00 2304.00
20160204  13:51:00 1848.00 1848.00 1847.00 1848.00 1290.00
20160204  13:50:00 1848.00 1848.00 1847.00 1848.00 2750.00
20160204  13:49:00 1847.00 1848.00 1846.00 1848.00 4876.00
20160204  13:48:00 1847.00 1848.00 1846.00 1847.00 21408.00
20160204  13:47:00 1847.00 1848.00 1846.00 1846.00 6734.00
20160204  13:46:00 1848.00 1848.00 1847.00 1847.00 1958.00
20160204  13:45:00 1848.00 1849.00 1847.00 1848.00 8610.00
20160204  13:44:00 1848.00 1848.00 1847.00 1848.00 928.00
20160204  13:43:00 1848.00 1849.00 1847.00 1847.00 10690.00
20160204  13:42:00 1850.00 1850.00 1848.00 1848.00 10546.00
20160204  13:41:00 1851.00 1851.00 1849.00 1849.00 5118.00
20160204  13:40:00 1850.00 1851.00 1850.00 1850.00 1158.00
20160204  13:39:00 1849.00 1851.00 1849.00 1850.00 4338.00
20160204  13:38:00 1849.00 1850.00 1849.00 1849.00 3114.00
20160204  13:37:00 1852.00 1852.00 1849.00 1849.00 17732.00
20160204  13:36:00 1852.00 1853.00 1851.00 1852.00 24570.00
20160204  13:35:00 1851.00 1853.00 1850.00 1853.00 19338.00
20160204  13:34:00 1851.00 1852.00 1850.00 1851.00 17154.00
20160204  13:33:00 1849.00 1851.00 1849.00 1851.00 11314.00
20160204  13:32:00 1849.00 1850.00 1848.00 1849.00 3620.00
20160204  13:31:00 1846.00 1849.00 1846.00 1849.00 4956.00
20160204  13:30:00 1848.00 1849.00 1846.00 1846.00 7570.00
20160204  11:29:00 1847.00 1849.00 1847.00 1848.00 6676.00
20160204  11:28:00 1849.00 1849.00 1847.00 1847.00 10972.00
20160204  11:27:00 1848.00 1850.00 1846.00 1849.00 25922.00
20160204  11:26:00 1847.00 1848.00 1847.00 1848.00 3804.00
20160204  11:25:00 1848.00 1849.00 1847.00 1847.00 15296.00
20160204  11:24:00 1846.00 1848.00 1846.00 1848.00 17094.00
20160204  11:23:00 1846.00 1847.00 1845.00 1846.00 3712.00
20160204  11:22:00 1846.00 1846.00 1845.00 1845.00 2110.00
20160204  11:21:00 1845.00 1846.00 1845.00 1845.00 296.00
20160204  11:20:00 1846.00 1846.00 1845.00 1845.00 632.00
20160204  11:19:00 1845.00 1846.00 1845.00 1846.00 684.00
20160204  11:18:00 1847.00 1847.00 1845.00 1845.00 4324.00
20160204  11:17:00 1846.00 1847.00 1845.00 1847.00 1508.00
20160204  11:16:00 1846.00 1846.00 1845.00 1846.00 1196.00
20160204  11:15:00 1847.00 1847.00 1845.00 1846.00 2604.00
20160204  11:14:00 1846.00 1847.00 1845.00 1847.00 8448.00
20160204  11:13:00 1844.00 1846.00 1844.00 1846.00 5326.00
20160204  11:12:00 1845.00 1845.00 1844.00 1844.00 702.00
20160204  11:11:00 1845.00 1845.00 1844.00 1845.00 2716.00
20160204  11:10:00 1845.00 1846.00 1845.00 1846.00 738.00
20160204  11:09:00 1845.00 1846.00 1844.00 1845.00 6654.00
20160204  11:08:00 1846.00 1846.00 1844.00 1845.00 3152.00
20160204  11:07:00 1846.00 1846.00 1845.00 1846.00 640.00
20160204  11:06:00 1846.00 1846.00 1845.00 1846.00 1276.00
20160204  11:05:00 1844.00 1846.00 1844.00 1845.00 1792.00
20160204  11:04:00 1845.00 1846.00 1844.00 1844.00 2744.00
20160204  11:03:00 1845.00 1846.00 1844.00 1845.00 4176.00
20160204  11:02:00 1846.00 1847.00 1844.00 1845.00 7718.00
20160204  11:01:00 1847.00 1847.00 1846.00 1846.00 1460.00
20160204  11:00:00 1846.00 1847.00 1846.00 1847.00 5138.00
20160204  10:59:00 1845.00 1846.00 1845.00 1846.00 1062.00
20160204  10:58:00 1845.00 1846.00 1845.00 1845.00 636.00
20160204  10:57:00 1844.00 1846.00 1844.00 1845.00 5072.00
20160204  10:56:00 1845.00 1845.00 1844.00 1844.00 2120.00
20160204  10:55:00 1845.00 1845.00 1844.00 1845.00 4800.00
20160204  10:54:00 1845.00 1846.00 1844.00 1844.00 14818.00
20160204  10:53:00 1847.00 1847.00 1845.00 1846.00 5830.00
20160204  10:52:00 1847.00 1849.00 1846.00 1846.00 12278.00
20160204  10:51:00 1847.00 1848.00 1846.00 1847.00 5060.00
20160204  10:50:00 1847.00 1848.00 1847.00 1847.00 1258.00
20160204  10:49:00 1847.00 1848.00 1846.00 1848.00 6698.00
20160204  10:48:00 1848.00 1848.00 1846.00 1847.00 12326.00
20160204  10:47:00 1848.00 1848.00 1847.00 1847.00 2268.00
20160204  10:46:00 1848.00 1849.00 1847.00 1847.00 3476.00
20160204  10:45:00 1848.00 1849.00 1848.00 1848.00 384.00
20160204  10:44:00 1849.00 1849.00 1848.00 1849.00 780.00
20160204  10:43:00 1848.00 1849.00 1848.00 1848.00 318.00
20160204  10:42:00 1848.00 1849.00 1848.00 1848.00 2458.00
20160204  10:41:00 1848.00 1849.00 1847.00 1848.00 8930.00
20160204  10:40:00 1849.00 1849.00 1847.00 1848.00 5690.00
20160204  10:39:00 1849.00 1849.00 1848.00 1849.00 1034.00
20160204  10:38:00 1848.00 1849.00 1847.00 1849.00 5288.00
20160204  10:37:00 1849.00 1849.00 1847.00 1848.00 10302.00
20160204  10:36:00 1847.00 1849.00 1847.00 1849.00 5116.00
20160204  10:35:00 1848.00 1848.00 1847.00 1847.00 1214.00
20160204  10:34:00 1847.00 1848.00 1847.00 1848.00 352.00
20160204  10:33:00 1847.00 1848.00 1846.00 1847.00 4194.00
20160204  10:32:00 1848.00 1848.00 1846.00 1847.00 2592.00
20160204  10:31:00 1847.00 1848.00 1847.00 1847.00 1082.00
20160204  10:30:00 1847.00 1848.00 1846.00 1847.00 3916.00
20160204  10:14:00 1847.00 1848.00 1846.00 1846.00 3804.00
20160204  10:13:00 1847.00 1848.00 1847.00 1847.00 3322.00
20160204  10:12:00 1848.00 1849.00 1847.00 1847.00 4674.00
20160204  10:11:00 1848.00 1849.00 1847.00 1848.00 10510.00
20160204  10:10:00 1847.00 1848.00 1846.00 1848.00 5506.00
20160204  10:09:00 1847.00 1847.00 1846.00 1847.00 2402.00
20160204  10:08:00 1846.00 1847.00 1846.00 1847.00 1016.00
20160204  10:07:00 1845.00 1847.00 1845.00 1846.00 2714.00
20160204  10:06:00 1846.00 1847.00 1845.00 1845.00 3142.00
20160204  10:05:00 1847.00 1848.00 1846.00 1846.00 5230.00
20160204  10:04:00 1847.00 1848.00 1847.00 1847.00 1100.00
20160204  10:03:00 1848.00 1848.00 1847.00 1847.00 5768.00
20160204  10:02:00 1847.00 1848.00 1846.00 1847.00 5834.00
20160204  10:01:00 1847.00 1847.00 1845.00 1846.00 4438.00
20160204  10:00:00 1846.00 1847.00 1845.00 1846.00 14884.00
20160204  09:59:00 1846.00 1846.00 1845.00 1846.00 4626.00
20160204  09:58:00 1846.00 1847.00 1845.00 1846.00 9242.00
20160204  09:57:00 1843.00 1845.00 1843.00 1845.00 6360.00
20160204  09:56:00 1844.00 1844.00 1843.00 1843.00 1352.00
20160204  09:55:00 1842.00 1844.00 1842.00 1843.00 6924.00
20160204  09:54:00 1843.00 1843.00 1841.00 1842.00 15084.00
20160204  09:53:00 1843.00 1844.00 1842.00 1843.00 10862.00
20160204  09:52:00 1845.00 1845.00 1843.00 1843.00 7086.00
20160204  09:51:00 1846.00 1846.00 1844.00 1845.00 8598.00
20160204  09:50:00 1844.00 1846.00 1843.00 1846.00 10134.00
20160204  09:49:00 1842.00 1844.00 1842.00 1843.00 8838.00
20160204  09:48:00 1845.00 1845.00 1842.00 1842.00 24506.00
20160204  09:47:00 1844.00 1845.00 1843.00 1845.00 10520.00
20160204  09:46:00 1845.00 1845.00 1843.00 1844.00 15880.00
20160204  09:45:00 1845.00 1846.00 1844.00 1845.00 20670.00
20160204  09:44:00 1847.00 1847.00 1843.00 1844.00 39324.00
20160204  09:43:00 1850.00 1850.00 1846.00 1847.00 30362.00
20160204  09:42:00 1851.00 1852.00 1849.00 1849.00 10658.00
20160204  09:41:00 1850.00 1851.00 1850.00 1851.00 2800.00
20160204  09:40:00 1851.00 1852.00 1850.00 1850.00 13436.00
20160204  09:39:00 1849.00 1851.00 1849.00 1851.00 3962.00
20160204  09:38:00 1849.00 1850.00 1849.00 1849.00 7164.00
20160204  09:37:00 1850.00 1851.00 1849.00 1850.00 3930.00
20160204  09:36:00 1852.00 1852.00 1849.00 1850.00 17456.00
20160204  09:35:00 1851.00 1852.00 1850.00 1852.00 5722.00
20160204  09:34:00 1851.00 1851.00 1850.00 1850.00 3244.00
20160204  09:33:00 1851.00 1852.00 1850.00 1851.00 4960.00
20160204  09:32:00 1852.00 1853.00 1851.00 1851.00 4952.00
20160204  09:31:00 1853.00 1853.00 1852.00 1852.00 1880.00
20160204  09:30:00 1852.00 1855.00 1852.00 1853.00 25580.00
20160204  09:29:00 1851.00 1852.00 1850.00 1852.00 6490.00
20160204  09:28:00 1850.00 1851.00 1850.00 1850.00 3382.00
20160204  09:27:00 1850.00 1851.00 1849.00 1850.00 8410.00
20160204  09:26:00 1851.00 1851.00 1850.00 1850.00 7566.00
20160204  09:25:00 1850.00 1851.00 1850.00 1851.00 9962.00
20160204  09:24:00 1853.00 1853.00 1850.00 1850.00 15830.00
20160204  09:23:00 1852.00 1853.00 1852.00 1853.00 4052.00
20160204  09:22:00 1853.00 1854.00 1852.00 1852.00 7494.00
20160204  09:21:00 1852.00 1854.00 1851.00 1853.00 28022.00
20160204  09:20:00 1851.00 1852.00 1850.00 1852.00 9406.00
20160204  09:19:00 1850.00 1852.00 1850.00 1851.00 9012.00
20160204  09:18:00 1850.00 1853.00 1850.00 1850.00 26054.00
20160204  09:17:00 1851.00 1852.00 1849.00 1850.00 23298.00
20160204  09:16:00 1851.00 1852.00 1850.00 1852.00 35534.00
20160204  09:15:00 1849.00 1854.00 1849.00 1852.00 82918.00
20160204  09:14:00 1844.00 1849.00 1844.00 1848.00 27412.00
20160204  09:13:00 1845.00 1846.00 1844.00 1844.00 13856.00
20160204  09:12:00 1847.00 1848.00 1845.00 1846.00 24524.00
20160204  09:11:00 1848.00 1848.00 1846.00 1847.00 16170.00
20160204  09:10:00 1846.00 1848.00 1845.00 1848.00 24052.00
20160204  09:09:00 1843.00 1846.00 1842.00 1845.00 20152.00
20160204  09:08:00 1840.00 1843.00 1839.00 1842.00 14130.00
20160204  09:07:00 1839.00 1840.00 1839.00 1840.00 7144.00
20160204  09:06:00 1840.00 1841.00 1838.00 1839.00 14478.00
20160204  09:05:00 1841.00 1843.00 1840.00 1840.00 15850.00
20160204  09:04:00 1843.00 1844.00 1841.00 1842.00 11408.00
20160204  09:03:00 1843.00 1844.00 1842.00 1844.00 6186.00
20160204  09:02:00 1843.00 1844.00 1842.00 1842.00 13314.00
20160204  09:01:00 1843.00 1845.00 1843.00 1843.00 16396.00
20160204  09:00:00 1844.00 1847.00 1841.00 1844.00 32886.00
20160204  01:00:00 1844.00 1844.00 1844.00 1844.00  40.00
20160204  00:59:00 1843.00 1844.00 1843.00 1844.00 8680.00
20160204  00:58:00 1845.00 1845.00 1843.00 1843.00 3246.00
20160204  00:57:00 1844.00 1845.00 1843.00 1845.00 4930.00
20160204  00:56:00 1843.00 1844.00 1843.00 1844.00 2048.00
20160204  00:55:00 1842.00 1844.00 1842.00 1843.00 3858.00
20160204  00:54:00 1842.00 1843.00 1842.00 1842.00 706.00
20160204  00:53:00 1842.00 1843.00 1842.00 1842.00 646.00
20160204  00:52:00 1843.00 1843.00 1842.00 1842.00 640.00
20160204  00:51:00 1842.00 1843.00 1842.00 1843.00 3974.00
20160204  00:50:00 1843.00 1843.00 1842.00 1842.00 3286.00
20160204  00:49:00 1843.00 1844.00 1842.00 1843.00 2596.00
20160204  00:48:00 1843.00 1844.00 1843.00 1844.00 1616.00
20160204  00:47:00 1845.00 1845.00 1843.00 1843.00 12068.00
20160204  00:46:00 1842.00 1845.00 1842.00 1845.00 21178.00
20160204  00:45:00 1842.00 1843.00 1842.00 1842.00 3282.00
20160204  00:44:00 1843.00 1843.00 1842.00 1842.00 5112.00
20160204  00:43:00 1842.00 1843.00 1842.00 1843.00 2138.00
20160204  00:42:00 1841.00 1843.00 1840.00 1843.00 17562.00
20160204  00:41:00 1840.00 1841.00 1839.00 1841.00 5750.00
20160204  00:40:00 1839.00 1840.00 1839.00 1840.00 344.00
20160204  00:39:00 1839.00 1840.00 1839.00 1839.00 558.00
20160204  00:38:00 1840.00 1840.00 1839.00 1839.00 822.00
20160204  00:37:00 1840.00 1840.00 1839.00 1840.00 366.00
20160204  00:36:00 1839.00 1840.00 1839.00 1840.00 1092.00
20160204  00:35:00 1839.00 1840.00 1839.00 1839.00 1360.00
20160204  00:34:00 1839.00 1840.00 1839.00 1839.00 136.00
20160204  00:33:00 1839.00 1840.00 1839.00 1839.00 172.00
20160204  00:32:00 1840.00 1840.00 1839.00 1840.00 420.00
20160204  00:31:00 1839.00 1840.00 1839.00 1839.00 276.00
20160204  00:30:00 1839.00 1840.00 1839.00 1839.00 1086.00
20160204  00:29:00 1841.00 1841.00 1839.00 1839.00 2798.00
20160204  00:28:00 1841.00 1841.00 1840.00 1840.00 770.00
20160204  00:27:00 1840.00 1841.00 1839.00 1841.00 6088.00
20160204  00:26:00 1840.00 1841.00 1840.00 1840.00 678.00
20160204  00:25:00 1840.00 1842.00 1840.00 1840.00 6226.00
20160204  00:24:00 1840.00 1841.00 1840.00 1840.00 802.00
20160204  00:23:00 1840.00 1841.00 1840.00 1840.00 1974.00
20160204  00:22:00 1840.00 1841.00 1840.00 1841.00 3234.00
20160204  00:21:00 1840.00 1841.00 1839.00 1840.00 4544.00
20160204  00:20:00 1840.00 1840.00 1839.00 1840.00 2180.00
20160204  00:19:00 1840.00 1840.00 1839.00 1840.00 776.00
20160204  00:18:00 1840.00 1840.00 1839.00 1840.00 1594.00
20160204  00:17:00 1841.00 1842.00 1839.00 1840.00 9850.00
20160204  00:16:00 1839.00 1841.00 1839.00 1841.00 24988.00
20160204  00:15:00 1838.00 1839.00 1838.00 1839.00 1350.00
20160204  00:14:00 1839.00 1839.00 1838.00 1838.00 372.00
20160204  00:13:00 1838.00 1839.00 1838.00 1838.00 250.00
20160204  00:12:00 1837.00 1839.00 1837.00 1838.00 6236.00
20160204  00:11:00 1836.00 1838.00 1836.00 1838.00 4032.00
20160204  00:10:00 1839.00 1839.00 1837.00 1837.00 9578.00
20160204  00:09:00 1838.00 1840.00 1838.00 1839.00 4560.00
20160204  00:08:00 1839.00 1839.00 1838.00 1838.00 1728.00
20160204  00:07:00 1839.00 1840.00 1838.00 1839.00 4770.00
20160204  00:06:00 1839.00 1840.00 1838.00 1839.00 5442.00
20160204  00:05:00 1839.00 1839.00 1838.00 1838.00 1702.00
20160204  00:04:00 1839.00 1839.00 1838.00 1838.00 1008.00
20160204  00:03:00 1840.00 1840.00 1838.00 1838.00 5102.00
20160204  00:02:00 1839.00 1841.00 1839.00 1840.00 11602.00
20160204  00:01:00 1840.00 1840.00 1838.00 1839.00 10720.00
20160204  00:00:00 1838.00 1841.00 1838.00 1840.00 29230.00
20160203  23:59:00 1839.00 1839.00 1837.00 1838.00 6682.00
20160203  23:58:00 1838.00 1839.00 1837.00 1839.00 27584.00
20160203  23:57:00 1836.00 1838.00 1835.00 1837.00 17436.00
20160203  23:56:00 1835.00 1836.00 1834.00 1836.00 3080.00
20160203  23:55:00 1835.00 1836.00 1835.00 1835.00 2574.00
20160203  23:54:00 1834.00 1836.00 1834.00 1836.00 3068.00
20160203  23:53:00 1836.00 1836.00 1834.00 1834.00 7048.00
20160203  23:52:00 1836.00 1836.00 1835.00 1836.00 688.00
20160203  23:51:00 1836.00 1836.00 1835.00 1836.00 1714.00
20160203  23:50:00 1836.00 1836.00 1835.00 1836.00 1986.00
20160203  23:49:00 1835.00 1836.00 1834.00 1835.00 6760.00
20160203  23:48:00 1833.00 1835.00 1833.00 1835.00 13190.00
20160203  23:47:00 1833.00 1833.00 1832.00 1833.00 6160.00
20160203  23:46:00 1832.00 1833.00 1832.00 1833.00 1554.00
20160203  23:45:00 1833.00 1833.00 1832.00 1832.00 334.00
20160203  23:44:00 1832.00 1833.00 1832.00 1833.00 216.00
20160203  23:43:00 1832.00 1833.00 1832.00 1832.00 1654.00
20160203  23:42:00 1832.00 1833.00 1832.00 1832.00 322.00
20160203  23:41:00 1832.00 1833.00 1832.00 1832.00 304.00
20160203  23:40:00 1832.00 1833.00 1832.00 1832.00 1116.00
20160203  23:39:00 1832.00 1833.00 1831.00 1833.00 6964.00
20160203  23:38:00 1831.00 1832.00 1831.00 1832.00 644.00
20160203  23:37:00 1831.00 1832.00 1830.00 1831.00 7158.00
20160203  23:36:00 1831.00 1832.00 1831.00 1831.00 1008.00
20160203  23:35:00 1832.00 1833.00 1831.00 1831.00 6558.00
20160203  23:34:00 1832.00 1833.00 1832.00 1832.00 2096.00
20160203  23:33:00 1833.00 1833.00 1832.00 1832.00 732.00
20160203  23:32:00 1832.00 1833.00 1832.00 1833.00 560.00
20160203  23:31:00 1832.00 1833.00 1832.00 1832.00 340.00
20160203  23:30:00 1832.00 1833.00 1832.00 1833.00 1274.00
20160203  23:29:00 1832.00 1833.00 1832.00 1833.00 1252.00
20160203  23:28:00 1832.00 1833.00 1831.00 1833.00 2578.00
20160203  23:27:00 1831.00 1832.00 1831.00 1832.00 2908.00
20160203  23:26:00 1832.00 1832.00 1831.00 1831.00 542.00
20160203  23:25:00 1832.00 1832.00 1831.00 1832.00 4984.00
20160203  23:24:00 1832.00 1833.00 1832.00 1832.00 2924.00
20160203  23:23:00 1833.00 1833.00 1832.00 1832.00 722.00
20160203  23:22:00 1834.00 1834.00 1832.00 1832.00 3604.00
20160203  23:21:00 1833.00 1834.00 1833.00 1834.00 190.00
20160203  23:20:00 1834.00 1834.00 1833.00 1833.00 384.00
20160203  23:19:00 1833.00 1834.00 1832.00 1833.00 2582.00
20160203  23:18:00 1832.00 1833.00 1832.00 1833.00 2868.00
20160203  23:17:00 1833.00 1833.00 1832.00 1833.00 1550.00
20160203  23:16:00 1832.00 1833.00 1831.00 1833.00 6782.00
20160203  23:15:00 1831.00 1832.00 1831.00 1832.00 2104.00
20160203  23:14:00 1830.00 1832.00 1830.00 1832.00 6790.00
20160203  23:13:00 1832.00 1832.00 1830.00 1830.00 16084.00
20160203  23:12:00 1833.00 1833.00 1831.00 1832.00 12536.00
20160203  23:11:00 1834.00 1835.00 1833.00 1833.00 8888.00
20160203  23:10:00 1835.00 1835.00 1834.00 1834.00 498.00
20160203  23:09:00 1834.00 1835.00 1834.00 1835.00 586.00
20160203  23:08:00 1835.00 1836.00 1834.00 1834.00 3828.00
20160203  23:07:00 1836.00 1836.00 1835.00 1835.00 164.00
20160203  23:06:00 1835.00 1836.00 1835.00 1836.00 978.00
20160203  23:05:00 1836.00 1836.00 1835.00 1835.00 1228.00
20160203  23:04:00 1835.00 1836.00 1835.00 1836.00 1916.00
20160203  23:03:00 1835.00 1836.00 1834.00 1835.00 3570.00
20160203  23:02:00 1836.00 1836.00 1835.00 1835.00 8130.00
20160203  23:01:00 1837.00 1837.00 1836.00 1837.00 3768.00
20160203  23:00:00 1837.00 1837.00 1835.00 1837.00 7588.00
20160203  22:59:00 1834.00 1837.00 1834.00 1837.00 24110.00
20160203  22:58:00 1835.00 1835.00 1834.00 1835.00 484.00
20160203  22:57:00 1834.00 1835.00 1834.00 1835.00 1986.00
20160203  22:56:00 1834.00 1835.00 1834.00 1834.00 280.00
20160203  22:55:00 1834.00 1835.00 1834.00 1835.00 1934.00
20160203  22:54:00 1834.00 1835.00 1833.00 1835.00 7864.00
20160203  22:53:00 1833.00 1834.00 1833.00 1834.00 794.00
20160203  22:52:00 1834.00 1834.00 1833.00 1833.00 262.00
20160203  22:51:00 1834.00 1834.00 1833.00 1834.00 958.00
20160203  22:50:00 1834.00 1834.00 1833.00 1834.00 1218.00
20160203  22:49:00 1833.00 1834.00 1832.00 1834.00 4524.00
20160203  22:48:00 1832.00 1833.00 1832.00 1832.00 1054.00
20160203  22:47:00 1832.00 1833.00 1832.00 1832.00 2426.00
20160203  22:46:00 1834.00 1834.00 1832.00 1832.00 7792.00
20160203  22:45:00 1833.00 1834.00 1833.00 1834.00 576.00
20160203  22:44:00 1834.00 1834.00 1833.00 1833.00 1050.00
20160203  22:43:00 1834.00 1834.00 1833.00 1833.00 248.00
20160203  22:42:00 1834.00 1834.00 1833.00 1834.00 1106.00
20160203  22:41:00 1834.00 1834.00 1833.00 1834.00 11710.00
20160203  22:40:00 1833.00 1835.00 1833.00 1834.00 4586.00
20160203  22:39:00 1833.00 1834.00 1833.00 1833.00 342.00
20160203  22:38:00 1834.00 1834.00 1833.00 1833.00 1044.00
20160203  22:37:00 1834.00 1834.00 1833.00 1834.00 220.00
20160203  22:36:00 1834.00 1834.00 1833.00 1834.00 1396.00
20160203  22:35:00 1835.00 1835.00 1833.00 1833.00 5618.00
20160203  22:34:00 1834.00 1835.00 1834.00 1834.00 1244.00
20160203  22:33:00 1834.00 1835.00 1834.00 1834.00 1658.00
20160203  22:32:00 1835.00 1835.00 1834.00 1834.00 1288.00
20160203  22:31:00 1833.00 1835.00 1833.00 1834.00 4834.00
20160203  22:30:00 1834.00 1834.00 1833.00 1833.00 1224.00
20160203  22:29:00 1834.00 1835.00 1833.00 1833.00 6556.00
20160203  22:28:00 1834.00 1835.00 1833.00 1834.00 6600.00
20160203  22:27:00 1833.00 1834.00 1832.00 1834.00 4360.00
20160203  22:26:00 1832.00 1833.00 1832.00 1833.00 816.00
20160203  22:25:00 1832.00 1833.00 1831.00 1832.00 30304.00
20160203  22:24:00 1834.00 1834.00 1832.00 1833.00 8660.00
20160203  22:23:00 1834.00 1834.00 1833.00 1834.00 608.00
20160203  22:22:00 1834.00 1835.00 1833.00 1834.00 4976.00
20160203  22:21:00 1835.00 1835.00 1834.00 1834.00 1396.00
20160203  22:20:00 1833.00 1835.00 1833.00 1834.00 4770.00
20160203  22:19:00 1833.00 1834.00 1833.00 1833.00 2756.00
20160203  22:18:00 1834.00 1835.00 1833.00 1834.00 10510.00
20160203  22:17:00 1835.00 1835.00 1834.00 1834.00 1512.00
20160203  22:16:00 1835.00 1835.00 1834.00 1835.00 1590.00
20160203  22:15:00 1834.00 1835.00 1834.00 1835.00 14740.00
20160203  22:14:00 1835.00 1835.00 1834.00 1834.00 3222.00
20160203  22:13:00 1835.00 1836.00 1834.00 1835.00 9034.00
20160203  22:12:00 1836.00 1836.00 1835.00 1835.00 8866.00
20160203  22:11:00 1835.00 1836.00 1835.00 1836.00 12536.00
20160203  22:10:00 1835.00 1835.00 1834.00 1834.00 2086.00
20160203  22:09:00 1834.00 1835.00 1833.00 1835.00 14700.00
20160203  22:08:00 1833.00 1834.00 1833.00 1833.00 2394.00
20160203  22:07:00 1833.00 1834.00 1832.00 1834.00 6946.00
20160203  22:06:00 1832.00 1834.00 1831.00 1833.00 8630.00
20160203  22:05:00 1831.00 1833.00 1831.00 1832.00 20690.00
20160203  22:04:00 1833.00 1834.00 1831.00 1832.00 25718.00
20160203  22:03:00 1834.00 1835.00 1832.00 1833.00 23860.00
20160203  22:02:00 1835.00 1835.00 1833.00 1834.00 17820.00
20160203  22:01:00 1836.00 1837.00 1834.00 1835.00 11378.00
20160203  22:00:00 1836.00 1837.00 1835.00 1837.00 12418.00
20160203  21:59:00 1835.00 1836.00 1834.00 1836.00 10076.00
20160203  21:58:00 1834.00 1835.00 1833.00 1835.00 10572.00
20160203  21:57:00 1835.00 1836.00 1834.00 1834.00 4080.00
20160203  21:56:00 1836.00 1836.00 1835.00 1835.00 2974.00
20160203  21:55:00 1835.00 1836.00 1834.00 1835.00 6728.00
20160203  21:54:00 1836.00 1836.00 1834.00 1835.00 8368.00
20160203  21:53:00 1835.00 1837.00 1835.00 1836.00 15080.00
20160203  21:52:00 1834.00 1836.00 1834.00 1835.00 9818.00
20160203  21:51:00 1835.00 1836.00 1834.00 1835.00 9518.00
20160203  21:50:00 1835.00 1837.00 1835.00 1836.00 16768.00
20160203  21:49:00 1838.00 1839.00 1835.00 1836.00 35752.00
20160203  21:48:00 1839.00 1840.00 1838.00 1839.00 8916.00
20160203  21:47:00 1840.00 1840.00 1839.00 1839.00 2002.00
20160203  21:46:00 1839.00 1840.00 1838.00 1840.00 13340.00
20160203  21:45:00 1837.00 1839.00 1837.00 1838.00 7646.00
20160203  21:44:00 1838.00 1839.00 1837.00 1838.00 11208.00
20160203  21:43:00 1838.00 1839.00 1838.00 1838.00 1528.00
20160203  21:42:00 1838.00 1839.00 1838.00 1838.00 1304.00
20160203  21:41:00 1838.00 1839.00 1838.00 1839.00 1194.00
20160203  21:40:00 1839.00 1839.00 1838.00 1838.00 2158.00
20160203  21:39:00 1839.00 1840.00 1838.00 1838.00 9926.00
20160203  21:38:00 1839.00 1839.00 1838.00 1839.00 4652.00
20160203  21:37:00 1838.00 1840.00 1838.00 1839.00 8520.00
20160203  21:36:00 1839.00 1840.00 1838.00 1839.00 5528.00
20160203  21:35:00 1838.00 1840.00 1838.00 1839.00 15224.00
20160203  21:34:00 1838.00 1839.00 1838.00 1838.00 14364.00
20160203  21:33:00 1841.00 1841.00 1838.00 1838.00 17042.00
20160203  21:32:00 1841.00 1842.00 1840.00 1841.00 13960.00
20160203  21:31:00 1843.00 1843.00 1841.00 1841.00 12552.00
20160203  21:30:00 1841.00 1844.00 1841.00 1843.00 27066.00
20160203  21:29:00 1842.00 1842.00 1841.00 1842.00 8764.00
20160203  21:28:00 1840.00 1842.00 1839.00 1842.00 20412.00
20160203  21:27:00 1838.00 1840.00 1838.00 1840.00 16462.00
20160203  21:26:00 1839.00 1839.00 1838.00 1838.00 1586.00
20160203  21:25:00 1838.00 1839.00 1838.00 1839.00 1160.00
20160203  21:24:00 1838.00 1839.00 1838.00 1838.00 2874.00
20160203  21:23:00 1838.00 1839.00 1838.00 1838.00 5300.00
20160203  21:22:00 1838.00 1838.00 1837.00 1838.00 4504.00
20160203  21:21:00 1838.00 1839.00 1837.00 1838.00 8532.00
20160203  21:20:00 1839.00 1839.00 1838.00 1838.00 4880.00
20160203  21:19:00 1838.00 1839.00 1838.00 1838.00 7186.00
20160203  21:18:00 1837.00 1839.00 1837.00 1838.00 12998.00
20160203  21:17:00 1838.00 1839.00 1837.00 1837.00 17824.00
20160203  21:16:00 1837.00 1839.00 1837.00 1839.00 20370.00
20160203  21:15:00 1838.00 1840.00 1838.00 1838.00 38240.00
20160203  21:14:00 1838.00 1839.00 1837.00 1838.00 16862.00
20160203  21:13:00 1838.00 1839.00 1837.00 1837.00 28746.00
20160203  21:12:00 1837.00 1838.00 1836.00 1837.00 13036.00
20160203  21:11:00 1835.00 1838.00 1835.00 1836.00 29696.00
20160203  21:10:00 1833.00 1836.00 1833.00 1836.00 21590.00
20160203  21:09:00 1832.00 1834.00 1832.00 1833.00 14046.00
20160203  21:08:00 1834.00 1835.00 1833.00 1833.00 20070.00
20160203  21:07:00 1832.00 1835.00 1832.00 1835.00 22296.00
20160203  21:06:00 1831.00 1833.00 1831.00 1832.00 11864.00
20160203  21:05:00 1830.00 1832.00 1829.00 1832.00 29870.00
20160203  21:04:00 1829.00 1830.00 1828.00 1830.00 8980.00
20160203  21:03:00 1830.00 1830.00 1828.00 1828.00 9590.00
20160203  21:02:00 1829.00 1830.00 1828.00 1830.00 13544.00
20160203  21:01:00 1827.00 1829.00 1825.00 1829.00 11808.00
20160203  21:00:00 1827.00 1828.00 1825.00 1826.00 16686.00
