20160205  15:00:00 1843.00 1843.00 1843.00 1843.00  92.00
20160205  14:59:00 1843.00 1844.00 1842.00 1844.00 26476.00
20160205  14:58:00 1843.00 1844.00 1842.00 1843.00 17882.00
20160205  14:57:00 1842.00 1843.00 1842.00 1842.00 6678.00
20160205  14:56:00 1843.00 1843.00 1842.00 1843.00 5590.00
20160205  14:55:00 1842.00 1843.00 1841.00 1842.00 8406.00
20160205  14:54:00 1843.00 1843.00 1841.00 1841.00 6486.00
20160205  14:53:00 1843.00 1844.00 1842.00 1843.00 16426.00
20160205  14:52:00 1843.00 1845.00 1842.00 1843.00 31596.00
20160205  14:51:00 1839.00 1844.00 1839.00 1844.00 35490.00
20160205  14:50:00 1840.00 1840.00 1839.00 1840.00 2944.00
20160205  14:49:00 1839.00 1840.00 1839.00 1840.00 7550.00
20160205  14:48:00 1839.00 1840.00 1838.00 1839.00 6444.00
20160205  14:47:00 1838.00 1839.00 1838.00 1839.00 3276.00
20160205  14:46:00 1839.00 1839.00 1838.00 1838.00 1310.00
20160205  14:45:00 1839.00 1840.00 1838.00 1839.00 6356.00
20160205  14:44:00 1839.00 1840.00 1838.00 1839.00 12606.00
20160205  14:43:00 1838.00 1840.00 1838.00 1839.00 8618.00
20160205  14:42:00 1839.00 1840.00 1838.00 1839.00 7820.00
20160205  14:41:00 1840.00 1840.00 1839.00 1839.00 5624.00
20160205  14:40:00 1838.00 1840.00 1837.00 1839.00 15988.00
20160205  14:39:00 1838.00 1838.00 1837.00 1837.00 3854.00
20160205  14:38:00 1836.00 1838.00 1835.00 1837.00 12396.00
20160205  14:37:00 1836.00 1836.00 1835.00 1836.00 1036.00
20160205  14:36:00 1835.00 1836.00 1835.00 1836.00 616.00
20160205  14:35:00 1835.00 1836.00 1834.00 1835.00 8136.00
20160205  14:34:00 1836.00 1836.00 1835.00 1835.00 1988.00
20160205  14:33:00 1835.00 1836.00 1835.00 1836.00 2332.00
20160205  14:32:00 1836.00 1836.00 1835.00 1835.00 2328.00
20160205  14:31:00 1836.00 1836.00 1835.00 1836.00 10510.00
20160205  14:30:00 1835.00 1836.00 1834.00 1835.00 8126.00
20160205  14:29:00 1834.00 1835.00 1833.00 1835.00 3924.00
20160205  14:28:00 1833.00 1834.00 1833.00 1834.00 1536.00
20160205  14:27:00 1833.00 1834.00 1832.00 1833.00 3576.00
20160205  14:26:00 1834.00 1834.00 1832.00 1833.00 5422.00
20160205  14:25:00 1833.00 1834.00 1833.00 1834.00 462.00
20160205  14:24:00 1834.00 1834.00 1833.00 1833.00 316.00
20160205  14:23:00 1834.00 1835.00 1833.00 1834.00 9178.00
20160205  14:22:00 1833.00 1834.00 1833.00 1834.00 1190.00
20160205  14:21:00 1835.00 1835.00 1833.00 1833.00 5976.00
20160205  14:20:00 1834.00 1835.00 1834.00 1835.00 2506.00
20160205  14:19:00 1834.00 1835.00 1833.00 1834.00 12490.00
20160205  14:18:00 1832.00 1835.00 1832.00 1834.00 13040.00
20160205  14:17:00 1832.00 1833.00 1831.00 1833.00 7028.00
20160205  14:16:00 1832.00 1833.00 1831.00 1832.00 3048.00
20160205  14:15:00 1832.00 1833.00 1832.00 1832.00 5076.00
20160205  14:14:00 1833.00 1833.00 1832.00 1832.00 4024.00
20160205  14:13:00 1831.00 1833.00 1831.00 1832.00 12110.00
20160205  14:12:00 1831.00 1832.00 1830.00 1831.00 4260.00
20160205  14:11:00 1830.00 1831.00 1829.00 1831.00 7744.00
20160205  14:10:00 1829.00 1830.00 1828.00 1830.00 5916.00
20160205  14:09:00 1828.00 1829.00 1827.00 1829.00 5842.00
20160205  14:08:00 1828.00 1829.00 1827.00 1828.00 3792.00
20160205  14:07:00 1829.00 1830.00 1828.00 1829.00 5480.00
20160205  14:06:00 1829.00 1830.00 1828.00 1830.00 4704.00
20160205  14:05:00 1828.00 1829.00 1827.00 1828.00 8580.00
20160205  14:04:00 1829.00 1830.00 1828.00 1828.00 8616.00
20160205  14:03:00 1828.00 1830.00 1827.00 1830.00 9706.00
20160205  14:02:00 1828.00 1829.00 1826.00 1828.00 31206.00
20160205  14:01:00 1830.00 1830.00 1828.00 1829.00 41374.00
20160205  14:00:00 1831.00 1832.00 1830.00 1830.00 13232.00
20160205  13:59:00 1831.00 1832.00 1830.00 1831.00 8200.00
20160205  13:58:00 1832.00 1832.00 1830.00 1831.00 4760.00
20160205  13:57:00 1833.00 1833.00 1831.00 1832.00 3592.00
20160205  13:56:00 1832.00 1833.00 1831.00 1833.00 3782.00
20160205  13:55:00 1832.00 1832.00 1831.00 1832.00 532.00
20160205  13:54:00 1831.00 1832.00 1831.00 1832.00 5404.00
20160205  13:53:00 1831.00 1832.00 1830.00 1831.00 12112.00
20160205  13:52:00 1832.00 1832.00 1830.00 1830.00 3268.00
20160205  13:51:00 1832.00 1832.00 1830.00 1832.00 9484.00
20160205  13:50:00 1832.00 1833.00 1832.00 1832.00 3418.00
20160205  13:49:00 1832.00 1833.00 1831.00 1832.00 3168.00
20160205  13:48:00 1831.00 1832.00 1831.00 1832.00 1076.00
20160205  13:47:00 1832.00 1832.00 1830.00 1831.00 10242.00
20160205  13:46:00 1832.00 1832.00 1831.00 1832.00 4002.00
20160205  13:45:00 1832.00 1832.00 1831.00 1831.00 7160.00
20160205  13:44:00 1832.00 1833.00 1832.00 1833.00 3832.00
20160205  13:43:00 1833.00 1833.00 1832.00 1832.00 690.00
20160205  13:42:00 1832.00 1833.00 1831.00 1833.00 3828.00
20160205  13:41:00 1833.00 1834.00 1832.00 1832.00 8412.00
20160205  13:40:00 1834.00 1834.00 1833.00 1833.00 1246.00
20160205  13:39:00 1833.00 1834.00 1833.00 1834.00 408.00
20160205  13:38:00 1834.00 1834.00 1833.00 1833.00 2442.00
20160205  13:37:00 1833.00 1834.00 1832.00 1834.00 9314.00
20160205  13:36:00 1832.00 1833.00 1832.00 1832.00 4480.00
20160205  13:35:00 1832.00 1832.00 1831.00 1832.00 6290.00
20160205  13:34:00 1832.00 1832.00 1831.00 1831.00 1270.00
20160205  13:33:00 1831.00 1832.00 1830.00 1832.00 6852.00
20160205  13:32:00 1831.00 1832.00 1831.00 1832.00 2566.00
20160205  13:31:00 1831.00 1832.00 1831.00 1831.00 6606.00
20160205  13:30:00 1832.00 1832.00 1831.00 1831.00 4742.00
20160205  11:29:00 1832.00 1833.00 1831.00 1832.00 14518.00
20160205  11:28:00 1832.00 1833.00 1832.00 1832.00 2566.00
20160205  11:27:00 1832.00 1833.00 1831.00 1833.00 12188.00
20160205  11:26:00 1832.00 1833.00 1830.00 1832.00 44594.00
20160205  11:25:00 1834.00 1834.00 1832.00 1833.00 13112.00
20160205  11:24:00 1834.00 1835.00 1833.00 1833.00 7472.00
20160205  11:23:00 1835.00 1835.00 1834.00 1834.00 260.00
20160205  11:22:00 1834.00 1835.00 1834.00 1835.00 1238.00
20160205  11:21:00 1834.00 1835.00 1834.00 1834.00 2104.00
20160205  11:20:00 1834.00 1835.00 1834.00 1835.00 1820.00
20160205  11:19:00 1835.00 1835.00 1834.00 1835.00 5324.00
20160205  11:18:00 1835.00 1835.00 1834.00 1834.00 268.00
20160205  11:17:00 1835.00 1835.00 1834.00 1835.00 688.00
20160205  11:16:00 1835.00 1835.00 1834.00 1835.00 530.00
20160205  11:15:00 1835.00 1835.00 1834.00 1835.00 1018.00
20160205  11:14:00 1835.00 1836.00 1834.00 1835.00 6762.00
20160205  11:13:00 1835.00 1835.00 1834.00 1835.00 640.00
20160205  11:12:00 1834.00 1835.00 1833.00 1835.00 3890.00
20160205  11:11:00 1835.00 1835.00 1833.00 1834.00 9408.00
20160205  11:10:00 1835.00 1836.00 1834.00 1835.00 7068.00
20160205  11:09:00 1834.00 1835.00 1834.00 1834.00 1786.00
20160205  11:08:00 1836.00 1836.00 1834.00 1834.00 7124.00
20160205  11:07:00 1835.00 1836.00 1834.00 1836.00 2832.00
20160205  11:06:00 1835.00 1835.00 1833.00 1835.00 13494.00
20160205  11:05:00 1836.00 1836.00 1834.00 1834.00 5078.00
20160205  11:04:00 1836.00 1836.00 1835.00 1835.00 1938.00
20160205  11:03:00 1835.00 1836.00 1835.00 1836.00 1136.00
20160205  11:02:00 1836.00 1836.00 1835.00 1835.00 1726.00
20160205  11:01:00 1836.00 1836.00 1835.00 1836.00 220.00
20160205  11:00:00 1836.00 1837.00 1835.00 1836.00 4216.00
20160205  10:59:00 1837.00 1837.00 1836.00 1836.00 956.00
20160205  10:58:00 1836.00 1837.00 1836.00 1836.00 1056.00
20160205  10:57:00 1837.00 1837.00 1836.00 1836.00 1570.00
20160205  10:56:00 1836.00 1837.00 1835.00 1837.00 5064.00
20160205  10:55:00 1836.00 1836.00 1835.00 1836.00 1942.00
20160205  10:54:00 1836.00 1837.00 1836.00 1836.00 3572.00
20160205  10:53:00 1836.00 1837.00 1835.00 1837.00 3250.00
20160205  10:52:00 1836.00 1837.00 1835.00 1836.00 4448.00
20160205  10:51:00 1836.00 1837.00 1836.00 1836.00 492.00
20160205  10:50:00 1836.00 1837.00 1835.00 1836.00 5366.00
20160205  10:49:00 1837.00 1837.00 1835.00 1836.00 6858.00
20160205  10:48:00 1837.00 1837.00 1836.00 1837.00 690.00
20160205  10:47:00 1836.00 1837.00 1836.00 1837.00 1026.00
20160205  10:46:00 1836.00 1837.00 1835.00 1836.00 3292.00
20160205  10:45:00 1835.00 1836.00 1835.00 1835.00 3320.00
20160205  10:44:00 1835.00 1836.00 1834.00 1835.00 5916.00
20160205  10:43:00 1835.00 1836.00 1834.00 1835.00 4000.00
20160205  10:42:00 1835.00 1836.00 1834.00 1835.00 11256.00
20160205  10:41:00 1834.00 1836.00 1834.00 1836.00 5676.00
20160205  10:40:00 1835.00 1836.00 1834.00 1834.00 11672.00
20160205  10:39:00 1836.00 1837.00 1835.00 1835.00 5518.00
20160205  10:38:00 1838.00 1838.00 1836.00 1837.00 3846.00
20160205  10:37:00 1837.00 1838.00 1837.00 1838.00 552.00
20160205  10:36:00 1838.00 1838.00 1837.00 1837.00 3450.00
20160205  10:35:00 1838.00 1839.00 1837.00 1838.00 3004.00
20160205  10:34:00 1837.00 1838.00 1837.00 1838.00 914.00
20160205  10:33:00 1836.00 1838.00 1836.00 1837.00 2500.00
20160205  10:32:00 1837.00 1837.00 1835.00 1836.00 5290.00
20160205  10:31:00 1837.00 1838.00 1836.00 1836.00 12384.00
20160205  10:30:00 1837.00 1838.00 1837.00 1838.00 3314.00
20160205  10:14:00 1837.00 1838.00 1837.00 1837.00 2866.00
20160205  10:13:00 1838.00 1838.00 1837.00 1838.00 886.00
20160205  10:12:00 1837.00 1838.00 1836.00 1838.00 5694.00
20160205  10:11:00 1837.00 1837.00 1836.00 1837.00 348.00
20160205  10:10:00 1836.00 1837.00 1836.00 1837.00 6012.00
20160205  10:09:00 1836.00 1836.00 1835.00 1836.00 692.00
20160205  10:08:00 1836.00 1836.00 1835.00 1836.00 5702.00
20160205  10:07:00 1835.00 1836.00 1834.00 1835.00 5972.00
20160205  10:06:00 1836.00 1836.00 1835.00 1835.00 3068.00
20160205  10:05:00 1836.00 1836.00 1835.00 1836.00 1862.00
20160205  10:04:00 1835.00 1836.00 1834.00 1836.00 4888.00
20160205  10:03:00 1833.00 1835.00 1833.00 1835.00 4930.00
20160205  10:02:00 1835.00 1835.00 1833.00 1833.00 7428.00
20160205  10:01:00 1835.00 1835.00 1833.00 1835.00 12818.00
20160205  10:00:00 1834.00 1835.00 1833.00 1835.00 31244.00
20160205  09:59:00 1839.00 1839.00 1834.00 1834.00 44758.00
20160205  09:58:00 1839.00 1839.00 1838.00 1839.00 624.00
20160205  09:57:00 1839.00 1839.00 1838.00 1839.00 642.00
20160205  09:56:00 1839.00 1839.00 1838.00 1839.00 1010.00
20160205  09:55:00 1838.00 1839.00 1837.00 1839.00 3576.00
20160205  09:54:00 1837.00 1838.00 1837.00 1838.00 3364.00
20160205  09:53:00 1837.00 1838.00 1836.00 1837.00 4412.00
20160205  09:52:00 1837.00 1838.00 1836.00 1836.00 17518.00
20160205  09:51:00 1840.00 1840.00 1837.00 1837.00 17286.00
20160205  09:50:00 1839.00 1840.00 1839.00 1839.00 3744.00
20160205  09:49:00 1839.00 1840.00 1839.00 1839.00 1022.00
20160205  09:48:00 1839.00 1840.00 1839.00 1839.00 292.00
20160205  09:47:00 1839.00 1840.00 1839.00 1839.00 7824.00
20160205  09:46:00 1839.00 1840.00 1839.00 1839.00 4860.00
20160205  09:45:00 1840.00 1840.00 1838.00 1839.00 4314.00
20160205  09:44:00 1840.00 1840.00 1839.00 1839.00 2140.00
20160205  09:43:00 1841.00 1841.00 1839.00 1840.00 4228.00
20160205  09:42:00 1841.00 1841.00 1840.00 1840.00 938.00
20160205  09:41:00 1840.00 1841.00 1840.00 1840.00 1906.00
20160205  09:40:00 1839.00 1841.00 1839.00 1841.00 2372.00
20160205  09:39:00 1839.00 1840.00 1839.00 1839.00 4102.00
20160205  09:38:00 1839.00 1840.00 1839.00 1839.00 5332.00
20160205  09:37:00 1840.00 1841.00 1839.00 1840.00 3314.00
20160205  09:36:00 1840.00 1841.00 1840.00 1840.00 402.00
20160205  09:35:00 1841.00 1841.00 1840.00 1840.00 1790.00
20160205  09:34:00 1840.00 1841.00 1839.00 1840.00 2518.00
20160205  09:33:00 1839.00 1840.00 1839.00 1840.00 5552.00
20160205  09:32:00 1840.00 1841.00 1839.00 1839.00 12354.00
20160205  09:31:00 1840.00 1841.00 1840.00 1841.00 1962.00
20160205  09:30:00 1841.00 1841.00 1839.00 1840.00 12528.00
20160205  09:29:00 1840.00 1841.00 1839.00 1841.00 8446.00
20160205  09:28:00 1840.00 1840.00 1839.00 1840.00 2876.00
20160205  09:27:00 1840.00 1840.00 1839.00 1840.00 1142.00
20160205  09:26:00 1840.00 1840.00 1839.00 1840.00 620.00
20160205  09:25:00 1840.00 1840.00 1839.00 1839.00 4404.00
20160205  09:24:00 1840.00 1841.00 1840.00 1840.00 2588.00
20160205  09:23:00 1840.00 1841.00 1839.00 1840.00 7548.00
20160205  09:22:00 1840.00 1840.00 1839.00 1840.00 2458.00
20160205  09:21:00 1838.00 1840.00 1838.00 1840.00 9124.00
20160205  09:20:00 1838.00 1839.00 1838.00 1838.00 928.00
20160205  09:19:00 1837.00 1839.00 1837.00 1838.00 7586.00
20160205  09:18:00 1838.00 1838.00 1837.00 1837.00 1844.00
20160205  09:17:00 1838.00 1838.00 1837.00 1837.00 4526.00
20160205  09:16:00 1838.00 1839.00 1837.00 1838.00 13852.00
20160205  09:15:00 1837.00 1839.00 1837.00 1838.00 9662.00
20160205  09:14:00 1838.00 1839.00 1837.00 1837.00 4286.00
20160205  09:13:00 1840.00 1840.00 1838.00 1838.00 12242.00
20160205  09:12:00 1840.00 1841.00 1839.00 1839.00 3798.00
20160205  09:11:00 1840.00 1841.00 1840.00 1840.00 3298.00
20160205  09:10:00 1841.00 1841.00 1840.00 1841.00 1644.00
20160205  09:09:00 1841.00 1842.00 1840.00 1841.00 6274.00
20160205  09:08:00 1838.00 1842.00 1838.00 1841.00 17618.00
20160205  09:07:00 1838.00 1839.00 1838.00 1839.00 2648.00
20160205  09:06:00 1838.00 1839.00 1837.00 1838.00 4998.00
20160205  09:05:00 1836.00 1839.00 1836.00 1839.00 10450.00
20160205  09:04:00 1838.00 1839.00 1835.00 1836.00 25004.00
20160205  09:03:00 1838.00 1840.00 1838.00 1839.00 9472.00
20160205  09:02:00 1837.00 1840.00 1837.00 1839.00 20550.00
20160205  09:01:00 1836.00 1838.00 1836.00 1837.00 13154.00
20160205  09:00:00 1840.00 1840.00 1836.00 1836.00 23528.00
20160205  01:00:00 1839.00 1839.00 1839.00 1839.00 130.00
20160205  00:59:00 1839.00 1840.00 1838.00 1838.00 5556.00
20160205  00:58:00 1839.00 1839.00 1838.00 1838.00 1984.00
20160205  00:57:00 1840.00 1840.00 1838.00 1839.00 3074.00
20160205  00:56:00 1839.00 1840.00 1839.00 1840.00 1048.00
20160205  00:55:00 1839.00 1840.00 1838.00 1839.00 5668.00
20160205  00:54:00 1838.00 1839.00 1838.00 1839.00 4002.00
20160205  00:53:00 1838.00 1838.00 1837.00 1838.00 2678.00
20160205  00:52:00 1838.00 1839.00 1837.00 1838.00 1846.00
20160205  00:51:00 1838.00 1839.00 1838.00 1838.00 2626.00
20160205  00:50:00 1837.00 1838.00 1837.00 1838.00 1598.00
20160205  00:49:00 1837.00 1838.00 1836.00 1838.00 2082.00
20160205  00:48:00 1837.00 1838.00 1836.00 1837.00 2386.00
20160205  00:47:00 1836.00 1837.00 1836.00 1837.00 2904.00
20160205  00:46:00 1836.00 1838.00 1836.00 1837.00 5480.00
20160205  00:45:00 1838.00 1838.00 1836.00 1836.00 5606.00
20160205  00:44:00 1839.00 1839.00 1837.00 1837.00 4454.00
20160205  00:43:00 1838.00 1839.00 1838.00 1838.00 1990.00
20160205  00:42:00 1839.00 1839.00 1838.00 1839.00 2898.00
20160205  00:41:00 1839.00 1840.00 1839.00 1839.00 3356.00
20160205  00:40:00 1840.00 1840.00 1839.00 1839.00 2592.00
20160205  00:39:00 1839.00 1840.00 1838.00 1840.00 1914.00
20160205  00:38:00 1839.00 1840.00 1839.00 1839.00 4824.00
20160205  00:37:00 1839.00 1839.00 1838.00 1839.00 132.00
20160205  00:36:00 1838.00 1839.00 1838.00 1839.00 234.00
20160205  00:35:00 1839.00 1839.00 1838.00 1838.00 148.00
20160205  00:34:00 1839.00 1839.00 1838.00 1839.00 502.00
20160205  00:33:00 1839.00 1839.00 1838.00 1839.00 372.00
20160205  00:32:00 1838.00 1839.00 1837.00 1839.00 3642.00
20160205  00:31:00 1837.00 1838.00 1837.00 1837.00 3552.00
20160205  00:30:00 1838.00 1838.00 1837.00 1837.00 6892.00
20160205  00:29:00 1838.00 1839.00 1838.00 1838.00 402.00
20160205  00:28:00 1839.00 1839.00 1838.00 1838.00 454.00
20160205  00:27:00 1839.00 1839.00 1838.00 1839.00 946.00
20160205  00:26:00 1840.00 1840.00 1838.00 1839.00 2454.00
20160205  00:25:00 1839.00 1839.00 1838.00 1839.00 2802.00
20160205  00:24:00 1839.00 1839.00 1838.00 1839.00 294.00
20160205  00:23:00 1840.00 1840.00 1838.00 1839.00 2606.00
20160205  00:22:00 1838.00 1840.00 1838.00 1840.00 4386.00
20160205  00:21:00 1838.00 1839.00 1838.00 1839.00 4322.00
20160205  00:20:00 1838.00 1838.00 1837.00 1838.00 2440.00
20160205  00:19:00 1838.00 1838.00 1837.00 1837.00 892.00
20160205  00:18:00 1837.00 1838.00 1837.00 1838.00 1814.00
20160205  00:17:00 1836.00 1838.00 1836.00 1838.00 5276.00
20160205  00:16:00 1840.00 1840.00 1836.00 1836.00 20524.00
20160205  00:15:00 1840.00 1840.00 1839.00 1840.00 2278.00
20160205  00:14:00 1841.00 1841.00 1840.00 1840.00 1154.00
20160205  00:13:00 1840.00 1841.00 1839.00 1841.00 3330.00
20160205  00:12:00 1840.00 1840.00 1839.00 1839.00 534.00
20160205  00:11:00 1841.00 1841.00 1839.00 1840.00 1514.00
20160205  00:10:00 1839.00 1841.00 1839.00 1840.00 2966.00
20160205  00:09:00 1841.00 1841.00 1839.00 1839.00 2782.00
20160205  00:08:00 1840.00 1841.00 1840.00 1841.00 4100.00
20160205  00:07:00 1840.00 1840.00 1839.00 1840.00 4624.00
20160205  00:06:00 1839.00 1840.00 1838.00 1840.00 6034.00
20160205  00:05:00 1840.00 1840.00 1838.00 1839.00 12450.00
20160205  00:04:00 1840.00 1841.00 1839.00 1839.00 12200.00
20160205  00:03:00 1840.00 1841.00 1840.00 1840.00 1866.00
20160205  00:02:00 1842.00 1842.00 1840.00 1841.00 5380.00
20160205  00:01:00 1841.00 1842.00 1841.00 1842.00 3422.00
20160205  00:00:00 1842.00 1842.00 1840.00 1841.00 29240.00
20160204  23:59:00 1842.00 1843.00 1842.00 1843.00 916.00
20160204  23:58:00 1843.00 1843.00 1842.00 1842.00 1356.00
20160204  23:57:00 1843.00 1843.00 1842.00 1843.00 1332.00
20160204  23:56:00 1842.00 1843.00 1842.00 1843.00 2044.00
20160204  23:55:00 1844.00 1844.00 1842.00 1842.00 4812.00
20160204  23:54:00 1843.00 1844.00 1843.00 1844.00 884.00
20160204  23:53:00 1844.00 1845.00 1843.00 1843.00 5988.00
20160204  23:52:00 1843.00 1844.00 1843.00 1844.00 10410.00
20160204  23:51:00 1842.00 1843.00 1842.00 1843.00 2176.00
20160204  23:50:00 1843.00 1844.00 1842.00 1842.00 8568.00
20160204  23:49:00 1844.00 1844.00 1843.00 1843.00 1026.00
20160204  23:48:00 1843.00 1844.00 1843.00 1844.00 2648.00
20160204  23:47:00 1845.00 1845.00 1843.00 1843.00 8234.00
20160204  23:46:00 1845.00 1846.00 1845.00 1845.00 2852.00
20160204  23:45:00 1845.00 1846.00 1845.00 1845.00 844.00
20160204  23:44:00 1846.00 1846.00 1845.00 1845.00 284.00
20160204  23:43:00 1845.00 1846.00 1845.00 1846.00 422.00
20160204  23:42:00 1847.00 1847.00 1845.00 1845.00 2710.00
20160204  23:41:00 1846.00 1847.00 1845.00 1846.00 3338.00
20160204  23:40:00 1845.00 1846.00 1845.00 1845.00 1104.00
20160204  23:39:00 1845.00 1847.00 1845.00 1846.00 6668.00
20160204  23:38:00 1845.00 1846.00 1845.00 1846.00 2246.00
20160204  23:37:00 1844.00 1846.00 1844.00 1845.00 6108.00
20160204  23:36:00 1844.00 1845.00 1844.00 1845.00 5446.00
20160204  23:35:00 1845.00 1845.00 1844.00 1844.00 10724.00
20160204  23:34:00 1846.00 1846.00 1844.00 1845.00 17288.00
20160204  23:33:00 1846.00 1846.00 1845.00 1846.00 892.00
20160204  23:32:00 1845.00 1846.00 1845.00 1846.00 906.00
20160204  23:31:00 1847.00 1847.00 1845.00 1845.00 7290.00
20160204  23:30:00 1846.00 1847.00 1846.00 1847.00 3164.00
20160204  23:29:00 1846.00 1847.00 1845.00 1846.00 10144.00
20160204  23:28:00 1846.00 1847.00 1845.00 1845.00 10328.00
20160204  23:27:00 1848.00 1848.00 1846.00 1846.00 11820.00
20160204  23:26:00 1849.00 1849.00 1848.00 1848.00 2562.00
20160204  23:25:00 1848.00 1849.00 1848.00 1849.00 452.00
20160204  23:24:00 1849.00 1849.00 1848.00 1849.00 334.00
20160204  23:23:00 1849.00 1850.00 1849.00 1849.00 3384.00
20160204  23:22:00 1849.00 1850.00 1849.00 1849.00 2064.00
20160204  23:21:00 1848.00 1849.00 1848.00 1849.00 6092.00
20160204  23:20:00 1848.00 1850.00 1848.00 1848.00 3278.00
20160204  23:19:00 1849.00 1849.00 1848.00 1849.00 694.00
20160204  23:18:00 1848.00 1849.00 1848.00 1849.00 5182.00
20160204  23:17:00 1849.00 1849.00 1848.00 1849.00 704.00
20160204  23:16:00 1849.00 1850.00 1848.00 1849.00 4594.00
20160204  23:15:00 1850.00 1850.00 1849.00 1850.00 228.00
20160204  23:14:00 1850.00 1850.00 1849.00 1849.00 322.00
20160204  23:13:00 1849.00 1850.00 1849.00 1850.00 350.00
20160204  23:12:00 1850.00 1850.00 1849.00 1849.00 212.00
20160204  23:11:00 1848.00 1850.00 1848.00 1849.00 2422.00
20160204  23:10:00 1848.00 1849.00 1848.00 1848.00 184.00
20160204  23:09:00 1849.00 1849.00 1848.00 1848.00 440.00
20160204  23:08:00 1849.00 1849.00 1848.00 1849.00 162.00
20160204  23:07:00 1848.00 1849.00 1848.00 1849.00 382.00
20160204  23:06:00 1849.00 1849.00 1848.00 1849.00 3090.00
20160204  23:05:00 1848.00 1850.00 1848.00 1849.00 6218.00
20160204  23:04:00 1848.00 1849.00 1848.00 1849.00 3918.00
20160204  23:03:00 1848.00 1849.00 1848.00 1848.00 2584.00
20160204  23:02:00 1849.00 1849.00 1848.00 1848.00 616.00
20160204  23:01:00 1849.00 1850.00 1849.00 1849.00 1432.00
20160204  23:00:00 1848.00 1850.00 1848.00 1849.00 6848.00
20160204  22:59:00 1849.00 1850.00 1848.00 1848.00 3158.00
20160204  22:58:00 1849.00 1850.00 1848.00 1849.00 2380.00
20160204  22:57:00 1848.00 1849.00 1848.00 1849.00 2298.00
20160204  22:56:00 1848.00 1849.00 1848.00 1848.00 886.00
20160204  22:55:00 1849.00 1850.00 1848.00 1848.00 3550.00
20160204  22:54:00 1847.00 1850.00 1847.00 1850.00 8674.00
20160204  22:53:00 1847.00 1848.00 1847.00 1848.00 1604.00
20160204  22:52:00 1847.00 1848.00 1846.00 1847.00 22852.00
20160204  22:51:00 1846.00 1848.00 1846.00 1846.00 15078.00
20160204  22:50:00 1849.00 1849.00 1846.00 1847.00 24198.00
20160204  22:49:00 1848.00 1849.00 1847.00 1848.00 9328.00
20160204  22:48:00 1848.00 1849.00 1848.00 1848.00 1038.00
20160204  22:47:00 1849.00 1849.00 1847.00 1849.00 27010.00
20160204  22:46:00 1851.00 1851.00 1849.00 1849.00 11608.00
20160204  22:45:00 1850.00 1851.00 1850.00 1851.00 394.00
20160204  22:44:00 1851.00 1852.00 1850.00 1850.00 3318.00
20160204  22:43:00 1851.00 1852.00 1850.00 1851.00 4734.00
20160204  22:42:00 1850.00 1851.00 1850.00 1851.00 3802.00
20160204  22:41:00 1850.00 1850.00 1849.00 1850.00 1742.00
20160204  22:40:00 1849.00 1850.00 1849.00 1850.00 1442.00
20160204  22:39:00 1850.00 1851.00 1849.00 1850.00 4048.00
20160204  22:38:00 1850.00 1851.00 1850.00 1850.00 1238.00
20160204  22:37:00 1852.00 1853.00 1850.00 1850.00 12046.00
20160204  22:36:00 1852.00 1853.00 1852.00 1852.00 4856.00
20160204  22:35:00 1853.00 1853.00 1852.00 1852.00 498.00
20160204  22:34:00 1853.00 1853.00 1852.00 1852.00 800.00
20160204  22:33:00 1853.00 1853.00 1852.00 1853.00 992.00
20160204  22:32:00 1852.00 1853.00 1851.00 1853.00 3742.00
20160204  22:31:00 1851.00 1852.00 1851.00 1851.00 568.00
20160204  22:30:00 1852.00 1852.00 1851.00 1852.00 568.00
20160204  22:29:00 1852.00 1852.00 1851.00 1852.00 2050.00
20160204  22:28:00 1854.00 1854.00 1851.00 1852.00 11076.00
20160204  22:27:00 1854.00 1854.00 1853.00 1854.00 2732.00
20160204  22:26:00 1853.00 1854.00 1853.00 1854.00 5326.00
20160204  22:25:00 1852.00 1853.00 1852.00 1853.00 18296.00
20160204  22:24:00 1850.00 1852.00 1850.00 1852.00 6526.00
20160204  22:23:00 1850.00 1851.00 1850.00 1850.00 694.00
20160204  22:22:00 1850.00 1851.00 1850.00 1850.00 1618.00
20160204  22:21:00 1850.00 1851.00 1850.00 1851.00 1260.00
20160204  22:20:00 1851.00 1851.00 1850.00 1850.00 2036.00
20160204  22:19:00 1849.00 1851.00 1849.00 1850.00 2748.00
20160204  22:18:00 1850.00 1850.00 1849.00 1849.00 2670.00
20160204  22:17:00 1849.00 1850.00 1849.00 1849.00 5980.00
20160204  22:16:00 1848.00 1850.00 1847.00 1849.00 22218.00
20160204  22:15:00 1851.00 1851.00 1848.00 1848.00 19072.00
20160204  22:14:00 1853.00 1853.00 1850.00 1851.00 10668.00
20160204  22:13:00 1853.00 1853.00 1852.00 1852.00 1440.00
20160204  22:12:00 1853.00 1853.00 1852.00 1852.00 534.00
20160204  22:11:00 1852.00 1853.00 1852.00 1853.00 498.00
20160204  22:10:00 1852.00 1853.00 1852.00 1852.00 290.00
20160204  22:09:00 1853.00 1853.00 1852.00 1853.00 360.00
20160204  22:08:00 1853.00 1854.00 1852.00 1853.00 4348.00
20160204  22:07:00 1852.00 1853.00 1852.00 1852.00 184.00
20160204  22:06:00 1853.00 1853.00 1852.00 1852.00 1378.00
20160204  22:05:00 1852.00 1854.00 1852.00 1853.00 4454.00
20160204  22:04:00 1853.00 1853.00 1852.00 1852.00 358.00
20160204  22:03:00 1853.00 1853.00 1852.00 1853.00 4786.00
20160204  22:02:00 1853.00 1854.00 1852.00 1853.00 11310.00
20160204  22:01:00 1852.00 1854.00 1851.00 1854.00 11684.00
20160204  22:00:00 1851.00 1852.00 1851.00 1852.00 1822.00
20160204  21:59:00 1851.00 1852.00 1851.00 1851.00 1090.00
20160204  21:58:00 1851.00 1852.00 1850.00 1851.00 3782.00
20160204  21:57:00 1851.00 1852.00 1851.00 1851.00 2832.00
20160204  21:56:00 1851.00 1852.00 1851.00 1851.00 880.00
20160204  21:55:00 1851.00 1852.00 1850.00 1851.00 9680.00
20160204  21:54:00 1851.00 1852.00 1850.00 1851.00 13604.00
20160204  21:53:00 1852.00 1852.00 1851.00 1851.00 5294.00
20160204  21:52:00 1853.00 1853.00 1852.00 1852.00 884.00
20160204  21:51:00 1852.00 1853.00 1852.00 1853.00 594.00
20160204  21:50:00 1853.00 1853.00 1852.00 1852.00 420.00
20160204  21:49:00 1853.00 1853.00 1852.00 1852.00 1978.00
20160204  21:48:00 1853.00 1853.00 1852.00 1853.00 130.00
20160204  21:47:00 1852.00 1853.00 1852.00 1853.00 750.00
20160204  21:46:00 1853.00 1853.00 1852.00 1852.00 1718.00
20160204  21:45:00 1852.00 1853.00 1852.00 1853.00 280.00
20160204  21:44:00 1852.00 1853.00 1852.00 1852.00 418.00
20160204  21:43:00 1852.00 1853.00 1852.00 1852.00 380.00
20160204  21:42:00 1852.00 1853.00 1852.00 1853.00 1196.00
20160204  21:41:00 1852.00 1853.00 1852.00 1853.00 5202.00
20160204  21:40:00 1852.00 1853.00 1852.00 1852.00 1608.00
20160204  21:39:00 1853.00 1853.00 1852.00 1852.00 300.00
20160204  21:38:00 1852.00 1853.00 1852.00 1853.00 398.00
20160204  21:37:00 1853.00 1853.00 1852.00 1852.00 664.00
20160204  21:36:00 1853.00 1854.00 1852.00 1852.00 6916.00
20160204  21:35:00 1853.00 1854.00 1853.00 1853.00 640.00
20160204  21:34:00 1854.00 1854.00 1853.00 1853.00 7586.00
20160204  21:33:00 1853.00 1854.00 1853.00 1854.00 5604.00
20160204  21:32:00 1853.00 1853.00 1852.00 1853.00 2860.00
20160204  21:31:00 1852.00 1853.00 1851.00 1853.00 6586.00
20160204  21:30:00 1852.00 1852.00 1851.00 1851.00 1364.00
20160204  21:29:00 1852.00 1852.00 1851.00 1852.00 1396.00
20160204  21:28:00 1851.00 1852.00 1851.00 1852.00 794.00
20160204  21:27:00 1852.00 1853.00 1851.00 1851.00 8266.00
20160204  21:26:00 1851.00 1853.00 1851.00 1853.00 17120.00
20160204  21:25:00 1851.00 1852.00 1850.00 1851.00 6776.00
20160204  21:24:00 1850.00 1851.00 1850.00 1851.00 1904.00
20160204  21:23:00 1850.00 1851.00 1850.00 1850.00 860.00
20160204  21:22:00 1850.00 1851.00 1849.00 1850.00 10006.00
20160204  21:21:00 1851.00 1851.00 1849.00 1849.00 13140.00
20160204  21:20:00 1851.00 1852.00 1850.00 1850.00 9054.00
20160204  21:19:00 1852.00 1853.00 1851.00 1852.00 12786.00
20160204  21:18:00 1851.00 1852.00 1851.00 1852.00 1180.00
20160204  21:17:00 1852.00 1853.00 1851.00 1851.00 3554.00
20160204  21:16:00 1852.00 1853.00 1852.00 1853.00 5812.00
20160204  21:15:00 1855.00 1855.00 1852.00 1852.00 14002.00
20160204  21:14:00 1855.00 1855.00 1854.00 1854.00 4232.00
20160204  21:13:00 1855.00 1855.00 1853.00 1854.00 12028.00
20160204  21:12:00 1853.00 1855.00 1852.00 1855.00 14400.00
20160204  21:11:00 1851.00 1853.00 1851.00 1853.00 10938.00
20160204  21:10:00 1852.00 1853.00 1851.00 1851.00 14054.00
20160204  21:09:00 1855.00 1855.00 1852.00 1853.00 18126.00
20160204  21:08:00 1854.00 1855.00 1854.00 1855.00 9138.00
20160204  21:07:00 1856.00 1856.00 1854.00 1854.00 26332.00
20160204  21:06:00 1854.00 1856.00 1854.00 1855.00 11062.00
20160204  21:05:00 1857.00 1858.00 1853.00 1854.00 46720.00
20160204  21:04:00 1859.00 1862.00 1857.00 1857.00 72232.00
20160204  21:03:00 1851.00 1860.00 1851.00 1860.00 60166.00
20160204  21:02:00 1851.00 1852.00 1850.00 1851.00 5768.00
20160204  21:01:00 1852.00 1853.00 1850.00 1851.00 10626.00
20160204  21:00:00 1853.00 1855.00 1852.00 1852.00 23902.00
