20160411  15:00:00 2293.00 2293.00 2293.00 2293.00 566.00
20160411  14:59:00 2294.00 2295.00 2293.00 2293.00 79524.00
20160411  14:58:00 2294.00 2295.00 2293.00 2294.00 33504.00
20160411  14:57:00 2294.00 2294.00 2292.00 2294.00 22714.00
20160411  14:56:00 2293.00 2295.00 2292.00 2294.00 32160.00
20160411  14:55:00 2294.00 2294.00 2291.00 2293.00 18448.00
20160411  14:54:00 2291.00 2295.00 2290.00 2295.00 41960.00
20160411  14:53:00 2288.00 2291.00 2287.00 2291.00 25228.00
20160411  14:52:00 2289.00 2290.00 2287.00 2288.00 28782.00
20160411  14:51:00 2287.00 2291.00 2286.00 2288.00 29312.00
20160411  14:50:00 2291.00 2291.00 2286.00 2286.00 61634.00
20160411  14:49:00 2294.00 2295.00 2290.00 2291.00 33692.00
20160411  14:48:00 2294.00 2296.00 2294.00 2294.00 29724.00
20160411  14:47:00 2292.00 2296.00 2292.00 2294.00 36028.00
20160411  14:46:00 2294.00 2294.00 2292.00 2292.00 11110.00
20160411  14:45:00 2295.00 2296.00 2293.00 2293.00 35276.00
20160411  14:44:00 2292.00 2296.00 2292.00 2295.00 39894.00
20160411  14:43:00 2293.00 2293.00 2291.00 2293.00 33500.00
20160411  14:42:00 2292.00 2295.00 2292.00 2293.00 39340.00
20160411  14:41:00 2291.00 2294.00 2291.00 2293.00 58380.00
20160411  14:40:00 2286.00 2291.00 2286.00 2290.00 41980.00
20160411  14:39:00 2287.00 2288.00 2285.00 2286.00 15194.00
20160411  14:38:00 2284.00 2288.00 2284.00 2287.00 23774.00
20160411  14:37:00 2286.00 2286.00 2283.00 2283.00 25576.00
20160411  14:36:00 2286.00 2287.00 2285.00 2285.00 9974.00
20160411  14:35:00 2287.00 2288.00 2285.00 2286.00 26108.00
20160411  14:34:00 2287.00 2287.00 2286.00 2286.00 12462.00
20160411  14:33:00 2288.00 2289.00 2285.00 2286.00 32756.00
20160411  14:32:00 2283.00 2288.00 2283.00 2288.00 41226.00
20160411  14:31:00 2283.00 2284.00 2282.00 2283.00 21912.00
20160411  14:30:00 2283.00 2284.00 2282.00 2283.00 8944.00
20160411  14:29:00 2285.00 2285.00 2283.00 2284.00 10208.00
20160411  14:28:00 2283.00 2285.00 2283.00 2284.00 8480.00
20160411  14:27:00 2285.00 2285.00 2282.00 2283.00 13718.00
20160411  14:26:00 2284.00 2285.00 2283.00 2285.00 7920.00
20160411  14:25:00 2283.00 2285.00 2282.00 2284.00 16178.00
20160411  14:24:00 2281.00 2283.00 2280.00 2282.00 32314.00
20160411  14:23:00 2282.00 2284.00 2280.00 2280.00 59994.00
20160411  14:22:00 2285.00 2285.00 2282.00 2282.00 20070.00
20160411  14:21:00 2286.00 2286.00 2284.00 2285.00 18540.00
20160411  14:20:00 2285.00 2287.00 2285.00 2286.00 12888.00
20160411  14:19:00 2284.00 2287.00 2284.00 2285.00 27042.00
20160411  14:18:00 2285.00 2285.00 2283.00 2285.00 18362.00
20160411  14:17:00 2287.00 2287.00 2284.00 2285.00 30912.00
20160411  14:16:00 2286.00 2287.00 2285.00 2287.00 25912.00
20160411  14:15:00 2285.00 2287.00 2284.00 2287.00 27826.00
20160411  14:14:00 2282.00 2287.00 2282.00 2285.00 40232.00
20160411  14:13:00 2282.00 2284.00 2280.00 2282.00 59476.00
20160411  14:12:00 2285.00 2286.00 2281.00 2283.00 73082.00
20160411  14:11:00 2285.00 2288.00 2285.00 2286.00 52894.00
20160411  14:10:00 2293.00 2293.00 2286.00 2286.00 64926.00
20160411  14:09:00 2294.00 2294.00 2291.00 2292.00 18616.00
20160411  14:08:00 2294.00 2296.00 2293.00 2294.00 24038.00
20160411  14:07:00 2293.00 2295.00 2293.00 2294.00 9386.00
20160411  14:06:00 2292.00 2295.00 2292.00 2293.00 9110.00
20160411  14:05:00 2292.00 2294.00 2292.00 2293.00 10086.00
20160411  14:04:00 2294.00 2294.00 2291.00 2292.00 23084.00
20160411  14:03:00 2294.00 2295.00 2293.00 2294.00 7968.00
20160411  14:02:00 2295.00 2295.00 2293.00 2294.00 8188.00
20160411  14:01:00 2295.00 2295.00 2293.00 2294.00 10526.00
20160411  14:00:00 2295.00 2296.00 2294.00 2295.00 21834.00
20160411  13:59:00 2294.00 2296.00 2293.00 2296.00 23138.00
20160411  13:58:00 2292.00 2294.00 2292.00 2294.00 10810.00
20160411  13:57:00 2293.00 2293.00 2291.00 2292.00 11192.00
20160411  13:56:00 2291.00 2293.00 2289.00 2292.00 34398.00
20160411  13:55:00 2293.00 2293.00 2291.00 2292.00 17170.00
20160411  13:54:00 2293.00 2295.00 2292.00 2292.00 19770.00
20160411  13:53:00 2295.00 2295.00 2293.00 2293.00 5086.00
20160411  13:52:00 2293.00 2295.00 2292.00 2294.00 19582.00
20160411  13:51:00 2290.00 2294.00 2290.00 2293.00 31822.00
20160411  13:50:00 2295.00 2295.00 2290.00 2290.00 32754.00
20160411  13:49:00 2295.00 2296.00 2294.00 2295.00 18102.00
20160411  13:48:00 2297.00 2298.00 2295.00 2295.00 8558.00
20160411  13:47:00 2296.00 2297.00 2295.00 2297.00 12958.00
20160411  13:46:00 2297.00 2297.00 2295.00 2296.00 14184.00
20160411  13:45:00 2295.00 2297.00 2295.00 2297.00 15306.00
20160411  13:44:00 2294.00 2296.00 2294.00 2295.00 21060.00
20160411  13:43:00 2296.00 2296.00 2293.00 2295.00 15508.00
20160411  13:42:00 2293.00 2296.00 2292.00 2296.00 23688.00
20160411  13:41:00 2293.00 2296.00 2293.00 2294.00 21962.00
20160411  13:40:00 2294.00 2295.00 2293.00 2293.00 18314.00
20160411  13:39:00 2294.00 2297.00 2294.00 2294.00 14584.00
20160411  13:38:00 2294.00 2295.00 2294.00 2294.00 7688.00
20160411  13:37:00 2294.00 2295.00 2293.00 2294.00 20906.00
20160411  13:36:00 2297.00 2298.00 2294.00 2294.00 17578.00
20160411  13:35:00 2296.00 2298.00 2295.00 2297.00 29848.00
20160411  13:34:00 2297.00 2298.00 2295.00 2296.00 28068.00
20160411  13:33:00 2294.00 2298.00 2294.00 2297.00 37554.00
20160411  13:32:00 2296.00 2296.00 2294.00 2294.00 24214.00
20160411  13:31:00 2295.00 2297.00 2294.00 2296.00 48678.00
20160411  13:30:00 2291.00 2296.00 2291.00 2296.00 74552.00
20160411  11:29:00 2289.00 2290.00 2289.00 2290.00 27620.00
20160411  11:28:00 2291.00 2291.00 2289.00 2290.00 22124.00
20160411  11:27:00 2287.00 2291.00 2287.00 2290.00 35646.00
20160411  11:26:00 2286.00 2289.00 2286.00 2288.00 25492.00
20160411  11:25:00 2284.00 2287.00 2283.00 2286.00 15476.00
20160411  11:24:00 2287.00 2288.00 2283.00 2285.00 30172.00
20160411  11:23:00 2285.00 2288.00 2284.00 2287.00 34358.00
20160411  11:22:00 2284.00 2287.00 2284.00 2285.00 28892.00
20160411  11:21:00 2287.00 2287.00 2283.00 2284.00 27834.00
20160411  11:20:00 2284.00 2288.00 2284.00 2286.00 27638.00
20160411  11:19:00 2288.00 2288.00 2284.00 2284.00 34768.00
20160411  11:18:00 2284.00 2288.00 2283.00 2288.00 44160.00
20160411  11:17:00 2292.00 2292.00 2282.00 2283.00 84142.00
20160411  11:16:00 2293.00 2294.00 2289.00 2292.00 45790.00
20160411  11:15:00 2293.00 2297.00 2292.00 2293.00 44834.00
20160411  11:14:00 2294.00 2294.00 2292.00 2294.00 19522.00
20160411  11:13:00 2295.00 2296.00 2291.00 2294.00 35222.00
20160411  11:12:00 2292.00 2296.00 2292.00 2295.00 27044.00
20160411  11:11:00 2289.00 2294.00 2288.00 2292.00 52280.00
20160411  11:10:00 2289.00 2290.00 2285.00 2288.00 87128.00
20160411  11:09:00 2291.00 2294.00 2289.00 2291.00 55264.00
20160411  11:08:00 2295.00 2297.00 2292.00 2292.00 25594.00
20160411  11:07:00 2296.00 2298.00 2293.00 2294.00 24422.00
20160411  11:06:00 2294.00 2297.00 2292.00 2296.00 41436.00
20160411  11:05:00 2294.00 2300.00 2293.00 2294.00 50932.00
20160411  11:04:00 2298.00 2299.00 2292.00 2294.00 95834.00
20160411  11:03:00 2300.00 2302.00 2298.00 2299.00 65138.00
20160411  11:02:00 2307.00 2308.00 2300.00 2300.00 51650.00
20160411  11:01:00 2305.00 2308.00 2305.00 2307.00 39434.00
20160411  11:00:00 2309.00 2312.00 2304.00 2304.00 69332.00
20160411  10:59:00 2312.00 2314.00 2309.00 2309.00 96380.00
20160411  10:58:00 2308.00 2312.00 2306.00 2312.00 72894.00
20160411  10:57:00 2305.00 2309.00 2305.00 2308.00 67496.00
20160411  10:56:00 2305.00 2305.00 2300.00 2305.00 69238.00
20160411  10:55:00 2299.00 2308.00 2299.00 2305.00 98156.00
20160411  10:54:00 2300.00 2301.00 2296.00 2299.00 62648.00
20160411  10:53:00 2293.00 2301.00 2292.00 2300.00 84130.00
20160411  10:52:00 2292.00 2294.00 2292.00 2294.00 19410.00
20160411  10:51:00 2292.00 2294.00 2291.00 2292.00 31628.00
20160411  10:50:00 2290.00 2293.00 2290.00 2292.00 33926.00
20160411  10:49:00 2298.00 2298.00 2290.00 2290.00 70974.00
20160411  10:48:00 2291.00 2299.00 2291.00 2298.00 97254.00
20160411  10:47:00 2288.00 2292.00 2287.00 2290.00 48122.00
20160411  10:46:00 2287.00 2289.00 2287.00 2288.00 15694.00
20160411  10:45:00 2288.00 2289.00 2287.00 2287.00 23698.00
20160411  10:44:00 2288.00 2289.00 2286.00 2289.00 31128.00
20160411  10:43:00 2286.00 2289.00 2286.00 2288.00 46374.00
20160411  10:42:00 2283.00 2286.00 2282.00 2286.00 25124.00
20160411  10:41:00 2282.00 2285.00 2282.00 2283.00 19944.00
20160411  10:40:00 2282.00 2284.00 2280.00 2282.00 29438.00
20160411  10:39:00 2282.00 2284.00 2281.00 2283.00 17422.00
20160411  10:38:00 2280.00 2285.00 2279.00 2282.00 23202.00
20160411  10:37:00 2281.00 2283.00 2279.00 2280.00 17110.00
20160411  10:36:00 2285.00 2286.00 2279.00 2281.00 44242.00
20160411  10:35:00 2283.00 2286.00 2281.00 2285.00 32004.00
20160411  10:34:00 2283.00 2284.00 2280.00 2283.00 31550.00
20160411  10:33:00 2283.00 2284.00 2280.00 2282.00 41520.00
20160411  10:32:00 2283.00 2286.00 2283.00 2283.00 36394.00
20160411  10:31:00 2282.00 2285.00 2281.00 2284.00 38278.00
20160411  10:30:00 2278.00 2283.00 2278.00 2281.00 46416.00
20160411  10:14:00 2279.00 2279.00 2277.00 2278.00 19790.00
20160411  10:13:00 2278.00 2280.00 2278.00 2279.00 14632.00
20160411  10:12:00 2279.00 2279.00 2277.00 2278.00 13576.00
20160411  10:11:00 2277.00 2279.00 2276.00 2279.00 16044.00
20160411  10:10:00 2277.00 2277.00 2275.00 2276.00 21030.00
20160411  10:09:00 2281.00 2281.00 2274.00 2276.00 40350.00
20160411  10:08:00 2280.00 2282.00 2279.00 2280.00 39354.00
20160411  10:07:00 2276.00 2280.00 2276.00 2279.00 38004.00
20160411  10:06:00 2275.00 2278.00 2275.00 2277.00 28054.00
20160411  10:05:00 2277.00 2277.00 2275.00 2275.00 23006.00
20160411  10:04:00 2274.00 2278.00 2273.00 2277.00 43424.00
20160411  10:03:00 2274.00 2274.00 2272.00 2273.00 10228.00
20160411  10:02:00 2272.00 2275.00 2272.00 2273.00 17728.00
20160411  10:01:00 2272.00 2273.00 2270.00 2272.00 28140.00
20160411  10:00:00 2275.00 2276.00 2272.00 2273.00 25006.00
20160411  09:59:00 2273.00 2275.00 2271.00 2275.00 23102.00
20160411  09:58:00 2272.00 2274.00 2272.00 2273.00 14632.00
20160411  09:57:00 2272.00 2273.00 2271.00 2272.00 12452.00
20160411  09:56:00 2275.00 2275.00 2271.00 2272.00 30692.00
20160411  09:55:00 2273.00 2275.00 2272.00 2275.00 20912.00
20160411  09:54:00 2271.00 2274.00 2271.00 2272.00 13502.00
20160411  09:53:00 2272.00 2272.00 2270.00 2271.00 7744.00
20160411  09:52:00 2271.00 2274.00 2270.00 2272.00 34518.00
20160411  09:51:00 2269.00 2272.00 2269.00 2272.00 17744.00
20160411  09:50:00 2268.00 2270.00 2267.00 2269.00 13928.00
20160411  09:49:00 2271.00 2272.00 2268.00 2268.00 17022.00
20160411  09:48:00 2269.00 2272.00 2269.00 2271.00 14938.00
20160411  09:47:00 2267.00 2269.00 2266.00 2269.00 13346.00
20160411  09:46:00 2268.00 2268.00 2266.00 2267.00 8492.00
20160411  09:45:00 2268.00 2268.00 2267.00 2267.00 11322.00
20160411  09:44:00 2268.00 2269.00 2266.00 2268.00 16136.00
20160411  09:43:00 2267.00 2269.00 2266.00 2268.00 23560.00
20160411  09:42:00 2268.00 2270.00 2267.00 2267.00 34862.00
20160411  09:41:00 2274.00 2274.00 2268.00 2268.00 34556.00
20160411  09:40:00 2273.00 2276.00 2272.00 2274.00 54654.00
20160411  09:39:00 2268.00 2273.00 2268.00 2273.00 44292.00
20160411  09:38:00 2269.00 2269.00 2266.00 2268.00 29962.00
20160411  09:37:00 2270.00 2270.00 2268.00 2269.00 8908.00
20160411  09:36:00 2269.00 2270.00 2268.00 2269.00 16384.00
20160411  09:35:00 2268.00 2269.00 2267.00 2268.00 12240.00
20160411  09:34:00 2267.00 2269.00 2267.00 2268.00 9108.00
20160411  09:33:00 2268.00 2269.00 2267.00 2268.00 13218.00
20160411  09:32:00 2269.00 2269.00 2267.00 2269.00 13296.00
20160411  09:31:00 2264.00 2269.00 2264.00 2268.00 26262.00
20160411  09:30:00 2267.00 2268.00 2263.00 2264.00 37280.00
20160411  09:29:00 2267.00 2268.00 2266.00 2267.00 11498.00
20160411  09:28:00 2268.00 2269.00 2267.00 2267.00 18118.00
20160411  09:27:00 2267.00 2269.00 2266.00 2269.00 15980.00
20160411  09:26:00 2269.00 2269.00 2266.00 2268.00 16540.00
20160411  09:25:00 2266.00 2269.00 2265.00 2269.00 48888.00
20160411  09:24:00 2266.00 2266.00 2263.00 2266.00 28126.00
20160411  09:23:00 2263.00 2266.00 2262.00 2266.00 27852.00
20160411  09:22:00 2260.00 2264.00 2260.00 2264.00 31874.00
20160411  09:21:00 2260.00 2261.00 2257.00 2260.00 85660.00
20160411  09:20:00 2266.00 2266.00 2261.00 2261.00 53924.00
20160411  09:19:00 2266.00 2267.00 2264.00 2265.00 36226.00
20160411  09:18:00 2269.00 2269.00 2266.00 2266.00 20186.00
20160411  09:17:00 2269.00 2269.00 2267.00 2269.00 22924.00
20160411  09:16:00 2268.00 2271.00 2267.00 2269.00 29058.00
20160411  09:15:00 2266.00 2270.00 2266.00 2267.00 36742.00
20160411  09:14:00 2266.00 2268.00 2266.00 2267.00 33748.00
20160411  09:13:00 2269.00 2269.00 2265.00 2266.00 56256.00
20160411  09:12:00 2272.00 2272.00 2268.00 2269.00 49778.00
20160411  09:11:00 2270.00 2273.00 2269.00 2271.00 39870.00
20160411  09:10:00 2272.00 2272.00 2269.00 2270.00 64978.00
20160411  09:09:00 2271.00 2276.00 2270.00 2272.00 69674.00
20160411  09:08:00 2276.00 2277.00 2269.00 2270.00 147244.00
20160411  09:07:00 2287.00 2289.00 2274.00 2274.00 124692.00
20160411  09:06:00 2279.00 2294.00 2279.00 2288.00 159332.00
20160411  09:05:00 2268.00 2279.00 2268.00 2279.00 110474.00
20160411  09:04:00 2262.00 2269.00 2260.00 2269.00 77140.00
20160411  09:03:00 2265.00 2266.00 2261.00 2261.00 56562.00
20160411  09:02:00 2266.00 2267.00 2264.00 2264.00 141304.00
20160411  09:01:00 2263.00 2265.00 2261.00 2265.00 53222.00
20160411  09:00:00 2258.00 2266.00 2256.00 2262.00 224004.00
20160409  01:00:00 2250.00 2250.00 2250.00 2250.00 882.00
20160409  00:59:00 2249.00 2250.00 2247.00 2249.00 46770.00
20160409  00:58:00 2249.00 2250.00 2248.00 2248.00 13668.00
20160409  00:57:00 2248.00 2249.00 2247.00 2249.00 14660.00
20160409  00:56:00 2250.00 2251.00 2247.00 2247.00 20560.00
20160409  00:55:00 2249.00 2251.00 2248.00 2251.00 19640.00
20160409  00:54:00 2249.00 2249.00 2247.00 2248.00 21024.00
20160409  00:53:00 2250.00 2250.00 2248.00 2248.00 9020.00
20160409  00:52:00 2251.00 2251.00 2249.00 2250.00 6314.00
20160409  00:51:00 2250.00 2252.00 2250.00 2251.00 11750.00
20160409  00:50:00 2250.00 2251.00 2248.00 2250.00 13848.00
20160409  00:49:00 2250.00 2251.00 2249.00 2250.00 9240.00
20160409  00:48:00 2248.00 2250.00 2248.00 2250.00 13448.00
20160409  00:47:00 2248.00 2250.00 2246.00 2249.00 23994.00
20160409  00:46:00 2251.00 2252.00 2246.00 2247.00 53068.00
20160409  00:45:00 2253.00 2254.00 2251.00 2251.00 15954.00
20160409  00:44:00 2252.00 2254.00 2252.00 2253.00 18530.00
20160409  00:43:00 2254.00 2255.00 2252.00 2252.00 23206.00
20160409  00:42:00 2257.00 2257.00 2254.00 2255.00 26522.00
20160409  00:41:00 2256.00 2258.00 2256.00 2257.00 25802.00
20160409  00:40:00 2256.00 2257.00 2255.00 2257.00 19362.00
20160409  00:39:00 2255.00 2257.00 2254.00 2256.00 33636.00
20160409  00:38:00 2254.00 2255.00 2254.00 2254.00 5710.00
20160409  00:37:00 2254.00 2254.00 2253.00 2254.00 14372.00
20160409  00:36:00 2254.00 2255.00 2253.00 2254.00 31148.00
20160409  00:35:00 2252.00 2255.00 2252.00 2255.00 32794.00
20160409  00:34:00 2252.00 2252.00 2251.00 2252.00 8524.00
20160409  00:33:00 2252.00 2253.00 2251.00 2252.00 10162.00
20160409  00:32:00 2250.00 2252.00 2250.00 2252.00 13758.00
20160409  00:31:00 2251.00 2252.00 2250.00 2250.00 11934.00
20160409  00:30:00 2252.00 2252.00 2251.00 2251.00 12666.00
20160409  00:29:00 2250.00 2253.00 2250.00 2252.00 27136.00
20160409  00:28:00 2250.00 2251.00 2249.00 2250.00 8914.00
20160409  00:27:00 2251.00 2251.00 2249.00 2250.00 15700.00
20160409  00:26:00 2249.00 2251.00 2249.00 2251.00 16644.00
20160409  00:25:00 2248.00 2250.00 2248.00 2249.00 10498.00
20160409  00:24:00 2250.00 2250.00 2248.00 2248.00 14386.00
20160409  00:23:00 2249.00 2251.00 2249.00 2250.00 23340.00
20160409  00:22:00 2249.00 2250.00 2249.00 2250.00 13630.00
20160409  00:21:00 2248.00 2250.00 2248.00 2249.00 43452.00
20160409  00:20:00 2247.00 2249.00 2247.00 2249.00 11234.00
20160409  00:19:00 2248.00 2248.00 2246.00 2246.00 7568.00
20160409  00:18:00 2247.00 2248.00 2246.00 2248.00 5882.00
20160409  00:17:00 2247.00 2248.00 2246.00 2246.00 10512.00
20160409  00:16:00 2248.00 2248.00 2247.00 2248.00 5100.00
20160409  00:15:00 2248.00 2249.00 2247.00 2248.00 23686.00
20160409  00:14:00 2247.00 2248.00 2246.00 2248.00 9826.00
20160409  00:13:00 2246.00 2247.00 2246.00 2247.00 2884.00
20160409  00:12:00 2246.00 2247.00 2245.00 2246.00 7644.00
20160409  00:11:00 2245.00 2246.00 2245.00 2246.00 1828.00
20160409  00:10:00 2245.00 2246.00 2245.00 2246.00 2640.00
20160409  00:09:00 2244.00 2246.00 2244.00 2245.00 10350.00
20160409  00:08:00 2246.00 2247.00 2244.00 2244.00 10654.00
20160409  00:07:00 2246.00 2247.00 2245.00 2246.00 6078.00
20160409  00:06:00 2246.00 2247.00 2245.00 2246.00 11422.00
20160409  00:05:00 2248.00 2248.00 2245.00 2246.00 14472.00
20160409  00:04:00 2248.00 2249.00 2247.00 2248.00 15508.00
20160409  00:03:00 2246.00 2248.00 2246.00 2247.00 17002.00
20160409  00:02:00 2246.00 2247.00 2245.00 2246.00 7442.00
20160409  00:01:00 2248.00 2248.00 2246.00 2246.00 11144.00
20160409  00:00:00 2246.00 2248.00 2246.00 2248.00 46932.00
20160408  23:59:00 2245.00 2246.00 2244.00 2245.00 8356.00
20160408  23:58:00 2245.00 2246.00 2244.00 2244.00 17414.00
20160408  23:57:00 2243.00 2245.00 2243.00 2245.00 7438.00
20160408  23:56:00 2243.00 2244.00 2243.00 2243.00 12124.00
20160408  23:55:00 2244.00 2245.00 2243.00 2244.00 7048.00
20160408  23:54:00 2243.00 2245.00 2243.00 2244.00 10176.00
20160408  23:53:00 2243.00 2244.00 2243.00 2243.00 10356.00
20160408  23:52:00 2244.00 2245.00 2243.00 2243.00 6940.00
20160408  23:51:00 2243.00 2245.00 2243.00 2245.00 7952.00
20160408  23:50:00 2243.00 2244.00 2242.00 2244.00 20014.00
20160408  23:49:00 2244.00 2245.00 2242.00 2242.00 15550.00
20160408  23:48:00 2243.00 2245.00 2243.00 2244.00 29734.00
20160408  23:47:00 2245.00 2245.00 2243.00 2243.00 10270.00
20160408  23:46:00 2245.00 2245.00 2244.00 2245.00 3650.00
20160408  23:45:00 2244.00 2245.00 2244.00 2245.00 5854.00
20160408  23:44:00 2246.00 2247.00 2244.00 2245.00 31296.00
20160408  23:43:00 2245.00 2247.00 2245.00 2247.00 14542.00
20160408  23:42:00 2245.00 2246.00 2244.00 2246.00 12352.00
20160408  23:41:00 2245.00 2246.00 2244.00 2245.00 21742.00
20160408  23:40:00 2248.00 2249.00 2244.00 2244.00 44374.00
20160408  23:39:00 2247.00 2248.00 2246.00 2248.00 23714.00
20160408  23:38:00 2245.00 2248.00 2245.00 2247.00 51822.00
20160408  23:37:00 2244.00 2247.00 2243.00 2246.00 41234.00
20160408  23:36:00 2243.00 2244.00 2242.00 2244.00 13204.00
20160408  23:35:00 2243.00 2244.00 2242.00 2243.00 22110.00
20160408  23:34:00 2244.00 2244.00 2243.00 2243.00 14130.00
20160408  23:33:00 2247.00 2247.00 2243.00 2244.00 41122.00
20160408  23:32:00 2244.00 2247.00 2243.00 2247.00 68356.00
20160408  23:31:00 2243.00 2245.00 2243.00 2244.00 36098.00
20160408  23:30:00 2243.00 2244.00 2242.00 2244.00 33894.00
20160408  23:29:00 2242.00 2243.00 2241.00 2242.00 19266.00
20160408  23:28:00 2240.00 2242.00 2240.00 2242.00 17076.00
20160408  23:27:00 2239.00 2241.00 2239.00 2240.00 17744.00
20160408  23:26:00 2239.00 2240.00 2238.00 2239.00 13002.00
20160408  23:25:00 2241.00 2241.00 2239.00 2239.00 9482.00
20160408  23:24:00 2241.00 2241.00 2240.00 2241.00 3940.00
20160408  23:23:00 2242.00 2242.00 2240.00 2240.00 15232.00
20160408  23:22:00 2240.00 2243.00 2240.00 2242.00 18408.00
20160408  23:21:00 2241.00 2241.00 2240.00 2240.00 3226.00
20160408  23:20:00 2239.00 2241.00 2239.00 2240.00 14122.00
20160408  23:19:00 2240.00 2241.00 2239.00 2239.00 3594.00
20160408  23:18:00 2240.00 2241.00 2240.00 2240.00 3884.00
20160408  23:17:00 2240.00 2241.00 2239.00 2240.00 8176.00
20160408  23:16:00 2240.00 2240.00 2239.00 2240.00 8026.00
20160408  23:15:00 2238.00 2241.00 2238.00 2240.00 16130.00
20160408  23:14:00 2239.00 2240.00 2238.00 2239.00 8866.00
20160408  23:13:00 2239.00 2240.00 2239.00 2239.00 2426.00
20160408  23:12:00 2239.00 2240.00 2238.00 2239.00 13846.00
20160408  23:11:00 2242.00 2242.00 2239.00 2240.00 23512.00
20160408  23:10:00 2242.00 2243.00 2241.00 2242.00 17114.00
20160408  23:09:00 2242.00 2242.00 2241.00 2242.00 14484.00
20160408  23:08:00 2241.00 2243.00 2241.00 2241.00 23568.00
20160408  23:07:00 2241.00 2242.00 2240.00 2242.00 26062.00
20160408  23:06:00 2240.00 2241.00 2239.00 2240.00 10332.00
20160408  23:05:00 2239.00 2240.00 2239.00 2240.00 20458.00
20160408  23:04:00 2239.00 2240.00 2238.00 2240.00 5410.00
20160408  23:03:00 2239.00 2240.00 2238.00 2239.00 8046.00
20160408  23:02:00 2240.00 2240.00 2239.00 2239.00 5764.00
20160408  23:01:00 2239.00 2241.00 2239.00 2240.00 15408.00
20160408  23:00:00 2240.00 2241.00 2239.00 2239.00 22796.00
20160408  22:59:00 2238.00 2241.00 2237.00 2241.00 32750.00
20160408  22:58:00 2238.00 2238.00 2237.00 2238.00 2740.00
20160408  22:57:00 2237.00 2238.00 2237.00 2238.00 2216.00
20160408  22:56:00 2238.00 2238.00 2237.00 2237.00 9026.00
20160408  22:55:00 2236.00 2238.00 2236.00 2238.00 6992.00
20160408  22:54:00 2236.00 2237.00 2235.00 2236.00 18030.00
20160408  22:53:00 2237.00 2238.00 2236.00 2236.00 10446.00
20160408  22:52:00 2237.00 2238.00 2236.00 2237.00 8086.00
20160408  22:51:00 2238.00 2238.00 2236.00 2237.00 19006.00
20160408  22:50:00 2236.00 2237.00 2236.00 2237.00 7262.00
20160408  22:49:00 2238.00 2238.00 2236.00 2237.00 8138.00
20160408  22:48:00 2236.00 2238.00 2236.00 2238.00 19532.00
20160408  22:47:00 2239.00 2239.00 2236.00 2236.00 27964.00
20160408  22:46:00 2239.00 2241.00 2238.00 2238.00 37482.00
20160408  22:45:00 2239.00 2240.00 2238.00 2240.00 21602.00
20160408  22:44:00 2237.00 2239.00 2237.00 2239.00 9118.00
20160408  22:43:00 2238.00 2239.00 2237.00 2237.00 10256.00
20160408  22:42:00 2238.00 2239.00 2237.00 2238.00 25256.00
20160408  22:41:00 2236.00 2238.00 2236.00 2238.00 16428.00
20160408  22:40:00 2236.00 2237.00 2236.00 2236.00 7268.00
20160408  22:39:00 2235.00 2237.00 2235.00 2237.00 13702.00
20160408  22:38:00 2236.00 2236.00 2233.00 2235.00 56806.00
20160408  22:37:00 2237.00 2237.00 2235.00 2235.00 16706.00
20160408  22:36:00 2238.00 2238.00 2236.00 2237.00 19770.00
20160408  22:35:00 2239.00 2239.00 2237.00 2238.00 12322.00
20160408  22:34:00 2237.00 2239.00 2237.00 2239.00 9084.00
20160408  22:33:00 2238.00 2238.00 2237.00 2237.00 4398.00
20160408  22:32:00 2237.00 2238.00 2237.00 2238.00 16142.00
20160408  22:31:00 2238.00 2238.00 2237.00 2238.00 15520.00
20160408  22:30:00 2236.00 2239.00 2236.00 2237.00 25568.00
20160408  22:29:00 2236.00 2237.00 2236.00 2236.00 19024.00
20160408  22:28:00 2236.00 2237.00 2236.00 2237.00 28232.00
20160408  22:27:00 2238.00 2239.00 2236.00 2236.00 31268.00
20160408  22:26:00 2237.00 2239.00 2237.00 2238.00 31814.00
20160408  22:25:00 2239.00 2239.00 2237.00 2237.00 31526.00
20160408  22:24:00 2238.00 2239.00 2238.00 2239.00 16004.00
20160408  22:23:00 2239.00 2240.00 2238.00 2238.00 20992.00
20160408  22:22:00 2240.00 2241.00 2238.00 2239.00 19742.00
20160408  22:21:00 2239.00 2241.00 2239.00 2240.00 21226.00
20160408  22:20:00 2239.00 2240.00 2237.00 2240.00 40734.00
20160408  22:19:00 2239.00 2240.00 2238.00 2239.00 31722.00
20160408  22:18:00 2241.00 2242.00 2239.00 2239.00 28210.00
20160408  22:17:00 2242.00 2243.00 2239.00 2241.00 52296.00
20160408  22:16:00 2243.00 2245.00 2242.00 2242.00 30994.00
20160408  22:15:00 2242.00 2244.00 2242.00 2244.00 26478.00
20160408  22:14:00 2244.00 2244.00 2241.00 2242.00 50430.00
20160408  22:13:00 2239.00 2244.00 2238.00 2244.00 87766.00
20160408  22:12:00 2240.00 2240.00 2238.00 2239.00 18888.00
20160408  22:11:00 2237.00 2240.00 2237.00 2239.00 41722.00
20160408  22:10:00 2239.00 2240.00 2237.00 2238.00 21728.00
20160408  22:09:00 2237.00 2240.00 2237.00 2240.00 32636.00
20160408  22:08:00 2235.00 2239.00 2235.00 2238.00 34438.00
20160408  22:07:00 2234.00 2236.00 2234.00 2235.00 21630.00
20160408  22:06:00 2233.00 2235.00 2233.00 2235.00 12068.00
20160408  22:05:00 2236.00 2236.00 2233.00 2234.00 21092.00
20160408  22:04:00 2236.00 2237.00 2235.00 2235.00 12402.00
20160408  22:03:00 2235.00 2237.00 2235.00 2236.00 10774.00
20160408  22:02:00 2236.00 2237.00 2235.00 2235.00 17640.00
20160408  22:01:00 2237.00 2238.00 2236.00 2236.00 15580.00
20160408  22:00:00 2233.00 2238.00 2233.00 2238.00 34620.00
20160408  21:59:00 2234.00 2235.00 2233.00 2233.00 30926.00
20160408  21:58:00 2236.00 2237.00 2234.00 2234.00 31712.00
20160408  21:57:00 2237.00 2237.00 2236.00 2236.00 19700.00
20160408  21:56:00 2237.00 2238.00 2236.00 2237.00 20226.00
20160408  21:55:00 2236.00 2237.00 2236.00 2236.00 17026.00
20160408  21:54:00 2235.00 2237.00 2235.00 2236.00 25580.00
20160408  21:53:00 2235.00 2236.00 2235.00 2235.00 35000.00
20160408  21:52:00 2240.00 2240.00 2236.00 2236.00 56482.00
20160408  21:51:00 2237.00 2241.00 2236.00 2239.00 106068.00
20160408  21:50:00 2235.00 2237.00 2234.00 2237.00 36194.00
20160408  21:49:00 2235.00 2236.00 2235.00 2236.00 11962.00
20160408  21:48:00 2235.00 2236.00 2233.00 2235.00 30138.00
20160408  21:47:00 2235.00 2235.00 2233.00 2234.00 29444.00
20160408  21:46:00 2234.00 2235.00 2233.00 2235.00 47810.00
20160408  21:45:00 2233.00 2234.00 2232.00 2234.00 18986.00
20160408  21:44:00 2233.00 2233.00 2232.00 2233.00 5044.00
20160408  21:43:00 2233.00 2233.00 2232.00 2233.00 14616.00
20160408  21:42:00 2231.00 2233.00 2230.00 2232.00 20580.00
20160408  21:41:00 2230.00 2231.00 2229.00 2230.00 25966.00
20160408  21:40:00 2232.00 2233.00 2230.00 2231.00 36678.00
20160408  21:39:00 2232.00 2233.00 2231.00 2232.00 15224.00
20160408  21:38:00 2232.00 2233.00 2232.00 2232.00 19150.00
20160408  21:37:00 2233.00 2233.00 2231.00 2232.00 23750.00
20160408  21:36:00 2235.00 2235.00 2232.00 2233.00 39386.00
20160408  21:35:00 2234.00 2235.00 2233.00 2235.00 32348.00
20160408  21:34:00 2234.00 2235.00 2232.00 2233.00 30866.00
20160408  21:33:00 2234.00 2235.00 2233.00 2234.00 24700.00
20160408  21:32:00 2235.00 2236.00 2233.00 2235.00 45374.00
20160408  21:31:00 2232.00 2238.00 2232.00 2235.00 90228.00
20160408  21:30:00 2229.00 2232.00 2229.00 2232.00 92358.00
20160408  21:29:00 2226.00 2229.00 2226.00 2228.00 25544.00
20160408  21:28:00 2227.00 2228.00 2226.00 2226.00 15296.00
20160408  21:27:00 2228.00 2228.00 2227.00 2227.00 14466.00
20160408  21:26:00 2227.00 2229.00 2227.00 2227.00 31694.00
20160408  21:25:00 2227.00 2228.00 2226.00 2227.00 35322.00
20160408  21:24:00 2227.00 2228.00 2226.00 2227.00 23870.00
20160408  21:23:00 2226.00 2228.00 2225.00 2227.00 30670.00
20160408  21:22:00 2227.00 2228.00 2226.00 2226.00 23662.00
20160408  21:21:00 2229.00 2229.00 2227.00 2227.00 27722.00
20160408  21:20:00 2226.00 2230.00 2226.00 2229.00 84572.00
20160408  21:19:00 2225.00 2227.00 2224.00 2226.00 37838.00
20160408  21:18:00 2223.00 2225.00 2223.00 2224.00 44042.00
20160408  21:17:00 2223.00 2225.00 2222.00 2224.00 32676.00
20160408  21:16:00 2223.00 2224.00 2222.00 2222.00 24656.00
20160408  21:15:00 2226.00 2227.00 2223.00 2224.00 44666.00
20160408  21:14:00 2225.00 2226.00 2224.00 2226.00 34754.00
20160408  21:13:00 2222.00 2225.00 2222.00 2224.00 32130.00
20160408  21:12:00 2223.00 2224.00 2222.00 2223.00 39734.00
20160408  21:11:00 2225.00 2226.00 2223.00 2223.00 38082.00
20160408  21:10:00 2223.00 2226.00 2223.00 2225.00 50454.00
20160408  21:09:00 2226.00 2226.00 2223.00 2223.00 47202.00
20160408  21:08:00 2225.00 2228.00 2224.00 2226.00 88304.00
20160408  21:07:00 2219.00 2225.00 2218.00 2225.00 107200.00
20160408  21:06:00 2220.00 2220.00 2218.00 2219.00 52430.00
20160408  21:05:00 2215.00 2221.00 2215.00 2220.00 93074.00
20160408  21:04:00 2217.00 2217.00 2214.00 2215.00 45474.00
20160408  21:03:00 2215.00 2217.00 2213.00 2216.00 69434.00
20160408  21:02:00 2206.00 2222.00 2206.00 2216.00 144344.00
20160408  21:01:00 2206.00 2208.00 2204.00 2206.00 62532.00
20160408  21:00:00 2202.00 2214.00 2199.00 2205.00 184900.00
