20161226  15:00:00 2922.00 2922.00 2922.00 2922.00 362.00
20161226  14:59:00 2917.00 2923.00 2915.00 2922.00 25314.00
20161226  14:58:00 2915.00 2919.00 2912.00 2917.00 15852.00
20161226  14:57:00 2921.00 2922.00 2913.00 2916.00 18444.00
20161226  14:56:00 2920.00 2921.00 2916.00 2921.00 9628.00
20161226  14:55:00 2919.00 2921.00 2913.00 2919.00 13212.00
20161226  14:54:00 2920.00 2921.00 2916.00 2919.00 10018.00
20161226  14:53:00 2910.00 2922.00 2908.00 2920.00 23218.00
20161226  14:52:00 2908.00 2910.00 2906.00 2909.00 4808.00
20161226  14:51:00 2908.00 2908.00 2903.00 2908.00 5958.00
20161226  14:50:00 2904.00 2909.00 2904.00 2907.00 9070.00
20161226  14:49:00 2909.00 2913.00 2903.00 2903.00 12764.00
20161226  14:48:00 2920.00 2920.00 2910.00 2910.00 9158.00
20161226  14:47:00 2910.00 2921.00 2910.00 2920.00 20822.00
20161226  14:46:00 2911.00 2912.00 2908.00 2910.00 6398.00
20161226  14:45:00 2907.00 2912.00 2906.00 2912.00 6116.00
20161226  14:44:00 2905.00 2909.00 2904.00 2909.00 8370.00
20161226  14:43:00 2907.00 2908.00 2904.00 2904.00 6974.00
20161226  14:42:00 2909.00 2910.00 2906.00 2907.00 5496.00
20161226  14:41:00 2913.00 2913.00 2908.00 2909.00 4038.00
20161226  14:40:00 2908.00 2914.00 2907.00 2914.00 6794.00
20161226  14:39:00 2911.00 2911.00 2907.00 2908.00 4184.00
20161226  14:38:00 2910.00 2913.00 2909.00 2912.00 4120.00
20161226  14:37:00 2906.00 2913.00 2906.00 2910.00 8098.00
20161226  14:36:00 2909.00 2911.00 2903.00 2907.00 13608.00
20161226  14:35:00 2912.00 2913.00 2908.00 2909.00 5364.00
20161226  14:34:00 2911.00 2914.00 2909.00 2912.00 5856.00
20161226  14:33:00 2911.00 2914.00 2908.00 2910.00 7908.00
20161226  14:32:00 2916.00 2917.00 2909.00 2910.00 14100.00
20161226  14:31:00 2919.00 2920.00 2916.00 2917.00 4598.00
20161226  14:30:00 2922.00 2925.00 2915.00 2919.00 10662.00
20161226  14:29:00 2914.00 2922.00 2914.00 2922.00 4828.00
20161226  14:28:00 2919.00 2921.00 2913.00 2914.00 4242.00
20161226  14:27:00 2921.00 2923.00 2918.00 2919.00 7220.00
20161226  14:26:00 2916.00 2921.00 2915.00 2920.00 5110.00
20161226  14:25:00 2920.00 2921.00 2916.00 2916.00 3082.00
20161226  14:24:00 2916.00 2922.00 2915.00 2921.00 10840.00
20161226  14:23:00 2910.00 2916.00 2908.00 2916.00 3822.00
20161226  14:22:00 2909.00 2914.00 2908.00 2910.00 4346.00
20161226  14:21:00 2912.00 2912.00 2905.00 2909.00 10542.00
20161226  14:20:00 2911.00 2913.00 2911.00 2912.00 3092.00
20161226  14:19:00 2909.00 2914.00 2909.00 2911.00 4240.00
20161226  14:18:00 2908.00 2911.00 2908.00 2909.00 6742.00
20161226  14:17:00 2917.00 2917.00 2905.00 2909.00 14428.00
20161226  14:16:00 2924.00 2924.00 2915.00 2915.00 5122.00
20161226  14:15:00 2916.00 2924.00 2916.00 2924.00 11508.00
20161226  14:14:00 2916.00 2918.00 2915.00 2916.00 6476.00
20161226  14:13:00 2915.00 2917.00 2913.00 2917.00 7120.00
20161226  14:12:00 2918.00 2920.00 2914.00 2915.00 8736.00
20161226  14:11:00 2918.00 2919.00 2916.00 2919.00 4676.00
20161226  14:10:00 2920.00 2921.00 2916.00 2918.00 7934.00
20161226  14:09:00 2924.00 2925.00 2918.00 2920.00 6672.00
20161226  14:08:00 2920.00 2925.00 2919.00 2925.00 5018.00
20161226  14:07:00 2922.00 2923.00 2916.00 2920.00 10458.00
20161226  14:06:00 2922.00 2930.00 2922.00 2923.00 17976.00
20161226  14:05:00 2924.00 2927.00 2920.00 2922.00 22758.00
20161226  14:04:00 2914.00 2924.00 2914.00 2924.00 23300.00
20161226  14:03:00 2914.00 2916.00 2910.00 2915.00 7834.00
20161226  14:02:00 2917.00 2918.00 2912.00 2914.00 7576.00
20161226  14:01:00 2911.00 2919.00 2911.00 2917.00 16926.00
20161226  14:00:00 2909.00 2913.00 2908.00 2910.00 12220.00
20161226  13:59:00 2904.00 2910.00 2904.00 2909.00 5358.00
20161226  13:58:00 2903.00 2904.00 2901.00 2904.00 2816.00
20161226  13:57:00 2903.00 2903.00 2901.00 2901.00 3744.00
20161226  13:56:00 2904.00 2905.00 2903.00 2903.00 2478.00
20161226  13:55:00 2901.00 2904.00 2901.00 2904.00 4676.00
20161226  13:54:00 2907.00 2907.00 2900.00 2902.00 8802.00
20161226  13:53:00 2911.00 2912.00 2906.00 2907.00 6236.00
20161226  13:52:00 2908.00 2915.00 2906.00 2911.00 9834.00
20161226  13:51:00 2909.00 2912.00 2907.00 2908.00 15308.00
20161226  13:50:00 2902.00 2909.00 2901.00 2909.00 8930.00
20161226  13:49:00 2903.00 2903.00 2900.00 2902.00 5460.00
20161226  13:48:00 2904.00 2904.00 2901.00 2903.00 4906.00
20161226  13:47:00 2902.00 2907.00 2901.00 2903.00 9882.00
20161226  13:46:00 2896.00 2902.00 2896.00 2902.00 7348.00
20161226  13:45:00 2892.00 2897.00 2892.00 2896.00 8052.00
20161226  13:44:00 2894.00 2895.00 2889.00 2893.00 8564.00
20161226  13:43:00 2894.00 2896.00 2891.00 2894.00 6056.00
20161226  13:42:00 2893.00 2897.00 2892.00 2894.00 9342.00
20161226  13:41:00 2898.00 2901.00 2893.00 2894.00 8824.00
20161226  13:40:00 2906.00 2907.00 2898.00 2898.00 7972.00
20161226  13:39:00 2901.00 2906.00 2899.00 2906.00 9726.00
20161226  13:38:00 2901.00 2901.00 2899.00 2901.00 3054.00
20161226  13:37:00 2898.00 2901.00 2897.00 2898.00 7812.00
20161226  13:36:00 2900.00 2901.00 2897.00 2897.00 9422.00
20161226  13:35:00 2900.00 2902.00 2897.00 2900.00 10020.00
20161226  13:34:00 2901.00 2904.00 2899.00 2901.00 8528.00
20161226  13:33:00 2903.00 2904.00 2900.00 2902.00 12648.00
20161226  13:32:00 2910.00 2910.00 2902.00 2903.00 7630.00
20161226  13:31:00 2906.00 2910.00 2904.00 2910.00 11750.00
20161226  13:30:00 2910.00 2916.00 2904.00 2905.00 25466.00
20161226  11:29:00 2919.00 2922.00 2910.00 2911.00 25254.00
20161226  11:28:00 2929.00 2934.00 2919.00 2921.00 47924.00
20161226  11:27:00 2909.00 2929.00 2909.00 2928.00 54612.00
20161226  11:26:00 2906.00 2913.00 2905.00 2910.00 40092.00
20161226  11:25:00 2896.00 2905.00 2896.00 2905.00 23374.00
20161226  11:24:00 2890.00 2897.00 2890.00 2896.00 10244.00
20161226  11:23:00 2893.00 2896.00 2889.00 2890.00 13044.00
20161226  11:22:00 2897.00 2905.00 2890.00 2891.00 25228.00
20161226  11:21:00 2895.00 2898.00 2889.00 2898.00 14060.00
20161226  11:20:00 2890.00 2903.00 2887.00 2895.00 36370.00
20161226  11:19:00 2888.00 2892.00 2883.00 2892.00 18478.00
20161226  11:18:00 2882.00 2888.00 2880.00 2888.00 13982.00
20161226  11:17:00 2872.00 2884.00 2872.00 2882.00 8972.00
20161226  11:16:00 2879.00 2879.00 2872.00 2873.00 4944.00
20161226  11:15:00 2883.00 2883.00 2878.00 2879.00 7918.00
20161226  11:14:00 2878.00 2885.00 2878.00 2883.00 13462.00
20161226  11:13:00 2878.00 2881.00 2875.00 2878.00 7946.00
20161226  11:12:00 2870.00 2884.00 2870.00 2879.00 17186.00
20161226  11:11:00 2876.00 2878.00 2869.00 2870.00 8890.00
20161226  11:10:00 2876.00 2878.00 2870.00 2876.00 12886.00
20161226  11:09:00 2856.00 2881.00 2855.00 2876.00 31718.00
20161226  11:08:00 2862.00 2862.00 2846.00 2857.00 31946.00
20161226  11:07:00 2875.00 2875.00 2850.00 2861.00 37780.00
20161226  11:06:00 2864.00 2875.00 2857.00 2875.00 27234.00
20161226  11:05:00 2875.00 2875.00 2862.00 2865.00 14918.00
20161226  11:04:00 2869.00 2877.00 2868.00 2875.00 6894.00
20161226  11:03:00 2874.00 2874.00 2867.00 2869.00 12864.00
20161226  11:02:00 2879.00 2879.00 2868.00 2874.00 12048.00
20161226  11:01:00 2877.00 2884.00 2877.00 2878.00 6760.00
20161226  11:00:00 2878.00 2878.00 2872.00 2877.00 9408.00
20161226  10:59:00 2877.00 2880.00 2877.00 2878.00 4190.00
20161226  10:58:00 2880.00 2880.00 2875.00 2878.00 5774.00
20161226  10:57:00 2884.00 2885.00 2878.00 2881.00 5400.00
20161226  10:56:00 2880.00 2888.00 2880.00 2884.00 10756.00
20161226  10:55:00 2880.00 2885.00 2879.00 2880.00 9708.00
20161226  10:54:00 2876.00 2882.00 2874.00 2880.00 8412.00
20161226  10:53:00 2879.00 2880.00 2872.00 2875.00 17128.00
20161226  10:52:00 2882.00 2884.00 2878.00 2878.00 6594.00
20161226  10:51:00 2880.00 2883.00 2878.00 2882.00 8270.00
20161226  10:50:00 2890.00 2891.00 2878.00 2879.00 14518.00
20161226  10:49:00 2889.00 2891.00 2888.00 2890.00 4648.00
20161226  10:48:00 2887.00 2891.00 2886.00 2889.00 6866.00
20161226  10:47:00 2891.00 2892.00 2885.00 2886.00 11856.00
20161226  10:46:00 2893.00 2895.00 2889.00 2891.00 12924.00
20161226  10:45:00 2897.00 2897.00 2893.00 2894.00 7780.00
20161226  10:44:00 2898.00 2900.00 2893.00 2898.00 10008.00
20161226  10:43:00 2893.00 2898.00 2892.00 2897.00 9780.00
20161226  10:42:00 2894.00 2897.00 2893.00 2893.00 6778.00
20161226  10:41:00 2896.00 2896.00 2892.00 2895.00 9978.00
20161226  10:40:00 2901.00 2903.00 2892.00 2896.00 18646.00
20161226  10:39:00 2894.00 2904.00 2891.00 2902.00 30704.00
20161226  10:38:00 2887.00 2894.00 2887.00 2894.00 10772.00
20161226  10:37:00 2889.00 2890.00 2884.00 2888.00 9436.00
20161226  10:36:00 2895.00 2897.00 2887.00 2889.00 17994.00
20161226  10:35:00 2892.00 2895.00 2885.00 2895.00 23596.00
20161226  10:34:00 2884.00 2895.00 2882.00 2891.00 30142.00
20161226  10:33:00 2879.00 2889.00 2879.00 2886.00 30432.00
20161226  10:32:00 2865.00 2879.00 2863.00 2878.00 23852.00
20161226  10:31:00 2858.00 2868.00 2857.00 2866.00 23180.00
20161226  10:30:00 2862.00 2862.00 2853.00 2857.00 70772.00
20161226  10:14:00 2864.00 2869.00 2861.00 2862.00 28686.00
20161226  10:13:00 2873.00 2873.00 2863.00 2865.00 22776.00
20161226  10:12:00 2875.00 2875.00 2867.00 2873.00 19074.00
20161226  10:11:00 2882.00 2882.00 2874.00 2876.00 13234.00
20161226  10:10:00 2881.00 2884.00 2877.00 2882.00 9366.00
20161226  10:09:00 2885.00 2886.00 2880.00 2881.00 8254.00
20161226  10:08:00 2886.00 2888.00 2882.00 2885.00 4132.00
20161226  10:07:00 2888.00 2890.00 2885.00 2885.00 3394.00
20161226  10:06:00 2887.00 2888.00 2883.00 2887.00 5770.00
20161226  10:05:00 2887.00 2890.00 2886.00 2887.00 3074.00
20161226  10:04:00 2892.00 2892.00 2886.00 2887.00 4280.00
20161226  10:03:00 2891.00 2893.00 2889.00 2892.00 3068.00
20161226  10:02:00 2892.00 2895.00 2888.00 2891.00 8742.00
20161226  10:01:00 2887.00 2893.00 2886.00 2892.00 5008.00
20161226  10:00:00 2883.00 2890.00 2878.00 2887.00 16074.00
20161226  09:59:00 2886.00 2889.00 2883.00 2883.00 9220.00
20161226  09:58:00 2886.00 2889.00 2885.00 2886.00 5396.00
20161226  09:57:00 2889.00 2891.00 2886.00 2886.00 7550.00
20161226  09:56:00 2888.00 2895.00 2887.00 2889.00 6844.00
20161226  09:55:00 2896.00 2901.00 2886.00 2887.00 21118.00
20161226  09:54:00 2887.00 2897.00 2885.00 2897.00 9488.00
20161226  09:53:00 2888.00 2889.00 2883.00 2887.00 7452.00
20161226  09:52:00 2894.00 2895.00 2886.00 2889.00 7656.00
20161226  09:51:00 2888.00 2894.00 2888.00 2894.00 9308.00
20161226  09:50:00 2886.00 2889.00 2878.00 2888.00 12950.00
20161226  09:49:00 2893.00 2893.00 2885.00 2887.00 10554.00
20161226  09:48:00 2894.00 2897.00 2884.00 2892.00 16306.00
20161226  09:47:00 2888.00 2895.00 2885.00 2894.00 12486.00
20161226  09:46:00 2889.00 2891.00 2884.00 2887.00 8136.00
20161226  09:45:00 2891.00 2899.00 2887.00 2889.00 28820.00
20161226  09:44:00 2884.00 2893.00 2882.00 2891.00 24812.00
20161226  09:43:00 2877.00 2885.00 2876.00 2884.00 9498.00
20161226  09:42:00 2885.00 2887.00 2875.00 2876.00 12750.00
20161226  09:41:00 2882.00 2887.00 2882.00 2886.00 19022.00
20161226  09:40:00 2883.00 2884.00 2878.00 2881.00 16082.00
20161226  09:39:00 2878.00 2885.00 2875.00 2882.00 24488.00
20161226  09:38:00 2868.00 2879.00 2865.00 2878.00 21760.00
20161226  09:37:00 2862.00 2871.00 2860.00 2868.00 41802.00
20161226  09:36:00 2874.00 2875.00 2862.00 2862.00 53818.00
20161226  09:35:00 2881.00 2886.00 2875.00 2875.00 32624.00
20161226  09:34:00 2892.00 2892.00 2881.00 2881.00 37562.00
20161226  09:33:00 2894.00 2903.00 2893.00 2893.00 18192.00
20161226  09:32:00 2903.00 2903.00 2890.00 2893.00 31968.00
20161226  09:31:00 2905.00 2907.00 2901.00 2905.00 8502.00
20161226  09:30:00 2897.00 2908.00 2894.00 2904.00 29382.00
20161226  09:29:00 2903.00 2909.00 2896.00 2896.00 21616.00
20161226  09:28:00 2903.00 2904.00 2897.00 2903.00 44310.00
20161226  09:27:00 2911.00 2911.00 2901.00 2903.00 41136.00
20161226  09:26:00 2914.00 2915.00 2908.00 2911.00 13610.00
20161226  09:25:00 2917.00 2920.00 2905.00 2915.00 36214.00
20161226  09:24:00 2925.00 2925.00 2917.00 2918.00 10306.00
20161226  09:23:00 2926.00 2926.00 2918.00 2924.00 10362.00
20161226  09:22:00 2927.00 2927.00 2920.00 2926.00 11044.00
20161226  09:21:00 2931.00 2932.00 2924.00 2926.00 17716.00
20161226  09:20:00 2917.00 2931.00 2915.00 2931.00 23474.00
20161226  09:19:00 2922.00 2926.00 2916.00 2917.00 20774.00
20161226  09:18:00 2912.00 2925.00 2911.00 2924.00 31142.00
20161226  09:17:00 2918.00 2920.00 2908.00 2911.00 58646.00
20161226  09:16:00 2928.00 2932.00 2920.00 2920.00 33332.00
20161226  09:15:00 2933.00 2933.00 2922.00 2927.00 48520.00
20161226  09:14:00 2940.00 2941.00 2934.00 2934.00 20682.00
20161226  09:13:00 2943.00 2943.00 2937.00 2939.00 26062.00
20161226  09:12:00 2949.00 2950.00 2942.00 2942.00 13120.00
20161226  09:11:00 2946.00 2950.00 2944.00 2949.00 15066.00
20161226  09:10:00 2944.00 2946.00 2938.00 2945.00 38142.00
20161226  09:09:00 2945.00 2952.00 2942.00 2945.00 25922.00
20161226  09:08:00 2958.00 2960.00 2941.00 2945.00 42584.00
20161226  09:07:00 2970.00 2970.00 2958.00 2958.00 17456.00
20161226  09:06:00 2976.00 2977.00 2970.00 2970.00 14526.00
20161226  09:05:00 2964.00 2976.00 2964.00 2976.00 31584.00
20161226  09:04:00 2972.00 2972.00 2961.00 2964.00 16376.00
20161226  09:03:00 2964.00 2972.00 2962.00 2971.00 21946.00
20161226  09:02:00 2956.00 2964.00 2955.00 2963.00 23658.00
20161226  09:01:00 2971.00 2971.00 2952.00 2956.00 40786.00
20161226  09:00:00 2970.00 2975.00 2955.00 2971.00 88332.00
20161223  23:00:00 2977.00 2977.00 2977.00 2977.00 256.00
20161223  22:59:00 2982.00 2984.00 2976.00 2978.00 30332.00
20161223  22:58:00 2982.00 2985.00 2981.00 2983.00 6820.00
20161223  22:57:00 2982.00 2983.00 2980.00 2983.00 9390.00
20161223  22:56:00 2984.00 2986.00 2980.00 2981.00 6960.00
20161223  22:55:00 2989.00 2989.00 2983.00 2985.00 5938.00
20161223  22:54:00 2986.00 2991.00 2986.00 2988.00 5808.00
20161223  22:53:00 2986.00 2989.00 2985.00 2986.00 4192.00
20161223  22:52:00 2989.00 2992.00 2984.00 2986.00 11352.00
20161223  22:51:00 2983.00 2989.00 2981.00 2989.00 7692.00
20161223  22:50:00 2978.00 2985.00 2978.00 2984.00 8280.00
20161223  22:49:00 2981.00 2982.00 2977.00 2978.00 9678.00
20161223  22:48:00 2982.00 2985.00 2981.00 2982.00 5720.00
20161223  22:47:00 2980.00 2982.00 2978.00 2982.00 14942.00
20161223  22:46:00 2988.00 2989.00 2978.00 2981.00 26492.00
20161223  22:45:00 2987.00 2989.00 2986.00 2988.00 2318.00
20161223  22:44:00 2987.00 2989.00 2987.00 2988.00 2936.00
20161223  22:43:00 2987.00 2989.00 2985.00 2987.00 3634.00
20161223  22:42:00 2992.00 2992.00 2987.00 2987.00 3290.00
20161223  22:41:00 2988.00 2992.00 2988.00 2991.00 5090.00
20161223  22:40:00 2988.00 2990.00 2985.00 2988.00 10634.00
20161223  22:39:00 2988.00 2990.00 2987.00 2988.00 2484.00
20161223  22:38:00 2986.00 2989.00 2986.00 2988.00 6418.00
20161223  22:37:00 2992.00 2993.00 2986.00 2986.00 9662.00
20161223  22:36:00 2990.00 2994.00 2989.00 2993.00 5368.00
20161223  22:35:00 2995.00 2996.00 2989.00 2989.00 11052.00
20161223  22:34:00 2991.00 2996.00 2991.00 2996.00 5300.00
20161223  22:33:00 2989.00 2992.00 2989.00 2992.00 2388.00
20161223  22:32:00 2989.00 2991.00 2989.00 2990.00 2822.00
20161223  22:31:00 2994.00 2994.00 2989.00 2989.00 5482.00
20161223  22:30:00 2991.00 2995.00 2990.00 2994.00 7008.00
20161223  22:29:00 2989.00 2993.00 2988.00 2991.00 6862.00
20161223  22:28:00 2989.00 2990.00 2986.00 2989.00 15144.00
20161223  22:27:00 2991.00 2992.00 2989.00 2989.00 6638.00
20161223  22:26:00 2990.00 2993.00 2989.00 2991.00 11036.00
20161223  22:25:00 2995.00 2996.00 2989.00 2989.00 10486.00
20161223  22:24:00 2994.00 2996.00 2993.00 2994.00 2716.00
20161223  22:23:00 2994.00 2996.00 2993.00 2995.00 4242.00
20161223  22:22:00 2996.00 2996.00 2992.00 2994.00 4486.00
20161223  22:21:00 2989.00 2996.00 2989.00 2996.00 8794.00
20161223  22:20:00 2997.00 2997.00 2989.00 2990.00 13602.00
20161223  22:19:00 2996.00 2997.00 2994.00 2996.00 3280.00
20161223  22:18:00 2995.00 2997.00 2992.00 2995.00 5646.00
20161223  22:17:00 3000.00 3000.00 2991.00 2994.00 20324.00
20161223  22:16:00 3000.00 3001.00 2997.00 3000.00 4452.00
20161223  22:15:00 3005.00 3005.00 2996.00 2999.00 11206.00
20161223  22:14:00 3011.00 3012.00 3003.00 3005.00 6066.00
20161223  22:13:00 3006.00 3013.00 3006.00 3011.00 13278.00
20161223  22:12:00 3004.00 3007.00 3001.00 3007.00 4346.00
20161223  22:11:00 3006.00 3007.00 3003.00 3003.00 2942.00
20161223  22:10:00 3005.00 3006.00 3004.00 3006.00 2894.00
20161223  22:09:00 3005.00 3006.00 3003.00 3005.00 3976.00
20161223  22:08:00 3005.00 3006.00 3004.00 3005.00 6138.00
20161223  22:07:00 2999.00 3005.00 2999.00 3005.00 7346.00
20161223  22:06:00 2999.00 3000.00 2998.00 3000.00 3064.00
20161223  22:05:00 3000.00 3001.00 2998.00 3000.00 4210.00
20161223  22:04:00 2996.00 3001.00 2995.00 3001.00 8668.00
20161223  22:03:00 3000.00 3002.00 2995.00 2995.00 16834.00
20161223  22:02:00 3005.00 3006.00 3000.00 3001.00 5296.00
20161223  22:01:00 3003.00 3005.00 3003.00 3005.00 3338.00
20161223  22:00:00 3002.00 3005.00 3001.00 3004.00 6544.00
20161223  21:59:00 3004.00 3005.00 3000.00 3001.00 11276.00
20161223  21:58:00 3004.00 3006.00 3003.00 3004.00 7832.00
20161223  21:57:00 3007.00 3008.00 3003.00 3004.00 8666.00
20161223  21:56:00 3008.00 3009.00 3005.00 3007.00 10702.00
20161223  21:55:00 3011.00 3011.00 3007.00 3007.00 8242.00
20161223  21:54:00 3010.00 3013.00 3010.00 3011.00 2800.00
20161223  21:53:00 3009.00 3010.00 3008.00 3010.00 8116.00
20161223  21:52:00 3014.00 3014.00 3008.00 3009.00 10930.00
20161223  21:51:00 3014.00 3015.00 3013.00 3013.00 3128.00
20161223  21:50:00 3015.00 3016.00 3013.00 3013.00 3314.00
20161223  21:49:00 3016.00 3018.00 3013.00 3014.00 6514.00
20161223  21:48:00 3012.00 3018.00 3010.00 3017.00 14440.00
20161223  21:47:00 3009.00 3012.00 3009.00 3012.00 9522.00
20161223  21:46:00 3014.00 3015.00 3009.00 3009.00 11038.00
20161223  21:45:00 3017.00 3018.00 3012.00 3014.00 10542.00
20161223  21:44:00 3012.00 3017.00 3012.00 3017.00 8684.00
20161223  21:43:00 3012.00 3014.00 3011.00 3012.00 6268.00
20161223  21:42:00 3014.00 3015.00 3011.00 3011.00 7952.00
20161223  21:41:00 3011.00 3018.00 3011.00 3014.00 26548.00
20161223  21:40:00 3007.00 3011.00 3007.00 3011.00 5870.00
20161223  21:39:00 3012.00 3012.00 3007.00 3007.00 7476.00
20161223  21:38:00 3009.00 3012.00 3007.00 3012.00 9200.00
20161223  21:37:00 3005.00 3012.00 3004.00 3010.00 24966.00
20161223  21:36:00 3002.00 3005.00 3001.00 3004.00 3470.00
20161223  21:35:00 3007.00 3008.00 3002.00 3002.00 5844.00
20161223  21:34:00 3003.00 3008.00 3002.00 3008.00 6438.00
20161223  21:33:00 3004.00 3006.00 3003.00 3004.00 6256.00
20161223  21:32:00 3001.00 3005.00 3000.00 3004.00 10064.00
20161223  21:31:00 3000.00 3001.00 2998.00 3000.00 3306.00
20161223  21:30:00 2999.00 3002.00 2998.00 3000.00 11532.00
20161223  21:29:00 2995.00 2999.00 2995.00 2999.00 6626.00
20161223  21:28:00 3001.00 3001.00 2994.00 2995.00 11108.00
20161223  21:27:00 2998.00 3002.00 2998.00 3001.00 6764.00
20161223  21:26:00 2997.00 3000.00 2997.00 2998.00 6408.00
20161223  21:25:00 3001.00 3002.00 2997.00 2998.00 5988.00
20161223  21:24:00 2999.00 3003.00 2998.00 3001.00 8278.00
20161223  21:23:00 3004.00 3005.00 2998.00 3000.00 13496.00
20161223  21:22:00 3004.00 3006.00 3002.00 3005.00 6202.00
20161223  21:21:00 3004.00 3009.00 3002.00 3003.00 8250.00
20161223  21:20:00 3009.00 3010.00 3004.00 3004.00 12824.00
20161223  21:19:00 3004.00 3009.00 3003.00 3009.00 17816.00
20161223  21:18:00 3003.00 3004.00 3000.00 3004.00 9124.00
20161223  21:17:00 3002.00 3004.00 3001.00 3003.00 9474.00
20161223  21:16:00 3005.00 3006.00 3003.00 3003.00 8796.00
20161223  21:15:00 3007.00 3010.00 3003.00 3005.00 23766.00
20161223  21:14:00 3003.00 3009.00 3001.00 3008.00 18282.00
20161223  21:13:00 3002.00 3005.00 3001.00 3003.00 18984.00
20161223  21:12:00 3000.00 3004.00 2996.00 3002.00 18884.00
20161223  21:11:00 2996.00 3000.00 2995.00 3000.00 20258.00
20161223  21:10:00 2992.00 2996.00 2992.00 2995.00 15920.00
20161223  21:09:00 2989.00 2993.00 2988.00 2992.00 10492.00
20161223  21:08:00 2989.00 2991.00 2988.00 2989.00 8136.00
20161223  21:07:00 2994.00 2994.00 2987.00 2989.00 11202.00
20161223  21:06:00 2995.00 2997.00 2992.00 2993.00 13720.00
20161223  21:05:00 2986.00 2997.00 2985.00 2995.00 20970.00
20161223  21:04:00 2988.00 2988.00 2984.00 2985.00 10524.00
20161223  21:03:00 2988.00 2989.00 2986.00 2987.00 13802.00
20161223  21:02:00 2982.00 2990.00 2982.00 2989.00 15884.00
20161223  21:01:00 2980.00 2987.00 2978.00 2982.00 22586.00
20161223  21:00:00 2973.00 2982.00 2973.00 2980.00 37230.00
