20160704  21:00:00 2429.00 2430.00 2411.00 2423.00 53310.00
20160704  21:01:00 2423.00 2424.00 2419.00 2422.00 23198.00
20160704  21:02:00 2422.00 2427.00 2422.00 2427.00 20172.00
20160704  21:03:00 2427.00 2434.00 2426.00 2433.00 36658.00
20160704  21:04:00 2433.00 2448.00 2433.00 2447.00 64930.00
20160704  21:05:00 2447.00 2453.00 2442.00 2444.00 51396.00
20160704  21:06:00 2444.00 2448.00 2442.00 2445.00 33264.00
20160704  21:07:00 2445.00 2445.00 2435.00 2440.00 41870.00
20160704  21:08:00 2440.00 2447.00 2440.00 2445.00 24202.00
20160704  21:09:00 2445.00 2447.00 2442.00 2446.00 29034.00
20160704  21:10:00 2446.00 2452.00 2445.00 2447.00 49312.00
20160704  21:11:00 2446.00 2448.00 2445.00 2447.00 19968.00
20160704  21:12:00 2447.00 2452.00 2445.00 2448.00 28104.00
20160704  21:13:00 2447.00 2450.00 2444.00 2444.00 30038.00
20160704  21:14:00 2444.00 2445.00 2442.00 2444.00 24668.00
20160704  21:15:00 2443.00 2444.00 2435.00 2438.00 47072.00
20160704  21:16:00 2437.00 2441.00 2437.00 2438.00 18530.00
20160704  21:17:00 2439.00 2439.00 2432.00 2432.00 30878.00
20160704  21:18:00 2433.00 2438.00 2432.00 2437.00 22230.00
20160704  21:19:00 2437.00 2438.00 2434.00 2437.00 17718.00
20160704  21:20:00 2436.00 2439.00 2436.00 2438.00 17874.00
20160704  21:21:00 2438.00 2443.00 2438.00 2443.00 20388.00
20160704  21:22:00 2443.00 2443.00 2438.00 2438.00 20504.00
20160704  21:23:00 2438.00 2441.00 2438.00 2441.00 5904.00
20160704  21:24:00 2441.00 2441.00 2437.00 2440.00 9212.00
20160704  21:25:00 2439.00 2441.00 2439.00 2441.00 6204.00
20160704  21:26:00 2440.00 2446.00 2440.00 2445.00 26578.00
20160704  21:27:00 2444.00 2447.00 2443.00 2446.00 21756.00
20160704  21:28:00 2446.00 2447.00 2444.00 2444.00 13858.00
20160704  21:29:00 2445.00 2447.00 2444.00 2444.00 11462.00
20160704  21:30:00 2444.00 2445.00 2437.00 2439.00 20664.00
20160704  21:31:00 2439.00 2442.00 2439.00 2442.00 8092.00
20160704  21:32:00 2442.00 2442.00 2439.00 2441.00 11338.00
20160704  21:33:00 2440.00 2441.00 2435.00 2436.00 23820.00
20160704  21:34:00 2436.00 2439.00 2435.00 2436.00 12618.00
20160704  21:35:00 2436.00 2438.00 2433.00 2434.00 19392.00
20160704  21:36:00 2434.00 2437.00 2434.00 2437.00 8006.00
20160704  21:37:00 2438.00 2439.00 2437.00 2438.00 10634.00
20160704  21:38:00 2438.00 2439.00 2436.00 2436.00 3930.00
20160704  21:39:00 2436.00 2437.00 2427.00 2430.00 47020.00
20160704  21:40:00 2429.00 2436.00 2429.00 2436.00 20692.00
20160704  21:41:00 2436.00 2436.00 2432.00 2435.00 15176.00
20160704  21:42:00 2434.00 2436.00 2430.00 2433.00 17664.00
20160704  21:43:00 2433.00 2433.00 2429.00 2430.00 12036.00
20160704  21:44:00 2430.00 2432.00 2428.00 2428.00 19292.00
20160704  21:45:00 2428.00 2428.00 2421.00 2426.00 40836.00
20160704  21:46:00 2426.00 2427.00 2425.00 2427.00 11412.00
20160704  21:47:00 2428.00 2432.00 2427.00 2431.00 21296.00
20160704  21:48:00 2431.00 2432.00 2428.00 2432.00 11716.00
20160704  21:49:00 2432.00 2433.00 2429.00 2430.00 9428.00
20160704  21:50:00 2429.00 2430.00 2427.00 2427.00 13454.00
20160704  21:51:00 2427.00 2430.00 2427.00 2429.00 7306.00
20160704  21:52:00 2430.00 2431.00 2429.00 2429.00 10648.00
20160704  21:53:00 2429.00 2430.00 2427.00 2427.00 10376.00
20160704  21:54:00 2427.00 2430.00 2425.00 2428.00 11300.00
20160704  21:55:00 2428.00 2428.00 2423.00 2423.00 16882.00
20160704  21:56:00 2424.00 2426.00 2423.00 2424.00 15132.00
20160704  21:57:00 2424.00 2424.00 2413.00 2417.00 55692.00
20160704  21:58:00 2417.00 2420.00 2414.00 2416.00 34218.00
20160704  21:59:00 2416.00 2417.00 2407.00 2407.00 53196.00
20160704  22:00:00 2407.00 2411.00 2406.00 2409.00 60162.00
20160704  22:01:00 2408.00 2411.00 2407.00 2411.00 26024.00
20160704  22:02:00 2411.00 2412.00 2406.00 2406.00 23560.00
20160704  22:03:00 2406.00 2406.00 2391.00 2394.00 98660.00
20160704  22:04:00 2394.00 2401.00 2393.00 2400.00 42214.00
20160704  22:05:00 2401.00 2405.00 2399.00 2402.00 33884.00
20160704  22:06:00 2403.00 2403.00 2399.00 2402.00 23540.00
20160704  22:07:00 2402.00 2407.00 2402.00 2404.00 25130.00
20160704  22:08:00 2405.00 2407.00 2404.00 2405.00 22454.00
20160704  22:09:00 2404.00 2404.00 2401.00 2403.00 18168.00
20160704  22:10:00 2403.00 2407.00 2401.00 2406.00 16612.00
20160704  22:11:00 2406.00 2407.00 2405.00 2406.00 13266.00
20160704  22:12:00 2407.00 2410.00 2406.00 2409.00 21640.00
20160704  22:13:00 2409.00 2409.00 2406.00 2408.00 14122.00
20160704  22:14:00 2407.00 2408.00 2403.00 2404.00 14138.00
20160704  22:15:00 2404.00 2406.00 2404.00 2405.00 8274.00
20160704  22:16:00 2404.00 2407.00 2404.00 2406.00 6228.00
20160704  22:17:00 2407.00 2407.00 2405.00 2406.00 6726.00
20160704  22:18:00 2406.00 2408.00 2402.00 2402.00 11052.00
20160704  22:19:00 2402.00 2405.00 2401.00 2401.00 9272.00
20160704  22:20:00 2401.00 2410.00 2398.00 2410.00 37668.00
20160704  22:21:00 2410.00 2410.00 2404.00 2404.00 12968.00
20160704  22:22:00 2404.00 2405.00 2401.00 2403.00 14552.00
20160704  22:23:00 2404.00 2405.00 2403.00 2404.00 3650.00
20160704  22:24:00 2404.00 2406.00 2403.00 2405.00 10414.00
20160704  22:25:00 2405.00 2405.00 2400.00 2401.00 11614.00
20160704  22:26:00 2401.00 2405.00 2399.00 2403.00 21146.00
20160704  22:27:00 2404.00 2404.00 2396.00 2397.00 13632.00
20160704  22:28:00 2397.00 2399.00 2382.00 2382.00 74838.00
20160704  22:29:00 2381.00 2389.00 2378.00 2381.00 65528.00
20160704  22:30:00 2381.00 2381.00 2372.00 2377.00 65544.00
20160704  22:31:00 2376.00 2381.00 2376.00 2381.00 25418.00
20160704  22:32:00 2382.00 2387.00 2381.00 2384.00 27294.00
20160704  22:33:00 2384.00 2386.00 2384.00 2385.00 16976.00
20160704  22:34:00 2385.00 2390.00 2384.00 2387.00 24680.00
20160704  22:35:00 2387.00 2388.00 2385.00 2387.00 12676.00
20160704  22:36:00 2387.00 2392.00 2387.00 2391.00 23776.00
20160704  22:37:00 2391.00 2392.00 2389.00 2391.00 17890.00
20160704  22:38:00 2391.00 2393.00 2389.00 2390.00 14734.00
20160704  22:39:00 2389.00 2394.00 2389.00 2394.00 15272.00
20160704  22:40:00 2394.00 2395.00 2392.00 2393.00 8914.00
20160704  22:41:00 2393.00 2394.00 2390.00 2391.00 10200.00
20160704  22:42:00 2391.00 2391.00 2388.00 2390.00 12056.00
20160704  22:43:00 2391.00 2391.00 2389.00 2390.00 5218.00
20160704  22:44:00 2390.00 2394.00 2390.00 2391.00 7866.00
20160704  22:45:00 2392.00 2398.00 2391.00 2398.00 15788.00
20160704  22:46:00 2398.00 2398.00 2396.00 2396.00 11960.00
20160704  22:47:00 2396.00 2403.00 2396.00 2403.00 37372.00
20160704  22:48:00 2402.00 2403.00 2399.00 2400.00 20916.00
20160704  22:49:00 2400.00 2401.00 2398.00 2400.00 11396.00
20160704  22:50:00 2399.00 2400.00 2395.00 2395.00 12038.00
20160704  22:51:00 2396.00 2399.00 2395.00 2398.00 12228.00
20160704  22:52:00 2398.00 2399.00 2396.00 2396.00 7052.00
20160704  22:53:00 2396.00 2397.00 2392.00 2393.00 19278.00
20160704  22:54:00 2393.00 2397.00 2393.00 2395.00 8842.00
20160704  22:55:00 2396.00 2396.00 2393.00 2395.00 11020.00
20160704  22:56:00 2395.00 2398.00 2394.00 2396.00 12402.00
20160704  22:57:00 2396.00 2397.00 2394.00 2394.00 10206.00
20160704  22:58:00 2395.00 2399.00 2395.00 2397.00 12120.00
20160704  22:59:00 2396.00 2397.00 2394.00 2394.00 24140.00
20160704  23:00:00 2395.00 2395.00 2395.00 2395.00  32.00
20160705  09:00:00 2391.00 2392.00 2383.00 2388.00 45042.00
20160705  09:01:00 2388.00 2394.00 2386.00 2393.00 18636.00
20160705  09:02:00 2393.00 2394.00 2384.00 2384.00 21882.00
20160705  09:03:00 2384.00 2389.00 2381.00 2389.00 30736.00
20160705  09:04:00 2388.00 2388.00 2383.00 2385.00 17908.00
20160705  09:05:00 2386.00 2399.00 2385.00 2399.00 29094.00
20160705  09:06:00 2400.00 2400.00 2396.00 2396.00 20174.00
20160705  09:07:00 2396.00 2401.00 2396.00 2396.00 26924.00
20160705  09:08:00 2396.00 2396.00 2390.00 2396.00 15920.00
20160705  09:09:00 2395.00 2395.00 2392.00 2393.00 5824.00
20160705  09:10:00 2394.00 2396.00 2392.00 2395.00 7652.00
20160705  09:11:00 2395.00 2396.00 2394.00 2396.00 5894.00
20160705  09:12:00 2395.00 2396.00 2390.00 2395.00 13972.00
20160705  09:13:00 2394.00 2394.00 2390.00 2390.00 7836.00
20160705  09:14:00 2390.00 2394.00 2386.00 2387.00 21128.00
20160705  09:15:00 2388.00 2391.00 2386.00 2391.00 9386.00
20160705  09:16:00 2390.00 2392.00 2387.00 2387.00 10272.00
20160705  09:17:00 2387.00 2391.00 2386.00 2387.00 8660.00
20160705  09:18:00 2387.00 2389.00 2383.00 2383.00 23212.00
20160705  09:19:00 2383.00 2387.00 2378.00 2379.00 42974.00
20160705  09:20:00 2379.00 2382.00 2376.00 2376.00 35610.00
20160705  09:21:00 2376.00 2379.00 2374.00 2376.00 38206.00
20160705  09:22:00 2377.00 2383.00 2375.00 2382.00 24624.00
20160705  09:23:00 2381.00 2383.00 2380.00 2381.00 10988.00
20160705  09:24:00 2382.00 2383.00 2380.00 2381.00 11096.00
20160705  09:25:00 2380.00 2383.00 2375.00 2376.00 26272.00
20160705  09:26:00 2376.00 2382.00 2373.00 2380.00 25446.00
20160705  09:27:00 2380.00 2383.00 2378.00 2383.00 14504.00
20160705  09:28:00 2382.00 2382.00 2369.00 2373.00 60744.00
20160705  09:29:00 2373.00 2373.00 2365.00 2365.00 49626.00
20160705  09:30:00 2366.00 2366.00 2360.00 2360.00 60160.00
20160705  09:31:00 2360.00 2365.00 2360.00 2364.00 31016.00
20160705  09:32:00 2363.00 2364.00 2361.00 2363.00 23232.00
20160705  09:33:00 2362.00 2363.00 2338.00 2344.00 112948.00
20160705  09:34:00 2344.00 2346.00 2339.00 2343.00 67990.00
20160705  09:35:00 2343.00 2343.00 2314.00 2314.00 126050.00
20160705  09:36:00 2315.00 2331.00 2311.00 2331.00 85368.00
20160705  09:37:00 2331.00 2341.00 2331.00 2335.00 56148.00
20160705  09:38:00 2335.00 2336.00 2328.00 2332.00 37196.00
20160705  09:39:00 2331.00 2340.00 2331.00 2336.00 29406.00
20160705  09:40:00 2337.00 2340.00 2331.00 2335.00 29770.00
20160705  09:41:00 2335.00 2343.00 2335.00 2340.00 30310.00
20160705  09:42:00 2339.00 2341.00 2330.00 2330.00 23878.00
20160705  09:43:00 2330.00 2338.00 2330.00 2336.00 18038.00
20160705  09:44:00 2336.00 2337.00 2332.00 2332.00 12768.00
20160705  09:45:00 2332.00 2332.00 2323.00 2326.00 43616.00
20160705  09:46:00 2326.00 2332.00 2326.00 2329.00 20842.00
20160705  09:47:00 2330.00 2331.00 2327.00 2329.00 17756.00
20160705  09:48:00 2328.00 2330.00 2327.00 2329.00 21978.00
20160705  09:49:00 2330.00 2337.00 2328.00 2336.00 27302.00
20160705  09:50:00 2336.00 2336.00 2328.00 2331.00 17468.00
20160705  09:51:00 2331.00 2338.00 2330.00 2337.00 20410.00
20160705  09:52:00 2337.00 2339.00 2336.00 2337.00 14824.00
20160705  09:53:00 2337.00 2341.00 2337.00 2340.00 19962.00
20160705  09:54:00 2340.00 2341.00 2336.00 2336.00 13780.00
20160705  09:55:00 2336.00 2336.00 2333.00 2336.00 14790.00
20160705  09:56:00 2335.00 2337.00 2333.00 2334.00 6686.00
20160705  09:57:00 2334.00 2336.00 2330.00 2334.00 17240.00
20160705  09:58:00 2334.00 2339.00 2331.00 2338.00 17132.00
20160705  09:59:00 2338.00 2339.00 2333.00 2335.00 28900.00
20160705  10:00:00 2335.00 2336.00 2330.00 2336.00 29398.00
20160705  10:01:00 2335.00 2338.00 2334.00 2334.00 11890.00
20160705  10:02:00 2335.00 2338.00 2332.00 2338.00 17410.00
20160705  10:03:00 2338.00 2345.00 2336.00 2342.00 39056.00
20160705  10:04:00 2342.00 2345.00 2339.00 2345.00 15710.00
20160705  10:05:00 2345.00 2349.00 2340.00 2348.00 26638.00
20160705  10:06:00 2347.00 2348.00 2345.00 2346.00 29230.00
20160705  10:07:00 2346.00 2347.00 2342.00 2344.00 17112.00
20160705  10:08:00 2344.00 2346.00 2343.00 2345.00 12790.00
20160705  10:09:00 2346.00 2346.00 2340.00 2341.00 19058.00
20160705  10:10:00 2341.00 2344.00 2341.00 2344.00 9050.00
20160705  10:11:00 2344.00 2346.00 2343.00 2345.00 12122.00
20160705  10:12:00 2345.00 2349.00 2345.00 2349.00 19252.00
20160705  10:13:00 2349.00 2350.00 2345.00 2348.00 14076.00
20160705  10:14:00 2348.00 2351.00 2347.00 2348.00 14322.00
20160705  10:30:00 2349.00 2356.00 2345.00 2356.00 25184.00
20160705  10:31:00 2356.00 2356.00 2352.00 2354.00 18752.00
20160705  10:32:00 2353.00 2354.00 2350.00 2352.00 12488.00
20160705  10:33:00 2352.00 2356.00 2351.00 2354.00 15508.00
20160705  10:34:00 2354.00 2359.00 2354.00 2357.00 24070.00
20160705  10:35:00 2358.00 2359.00 2355.00 2358.00 17156.00
20160705  10:36:00 2357.00 2361.00 2356.00 2360.00 21928.00
20160705  10:37:00 2360.00 2361.00 2355.00 2355.00 17368.00
20160705  10:38:00 2355.00 2358.00 2355.00 2358.00 11026.00
20160705  10:39:00 2358.00 2358.00 2354.00 2354.00 11450.00
20160705  10:40:00 2355.00 2357.00 2355.00 2356.00 6450.00
20160705  10:41:00 2356.00 2359.00 2356.00 2357.00 7768.00
20160705  10:42:00 2357.00 2358.00 2354.00 2355.00 10344.00
20160705  10:43:00 2355.00 2357.00 2354.00 2357.00 9452.00
20160705  10:44:00 2357.00 2366.00 2356.00 2363.00 30126.00
20160705  10:45:00 2364.00 2364.00 2360.00 2361.00 15262.00
20160705  10:46:00 2360.00 2361.00 2355.00 2357.00 22084.00
20160705  10:47:00 2357.00 2362.00 2356.00 2361.00 15202.00
20160705  10:48:00 2361.00 2362.00 2359.00 2360.00 9094.00
20160705  10:49:00 2361.00 2363.00 2360.00 2361.00 8662.00
20160705  10:50:00 2360.00 2361.00 2359.00 2359.00 7648.00
20160705  10:51:00 2359.00 2359.00 2356.00 2357.00 10634.00
20160705  10:52:00 2356.00 2358.00 2355.00 2356.00 10482.00
20160705  10:53:00 2356.00 2357.00 2353.00 2355.00 12890.00
20160705  10:54:00 2355.00 2357.00 2354.00 2356.00 11672.00
20160705  10:55:00 2356.00 2357.00 2354.00 2355.00 9218.00
20160705  10:56:00 2354.00 2355.00 2352.00 2353.00 12068.00
20160705  10:57:00 2352.00 2357.00 2352.00 2356.00 17256.00
20160705  10:58:00 2356.00 2362.00 2355.00 2361.00 16060.00
20160705  10:59:00 2361.00 2361.00 2357.00 2359.00 13214.00
20160705  11:00:00 2359.00 2362.00 2357.00 2357.00 10306.00
20160705  11:01:00 2357.00 2359.00 2356.00 2356.00 4714.00
20160705  11:02:00 2356.00 2362.00 2356.00 2360.00 9198.00
20160705  11:03:00 2360.00 2361.00 2358.00 2358.00 5544.00
20160705  11:04:00 2358.00 2359.00 2357.00 2357.00 3844.00
20160705  11:05:00 2357.00 2360.00 2357.00 2358.00 5392.00
20160705  11:06:00 2358.00 2361.00 2355.00 2359.00 14160.00
20160705  11:07:00 2360.00 2361.00 2359.00 2359.00 4176.00
20160705  11:08:00 2358.00 2359.00 2358.00 2358.00 4400.00
20160705  11:09:00 2358.00 2359.00 2357.00 2358.00 2890.00
20160705  11:10:00 2357.00 2359.00 2356.00 2356.00 4264.00
20160705  11:11:00 2356.00 2358.00 2355.00 2355.00 9418.00
20160705  11:12:00 2355.00 2356.00 2353.00 2354.00 11802.00
20160705  11:13:00 2354.00 2358.00 2353.00 2358.00 9144.00
20160705  11:14:00 2358.00 2358.00 2355.00 2356.00 4890.00
20160705  11:15:00 2355.00 2358.00 2354.00 2354.00 5684.00
20160705  11:16:00 2355.00 2357.00 2353.00 2355.00 8010.00
20160705  11:17:00 2355.00 2356.00 2354.00 2354.00 5696.00
20160705  11:18:00 2355.00 2361.00 2354.00 2360.00 14634.00
20160705  11:19:00 2360.00 2368.00 2359.00 2364.00 40286.00
20160705  11:20:00 2365.00 2366.00 2363.00 2366.00 13218.00
20160705  11:21:00 2365.00 2366.00 2363.00 2364.00 7724.00
20160705  11:22:00 2365.00 2367.00 2362.00 2364.00 13572.00
20160705  11:23:00 2363.00 2364.00 2361.00 2363.00 7118.00
20160705  11:24:00 2362.00 2366.00 2362.00 2365.00 7864.00
20160705  11:25:00 2365.00 2372.00 2365.00 2368.00 38878.00
20160705  11:26:00 2368.00 2369.00 2366.00 2368.00 14574.00
20160705  11:27:00 2368.00 2371.00 2368.00 2371.00 15796.00
20160705  11:28:00 2371.00 2372.00 2368.00 2370.00 15068.00
20160705  11:29:00 2370.00 2371.00 2367.00 2367.00 12142.00
20160705  13:30:00 2366.00 2367.00 2358.00 2360.00 39296.00
20160705  13:31:00 2360.00 2361.00 2359.00 2359.00 15778.00
20160705  13:32:00 2359.00 2362.00 2358.00 2361.00 11820.00
20160705  13:33:00 2361.00 2361.00 2357.00 2359.00 13440.00
20160705  13:34:00 2359.00 2359.00 2356.00 2357.00 14810.00
20160705  13:35:00 2357.00 2358.00 2356.00 2358.00 11392.00
20160705  13:36:00 2358.00 2359.00 2357.00 2358.00 6954.00
20160705  13:37:00 2358.00 2359.00 2356.00 2357.00 7436.00
20160705  13:38:00 2357.00 2358.00 2356.00 2358.00 4742.00
20160705  13:39:00 2358.00 2358.00 2353.00 2355.00 23964.00
20160705  13:40:00 2355.00 2356.00 2355.00 2356.00 7076.00
20160705  13:41:00 2355.00 2356.00 2346.00 2349.00 38614.00
20160705  13:42:00 2348.00 2350.00 2346.00 2349.00 25996.00
20160705  13:43:00 2349.00 2355.00 2348.00 2353.00 21232.00
20160705  13:44:00 2354.00 2354.00 2351.00 2353.00 8606.00
20160705  13:45:00 2353.00 2357.00 2352.00 2357.00 17742.00
20160705  13:46:00 2357.00 2360.00 2356.00 2358.00 18376.00
20160705  13:47:00 2358.00 2361.00 2358.00 2359.00 14284.00
20160705  13:48:00 2358.00 2359.00 2357.00 2358.00 7088.00
20160705  13:49:00 2359.00 2359.00 2358.00 2359.00 2128.00
20160705  13:50:00 2358.00 2359.00 2358.00 2359.00 2138.00
20160705  13:51:00 2359.00 2364.00 2359.00 2363.00 15740.00
20160705  13:52:00 2364.00 2374.00 2363.00 2369.00 48604.00
20160705  13:53:00 2370.00 2370.00 2368.00 2368.00 12816.00
20160705  13:54:00 2368.00 2370.00 2368.00 2369.00 14390.00
20160705  13:55:00 2368.00 2369.00 2365.00 2365.00 17264.00
20160705  13:56:00 2365.00 2369.00 2365.00 2369.00 11902.00
20160705  13:57:00 2369.00 2371.00 2368.00 2369.00 12126.00
20160705  13:58:00 2369.00 2377.00 2369.00 2376.00 40452.00
20160705  13:59:00 2376.00 2378.00 2374.00 2377.00 26934.00
20160705  14:00:00 2377.00 2378.00 2375.00 2376.00 26042.00
20160705  14:01:00 2376.00 2381.00 2376.00 2378.00 31766.00
20160705  14:02:00 2379.00 2379.00 2375.00 2375.00 20416.00
20160705  14:03:00 2376.00 2376.00 2373.00 2373.00 13382.00
20160705  14:04:00 2373.00 2374.00 2371.00 2373.00 20330.00
20160705  14:05:00 2373.00 2377.00 2372.00 2376.00 17544.00
20160705  14:06:00 2376.00 2382.00 2376.00 2382.00 20940.00
20160705  14:07:00 2382.00 2382.00 2380.00 2382.00 33748.00
20160705  14:08:00 2382.00 2386.00 2382.00 2384.00 45102.00
20160705  14:09:00 2384.00 2397.00 2384.00 2394.00 86036.00
20160705  14:10:00 2394.00 2395.00 2391.00 2394.00 40538.00
20160705  14:11:00 2394.00 2395.00 2390.00 2391.00 26452.00
20160705  14:12:00 2391.00 2392.00 2389.00 2389.00 17920.00
20160705  14:13:00 2390.00 2393.00 2390.00 2390.00 16322.00
20160705  14:14:00 2390.00 2395.00 2389.00 2394.00 30436.00
20160705  14:15:00 2394.00 2397.00 2393.00 2394.00 30460.00
20160705  14:16:00 2393.00 2394.00 2389.00 2391.00 23150.00
20160705  14:17:00 2391.00 2391.00 2388.00 2389.00 18260.00
20160705  14:18:00 2390.00 2392.00 2390.00 2392.00 11688.00
20160705  14:19:00 2391.00 2393.00 2390.00 2392.00 8098.00
20160705  14:20:00 2392.00 2392.00 2390.00 2392.00 8734.00
20160705  14:21:00 2391.00 2399.00 2391.00 2399.00 31436.00
20160705  14:22:00 2398.00 2402.00 2394.00 2394.00 40836.00
20160705  14:23:00 2395.00 2398.00 2394.00 2398.00 14236.00
20160705  14:24:00 2398.00 2401.00 2396.00 2400.00 32276.00
20160705  14:25:00 2400.00 2401.00 2397.00 2400.00 24048.00
20160705  14:26:00 2401.00 2407.00 2399.00 2403.00 39468.00
20160705  14:27:00 2404.00 2404.00 2398.00 2400.00 23420.00
20160705  14:28:00 2400.00 2400.00 2396.00 2396.00 14358.00
20160705  14:29:00 2396.00 2405.00 2395.00 2404.00 24736.00
20160705  14:30:00 2404.00 2405.00 2395.00 2398.00 20996.00
20160705  14:31:00 2399.00 2399.00 2396.00 2397.00 8740.00
20160705  14:32:00 2397.00 2398.00 2394.00 2396.00 22800.00
20160705  14:33:00 2396.00 2399.00 2396.00 2397.00 10324.00
20160705  14:34:00 2398.00 2398.00 2393.00 2393.00 18482.00
20160705  14:35:00 2393.00 2397.00 2392.00 2396.00 16860.00
20160705  14:36:00 2396.00 2399.00 2396.00 2397.00 7312.00
20160705  14:37:00 2397.00 2400.00 2395.00 2397.00 17914.00
20160705  14:38:00 2398.00 2398.00 2395.00 2396.00 7992.00
20160705  14:39:00 2395.00 2397.00 2394.00 2394.00 8886.00
20160705  14:40:00 2394.00 2397.00 2394.00 2397.00 5708.00
20160705  14:41:00 2396.00 2398.00 2396.00 2397.00 7858.00
20160705  14:42:00 2397.00 2398.00 2396.00 2398.00 4884.00
20160705  14:43:00 2398.00 2402.00 2398.00 2400.00 20342.00
20160705  14:44:00 2400.00 2401.00 2398.00 2399.00 8606.00
20160705  14:45:00 2399.00 2406.00 2399.00 2406.00 28592.00
20160705  14:46:00 2406.00 2412.00 2404.00 2409.00 42930.00
20160705  14:47:00 2409.00 2412.00 2406.00 2411.00 24476.00
20160705  14:48:00 2412.00 2412.00 2409.00 2409.00 22102.00
20160705  14:49:00 2410.00 2413.00 2406.00 2407.00 33770.00
20160705  14:50:00 2407.00 2414.00 2407.00 2412.00 20976.00
20160705  14:51:00 2412.00 2415.00 2410.00 2413.00 18840.00
20160705  14:52:00 2413.00 2415.00 2411.00 2411.00 15866.00
20160705  14:53:00 2411.00 2414.00 2411.00 2413.00 12616.00
20160705  14:54:00 2413.00 2413.00 2408.00 2409.00 21128.00
20160705  14:55:00 2410.00 2413.00 2410.00 2411.00 22198.00
20160705  14:56:00 2410.00 2413.00 2407.00 2409.00 19138.00
20160705  14:57:00 2409.00 2410.00 2403.00 2405.00 32356.00
20160705  14:58:00 2404.00 2405.00 2401.00 2404.00 23668.00
20160705  14:59:00 2404.00 2405.00 2402.00 2404.00 37370.00
20160705  15:00:00 2402.00 2402.00 2402.00 2402.00 564.00
