20160328  15:00:00 2132.00 2132.00 2132.00 2132.00 440.00
20160328  14:59:00 2130.00 2132.00 2128.00 2130.00 94964.00
20160328  14:58:00 2132.00 2132.00 2128.00 2131.00 69916.00
20160328  14:57:00 2131.00 2134.00 2129.00 2131.00 70066.00
20160328  14:56:00 2135.00 2135.00 2128.00 2130.00 106138.00
20160328  14:55:00 2138.00 2138.00 2133.00 2135.00 88976.00
20160328  14:54:00 2138.00 2141.00 2136.00 2138.00 88096.00
20160328  14:53:00 2136.00 2139.00 2135.00 2138.00 75718.00
20160328  14:52:00 2138.00 2140.00 2134.00 2136.00 78264.00
20160328  14:51:00 2142.00 2143.00 2135.00 2139.00 99766.00
20160328  14:50:00 2144.00 2146.00 2142.00 2142.00 86892.00
20160328  14:49:00 2146.00 2148.00 2144.00 2144.00 60232.00
20160328  14:48:00 2147.00 2148.00 2144.00 2146.00 55704.00
20160328  14:47:00 2146.00 2149.00 2145.00 2148.00 42192.00
20160328  14:46:00 2149.00 2151.00 2145.00 2146.00 57670.00
20160328  14:45:00 2155.00 2155.00 2148.00 2148.00 71776.00
20160328  14:44:00 2150.00 2155.00 2150.00 2154.00 69374.00
20160328  14:43:00 2148.00 2151.00 2146.00 2150.00 46960.00
20160328  14:42:00 2147.00 2150.00 2147.00 2147.00 44976.00
20160328  14:41:00 2145.00 2149.00 2144.00 2148.00 61168.00
20160328  14:40:00 2147.00 2149.00 2144.00 2145.00 64544.00
20160328  14:39:00 2148.00 2149.00 2144.00 2147.00 95264.00
20160328  14:38:00 2151.00 2152.00 2148.00 2148.00 98056.00
20160328  14:37:00 2157.00 2158.00 2151.00 2152.00 83774.00
20160328  14:36:00 2158.00 2160.00 2156.00 2156.00 53736.00
20160328  14:35:00 2156.00 2160.00 2155.00 2159.00 58304.00
20160328  14:34:00 2159.00 2162.00 2155.00 2155.00 79810.00
20160328  14:33:00 2166.00 2166.00 2158.00 2159.00 128370.00
20160328  14:32:00 2168.00 2168.00 2165.00 2166.00 30206.00
20160328  14:31:00 2166.00 2168.00 2165.00 2168.00 53936.00
20160328  14:30:00 2166.00 2169.00 2165.00 2166.00 47316.00
20160328  14:29:00 2168.00 2169.00 2166.00 2166.00 52030.00
20160328  14:28:00 2166.00 2168.00 2165.00 2167.00 45974.00
20160328  14:27:00 2168.00 2169.00 2164.00 2165.00 63890.00
20160328  14:26:00 2168.00 2170.00 2167.00 2168.00 34492.00
20160328  14:25:00 2167.00 2170.00 2166.00 2168.00 63150.00
20160328  14:24:00 2171.00 2173.00 2166.00 2167.00 76526.00
20160328  14:23:00 2170.00 2172.00 2169.00 2171.00 58844.00
20160328  14:22:00 2173.00 2174.00 2169.00 2169.00 96236.00
20160328  14:21:00 2179.00 2180.00 2171.00 2172.00 99484.00
20160328  14:20:00 2177.00 2180.00 2177.00 2179.00 32894.00
20160328  14:19:00 2180.00 2180.00 2176.00 2177.00 65192.00
20160328  14:18:00 2182.00 2182.00 2178.00 2180.00 42728.00
20160328  14:17:00 2182.00 2184.00 2181.00 2183.00 26686.00
20160328  14:16:00 2179.00 2183.00 2179.00 2182.00 47366.00
20160328  14:15:00 2181.00 2181.00 2179.00 2180.00 74290.00
20160328  14:14:00 2183.00 2184.00 2181.00 2181.00 35926.00
20160328  14:13:00 2183.00 2185.00 2182.00 2182.00 25352.00
20160328  14:12:00 2183.00 2184.00 2181.00 2182.00 27908.00
20160328  14:11:00 2184.00 2186.00 2181.00 2183.00 55794.00
20160328  14:10:00 2186.00 2187.00 2184.00 2185.00 55720.00
20160328  14:09:00 2189.00 2189.00 2187.00 2187.00 13952.00
20160328  14:08:00 2188.00 2189.00 2188.00 2189.00 2406.00
20160328  14:07:00 2188.00 2189.00 2187.00 2188.00 5638.00
20160328  14:06:00 2189.00 2189.00 2187.00 2188.00 8312.00
20160328  14:05:00 2189.00 2190.00 2188.00 2189.00 7416.00
20160328  14:04:00 2187.00 2189.00 2187.00 2189.00 11368.00
20160328  14:03:00 2188.00 2189.00 2187.00 2187.00 13340.00
20160328  14:02:00 2189.00 2190.00 2188.00 2188.00 7458.00
20160328  14:01:00 2189.00 2191.00 2189.00 2189.00 17828.00
20160328  14:00:00 2189.00 2190.00 2187.00 2189.00 19812.00
20160328  13:59:00 2189.00 2190.00 2188.00 2189.00 12852.00
20160328  13:58:00 2190.00 2190.00 2189.00 2189.00 2338.00
20160328  13:57:00 2189.00 2190.00 2188.00 2190.00 4392.00
20160328  13:56:00 2189.00 2190.00 2188.00 2189.00 3500.00
20160328  13:55:00 2188.00 2190.00 2188.00 2189.00 9998.00
20160328  13:54:00 2188.00 2191.00 2188.00 2188.00 14128.00
20160328  13:53:00 2188.00 2189.00 2188.00 2188.00 1130.00
20160328  13:52:00 2189.00 2189.00 2188.00 2189.00 4416.00
20160328  13:51:00 2189.00 2189.00 2188.00 2188.00 9998.00
20160328  13:50:00 2190.00 2190.00 2188.00 2189.00 10670.00
20160328  13:49:00 2189.00 2191.00 2188.00 2190.00 13070.00
20160328  13:48:00 2190.00 2191.00 2188.00 2189.00 21292.00
20160328  13:47:00 2190.00 2191.00 2188.00 2190.00 18022.00
20160328  13:46:00 2191.00 2191.00 2189.00 2189.00 16530.00
20160328  13:45:00 2189.00 2192.00 2189.00 2192.00 16448.00
20160328  13:44:00 2190.00 2191.00 2189.00 2190.00 13410.00
20160328  13:43:00 2190.00 2190.00 2188.00 2190.00 13362.00
20160328  13:42:00 2188.00 2190.00 2187.00 2190.00 6402.00
20160328  13:41:00 2187.00 2189.00 2187.00 2187.00 4868.00
20160328  13:40:00 2188.00 2189.00 2187.00 2188.00 9170.00
20160328  13:39:00 2188.00 2189.00 2186.00 2188.00 14354.00
20160328  13:38:00 2187.00 2188.00 2186.00 2188.00 9650.00
20160328  13:37:00 2189.00 2189.00 2186.00 2186.00 16208.00
20160328  13:36:00 2189.00 2190.00 2188.00 2188.00 13286.00
20160328  13:35:00 2189.00 2190.00 2188.00 2189.00 14748.00
20160328  13:34:00 2189.00 2191.00 2189.00 2190.00 12336.00
20160328  13:33:00 2187.00 2191.00 2186.00 2189.00 34044.00
20160328  13:32:00 2184.00 2188.00 2183.00 2187.00 30004.00
20160328  13:31:00 2187.00 2188.00 2184.00 2184.00 22838.00
20160328  13:30:00 2187.00 2188.00 2185.00 2188.00 35980.00
20160328  11:29:00 2188.00 2189.00 2187.00 2188.00 16482.00
20160328  11:28:00 2187.00 2189.00 2186.00 2188.00 23178.00
20160328  11:27:00 2188.00 2188.00 2184.00 2187.00 43704.00
20160328  11:26:00 2188.00 2189.00 2186.00 2188.00 38940.00
20160328  11:25:00 2193.00 2193.00 2187.00 2188.00 30828.00
20160328  11:24:00 2193.00 2195.00 2192.00 2192.00 14058.00
20160328  11:23:00 2192.00 2194.00 2191.00 2193.00 14648.00
20160328  11:22:00 2193.00 2193.00 2191.00 2192.00 11986.00
20160328  11:21:00 2193.00 2195.00 2192.00 2192.00 29818.00
20160328  11:20:00 2193.00 2195.00 2192.00 2193.00 37758.00
20160328  11:19:00 2190.00 2195.00 2190.00 2194.00 62304.00
20160328  11:18:00 2186.00 2191.00 2186.00 2190.00 24660.00
20160328  11:17:00 2190.00 2190.00 2186.00 2186.00 31458.00
20160328  11:16:00 2191.00 2191.00 2189.00 2189.00 19490.00
20160328  11:15:00 2191.00 2192.00 2190.00 2191.00 14616.00
20160328  11:14:00 2191.00 2192.00 2190.00 2191.00 8594.00
20160328  11:13:00 2191.00 2192.00 2190.00 2191.00 7236.00
20160328  11:12:00 2191.00 2193.00 2191.00 2191.00 17382.00
20160328  11:11:00 2192.00 2193.00 2190.00 2191.00 18562.00
20160328  11:10:00 2192.00 2193.00 2191.00 2193.00 17416.00
20160328  11:09:00 2192.00 2194.00 2192.00 2192.00 9990.00
20160328  11:08:00 2190.00 2194.00 2189.00 2192.00 14632.00
20160328  11:07:00 2191.00 2192.00 2189.00 2189.00 21846.00
20160328  11:06:00 2188.00 2191.00 2188.00 2191.00 10600.00
20160328  11:05:00 2188.00 2190.00 2187.00 2188.00 20482.00
20160328  11:04:00 2190.00 2190.00 2188.00 2188.00 9026.00
20160328  11:03:00 2189.00 2190.00 2187.00 2190.00 15758.00
20160328  11:02:00 2188.00 2190.00 2188.00 2189.00 20336.00
20160328  11:01:00 2191.00 2191.00 2188.00 2189.00 22872.00
20160328  11:00:00 2191.00 2192.00 2190.00 2190.00 22670.00
20160328  10:59:00 2193.00 2193.00 2190.00 2191.00 18056.00
20160328  10:58:00 2190.00 2193.00 2190.00 2193.00 27984.00
20160328  10:57:00 2192.00 2193.00 2190.00 2190.00 27222.00
20160328  10:56:00 2194.00 2195.00 2192.00 2192.00 25026.00
20160328  10:55:00 2195.00 2197.00 2193.00 2194.00 32830.00
20160328  10:54:00 2195.00 2196.00 2193.00 2194.00 38434.00
20160328  10:53:00 2191.00 2196.00 2191.00 2196.00 84340.00
20160328  10:52:00 2189.00 2191.00 2189.00 2190.00 27650.00
20160328  10:51:00 2188.00 2190.00 2188.00 2189.00 14164.00
20160328  10:50:00 2189.00 2189.00 2188.00 2188.00 7748.00
20160328  10:49:00 2188.00 2189.00 2188.00 2188.00 12176.00
20160328  10:48:00 2186.00 2189.00 2186.00 2188.00 18548.00
20160328  10:47:00 2187.00 2188.00 2186.00 2186.00 6308.00
20160328  10:46:00 2188.00 2188.00 2187.00 2187.00 5734.00
20160328  10:45:00 2188.00 2189.00 2187.00 2188.00 8188.00
20160328  10:44:00 2187.00 2189.00 2187.00 2188.00 27770.00
20160328  10:43:00 2185.00 2188.00 2185.00 2187.00 10520.00
20160328  10:42:00 2186.00 2186.00 2184.00 2185.00 17766.00
20160328  10:41:00 2186.00 2187.00 2186.00 2186.00 6620.00
20160328  10:40:00 2187.00 2188.00 2186.00 2186.00 8780.00
20160328  10:39:00 2187.00 2188.00 2186.00 2188.00 4776.00
20160328  10:38:00 2188.00 2189.00 2186.00 2187.00 12444.00
20160328  10:37:00 2187.00 2188.00 2187.00 2188.00 7142.00
20160328  10:36:00 2187.00 2189.00 2186.00 2187.00 12826.00
20160328  10:35:00 2185.00 2188.00 2185.00 2188.00 8244.00
20160328  10:34:00 2188.00 2188.00 2185.00 2186.00 20528.00
20160328  10:33:00 2185.00 2188.00 2185.00 2187.00 9390.00
20160328  10:32:00 2187.00 2187.00 2185.00 2186.00 25758.00
20160328  10:31:00 2190.00 2190.00 2186.00 2187.00 37640.00
20160328  10:30:00 2188.00 2189.00 2187.00 2189.00 19414.00
20160328  10:14:00 2188.00 2189.00 2187.00 2188.00 19082.00
20160328  10:13:00 2188.00 2189.00 2186.00 2188.00 31560.00
20160328  10:12:00 2185.00 2188.00 2185.00 2188.00 25282.00
20160328  10:11:00 2185.00 2186.00 2184.00 2185.00 7386.00
20160328  10:10:00 2183.00 2186.00 2183.00 2186.00 16626.00
20160328  10:09:00 2184.00 2185.00 2183.00 2184.00 4738.00
20160328  10:08:00 2184.00 2185.00 2183.00 2184.00 15734.00
20160328  10:07:00 2185.00 2186.00 2184.00 2185.00 21416.00
20160328  10:06:00 2182.00 2185.00 2182.00 2185.00 13040.00
20160328  10:05:00 2183.00 2183.00 2181.00 2182.00 9428.00
20160328  10:04:00 2182.00 2184.00 2180.00 2183.00 24278.00
20160328  10:03:00 2183.00 2183.00 2181.00 2182.00 23558.00
20160328  10:02:00 2182.00 2183.00 2181.00 2183.00 23908.00
20160328  10:01:00 2183.00 2186.00 2182.00 2182.00 34642.00
20160328  10:00:00 2185.00 2186.00 2182.00 2183.00 37188.00
20160328  09:59:00 2186.00 2186.00 2184.00 2185.00 28908.00
20160328  09:58:00 2183.00 2186.00 2182.00 2185.00 41758.00
20160328  09:57:00 2183.00 2184.00 2181.00 2182.00 36052.00
20160328  09:56:00 2182.00 2183.00 2181.00 2183.00 15610.00
20160328  09:55:00 2181.00 2182.00 2179.00 2182.00 20058.00
20160328  09:54:00 2183.00 2183.00 2179.00 2180.00 26936.00
20160328  09:53:00 2182.00 2183.00 2182.00 2182.00 15218.00
20160328  09:52:00 2183.00 2183.00 2181.00 2183.00 23114.00
20160328  09:51:00 2180.00 2183.00 2180.00 2183.00 30084.00
20160328  09:50:00 2179.00 2181.00 2178.00 2180.00 26706.00
20160328  09:49:00 2180.00 2181.00 2179.00 2179.00 22630.00
20160328  09:48:00 2182.00 2183.00 2177.00 2179.00 41618.00
20160328  09:47:00 2182.00 2183.00 2179.00 2183.00 34728.00
20160328  09:46:00 2180.00 2182.00 2180.00 2182.00 29578.00
20160328  09:45:00 2182.00 2183.00 2179.00 2180.00 38208.00
20160328  09:44:00 2184.00 2185.00 2182.00 2182.00 12594.00
20160328  09:43:00 2182.00 2185.00 2181.00 2184.00 26464.00
20160328  09:42:00 2181.00 2184.00 2181.00 2182.00 33612.00
20160328  09:41:00 2179.00 2183.00 2179.00 2181.00 43228.00
20160328  09:40:00 2183.00 2184.00 2179.00 2180.00 55536.00
20160328  09:39:00 2188.00 2188.00 2182.00 2183.00 48920.00
20160328  09:38:00 2183.00 2188.00 2182.00 2187.00 35698.00
20160328  09:37:00 2186.00 2186.00 2181.00 2182.00 68244.00
20160328  09:36:00 2189.00 2189.00 2185.00 2186.00 34598.00
20160328  09:35:00 2189.00 2190.00 2187.00 2189.00 29262.00
20160328  09:34:00 2187.00 2190.00 2187.00 2189.00 33428.00
20160328  09:33:00 2186.00 2188.00 2185.00 2187.00 23190.00
20160328  09:32:00 2187.00 2188.00 2185.00 2187.00 32990.00
20160328  09:31:00 2189.00 2189.00 2187.00 2188.00 14904.00
20160328  09:30:00 2190.00 2191.00 2187.00 2188.00 38556.00
20160328  09:29:00 2189.00 2191.00 2186.00 2190.00 42662.00
20160328  09:28:00 2185.00 2190.00 2185.00 2190.00 42496.00
20160328  09:27:00 2185.00 2188.00 2185.00 2186.00 31792.00
20160328  09:26:00 2186.00 2187.00 2183.00 2185.00 21600.00
20160328  09:25:00 2184.00 2186.00 2182.00 2186.00 35980.00
20160328  09:24:00 2186.00 2187.00 2183.00 2183.00 23960.00
20160328  09:23:00 2184.00 2187.00 2183.00 2186.00 24578.00
20160328  09:22:00 2187.00 2188.00 2183.00 2185.00 34990.00
20160328  09:21:00 2187.00 2191.00 2186.00 2187.00 41994.00
20160328  09:20:00 2185.00 2187.00 2182.00 2186.00 36046.00
20160328  09:19:00 2185.00 2187.00 2185.00 2185.00 17296.00
20160328  09:18:00 2187.00 2188.00 2184.00 2185.00 38686.00
20160328  09:17:00 2187.00 2192.00 2186.00 2188.00 72252.00
20160328  09:16:00 2186.00 2187.00 2184.00 2187.00 17898.00
20160328  09:15:00 2185.00 2186.00 2183.00 2186.00 41564.00
20160328  09:14:00 2185.00 2189.00 2184.00 2185.00 77814.00
20160328  09:13:00 2185.00 2186.00 2183.00 2185.00 59768.00
20160328  09:12:00 2179.00 2186.00 2179.00 2186.00 63880.00
20160328  09:11:00 2183.00 2183.00 2176.00 2180.00 84462.00
20160328  09:10:00 2179.00 2184.00 2178.00 2183.00 88362.00
20160328  09:09:00 2183.00 2185.00 2178.00 2180.00 87060.00
20160328  09:08:00 2183.00 2184.00 2179.00 2183.00 120244.00
20160328  09:07:00 2192.00 2192.00 2183.00 2184.00 117272.00
20160328  09:06:00 2192.00 2193.00 2189.00 2192.00 68490.00
20160328  09:05:00 2189.00 2193.00 2188.00 2192.00 72168.00
20160328  09:04:00 2198.00 2198.00 2188.00 2189.00 80032.00
20160328  09:03:00 2194.00 2200.00 2193.00 2198.00 78184.00
20160328  09:02:00 2204.00 2205.00 2195.00 2195.00 122672.00
20160328  09:01:00 2217.00 2218.00 2203.00 2205.00 84834.00
20160328  09:00:00 2210.00 2218.00 2206.00 2217.00 124226.00
20160326  01:00:00 2214.00 2214.00 2214.00 2214.00 452.00
20160326  00:59:00 2214.00 2216.00 2212.00 2214.00 64628.00
20160326  00:58:00 2208.00 2215.00 2208.00 2215.00 106082.00
20160326  00:57:00 2207.00 2208.00 2207.00 2208.00 35292.00
20160326  00:56:00 2204.00 2208.00 2204.00 2208.00 25110.00
20160326  00:55:00 2205.00 2205.00 2203.00 2205.00 13100.00
20160326  00:54:00 2203.00 2205.00 2203.00 2205.00 19254.00
20160326  00:53:00 2204.00 2204.00 2202.00 2203.00 13334.00
20160326  00:52:00 2204.00 2205.00 2199.00 2203.00 68572.00
20160326  00:51:00 2209.00 2209.00 2204.00 2204.00 40672.00
20160326  00:50:00 2205.00 2209.00 2205.00 2209.00 49274.00
20160326  00:49:00 2203.00 2206.00 2203.00 2205.00 11818.00
20160326  00:48:00 2204.00 2205.00 2203.00 2204.00 16944.00
20160326  00:47:00 2204.00 2205.00 2203.00 2205.00 10732.00
20160326  00:46:00 2204.00 2206.00 2203.00 2204.00 16552.00
20160326  00:45:00 2203.00 2204.00 2202.00 2204.00 25350.00
20160326  00:44:00 2206.00 2206.00 2203.00 2204.00 17854.00
20160326  00:43:00 2206.00 2206.00 2205.00 2206.00 11250.00
20160326  00:42:00 2205.00 2207.00 2205.00 2205.00 22856.00
20160326  00:41:00 2204.00 2206.00 2204.00 2205.00 12168.00
20160326  00:40:00 2203.00 2205.00 2203.00 2205.00 12316.00
20160326  00:39:00 2206.00 2206.00 2202.00 2203.00 20774.00
20160326  00:38:00 2205.00 2206.00 2205.00 2206.00 8622.00
20160326  00:37:00 2204.00 2207.00 2204.00 2205.00 21938.00
20160326  00:36:00 2206.00 2206.00 2204.00 2204.00 17640.00
20160326  00:35:00 2204.00 2207.00 2204.00 2205.00 22110.00
20160326  00:34:00 2205.00 2205.00 2203.00 2204.00 13888.00
20160326  00:33:00 2204.00 2206.00 2203.00 2205.00 33630.00
20160326  00:32:00 2204.00 2204.00 2203.00 2203.00 15596.00
20160326  00:31:00 2201.00 2204.00 2201.00 2203.00 14632.00
20160326  00:30:00 2200.00 2203.00 2200.00 2201.00 16384.00
20160326  00:29:00 2202.00 2202.00 2200.00 2201.00 33872.00
20160326  00:28:00 2200.00 2202.00 2199.00 2202.00 57748.00
20160326  00:27:00 2207.00 2207.00 2200.00 2200.00 51594.00
20160326  00:26:00 2207.00 2207.00 2205.00 2206.00 18200.00
20160326  00:25:00 2205.00 2208.00 2205.00 2208.00 24252.00
20160326  00:24:00 2206.00 2206.00 2204.00 2206.00 29450.00
20160326  00:23:00 2204.00 2206.00 2204.00 2206.00 12328.00
20160326  00:22:00 2204.00 2206.00 2204.00 2204.00 19740.00
20160326  00:21:00 2205.00 2207.00 2204.00 2204.00 38810.00
20160326  00:20:00 2203.00 2207.00 2203.00 2205.00 51482.00
20160326  00:19:00 2203.00 2205.00 2202.00 2203.00 49436.00
20160326  00:18:00 2199.00 2203.00 2199.00 2203.00 41542.00
20160326  00:17:00 2199.00 2200.00 2198.00 2199.00 9942.00
20160326  00:16:00 2199.00 2199.00 2198.00 2198.00 3108.00
20160326  00:15:00 2198.00 2199.00 2198.00 2199.00 10064.00
20160326  00:14:00 2199.00 2199.00 2197.00 2199.00 18008.00
20160326  00:13:00 2196.00 2199.00 2196.00 2199.00 22680.00
20160326  00:12:00 2199.00 2200.00 2196.00 2196.00 39918.00
20160326  00:11:00 2200.00 2201.00 2198.00 2200.00 14450.00
20160326  00:10:00 2200.00 2201.00 2199.00 2200.00 31878.00
20160326  00:09:00 2200.00 2201.00 2198.00 2201.00 37412.00
20160326  00:08:00 2203.00 2203.00 2199.00 2200.00 41760.00
20160326  00:07:00 2204.00 2205.00 2201.00 2203.00 36930.00
20160326  00:06:00 2207.00 2208.00 2204.00 2205.00 35816.00
20160326  00:05:00 2208.00 2208.00 2206.00 2207.00 36854.00
20160326  00:04:00 2205.00 2208.00 2204.00 2208.00 55514.00
20160326  00:03:00 2203.00 2206.00 2203.00 2205.00 32698.00
20160326  00:02:00 2204.00 2205.00 2202.00 2203.00 31180.00
20160326  00:01:00 2205.00 2206.00 2204.00 2205.00 36706.00
20160326  00:00:00 2203.00 2207.00 2201.00 2205.00 89790.00
20160325  23:59:00 2200.00 2202.00 2199.00 2202.00 33228.00
20160325  23:58:00 2198.00 2201.00 2197.00 2200.00 47728.00
20160325  23:57:00 2197.00 2198.00 2196.00 2197.00 11432.00
20160325  23:56:00 2198.00 2198.00 2197.00 2198.00 11920.00
20160325  23:55:00 2195.00 2198.00 2195.00 2198.00 15242.00
20160325  23:54:00 2198.00 2199.00 2195.00 2195.00 31930.00
20160325  23:53:00 2198.00 2199.00 2197.00 2198.00 14898.00
20160325  23:52:00 2198.00 2199.00 2197.00 2198.00 15792.00
20160325  23:51:00 2197.00 2198.00 2196.00 2198.00 28258.00
20160325  23:50:00 2196.00 2201.00 2196.00 2198.00 81636.00
20160325  23:49:00 2196.00 2197.00 2195.00 2196.00 32744.00
20160325  23:48:00 2193.00 2196.00 2192.00 2196.00 32368.00
20160325  23:47:00 2194.00 2194.00 2193.00 2193.00 3090.00
20160325  23:46:00 2193.00 2194.00 2193.00 2194.00 2456.00
20160325  23:45:00 2194.00 2194.00 2192.00 2193.00 9962.00
20160325  23:44:00 2194.00 2195.00 2193.00 2194.00 7176.00
20160325  23:43:00 2192.00 2195.00 2192.00 2194.00 18036.00
20160325  23:42:00 2191.00 2193.00 2191.00 2192.00 9398.00
20160325  23:41:00 2194.00 2194.00 2191.00 2191.00 18566.00
20160325  23:40:00 2193.00 2195.00 2193.00 2193.00 19190.00
20160325  23:39:00 2192.00 2195.00 2192.00 2194.00 12482.00
20160325  23:38:00 2195.00 2195.00 2192.00 2192.00 13816.00
20160325  23:37:00 2194.00 2195.00 2193.00 2194.00 16076.00
20160325  23:36:00 2194.00 2194.00 2193.00 2194.00 9686.00
20160325  23:35:00 2191.00 2194.00 2191.00 2194.00 19736.00
20160325  23:34:00 2193.00 2193.00 2191.00 2191.00 16684.00
20160325  23:33:00 2193.00 2195.00 2192.00 2193.00 21286.00
20160325  23:32:00 2193.00 2194.00 2193.00 2193.00 14392.00
20160325  23:31:00 2192.00 2195.00 2192.00 2193.00 24380.00
20160325  23:30:00 2193.00 2194.00 2192.00 2192.00 34668.00
20160325  23:29:00 2190.00 2193.00 2189.00 2193.00 34784.00
20160325  23:28:00 2188.00 2191.00 2188.00 2191.00 14840.00
20160325  23:27:00 2190.00 2191.00 2188.00 2188.00 19862.00
20160325  23:26:00 2189.00 2190.00 2188.00 2190.00 17616.00
20160325  23:25:00 2190.00 2191.00 2189.00 2189.00 13446.00
20160325  23:24:00 2191.00 2191.00 2189.00 2189.00 12374.00
20160325  23:23:00 2191.00 2191.00 2189.00 2190.00 13658.00
20160325  23:22:00 2190.00 2191.00 2189.00 2191.00 14344.00
20160325  23:21:00 2188.00 2191.00 2188.00 2190.00 31084.00
20160325  23:20:00 2188.00 2189.00 2187.00 2188.00 16802.00
20160325  23:19:00 2188.00 2188.00 2187.00 2188.00 4824.00
20160325  23:18:00 2186.00 2189.00 2186.00 2187.00 17446.00
20160325  23:17:00 2187.00 2189.00 2186.00 2186.00 26140.00
20160325  23:16:00 2187.00 2188.00 2186.00 2188.00 17096.00
20160325  23:15:00 2186.00 2187.00 2185.00 2187.00 37712.00
20160325  23:14:00 2187.00 2189.00 2186.00 2186.00 41902.00
20160325  23:13:00 2190.00 2190.00 2186.00 2186.00 45070.00
20160325  23:12:00 2191.00 2192.00 2189.00 2190.00 21606.00
20160325  23:11:00 2192.00 2192.00 2190.00 2192.00 16226.00
20160325  23:10:00 2190.00 2193.00 2190.00 2192.00 25194.00
20160325  23:09:00 2194.00 2194.00 2189.00 2190.00 40356.00
20160325  23:08:00 2192.00 2194.00 2191.00 2193.00 19892.00
20160325  23:07:00 2192.00 2194.00 2191.00 2191.00 42800.00
20160325  23:06:00 2196.00 2197.00 2192.00 2192.00 35622.00
20160325  23:05:00 2195.00 2197.00 2195.00 2196.00 13166.00
20160325  23:04:00 2197.00 2198.00 2195.00 2196.00 24210.00
20160325  23:03:00 2194.00 2198.00 2194.00 2198.00 49182.00
20160325  23:02:00 2196.00 2197.00 2194.00 2194.00 27434.00
20160325  23:01:00 2195.00 2197.00 2194.00 2196.00 32172.00
20160325  23:00:00 2194.00 2196.00 2194.00 2195.00 34624.00
20160325  22:59:00 2194.00 2195.00 2193.00 2194.00 13364.00
20160325  22:58:00 2192.00 2195.00 2192.00 2194.00 14036.00
20160325  22:57:00 2193.00 2194.00 2192.00 2192.00 18624.00
20160325  22:56:00 2195.00 2195.00 2192.00 2193.00 42300.00
20160325  22:55:00 2196.00 2197.00 2194.00 2195.00 51214.00
20160325  22:54:00 2191.00 2196.00 2191.00 2195.00 38314.00
20160325  22:53:00 2193.00 2194.00 2191.00 2191.00 16152.00
20160325  22:52:00 2193.00 2194.00 2192.00 2193.00 25404.00
20160325  22:51:00 2192.00 2195.00 2191.00 2194.00 52462.00
20160325  22:50:00 2189.00 2192.00 2189.00 2192.00 23448.00
20160325  22:49:00 2188.00 2190.00 2188.00 2189.00 6938.00
20160325  22:48:00 2189.00 2189.00 2188.00 2188.00 13676.00
20160325  22:47:00 2188.00 2190.00 2188.00 2190.00 7760.00
20160325  22:46:00 2189.00 2190.00 2187.00 2188.00 28672.00
20160325  22:45:00 2193.00 2193.00 2189.00 2190.00 28828.00
20160325  22:44:00 2191.00 2193.00 2190.00 2193.00 26544.00
20160325  22:43:00 2190.00 2192.00 2189.00 2191.00 20514.00
20160325  22:42:00 2192.00 2192.00 2189.00 2189.00 22156.00
20160325  22:41:00 2190.00 2192.00 2189.00 2192.00 21402.00
20160325  22:40:00 2189.00 2191.00 2188.00 2190.00 15802.00
20160325  22:39:00 2188.00 2190.00 2188.00 2189.00 10304.00
20160325  22:38:00 2190.00 2190.00 2186.00 2188.00 25506.00
20160325  22:37:00 2189.00 2191.00 2189.00 2189.00 10950.00
20160325  22:36:00 2188.00 2191.00 2188.00 2189.00 33200.00
20160325  22:35:00 2189.00 2190.00 2188.00 2188.00 43256.00
20160325  22:34:00 2186.00 2189.00 2185.00 2189.00 31388.00
20160325  22:33:00 2184.00 2187.00 2183.00 2187.00 22132.00
20160325  22:32:00 2183.00 2185.00 2183.00 2184.00 9386.00
20160325  22:31:00 2182.00 2184.00 2182.00 2184.00 7650.00
20160325  22:30:00 2186.00 2186.00 2182.00 2182.00 18026.00
20160325  22:29:00 2187.00 2187.00 2185.00 2185.00 9926.00
20160325  22:28:00 2185.00 2187.00 2185.00 2187.00 6734.00
20160325  22:27:00 2187.00 2187.00 2185.00 2185.00 8324.00
20160325  22:26:00 2184.00 2186.00 2183.00 2186.00 20412.00
20160325  22:25:00 2184.00 2184.00 2182.00 2184.00 10644.00
20160325  22:24:00 2185.00 2185.00 2183.00 2183.00 11606.00
20160325  22:23:00 2182.00 2185.00 2182.00 2185.00 16996.00
20160325  22:22:00 2184.00 2185.00 2182.00 2183.00 24006.00
20160325  22:21:00 2184.00 2185.00 2183.00 2184.00 18500.00
20160325  22:20:00 2184.00 2184.00 2182.00 2184.00 33046.00
20160325  22:19:00 2190.00 2190.00 2181.00 2184.00 65050.00
20160325  22:18:00 2189.00 2190.00 2189.00 2189.00 12918.00
20160325  22:17:00 2191.00 2191.00 2188.00 2190.00 28362.00
20160325  22:16:00 2188.00 2192.00 2188.00 2190.00 42994.00
20160325  22:15:00 2188.00 2189.00 2186.00 2188.00 17374.00
20160325  22:14:00 2185.00 2188.00 2183.00 2188.00 23822.00
20160325  22:13:00 2185.00 2187.00 2185.00 2185.00 14852.00
20160325  22:12:00 2185.00 2186.00 2184.00 2185.00 9888.00
20160325  22:11:00 2186.00 2186.00 2185.00 2185.00 4802.00
20160325  22:10:00 2186.00 2186.00 2184.00 2185.00 22346.00
20160325  22:09:00 2188.00 2189.00 2185.00 2186.00 26522.00
20160325  22:08:00 2187.00 2189.00 2187.00 2188.00 12744.00
20160325  22:07:00 2190.00 2190.00 2187.00 2187.00 24804.00
20160325  22:06:00 2189.00 2190.00 2187.00 2190.00 24072.00
20160325  22:05:00 2188.00 2189.00 2187.00 2189.00 32778.00
20160325  22:04:00 2186.00 2188.00 2185.00 2188.00 18658.00
20160325  22:03:00 2185.00 2187.00 2184.00 2186.00 17528.00
20160325  22:02:00 2184.00 2186.00 2184.00 2185.00 8962.00
20160325  22:01:00 2184.00 2186.00 2183.00 2185.00 14542.00
20160325  22:00:00 2185.00 2186.00 2184.00 2184.00 17200.00
20160325  21:59:00 2185.00 2186.00 2184.00 2186.00 17574.00
20160325  21:58:00 2187.00 2188.00 2185.00 2185.00 25546.00
20160325  21:57:00 2185.00 2188.00 2185.00 2188.00 29542.00
20160325  21:56:00 2186.00 2186.00 2183.00 2184.00 26462.00
20160325  21:55:00 2183.00 2186.00 2181.00 2186.00 30716.00
20160325  21:54:00 2180.00 2183.00 2179.00 2183.00 22780.00
20160325  21:53:00 2180.00 2181.00 2178.00 2180.00 36746.00
20160325  21:52:00 2181.00 2182.00 2179.00 2179.00 29608.00
20160325  21:51:00 2184.00 2186.00 2181.00 2181.00 40822.00
20160325  21:50:00 2185.00 2185.00 2184.00 2185.00 21276.00
20160325  21:49:00 2181.00 2185.00 2181.00 2185.00 34436.00
20160325  21:48:00 2181.00 2182.00 2179.00 2181.00 19654.00
20160325  21:47:00 2181.00 2182.00 2180.00 2181.00 12928.00
20160325  21:46:00 2180.00 2181.00 2179.00 2181.00 18072.00
20160325  21:45:00 2183.00 2183.00 2180.00 2180.00 29218.00
20160325  21:44:00 2183.00 2184.00 2181.00 2183.00 36980.00
20160325  21:43:00 2181.00 2183.00 2181.00 2182.00 45048.00
20160325  21:42:00 2180.00 2182.00 2179.00 2182.00 33516.00
20160325  21:41:00 2176.00 2180.00 2176.00 2180.00 38882.00
20160325  21:40:00 2177.00 2177.00 2175.00 2176.00 35328.00
20160325  21:39:00 2178.00 2179.00 2176.00 2178.00 52450.00
20160325  21:38:00 2181.00 2182.00 2177.00 2178.00 34430.00
20160325  21:37:00 2180.00 2182.00 2180.00 2182.00 24030.00
20160325  21:36:00 2180.00 2181.00 2179.00 2181.00 35142.00
20160325  21:35:00 2179.00 2181.00 2177.00 2180.00 55712.00
20160325  21:34:00 2181.00 2182.00 2177.00 2178.00 77374.00
20160325  21:33:00 2184.00 2184.00 2181.00 2181.00 32586.00
20160325  21:32:00 2185.00 2185.00 2181.00 2184.00 56318.00
20160325  21:31:00 2185.00 2187.00 2183.00 2184.00 38554.00
20160325  21:30:00 2188.00 2188.00 2184.00 2185.00 62422.00
20160325  21:29:00 2190.00 2191.00 2188.00 2189.00 23904.00
20160325  21:28:00 2188.00 2191.00 2187.00 2190.00 31534.00
20160325  21:27:00 2189.00 2190.00 2187.00 2189.00 31398.00
20160325  21:26:00 2189.00 2191.00 2188.00 2188.00 60076.00
20160325  21:25:00 2186.00 2189.00 2185.00 2189.00 46016.00
20160325  21:24:00 2187.00 2188.00 2186.00 2186.00 39118.00
20160325  21:23:00 2190.00 2190.00 2185.00 2187.00 85402.00
20160325  21:22:00 2192.00 2193.00 2188.00 2189.00 45754.00
20160325  21:21:00 2191.00 2193.00 2190.00 2192.00 52210.00
20160325  21:20:00 2191.00 2194.00 2191.00 2192.00 46192.00
20160325  21:19:00 2196.00 2196.00 2191.00 2191.00 38750.00
20160325  21:18:00 2195.00 2198.00 2194.00 2195.00 32678.00
20160325  21:17:00 2193.00 2197.00 2193.00 2194.00 32810.00
20160325  21:16:00 2196.00 2197.00 2193.00 2194.00 56760.00
20160325  21:15:00 2199.00 2203.00 2195.00 2196.00 66958.00
20160325  21:14:00 2197.00 2199.00 2195.00 2199.00 41478.00
20160325  21:13:00 2198.00 2199.00 2196.00 2197.00 34036.00
20160325  21:12:00 2202.00 2202.00 2197.00 2197.00 40354.00
20160325  21:11:00 2202.00 2203.00 2200.00 2202.00 73852.00
20160325  21:10:00 2194.00 2202.00 2194.00 2202.00 81242.00
20160325  21:09:00 2196.00 2197.00 2194.00 2195.00 44250.00
20160325  21:08:00 2197.00 2199.00 2195.00 2195.00 77088.00
20160325  21:07:00 2193.00 2197.00 2192.00 2197.00 86218.00
20160325  21:06:00 2189.00 2195.00 2189.00 2193.00 69874.00
20160325  21:05:00 2184.00 2191.00 2183.00 2190.00 68632.00
20160325  21:04:00 2186.00 2186.00 2182.00 2183.00 67240.00
20160325  21:03:00 2187.00 2188.00 2186.00 2186.00 40514.00
20160325  21:02:00 2187.00 2189.00 2185.00 2186.00 46082.00
20160325  21:01:00 2192.00 2192.00 2186.00 2188.00 66494.00
20160325  21:00:00 2190.00 2193.00 2186.00 2193.00 94536.00
