20170522  15:00:00 3342.00 3342.00 3342.00 3342.00 376.00
20170522  14:59:00 3338.00 3343.00 3338.00 3343.00 51638.00
20170522  14:58:00 3341.00 3345.00 3337.00 3338.00 41864.00
20170522  14:57:00 3337.00 3341.00 3333.00 3341.00 51312.00
20170522  14:56:00 3342.00 3343.00 3335.00 3337.00 50410.00
20170522  14:55:00 3349.00 3349.00 3341.00 3342.00 31034.00
20170522  14:54:00 3346.00 3351.00 3346.00 3349.00 18790.00
20170522  14:53:00 3347.00 3348.00 3345.00 3346.00 9086.00
20170522  14:52:00 3350.00 3350.00 3345.00 3346.00 21120.00
20170522  14:51:00 3348.00 3351.00 3346.00 3349.00 31312.00
20170522  14:50:00 3345.00 3348.00 3344.00 3348.00 21700.00
20170522  14:49:00 3342.00 3345.00 3341.00 3345.00 20712.00
20170522  14:48:00 3340.00 3343.00 3339.00 3342.00 15270.00
20170522  14:47:00 3336.00 3341.00 3336.00 3340.00 14446.00
20170522  14:46:00 3339.00 3342.00 3335.00 3336.00 22272.00
20170522  14:45:00 3339.00 3343.00 3338.00 3339.00 20672.00
20170522  14:44:00 3338.00 3342.00 3336.00 3340.00 30768.00
20170522  14:43:00 3346.00 3347.00 3336.00 3339.00 53744.00
20170522  14:42:00 3347.00 3349.00 3345.00 3346.00 8246.00
20170522  14:41:00 3350.00 3350.00 3346.00 3346.00 10528.00
20170522  14:40:00 3348.00 3351.00 3347.00 3349.00 11954.00
20170522  14:39:00 3345.00 3349.00 3344.00 3349.00 16580.00
20170522  14:38:00 3349.00 3349.00 3341.00 3345.00 36234.00
20170522  14:37:00 3346.00 3350.00 3346.00 3349.00 11260.00
20170522  14:36:00 3349.00 3350.00 3347.00 3347.00 7600.00
20170522  14:35:00 3353.00 3354.00 3349.00 3350.00 11942.00
20170522  14:34:00 3353.00 3353.00 3350.00 3352.00 8188.00
20170522  14:33:00 3352.00 3353.00 3351.00 3353.00 4570.00
20170522  14:32:00 3348.00 3353.00 3348.00 3352.00 14552.00
20170522  14:31:00 3350.00 3350.00 3347.00 3348.00 7730.00
20170522  14:30:00 3346.00 3350.00 3346.00 3350.00 16568.00
20170522  14:29:00 3349.00 3350.00 3345.00 3346.00 18588.00
20170522  14:28:00 3352.00 3353.00 3347.00 3350.00 23646.00
20170522  14:27:00 3354.00 3355.00 3351.00 3353.00 5868.00
20170522  14:26:00 3356.00 3357.00 3351.00 3354.00 12810.00
20170522  14:25:00 3356.00 3357.00 3354.00 3357.00 7652.00
20170522  14:24:00 3357.00 3358.00 3355.00 3355.00 8322.00
20170522  14:23:00 3357.00 3359.00 3356.00 3358.00 28104.00
20170522  14:22:00 3354.00 3357.00 3354.00 3357.00 8454.00
20170522  14:21:00 3354.00 3357.00 3353.00 3354.00 18588.00
20170522  14:20:00 3349.00 3355.00 3349.00 3355.00 11718.00
20170522  14:19:00 3352.00 3353.00 3349.00 3349.00 14320.00
20170522  14:18:00 3354.00 3354.00 3351.00 3352.00 11776.00
20170522  14:17:00 3356.00 3356.00 3353.00 3354.00 11812.00
20170522  14:16:00 3353.00 3356.00 3352.00 3355.00 11708.00
20170522  14:15:00 3351.00 3353.00 3351.00 3352.00 8938.00
20170522  14:14:00 3351.00 3352.00 3350.00 3351.00 3974.00
20170522  14:13:00 3349.00 3351.00 3347.00 3350.00 8742.00
20170522  14:12:00 3352.00 3352.00 3348.00 3349.00 9702.00
20170522  14:11:00 3348.00 3352.00 3346.00 3351.00 14152.00
20170522  14:10:00 3350.00 3350.00 3347.00 3348.00 16570.00
20170522  14:09:00 3352.00 3353.00 3350.00 3350.00 11312.00
20170522  14:08:00 3352.00 3353.00 3352.00 3353.00 3232.00
20170522  14:07:00 3352.00 3354.00 3352.00 3352.00 6604.00
20170522  14:06:00 3354.00 3355.00 3352.00 3352.00 5484.00
20170522  14:05:00 3355.00 3355.00 3352.00 3353.00 8606.00
20170522  14:04:00 3351.00 3357.00 3351.00 3355.00 35282.00
20170522  14:03:00 3352.00 3353.00 3350.00 3351.00 8294.00
20170522  14:02:00 3352.00 3353.00 3350.00 3352.00 6612.00
20170522  14:01:00 3354.00 3354.00 3350.00 3352.00 10174.00
20170522  14:00:00 3350.00 3354.00 3350.00 3354.00 15054.00
20170522  13:59:00 3351.00 3352.00 3349.00 3351.00 9972.00
20170522  13:58:00 3351.00 3353.00 3350.00 3352.00 12360.00
20170522  13:57:00 3347.00 3352.00 3347.00 3351.00 10698.00
20170522  13:56:00 3349.00 3350.00 3347.00 3347.00 8228.00
20170522  13:55:00 3351.00 3353.00 3348.00 3349.00 10978.00
20170522  13:54:00 3348.00 3352.00 3348.00 3352.00 13954.00
20170522  13:53:00 3344.00 3349.00 3344.00 3348.00 13726.00
20170522  13:52:00 3345.00 3347.00 3344.00 3344.00 9720.00
20170522  13:51:00 3342.00 3345.00 3342.00 3344.00 14054.00
20170522  13:50:00 3346.00 3347.00 3341.00 3342.00 27134.00
20170522  13:49:00 3353.00 3354.00 3347.00 3347.00 22072.00
20170522  13:48:00 3352.00 3354.00 3351.00 3354.00 17688.00
20170522  13:47:00 3352.00 3354.00 3352.00 3352.00 9168.00
20170522  13:46:00 3352.00 3353.00 3350.00 3353.00 10346.00
20170522  13:45:00 3350.00 3353.00 3350.00 3352.00 23258.00
20170522  13:44:00 3351.00 3352.00 3350.00 3351.00 14296.00
20170522  13:43:00 3349.00 3352.00 3348.00 3351.00 14026.00
20170522  13:42:00 3350.00 3351.00 3348.00 3350.00 12592.00
20170522  13:41:00 3349.00 3351.00 3347.00 3351.00 16248.00
20170522  13:40:00 3351.00 3352.00 3349.00 3349.00 22134.00
20170522  13:39:00 3348.00 3352.00 3348.00 3352.00 41368.00
20170522  13:38:00 3344.00 3348.00 3344.00 3347.00 22312.00
20170522  13:37:00 3344.00 3345.00 3343.00 3344.00 8016.00
20170522  13:36:00 3345.00 3346.00 3343.00 3344.00 6970.00
20170522  13:35:00 3345.00 3346.00 3341.00 3345.00 15536.00
20170522  13:34:00 3342.00 3346.00 3342.00 3345.00 23894.00
20170522  13:33:00 3344.00 3345.00 3342.00 3343.00 16098.00
20170522  13:32:00 3339.00 3345.00 3338.00 3343.00 48678.00
20170522  13:31:00 3335.00 3339.00 3333.00 3338.00 24738.00
20170522  13:30:00 3339.00 3342.00 3333.00 3335.00 40266.00
20170522  11:29:00 3336.00 3340.00 3334.00 3339.00 40666.00
20170522  11:28:00 3335.00 3337.00 3334.00 3336.00 28946.00
20170522  11:27:00 3332.00 3335.00 3330.00 3335.00 28448.00
20170522  11:26:00 3328.00 3332.00 3324.00 3332.00 27090.00
20170522  11:25:00 3325.00 3332.00 3325.00 3328.00 46490.00
20170522  11:24:00 3319.00 3325.00 3318.00 3325.00 57436.00
20170522  11:23:00 3327.00 3327.00 3318.00 3320.00 82736.00
20170522  11:22:00 3328.00 3329.00 3324.00 3326.00 49966.00
20170522  11:21:00 3335.00 3336.00 3326.00 3328.00 73490.00
20170522  11:20:00 3340.00 3341.00 3335.00 3335.00 17456.00
20170522  11:19:00 3343.00 3343.00 3340.00 3340.00 9106.00
20170522  11:18:00 3341.00 3345.00 3341.00 3343.00 18604.00
20170522  11:17:00 3338.00 3343.00 3338.00 3341.00 31368.00
20170522  11:16:00 3335.00 3339.00 3334.00 3338.00 16196.00
20170522  11:15:00 3336.00 3338.00 3332.00 3336.00 33466.00
20170522  11:14:00 3337.00 3339.00 3333.00 3335.00 24514.00
20170522  11:13:00 3337.00 3340.00 3336.00 3336.00 14780.00
20170522  11:12:00 3334.00 3341.00 3334.00 3337.00 27154.00
20170522  11:11:00 3340.00 3341.00 3334.00 3334.00 30470.00
20170522  11:10:00 3343.00 3343.00 3338.00 3340.00 17438.00
20170522  11:09:00 3344.00 3344.00 3339.00 3343.00 16570.00
20170522  11:08:00 3345.00 3346.00 3343.00 3344.00 8514.00
20170522  11:07:00 3343.00 3346.00 3343.00 3344.00 12138.00
20170522  11:06:00 3345.00 3345.00 3342.00 3343.00 11576.00
20170522  11:05:00 3341.00 3346.00 3341.00 3345.00 20752.00
20170522  11:04:00 3342.00 3344.00 3340.00 3342.00 18688.00
20170522  11:03:00 3340.00 3343.00 3339.00 3342.00 20556.00
20170522  11:02:00 3337.00 3340.00 3334.00 3340.00 27130.00
20170522  11:01:00 3334.00 3341.00 3334.00 3336.00 22256.00
20170522  11:00:00 3337.00 3341.00 3334.00 3335.00 30140.00
20170522  10:59:00 3337.00 3342.00 3337.00 3338.00 28302.00
20170522  10:58:00 3338.00 3344.00 3333.00 3337.00 68570.00
20170522  10:57:00 3347.00 3349.00 3339.00 3339.00 45702.00
20170522  10:56:00 3354.00 3354.00 3345.00 3347.00 15392.00
20170522  10:55:00 3345.00 3355.00 3344.00 3354.00 33752.00
20170522  10:54:00 3347.00 3351.00 3345.00 3345.00 21430.00
20170522  10:53:00 3351.00 3351.00 3345.00 3347.00 24352.00
20170522  10:52:00 3346.00 3351.00 3346.00 3351.00 30496.00
20170522  10:51:00 3341.00 3347.00 3339.00 3346.00 49932.00
20170522  10:50:00 3350.00 3352.00 3341.00 3341.00 52082.00
20170522  10:49:00 3351.00 3354.00 3345.00 3351.00 63666.00
20170522  10:48:00 3357.00 3357.00 3352.00 3353.00 47512.00
20170522  10:47:00 3359.00 3363.00 3356.00 3358.00 41704.00
20170522  10:46:00 3367.00 3368.00 3358.00 3360.00 67068.00
20170522  10:45:00 3372.00 3373.00 3366.00 3368.00 25200.00
20170522  10:44:00 3369.00 3372.00 3368.00 3371.00 12984.00
20170522  10:43:00 3371.00 3374.00 3366.00 3369.00 25856.00
20170522  10:42:00 3373.00 3374.00 3368.00 3371.00 26690.00
20170522  10:41:00 3375.00 3378.00 3369.00 3373.00 35720.00
20170522  10:40:00 3381.00 3381.00 3371.00 3375.00 46042.00
20170522  10:39:00 3384.00 3385.00 3377.00 3381.00 59534.00
20170522  10:38:00 3375.00 3384.00 3372.00 3383.00 70772.00
20170522  10:37:00 3367.00 3376.00 3366.00 3374.00 55278.00
20170522  10:36:00 3365.00 3369.00 3363.00 3368.00 29482.00
20170522  10:35:00 3362.00 3367.00 3361.00 3365.00 32404.00
20170522  10:34:00 3360.00 3367.00 3360.00 3361.00 42672.00
20170522  10:33:00 3361.00 3362.00 3358.00 3361.00 17528.00
20170522  10:32:00 3360.00 3363.00 3359.00 3361.00 26116.00
20170522  10:31:00 3358.00 3361.00 3357.00 3360.00 34202.00
20170522  10:30:00 3356.00 3358.00 3354.00 3358.00 26760.00
20170522  10:14:00 3352.00 3356.00 3352.00 3355.00 17458.00
20170522  10:13:00 3351.00 3355.00 3350.00 3353.00 23988.00
20170522  10:12:00 3350.00 3353.00 3349.00 3350.00 10336.00
20170522  10:11:00 3349.00 3350.00 3348.00 3349.00 6408.00
20170522  10:10:00 3348.00 3351.00 3348.00 3350.00 7288.00
20170522  10:09:00 3350.00 3350.00 3347.00 3348.00 9582.00
20170522  10:08:00 3350.00 3353.00 3349.00 3350.00 24104.00
20170522  10:07:00 3347.00 3350.00 3346.00 3350.00 8244.00
20170522  10:06:00 3345.00 3349.00 3344.00 3347.00 8868.00
20170522  10:05:00 3347.00 3347.00 3344.00 3344.00 6548.00
20170522  10:04:00 3346.00 3347.00 3346.00 3346.00 3222.00
20170522  10:03:00 3344.00 3347.00 3344.00 3345.00 9968.00
20170522  10:02:00 3342.00 3346.00 3342.00 3345.00 5516.00
20170522  10:01:00 3342.00 3346.00 3342.00 3342.00 8254.00
20170522  10:00:00 3343.00 3345.00 3342.00 3342.00 14470.00
20170522  09:59:00 3341.00 3345.00 3341.00 3344.00 12496.00
20170522  09:58:00 3342.00 3343.00 3339.00 3342.00 17690.00
20170522  09:57:00 3346.00 3346.00 3342.00 3342.00 7670.00
20170522  09:56:00 3345.00 3346.00 3343.00 3346.00 7222.00
20170522  09:55:00 3344.00 3345.00 3340.00 3344.00 13972.00
20170522  09:54:00 3343.00 3347.00 3343.00 3344.00 10022.00
20170522  09:53:00 3346.00 3346.00 3342.00 3343.00 10990.00
20170522  09:52:00 3347.00 3348.00 3345.00 3346.00 9974.00
20170522  09:51:00 3350.00 3351.00 3346.00 3347.00 13458.00
20170522  09:50:00 3347.00 3351.00 3347.00 3350.00 24638.00
20170522  09:49:00 3347.00 3348.00 3345.00 3347.00 14124.00
20170522  09:48:00 3342.00 3349.00 3342.00 3347.00 23012.00
20170522  09:47:00 3340.00 3343.00 3340.00 3343.00 7134.00
20170522  09:46:00 3342.00 3343.00 3340.00 3341.00 6666.00
20170522  09:45:00 3343.00 3344.00 3341.00 3342.00 12392.00
20170522  09:44:00 3342.00 3345.00 3341.00 3342.00 13668.00
20170522  09:43:00 3341.00 3343.00 3341.00 3342.00 3660.00
20170522  09:42:00 3341.00 3343.00 3340.00 3341.00 9758.00
20170522  09:41:00 3337.00 3342.00 3336.00 3342.00 10872.00
20170522  09:40:00 3339.00 3341.00 3337.00 3337.00 6216.00
20170522  09:39:00 3341.00 3342.00 3336.00 3340.00 9924.00
20170522  09:38:00 3339.00 3342.00 3339.00 3341.00 6550.00
20170522  09:37:00 3337.00 3343.00 3336.00 3340.00 18272.00
20170522  09:36:00 3338.00 3339.00 3336.00 3337.00 10424.00
20170522  09:35:00 3338.00 3338.00 3335.00 3337.00 6956.00
20170522  09:34:00 3340.00 3340.00 3334.00 3338.00 16202.00
20170522  09:33:00 3335.00 3340.00 3334.00 3340.00 18756.00
20170522  09:32:00 3337.00 3337.00 3332.00 3334.00 14156.00
20170522  09:31:00 3333.00 3337.00 3333.00 3336.00 20142.00
20170522  09:30:00 3336.00 3340.00 3330.00 3333.00 39840.00
20170522  09:29:00 3340.00 3341.00 3334.00 3336.00 19938.00
20170522  09:28:00 3341.00 3343.00 3340.00 3341.00 6878.00
20170522  09:27:00 3346.00 3346.00 3341.00 3341.00 14856.00
20170522  09:26:00 3338.00 3345.00 3338.00 3345.00 16914.00
20170522  09:25:00 3338.00 3340.00 3334.00 3338.00 23986.00
20170522  09:24:00 3338.00 3340.00 3337.00 3338.00 9560.00
20170522  09:23:00 3338.00 3343.00 3338.00 3338.00 15648.00
20170522  09:22:00 3343.00 3346.00 3337.00 3337.00 20750.00
20170522  09:21:00 3338.00 3344.00 3335.00 3342.00 27110.00
20170522  09:20:00 3338.00 3347.00 3336.00 3339.00 31600.00
20170522  09:19:00 3343.00 3343.00 3334.00 3338.00 54076.00
20170522  09:18:00 3347.00 3352.00 3343.00 3343.00 23498.00
20170522  09:17:00 3347.00 3351.00 3345.00 3346.00 28014.00
20170522  09:16:00 3348.00 3348.00 3339.00 3346.00 50082.00
20170522  09:15:00 3357.00 3357.00 3347.00 3347.00 45446.00
20170522  09:14:00 3361.00 3365.00 3357.00 3358.00 50244.00
20170522  09:13:00 3357.00 3363.00 3354.00 3361.00 51410.00
20170522  09:12:00 3351.00 3359.00 3350.00 3357.00 35378.00
20170522  09:11:00 3355.00 3358.00 3351.00 3351.00 46314.00
20170522  09:10:00 3347.00 3355.00 3343.00 3354.00 60522.00
20170522  09:09:00 3342.00 3347.00 3340.00 3347.00 35072.00
20170522  09:08:00 3336.00 3343.00 3336.00 3341.00 32116.00
20170522  09:07:00 3338.00 3342.00 3336.00 3337.00 24776.00
20170522  09:06:00 3334.00 3343.00 3334.00 3338.00 42070.00
20170522  09:05:00 3327.00 3337.00 3326.00 3335.00 54442.00
20170522  09:04:00 3329.00 3331.00 3323.00 3327.00 52398.00
20170522  09:03:00 3326.00 3332.00 3318.00 3330.00 87806.00
20170522  09:02:00 3351.00 3351.00 3326.00 3326.00 112286.00
20170522  09:01:00 3344.00 3363.00 3344.00 3350.00 125462.00
20170522  09:00:00 3334.00 3348.00 3331.00 3343.00 164130.00
20170519  23:00:00 3334.00 3334.00 3334.00 3334.00 518.00
20170519  22:59:00 3332.00 3337.00 3331.00 3334.00 93120.00
20170519  22:58:00 3332.00 3333.00 3330.00 3332.00 29896.00
20170519  22:57:00 3332.00 3335.00 3327.00 3331.00 33742.00
20170519  22:56:00 3328.00 3339.00 3328.00 3332.00 59354.00
20170519  22:55:00 3329.00 3332.00 3321.00 3328.00 83116.00
20170519  22:54:00 3335.00 3336.00 3328.00 3330.00 57878.00
20170519  22:53:00 3336.00 3341.00 3334.00 3336.00 40872.00
20170519  22:52:00 3341.00 3341.00 3328.00 3336.00 68766.00
20170519  22:51:00 3346.00 3346.00 3335.00 3341.00 69962.00
20170519  22:50:00 3341.00 3349.00 3340.00 3346.00 80614.00
20170519  22:49:00 3331.00 3341.00 3331.00 3340.00 73238.00
20170519  22:48:00 3328.00 3333.00 3326.00 3332.00 63194.00
20170519  22:47:00 3326.00 3328.00 3324.00 3328.00 28098.00
20170519  22:46:00 3322.00 3327.00 3321.00 3327.00 25944.00
20170519  22:45:00 3325.00 3325.00 3321.00 3323.00 31842.00
20170519  22:44:00 3323.00 3326.00 3320.00 3325.00 28564.00
20170519  22:43:00 3323.00 3326.00 3320.00 3324.00 25386.00
20170519  22:42:00 3314.00 3326.00 3314.00 3322.00 52344.00
20170519  22:41:00 3320.00 3320.00 3313.00 3314.00 34660.00
20170519  22:40:00 3319.00 3322.00 3315.00 3321.00 43714.00
20170519  22:39:00 3314.00 3322.00 3311.00 3320.00 71816.00
20170519  22:38:00 3305.00 3316.00 3305.00 3314.00 56696.00
20170519  22:37:00 3306.00 3308.00 3305.00 3306.00 12150.00
20170519  22:36:00 3309.00 3309.00 3305.00 3307.00 24434.00
20170519  22:35:00 3303.00 3309.00 3303.00 3309.00 32686.00
20170519  22:34:00 3302.00 3304.00 3301.00 3303.00 17636.00
20170519  22:33:00 3300.00 3306.00 3300.00 3303.00 36102.00
20170519  22:32:00 3297.00 3302.00 3297.00 3301.00 16542.00
20170519  22:31:00 3300.00 3300.00 3295.00 3298.00 27914.00
20170519  22:30:00 3301.00 3302.00 3298.00 3300.00 16042.00
20170519  22:29:00 3302.00 3303.00 3298.00 3301.00 26490.00
20170519  22:28:00 3301.00 3303.00 3300.00 3303.00 17378.00
20170519  22:27:00 3300.00 3304.00 3299.00 3301.00 25310.00
20170519  22:26:00 3300.00 3303.00 3297.00 3300.00 39354.00
20170519  22:25:00 3299.00 3300.00 3296.00 3300.00 24164.00
20170519  22:24:00 3294.00 3303.00 3293.00 3300.00 66462.00
20170519  22:23:00 3293.00 3294.00 3292.00 3293.00 9490.00
20170519  22:22:00 3292.00 3296.00 3292.00 3294.00 13558.00
20170519  22:21:00 3291.00 3295.00 3291.00 3292.00 24982.00
20170519  22:20:00 3288.00 3292.00 3285.00 3291.00 18256.00
20170519  22:19:00 3283.00 3290.00 3283.00 3288.00 28234.00
20170519  22:18:00 3295.00 3295.00 3283.00 3283.00 56322.00
20170519  22:17:00 3296.00 3297.00 3292.00 3294.00 27254.00
20170519  22:16:00 3299.00 3299.00 3295.00 3296.00 22632.00
20170519  22:15:00 3297.00 3299.00 3296.00 3299.00 28728.00
20170519  22:14:00 3295.00 3298.00 3293.00 3298.00 36732.00
20170519  22:13:00 3298.00 3298.00 3294.00 3295.00 27798.00
20170519  22:12:00 3295.00 3298.00 3294.00 3298.00 32426.00
20170519  22:11:00 3295.00 3296.00 3293.00 3294.00 37612.00
20170519  22:10:00 3294.00 3295.00 3292.00 3294.00 25498.00
20170519  22:09:00 3293.00 3295.00 3290.00 3293.00 39020.00
20170519  22:08:00 3287.00 3293.00 3287.00 3293.00 47000.00
20170519  22:07:00 3287.00 3289.00 3286.00 3287.00 15882.00
20170519  22:06:00 3286.00 3287.00 3284.00 3287.00 9166.00
20170519  22:05:00 3283.00 3286.00 3282.00 3286.00 17282.00
20170519  22:04:00 3286.00 3286.00 3283.00 3283.00 10556.00
20170519  22:03:00 3284.00 3287.00 3284.00 3286.00 13142.00
20170519  22:02:00 3288.00 3288.00 3284.00 3285.00 19636.00
20170519  22:01:00 3286.00 3288.00 3284.00 3287.00 23584.00
20170519  22:00:00 3290.00 3291.00 3286.00 3287.00 32000.00
20170519  21:59:00 3285.00 3290.00 3284.00 3290.00 41950.00
20170519  21:58:00 3281.00 3285.00 3281.00 3285.00 16624.00
20170519  21:57:00 3281.00 3282.00 3279.00 3281.00 6590.00
20170519  21:56:00 3283.00 3286.00 3279.00 3281.00 43250.00
20170519  21:55:00 3282.00 3283.00 3280.00 3283.00 13226.00
20170519  21:54:00 3280.00 3282.00 3278.00 3282.00 8516.00
20170519  21:53:00 3279.00 3281.00 3278.00 3279.00 14246.00
20170519  21:52:00 3279.00 3280.00 3278.00 3278.00 6288.00
20170519  21:51:00 3279.00 3281.00 3277.00 3279.00 9948.00
20170519  21:50:00 3276.00 3280.00 3275.00 3279.00 11236.00
20170519  21:49:00 3279.00 3279.00 3276.00 3276.00 11300.00
20170519  21:48:00 3278.00 3281.00 3278.00 3278.00 12204.00
20170519  21:47:00 3279.00 3279.00 3277.00 3277.00 11508.00
20170519  21:46:00 3281.00 3281.00 3277.00 3278.00 16092.00
20170519  21:45:00 3282.00 3282.00 3279.00 3282.00 15946.00
20170519  21:44:00 3280.00 3283.00 3279.00 3282.00 23526.00
20170519  21:43:00 3276.00 3281.00 3276.00 3281.00 22868.00
20170519  21:42:00 3279.00 3279.00 3276.00 3276.00 9652.00
20170519  21:41:00 3278.00 3280.00 3278.00 3280.00 8114.00
20170519  21:40:00 3277.00 3280.00 3276.00 3278.00 17316.00
20170519  21:39:00 3277.00 3277.00 3275.00 3276.00 10680.00
20170519  21:38:00 3278.00 3278.00 3274.00 3276.00 15832.00
20170519  21:37:00 3277.00 3278.00 3275.00 3277.00 10096.00
20170519  21:36:00 3273.00 3277.00 3272.00 3276.00 14124.00
20170519  21:35:00 3274.00 3276.00 3272.00 3272.00 17614.00
20170519  21:34:00 3272.00 3274.00 3270.00 3274.00 18734.00
20170519  21:33:00 3274.00 3274.00 3269.00 3272.00 43860.00
20170519  21:32:00 3280.00 3282.00 3272.00 3274.00 57778.00
20170519  21:31:00 3280.00 3282.00 3278.00 3282.00 41024.00
20170519  21:30:00 3277.00 3280.00 3276.00 3279.00 18410.00
20170519  21:29:00 3279.00 3280.00 3276.00 3276.00 20080.00
20170519  21:28:00 3275.00 3279.00 3275.00 3279.00 21990.00
20170519  21:27:00 3278.00 3279.00 3274.00 3275.00 20480.00
20170519  21:26:00 3276.00 3279.00 3274.00 3278.00 29898.00
20170519  21:25:00 3277.00 3279.00 3275.00 3277.00 25678.00
20170519  21:24:00 3276.00 3279.00 3276.00 3277.00 40180.00
20170519  21:23:00 3274.00 3277.00 3274.00 3276.00 28948.00
20170519  21:22:00 3271.00 3275.00 3271.00 3275.00 17934.00
20170519  21:21:00 3271.00 3273.00 3270.00 3272.00 18408.00
20170519  21:20:00 3273.00 3273.00 3270.00 3270.00 16300.00
20170519  21:19:00 3270.00 3276.00 3270.00 3273.00 53158.00
20170519  21:18:00 3265.00 3271.00 3265.00 3271.00 34352.00
20170519  21:17:00 3266.00 3267.00 3262.00 3265.00 18150.00
20170519  21:16:00 3265.00 3268.00 3264.00 3266.00 15302.00
20170519  21:15:00 3269.00 3270.00 3264.00 3265.00 21900.00
20170519  21:14:00 3265.00 3269.00 3265.00 3269.00 15322.00
20170519  21:13:00 3266.00 3267.00 3264.00 3265.00 16860.00
20170519  21:12:00 3265.00 3267.00 3264.00 3265.00 22256.00
20170519  21:11:00 3263.00 3267.00 3262.00 3265.00 28426.00
20170519  21:10:00 3266.00 3266.00 3258.00 3262.00 51672.00
20170519  21:09:00 3268.00 3269.00 3265.00 3265.00 27798.00
20170519  21:08:00 3270.00 3272.00 3266.00 3268.00 43992.00
20170519  21:07:00 3267.00 3271.00 3264.00 3271.00 46820.00
20170519  21:06:00 3264.00 3268.00 3261.00 3266.00 54220.00
20170519  21:05:00 3256.00 3265.00 3256.00 3265.00 58202.00
20170519  21:04:00 3255.00 3258.00 3252.00 3257.00 28240.00
20170519  21:03:00 3251.00 3257.00 3248.00 3256.00 30912.00
20170519  21:02:00 3254.00 3254.00 3250.00 3250.00 22050.00
20170519  21:01:00 3251.00 3257.00 3246.00 3253.00 43968.00
20170519  21:00:00 3256.00 3257.00 3247.00 3251.00 98776.00
