20170815  21:00:00 3742.00 3749.00 3742.00 3748.00 34676.00
20170815  21:01:00 3749.00 3752.00 3745.00 3746.00 20474.00
20170815  21:02:00 3746.00 3746.00 3738.00 3740.00 26934.00
20170815  21:03:00 3741.00 3746.00 3741.00 3745.00 12126.00
20170815  21:04:00 3745.00 3746.00 3730.00 3731.00 33630.00
20170815  21:05:00 3733.00 3736.00 3725.00 3728.00 31486.00
20170815  21:06:00 3728.00 3729.00 3725.00 3729.00 19052.00
20170815  21:07:00 3728.00 3730.00 3718.00 3722.00 32384.00
20170815  21:08:00 3722.00 3723.00 3719.00 3721.00 18410.00
20170815  21:09:00 3721.00 3726.00 3721.00 3722.00 14492.00
20170815  21:10:00 3723.00 3723.00 3719.00 3719.00 15546.00
20170815  21:11:00 3720.00 3728.00 3720.00 3728.00 18724.00
20170815  21:12:00 3728.00 3728.00 3724.00 3727.00 12564.00
20170815  21:13:00 3727.00 3727.00 3723.00 3725.00 9880.00
20170815  21:14:00 3726.00 3729.00 3724.00 3728.00 6674.00
20170815  21:15:00 3729.00 3734.00 3727.00 3734.00 17026.00
20170815  21:16:00 3734.00 3734.00 3730.00 3730.00 11458.00
20170815  21:17:00 3731.00 3732.00 3730.00 3731.00 7456.00
20170815  21:18:00 3732.00 3732.00 3728.00 3730.00 10762.00
20170815  21:19:00 3730.00 3737.00 3730.00 3736.00 12880.00
20170815  21:20:00 3735.00 3736.00 3732.00 3733.00 11634.00
20170815  21:21:00 3733.00 3733.00 3729.00 3730.00 8698.00
20170815  21:22:00 3730.00 3730.00 3728.00 3729.00 4730.00
20170815  21:23:00 3730.00 3735.00 3728.00 3735.00 7024.00
20170815  21:24:00 3734.00 3740.00 3734.00 3739.00 17104.00
20170815  21:25:00 3739.00 3746.00 3739.00 3746.00 20944.00
20170815  21:26:00 3746.00 3756.00 3746.00 3751.00 41606.00
20170815  21:27:00 3751.00 3757.00 3751.00 3754.00 24724.00
20170815  21:28:00 3753.00 3755.00 3751.00 3752.00 13388.00
20170815  21:29:00 3752.00 3755.00 3751.00 3754.00 16582.00
20170815  21:30:00 3755.00 3756.00 3748.00 3750.00 13690.00
20170815  21:31:00 3750.00 3751.00 3749.00 3750.00 7440.00
20170815  21:32:00 3750.00 3757.00 3750.00 3757.00 11656.00
20170815  21:33:00 3758.00 3758.00 3753.00 3754.00 11516.00
20170815  21:34:00 3754.00 3758.00 3754.00 3757.00 10562.00
20170815  21:35:00 3757.00 3758.00 3751.00 3756.00 9406.00
20170815  21:36:00 3756.00 3756.00 3752.00 3752.00 4482.00
20170815  21:37:00 3752.00 3754.00 3751.00 3752.00 3896.00
20170815  21:38:00 3752.00 3752.00 3749.00 3749.00 7674.00
20170815  21:39:00 3749.00 3753.00 3749.00 3752.00 5236.00
20170815  21:40:00 3751.00 3753.00 3751.00 3752.00 3572.00
20170815  21:41:00 3752.00 3753.00 3751.00 3751.00 2644.00
20170815  21:42:00 3752.00 3752.00 3746.00 3746.00 10304.00
20170815  21:43:00 3746.00 3748.00 3744.00 3748.00 11694.00
20170815  21:44:00 3747.00 3748.00 3744.00 3745.00 4510.00
20170815  21:45:00 3744.00 3745.00 3740.00 3742.00 12906.00
20170815  21:46:00 3742.00 3746.00 3742.00 3745.00 5132.00
20170815  21:47:00 3746.00 3748.00 3744.00 3748.00 4816.00
20170815  21:48:00 3748.00 3748.00 3745.00 3745.00 4672.00
20170815  21:49:00 3745.00 3747.00 3745.00 3746.00 1964.00
20170815  21:50:00 3747.00 3747.00 3743.00 3744.00 4624.00
20170815  21:51:00 3744.00 3747.00 3744.00 3745.00 2004.00
20170815  21:52:00 3745.00 3752.00 3745.00 3752.00 7376.00
20170815  21:53:00 3752.00 3752.00 3749.00 3752.00 5784.00
20170815  21:54:00 3751.00 3753.00 3750.00 3753.00 6322.00
20170815  21:55:00 3752.00 3756.00 3752.00 3755.00 9490.00
20170815  21:56:00 3755.00 3755.00 3753.00 3753.00 3680.00
20170815  21:57:00 3754.00 3754.00 3750.00 3752.00 3476.00
20170815  21:58:00 3752.00 3754.00 3752.00 3753.00 2886.00
20170815  21:59:00 3754.00 3755.00 3751.00 3752.00 8654.00
20170815  22:00:00 3752.00 3755.00 3752.00 3754.00 5886.00
20170815  22:01:00 3755.00 3760.00 3754.00 3759.00 27404.00
20170815  22:02:00 3759.00 3768.00 3759.00 3767.00 49532.00
20170815  22:03:00 3768.00 3769.00 3762.00 3762.00 21502.00
20170815  22:04:00 3763.00 3765.00 3762.00 3764.00 12192.00
20170815  22:05:00 3763.00 3764.00 3758.00 3759.00 12144.00
20170815  22:06:00 3759.00 3759.00 3756.00 3759.00 8190.00
20170815  22:07:00 3759.00 3762.00 3758.00 3761.00 6752.00
20170815  22:08:00 3760.00 3761.00 3756.00 3757.00 5912.00
20170815  22:09:00 3756.00 3757.00 3754.00 3754.00 6814.00
20170815  22:10:00 3755.00 3758.00 3754.00 3757.00 4660.00
20170815  22:11:00 3758.00 3761.00 3757.00 3759.00 6028.00
20170815  22:12:00 3759.00 3760.00 3754.00 3755.00 5388.00
20170815  22:13:00 3754.00 3758.00 3754.00 3757.00 2300.00
20170815  22:14:00 3757.00 3757.00 3747.00 3748.00 17780.00
20170815  22:15:00 3748.00 3748.00 3734.00 3734.00 41062.00
20170815  22:16:00 3733.00 3740.00 3733.00 3738.00 23042.00
20170815  22:17:00 3738.00 3740.00 3735.00 3739.00 9670.00
20170815  22:18:00 3739.00 3742.00 3739.00 3739.00 9546.00
20170815  22:19:00 3739.00 3740.00 3737.00 3738.00 5302.00
20170815  22:20:00 3738.00 3744.00 3738.00 3743.00 5982.00
20170815  22:21:00 3742.00 3743.00 3740.00 3740.00 3134.00
20170815  22:22:00 3740.00 3744.00 3739.00 3743.00 5168.00
20170815  22:23:00 3743.00 3743.00 3737.00 3737.00 5160.00
20170815  22:24:00 3738.00 3740.00 3734.00 3734.00 8202.00
20170815  22:25:00 3734.00 3734.00 3729.00 3732.00 29196.00
20170815  22:26:00 3731.00 3731.00 3726.00 3730.00 19602.00
20170815  22:27:00 3730.00 3736.00 3730.00 3735.00 11226.00
20170815  22:28:00 3734.00 3737.00 3733.00 3735.00 5994.00
20170815  22:29:00 3734.00 3735.00 3733.00 3733.00 3112.00
20170815  22:30:00 3734.00 3736.00 3731.00 3735.00 6746.00
20170815  22:31:00 3735.00 3737.00 3735.00 3736.00 4816.00
20170815  22:32:00 3736.00 3739.00 3736.00 3738.00 7474.00
20170815  22:33:00 3739.00 3739.00 3734.00 3734.00 4796.00
20170815  22:34:00 3734.00 3735.00 3732.00 3735.00 3324.00
20170815  22:35:00 3735.00 3735.00 3727.00 3728.00 9742.00
20170815  22:36:00 3727.00 3733.00 3727.00 3730.00 7118.00
20170815  22:37:00 3731.00 3734.00 3730.00 3734.00 5282.00
20170815  22:38:00 3734.00 3734.00 3728.00 3728.00 3174.00
20170815  22:39:00 3728.00 3730.00 3725.00 3725.00 16514.00
20170815  22:40:00 3726.00 3730.00 3724.00 3730.00 14424.00
20170815  22:41:00 3730.00 3730.00 3728.00 3729.00 3876.00
20170815  22:42:00 3729.00 3732.00 3729.00 3731.00 4212.00
20170815  22:43:00 3731.00 3733.00 3728.00 3728.00 4224.00
20170815  22:44:00 3729.00 3735.00 3728.00 3734.00 5268.00
20170815  22:45:00 3735.00 3735.00 3730.00 3733.00 3314.00
20170815  22:46:00 3733.00 3734.00 3731.00 3731.00 2082.00
20170815  22:47:00 3731.00 3734.00 3731.00 3734.00 2392.00
20170815  22:48:00 3734.00 3734.00 3731.00 3732.00 2326.00
20170815  22:49:00 3732.00 3732.00 3729.00 3729.00 3328.00
20170815  22:50:00 3729.00 3733.00 3728.00 3732.00 4164.00
20170815  22:51:00 3732.00 3732.00 3728.00 3730.00 4538.00
20170815  22:52:00 3729.00 3729.00 3725.00 3727.00 9126.00
20170815  22:53:00 3727.00 3729.00 3725.00 3726.00 7184.00
20170815  22:54:00 3726.00 3728.00 3722.00 3723.00 11858.00
20170815  22:55:00 3723.00 3727.00 3723.00 3726.00 7094.00
20170815  22:56:00 3726.00 3736.00 3725.00 3734.00 12382.00
20170815  22:57:00 3733.00 3740.00 3733.00 3736.00 15398.00
20170815  22:58:00 3736.00 3738.00 3732.00 3733.00 8298.00
20170815  22:59:00 3733.00 3733.00 3725.00 3725.00 15294.00
20170815  23:00:00 3724.00 3724.00 3724.00 3724.00 120.00
20170816  09:00:00 3725.00 3729.00 3708.00 3727.00 60980.00
20170816  09:01:00 3726.00 3729.00 3719.00 3722.00 18110.00
20170816  09:02:00 3722.00 3734.00 3722.00 3730.00 16446.00
20170816  09:03:00 3729.00 3734.00 3729.00 3734.00 10886.00
20170816  09:04:00 3734.00 3734.00 3725.00 3727.00 8308.00
20170816  09:05:00 3725.00 3729.00 3725.00 3728.00 8178.00
20170816  09:06:00 3728.00 3728.00 3724.00 3725.00 5110.00
20170816  09:07:00 3725.00 3727.00 3724.00 3726.00 4240.00
20170816  09:08:00 3727.00 3728.00 3725.00 3726.00 3372.00
20170816  09:09:00 3726.00 3732.00 3726.00 3728.00 5970.00
20170816  09:10:00 3728.00 3728.00 3724.00 3725.00 5578.00
20170816  09:11:00 3724.00 3730.00 3723.00 3728.00 4772.00
20170816  09:12:00 3728.00 3729.00 3726.00 3728.00 2582.00
20170816  09:13:00 3728.00 3729.00 3726.00 3728.00 2562.00
20170816  09:14:00 3729.00 3733.00 3728.00 3733.00 7430.00
20170816  09:15:00 3733.00 3733.00 3730.00 3731.00 4480.00
20170816  09:16:00 3732.00 3732.00 3728.00 3728.00 3362.00
20170816  09:17:00 3728.00 3730.00 3727.00 3729.00 3986.00
20170816  09:18:00 3729.00 3731.00 3728.00 3730.00 3774.00
20170816  09:19:00 3729.00 3733.00 3729.00 3731.00 5278.00
20170816  09:20:00 3731.00 3732.00 3730.00 3730.00 1730.00
20170816  09:21:00 3730.00 3731.00 3727.00 3727.00 3460.00
20170816  09:22:00 3727.00 3728.00 3721.00 3722.00 13748.00
20170816  09:23:00 3721.00 3728.00 3721.00 3725.00 7688.00
20170816  09:24:00 3725.00 3725.00 3720.00 3721.00 5632.00
20170816  09:25:00 3721.00 3722.00 3720.00 3721.00 7118.00
20170816  09:26:00 3721.00 3725.00 3720.00 3724.00 3656.00
20170816  09:27:00 3724.00 3728.00 3724.00 3726.00 5076.00
20170816  09:28:00 3726.00 3733.00 3725.00 3732.00 8142.00
20170816  09:29:00 3731.00 3732.00 3729.00 3731.00 7510.00
20170816  09:30:00 3731.00 3732.00 3727.00 3729.00 7324.00
20170816  09:31:00 3730.00 3733.00 3728.00 3732.00 8364.00
20170816  09:32:00 3732.00 3737.00 3731.00 3737.00 11628.00
20170816  09:33:00 3737.00 3739.00 3735.00 3737.00 10244.00
20170816  09:34:00 3736.00 3739.00 3735.00 3739.00 6808.00
20170816  09:35:00 3739.00 3740.00 3735.00 3737.00 10202.00
20170816  09:36:00 3737.00 3738.00 3734.00 3737.00 4294.00
20170816  09:37:00 3736.00 3737.00 3733.00 3734.00 3482.00
20170816  09:38:00 3734.00 3738.00 3732.00 3737.00 7492.00
20170816  09:39:00 3737.00 3747.00 3736.00 3746.00 22580.00
20170816  09:40:00 3747.00 3748.00 3742.00 3745.00 17262.00
20170816  09:41:00 3744.00 3748.00 3744.00 3747.00 9054.00
20170816  09:42:00 3748.00 3752.00 3747.00 3750.00 26266.00
20170816  09:43:00 3749.00 3750.00 3744.00 3745.00 11166.00
20170816  09:44:00 3746.00 3746.00 3743.00 3746.00 6066.00
20170816  09:45:00 3746.00 3748.00 3741.00 3742.00 8900.00
20170816  09:46:00 3742.00 3744.00 3742.00 3743.00 3254.00
20170816  09:47:00 3743.00 3745.00 3741.00 3743.00 3998.00
20170816  09:48:00 3743.00 3744.00 3742.00 3743.00 2130.00
20170816  09:49:00 3742.00 3744.00 3740.00 3740.00 3064.00
20170816  09:50:00 3740.00 3745.00 3740.00 3744.00 3328.00
20170816  09:51:00 3745.00 3748.00 3745.00 3748.00 8120.00
20170816  09:52:00 3748.00 3749.00 3743.00 3744.00 6504.00
20170816  09:53:00 3744.00 3746.00 3741.00 3742.00 5046.00
20170816  09:54:00 3742.00 3744.00 3742.00 3744.00 1630.00
20170816  09:55:00 3744.00 3746.00 3742.00 3742.00 2388.00
20170816  09:56:00 3742.00 3744.00 3741.00 3744.00 2642.00
20170816  09:57:00 3744.00 3746.00 3743.00 3744.00 2904.00
20170816  09:58:00 3745.00 3746.00 3744.00 3745.00 1994.00
20170816  09:59:00 3746.00 3750.00 3744.00 3748.00 10868.00
20170816  10:00:00 3748.00 3749.00 3741.00 3742.00 11488.00
20170816  10:01:00 3741.00 3743.00 3736.00 3736.00 11730.00
20170816  10:02:00 3736.00 3741.00 3736.00 3739.00 8898.00
20170816  10:03:00 3738.00 3739.00 3735.00 3736.00 4918.00
20170816  10:04:00 3736.00 3738.00 3736.00 3738.00 2514.00
20170816  10:05:00 3738.00 3738.00 3735.00 3735.00 3046.00
20170816  10:06:00 3735.00 3735.00 3730.00 3731.00 14126.00
20170816  10:07:00 3731.00 3734.00 3728.00 3733.00 9270.00
20170816  10:08:00 3733.00 3733.00 3728.00 3729.00 4862.00
20170816  10:09:00 3728.00 3730.00 3728.00 3729.00 4400.00
20170816  10:10:00 3729.00 3732.00 3728.00 3731.00 3144.00
20170816  10:11:00 3732.00 3732.00 3729.00 3730.00 5000.00
20170816  10:12:00 3731.00 3731.00 3728.00 3728.00 3546.00
20170816  10:13:00 3729.00 3732.00 3728.00 3732.00 6626.00
20170816  10:14:00 3732.00 3732.00 3727.00 3727.00 4996.00
20170816  10:30:00 3727.00 3727.00 3722.00 3722.00 16776.00
20170816  10:31:00 3723.00 3723.00 3719.00 3723.00 18900.00
20170816  10:32:00 3723.00 3726.00 3722.00 3725.00 8304.00
20170816  10:33:00 3725.00 3726.00 3722.00 3726.00 3318.00
20170816  10:34:00 3725.00 3727.00 3725.00 3727.00 3214.00
20170816  10:35:00 3727.00 3727.00 3723.00 3723.00 5202.00
20170816  10:36:00 3723.00 3727.00 3723.00 3726.00 3848.00
20170816  10:37:00 3726.00 3726.00 3721.00 3722.00 5154.00
20170816  10:38:00 3722.00 3725.00 3722.00 3723.00 5778.00
20170816  10:39:00 3724.00 3726.00 3722.00 3726.00 6060.00
20170816  10:40:00 3725.00 3727.00 3723.00 3727.00 2618.00
20170816  10:41:00 3727.00 3727.00 3725.00 3727.00 2732.00
20170816  10:42:00 3725.00 3727.00 3725.00 3727.00 2334.00
20170816  10:43:00 3726.00 3727.00 3725.00 3725.00 1674.00
20170816  10:44:00 3725.00 3726.00 3724.00 3724.00 5000.00
20170816  10:45:00 3724.00 3729.00 3724.00 3729.00 5234.00
20170816  10:46:00 3729.00 3729.00 3726.00 3727.00 2756.00
20170816  10:47:00 3727.00 3728.00 3725.00 3727.00 2744.00
20170816  10:48:00 3727.00 3729.00 3727.00 3729.00 2944.00
20170816  10:49:00 3729.00 3730.00 3728.00 3730.00 3232.00
20170816  10:50:00 3730.00 3730.00 3728.00 3729.00 2976.00
20170816  10:51:00 3729.00 3730.00 3729.00 3730.00 1198.00
20170816  10:52:00 3729.00 3730.00 3726.00 3726.00 3776.00
20170816  10:53:00 3726.00 3726.00 3722.00 3725.00 5580.00
20170816  10:54:00 3725.00 3725.00 3721.00 3722.00 6008.00
20170816  10:55:00 3722.00 3725.00 3721.00 3725.00 6752.00
20170816  10:56:00 3725.00 3725.00 3721.00 3722.00 3754.00
20170816  10:57:00 3722.00 3724.00 3721.00 3722.00 3028.00
20170816  10:58:00 3723.00 3724.00 3720.00 3721.00 6094.00
20170816  10:59:00 3721.00 3722.00 3715.00 3716.00 23642.00
20170816  11:00:00 3717.00 3720.00 3715.00 3719.00 12802.00
20170816  11:01:00 3718.00 3719.00 3717.00 3719.00 2952.00
20170816  11:02:00 3719.00 3719.00 3713.00 3715.00 14184.00
20170816  11:03:00 3715.00 3718.00 3713.00 3717.00 12998.00
20170816  11:04:00 3716.00 3721.00 3715.00 3721.00 10352.00
20170816  11:05:00 3721.00 3725.00 3721.00 3725.00 9782.00
20170816  11:06:00 3725.00 3726.00 3722.00 3723.00 5078.00
20170816  11:07:00 3724.00 3724.00 3722.00 3723.00 3564.00
20170816  11:08:00 3723.00 3724.00 3722.00 3724.00 3282.00
20170816  11:09:00 3724.00 3725.00 3722.00 3724.00 2704.00
20170816  11:10:00 3724.00 3726.00 3723.00 3725.00 1874.00
20170816  11:11:00 3724.00 3726.00 3723.00 3726.00 1268.00
20170816  11:12:00 3726.00 3726.00 3723.00 3724.00 1384.00
20170816  11:13:00 3724.00 3726.00 3724.00 3726.00 2668.00
20170816  11:14:00 3726.00 3727.00 3725.00 3726.00 5726.00
20170816  11:15:00 3724.00 3725.00 3723.00 3723.00 3358.00
20170816  11:16:00 3723.00 3724.00 3721.00 3721.00 3312.00
20170816  11:17:00 3721.00 3726.00 3721.00 3725.00 3018.00
20170816  11:18:00 3726.00 3729.00 3725.00 3729.00 7892.00
20170816  11:19:00 3728.00 3730.00 3727.00 3729.00 9276.00
20170816  11:20:00 3729.00 3730.00 3728.00 3730.00 4584.00
20170816  11:21:00 3729.00 3731.00 3729.00 3730.00 7714.00
20170816  11:22:00 3730.00 3731.00 3729.00 3730.00 4228.00
20170816  11:23:00 3731.00 3734.00 3730.00 3732.00 14654.00
20170816  11:24:00 3732.00 3734.00 3731.00 3733.00 5746.00
20170816  11:25:00 3733.00 3734.00 3731.00 3732.00 6428.00
20170816  11:26:00 3732.00 3733.00 3728.00 3728.00 6630.00
20170816  11:27:00 3729.00 3729.00 3722.00 3723.00 7508.00
20170816  11:28:00 3723.00 3724.00 3720.00 3724.00 8704.00
20170816  11:29:00 3724.00 3724.00 3720.00 3721.00 8080.00
20170816  13:30:00 3724.00 3733.00 3724.00 3733.00 24184.00
20170816  13:31:00 3733.00 3738.00 3733.00 3737.00 26656.00
20170816  13:32:00 3738.00 3740.00 3737.00 3739.00 23654.00
20170816  13:33:00 3739.00 3740.00 3736.00 3738.00 9524.00
20170816  13:34:00 3738.00 3742.00 3738.00 3741.00 13960.00
20170816  13:35:00 3741.00 3744.00 3736.00 3739.00 17772.00
20170816  13:36:00 3738.00 3739.00 3736.00 3736.00 6738.00
20170816  13:37:00 3735.00 3737.00 3733.00 3735.00 8302.00
20170816  13:38:00 3736.00 3736.00 3733.00 3734.00 6536.00
20170816  13:39:00 3735.00 3735.00 3733.00 3733.00 4444.00
20170816  13:40:00 3734.00 3736.00 3732.00 3734.00 4778.00
20170816  13:41:00 3734.00 3735.00 3733.00 3734.00 4792.00
20170816  13:42:00 3733.00 3735.00 3732.00 3735.00 3068.00
20170816  13:43:00 3734.00 3735.00 3733.00 3735.00 3068.00
20170816  13:44:00 3735.00 3736.00 3733.00 3733.00 5988.00
20170816  13:45:00 3734.00 3736.00 3733.00 3736.00 4750.00
20170816  13:46:00 3736.00 3739.00 3736.00 3738.00 10636.00
20170816  13:47:00 3738.00 3740.00 3738.00 3740.00 7722.00
20170816  13:48:00 3740.00 3742.00 3738.00 3739.00 10732.00
20170816  13:49:00 3739.00 3740.00 3738.00 3738.00 2902.00
20170816  13:50:00 3738.00 3742.00 3738.00 3742.00 6770.00
20170816  13:51:00 3740.00 3742.00 3737.00 3739.00 7884.00
20170816  13:52:00 3739.00 3741.00 3738.00 3740.00 4752.00
20170816  13:53:00 3739.00 3741.00 3737.00 3741.00 6050.00
20170816  13:54:00 3740.00 3741.00 3738.00 3738.00 3274.00
20170816  13:55:00 3739.00 3739.00 3734.00 3736.00 7510.00
20170816  13:56:00 3735.00 3735.00 3732.00 3734.00 6924.00
20170816  13:57:00 3734.00 3734.00 3732.00 3733.00 4522.00
20170816  13:58:00 3732.00 3733.00 3726.00 3727.00 13728.00
20170816  13:59:00 3729.00 3732.00 3727.00 3731.00 6792.00
20170816  14:00:00 3731.00 3733.00 3730.00 3732.00 4938.00
20170816  14:01:00 3732.00 3732.00 3730.00 3731.00 3050.00
20170816  14:02:00 3732.00 3733.00 3731.00 3732.00 2604.00
20170816  14:03:00 3732.00 3735.00 3731.00 3734.00 3448.00
20170816  14:04:00 3733.00 3734.00 3725.00 3728.00 9814.00
20170816  14:05:00 3728.00 3730.00 3727.00 3729.00 3202.00
20170816  14:06:00 3728.00 3729.00 3724.00 3726.00 8156.00
20170816  14:07:00 3726.00 3732.00 3726.00 3731.00 5134.00
20170816  14:08:00 3731.00 3731.00 3730.00 3731.00 1982.00
20170816  14:09:00 3731.00 3731.00 3730.00 3731.00 894.00
20170816  14:10:00 3731.00 3731.00 3726.00 3727.00 3476.00
20170816  14:11:00 3727.00 3727.00 3722.00 3726.00 8762.00
20170816  14:12:00 3725.00 3727.00 3723.00 3727.00 4230.00
20170816  14:13:00 3727.00 3728.00 3725.00 3725.00 2554.00
20170816  14:14:00 3725.00 3726.00 3723.00 3724.00 5022.00
20170816  14:15:00 3724.00 3725.00 3722.00 3723.00 13474.00
20170816  14:16:00 3724.00 3724.00 3720.00 3723.00 14336.00
20170816  14:17:00 3722.00 3725.00 3722.00 3723.00 3068.00
20170816  14:18:00 3724.00 3724.00 3722.00 3724.00 2632.00
20170816  14:19:00 3724.00 3728.00 3723.00 3726.00 5468.00
20170816  14:20:00 3727.00 3727.00 3723.00 3724.00 3432.00
20170816  14:21:00 3724.00 3724.00 3718.00 3719.00 17898.00
20170816  14:22:00 3719.00 3720.00 3718.00 3720.00 11688.00
20170816  14:23:00 3719.00 3725.00 3718.00 3722.00 8364.00
20170816  14:24:00 3722.00 3722.00 3717.00 3717.00 9102.00
20170816  14:25:00 3717.00 3720.00 3717.00 3719.00 8824.00
20170816  14:26:00 3719.00 3720.00 3715.00 3718.00 13976.00
20170816  14:27:00 3719.00 3719.00 3715.00 3716.00 10014.00
20170816  14:28:00 3716.00 3722.00 3715.00 3722.00 13718.00
20170816  14:29:00 3721.00 3722.00 3711.00 3711.00 20286.00
20170816  14:30:00 3711.00 3719.00 3710.00 3716.00 23690.00
20170816  14:31:00 3716.00 3719.00 3715.00 3717.00 6126.00
20170816  14:32:00 3716.00 3719.00 3714.00 3719.00 7396.00
20170816  14:33:00 3719.00 3720.00 3717.00 3717.00 6130.00
20170816  14:34:00 3717.00 3719.00 3716.00 3718.00 3962.00
20170816  14:35:00 3717.00 3718.00 3715.00 3717.00 4440.00
20170816  14:36:00 3716.00 3717.00 3712.00 3712.00 10314.00
20170816  14:37:00 3711.00 3713.00 3702.00 3704.00 52370.00
20170816  14:38:00 3704.00 3710.00 3703.00 3706.00 23372.00
20170816  14:39:00 3705.00 3706.00 3701.00 3701.00 29376.00
20170816  14:40:00 3700.00 3708.00 3698.00 3706.00 45516.00
20170816  14:41:00 3706.00 3708.00 3704.00 3707.00 11156.00
20170816  14:42:00 3707.00 3708.00 3704.00 3706.00 11048.00
20170816  14:43:00 3706.00 3706.00 3696.00 3699.00 28174.00
20170816  14:44:00 3697.00 3703.00 3696.00 3701.00 24966.00
20170816  14:45:00 3702.00 3702.00 3697.00 3702.00 18216.00
20170816  14:46:00 3702.00 3712.00 3701.00 3711.00 34382.00
20170816  14:47:00 3711.00 3718.00 3707.00 3715.00 33848.00
20170816  14:48:00 3715.00 3722.00 3714.00 3719.00 29314.00
20170816  14:49:00 3720.00 3721.00 3717.00 3719.00 16714.00
20170816  14:50:00 3719.00 3720.00 3712.00 3712.00 13210.00
20170816  14:51:00 3713.00 3717.00 3712.00 3716.00 9378.00
20170816  14:52:00 3716.00 3716.00 3712.00 3713.00 8092.00
20170816  14:53:00 3713.00 3715.00 3710.00 3710.00 9638.00
20170816  14:54:00 3710.00 3711.00 3707.00 3709.00 12136.00
20170816  14:55:00 3709.00 3715.00 3709.00 3712.00 11404.00
20170816  14:56:00 3713.00 3713.00 3710.00 3711.00 6270.00
20170816  14:57:00 3711.00 3715.00 3710.00 3714.00 10060.00
20170816  14:58:00 3715.00 3717.00 3710.00 3710.00 11506.00
20170816  14:59:00 3710.00 3712.00 3706.00 3707.00 29492.00
20170816  15:00:00 3707.00 3707.00 3707.00 3707.00 138.00
