20170427  21:00:00 3033.00 3042.00 3031.00 3034.00 167078.00
20170427  21:01:00 3035.00 3036.00 3031.00 3034.00 52674.00
20170427  21:02:00 3034.00 3035.00 3027.00 3029.00 49060.00
20170427  21:03:00 3029.00 3035.00 3028.00 3034.00 25414.00
20170427  21:04:00 3033.00 3035.00 3031.00 3031.00 23114.00
20170427  21:05:00 3031.00 3032.00 3026.00 3028.00 33926.00
20170427  21:06:00 3028.00 3031.00 3027.00 3030.00 24928.00
20170427  21:07:00 3030.00 3031.00 3027.00 3030.00 18836.00
20170427  21:08:00 3030.00 3030.00 3027.00 3029.00 18900.00
20170427  21:09:00 3029.00 3035.00 3029.00 3035.00 38968.00
20170427  21:10:00 3036.00 3036.00 3031.00 3034.00 20438.00
20170427  21:11:00 3034.00 3037.00 3033.00 3035.00 21162.00
20170427  21:12:00 3035.00 3041.00 3035.00 3040.00 46738.00
20170427  21:13:00 3040.00 3040.00 3037.00 3040.00 29126.00
20170427  21:14:00 3040.00 3044.00 3040.00 3044.00 41472.00
20170427  21:15:00 3043.00 3045.00 3041.00 3042.00 37094.00
20170427  21:16:00 3041.00 3041.00 3037.00 3037.00 23366.00
20170427  21:17:00 3037.00 3040.00 3037.00 3039.00 21560.00
20170427  21:18:00 3038.00 3041.00 3038.00 3039.00 21722.00
20170427  21:19:00 3039.00 3039.00 3033.00 3034.00 25370.00
20170427  21:20:00 3034.00 3035.00 3032.00 3033.00 23030.00
20170427  21:21:00 3033.00 3035.00 3032.00 3032.00 17018.00
20170427  21:22:00 3032.00 3034.00 3031.00 3034.00 16544.00
20170427  21:23:00 3033.00 3037.00 3033.00 3035.00 13062.00
20170427  21:24:00 3036.00 3036.00 3033.00 3035.00 14738.00
20170427  21:25:00 3035.00 3038.00 3034.00 3037.00 12828.00
20170427  21:26:00 3038.00 3038.00 3035.00 3036.00 8046.00
20170427  21:27:00 3036.00 3039.00 3036.00 3039.00 10260.00
20170427  21:28:00 3039.00 3044.00 3039.00 3041.00 25980.00
20170427  21:29:00 3041.00 3042.00 3039.00 3040.00 15710.00
20170427  21:30:00 3040.00 3042.00 3037.00 3039.00 17674.00
20170427  21:31:00 3039.00 3041.00 3039.00 3041.00 9194.00
20170427  21:32:00 3041.00 3044.00 3040.00 3043.00 20412.00
20170427  21:33:00 3043.00 3045.00 3043.00 3043.00 25926.00
20170427  21:34:00 3044.00 3044.00 3041.00 3041.00 12336.00
20170427  21:35:00 3041.00 3045.00 3041.00 3045.00 11444.00
20170427  21:36:00 3044.00 3047.00 3042.00 3046.00 35076.00
20170427  21:37:00 3045.00 3047.00 3043.00 3044.00 18618.00
20170427  21:38:00 3043.00 3048.00 3043.00 3047.00 23198.00
20170427  21:39:00 3047.00 3049.00 3045.00 3046.00 32358.00
20170427  21:40:00 3045.00 3051.00 3045.00 3048.00 49636.00
20170427  21:41:00 3049.00 3049.00 3044.00 3046.00 18836.00
20170427  21:42:00 3046.00 3046.00 3041.00 3041.00 26108.00
20170427  21:43:00 3041.00 3042.00 3040.00 3042.00 13276.00
20170427  21:44:00 3042.00 3044.00 3041.00 3042.00 11844.00
20170427  21:45:00 3042.00 3042.00 3039.00 3039.00 17508.00
20170427  21:46:00 3039.00 3041.00 3039.00 3040.00 15958.00
20170427  21:47:00 3041.00 3043.00 3040.00 3043.00 11730.00
20170427  21:48:00 3043.00 3044.00 3040.00 3041.00 9736.00
20170427  21:49:00 3041.00 3042.00 3040.00 3041.00 5818.00
20170427  21:50:00 3042.00 3042.00 3038.00 3039.00 10844.00
20170427  21:51:00 3039.00 3043.00 3039.00 3043.00 8506.00
20170427  21:52:00 3043.00 3046.00 3041.00 3041.00 14888.00
20170427  21:53:00 3041.00 3042.00 3039.00 3041.00 13970.00
20170427  21:54:00 3040.00 3041.00 3039.00 3040.00 6266.00
20170427  21:55:00 3040.00 3041.00 3038.00 3038.00 9860.00
20170427  21:56:00 3038.00 3042.00 3038.00 3041.00 9208.00
20170427  21:57:00 3041.00 3043.00 3041.00 3043.00 4264.00
20170427  21:58:00 3043.00 3047.00 3042.00 3047.00 15382.00
20170427  21:59:00 3046.00 3048.00 3043.00 3046.00 22800.00
20170427  22:00:00 3046.00 3050.00 3044.00 3044.00 28460.00
20170427  22:01:00 3044.00 3045.00 3040.00 3040.00 24064.00
20170427  22:02:00 3040.00 3041.00 3039.00 3040.00 25092.00
20170427  22:03:00 3040.00 3040.00 3036.00 3037.00 30838.00
20170427  22:04:00 3038.00 3040.00 3036.00 3037.00 16592.00
20170427  22:05:00 3038.00 3038.00 3036.00 3037.00 15300.00
20170427  22:06:00 3037.00 3039.00 3037.00 3038.00 7148.00
20170427  22:07:00 3039.00 3040.00 3037.00 3037.00 7456.00
20170427  22:08:00 3037.00 3040.00 3037.00 3040.00 6006.00
20170427  22:09:00 3039.00 3040.00 3037.00 3038.00 7142.00
20170427  22:10:00 3038.00 3042.00 3037.00 3042.00 10270.00
20170427  22:11:00 3041.00 3043.00 3041.00 3043.00 7642.00
20170427  22:12:00 3042.00 3043.00 3039.00 3041.00 7430.00
20170427  22:13:00 3041.00 3041.00 3040.00 3040.00 2910.00
20170427  22:14:00 3040.00 3041.00 3036.00 3036.00 16400.00
20170427  22:15:00 3037.00 3038.00 3034.00 3035.00 22966.00
20170427  22:16:00 3035.00 3037.00 3033.00 3036.00 20918.00
20170427  22:17:00 3036.00 3036.00 3033.00 3034.00 14110.00
20170427  22:18:00 3034.00 3036.00 3033.00 3033.00 15786.00
20170427  22:19:00 3034.00 3035.00 3033.00 3035.00 11708.00
20170427  22:20:00 3035.00 3036.00 3034.00 3035.00 12594.00
20170427  22:21:00 3036.00 3037.00 3035.00 3037.00 7080.00
20170427  22:22:00 3036.00 3038.00 3036.00 3037.00 7674.00
20170427  22:23:00 3037.00 3037.00 3035.00 3036.00 4514.00
20170427  22:24:00 3035.00 3036.00 3032.00 3032.00 14168.00
20170427  22:25:00 3033.00 3038.00 3032.00 3038.00 14178.00
20170427  22:26:00 3038.00 3041.00 3037.00 3041.00 17284.00
20170427  22:27:00 3041.00 3041.00 3038.00 3039.00 8086.00
20170427  22:28:00 3039.00 3044.00 3039.00 3042.00 17128.00
20170427  22:29:00 3043.00 3045.00 3042.00 3043.00 15920.00
20170427  22:30:00 3044.00 3044.00 3042.00 3042.00 10652.00
20170427  22:31:00 3042.00 3044.00 3042.00 3043.00 8290.00
20170427  22:32:00 3044.00 3044.00 3041.00 3041.00 4074.00
20170427  22:33:00 3041.00 3044.00 3041.00 3044.00 6418.00
20170427  22:34:00 3044.00 3047.00 3043.00 3044.00 28076.00
20170427  22:35:00 3044.00 3045.00 3043.00 3043.00 7718.00
20170427  22:36:00 3043.00 3044.00 3042.00 3043.00 5458.00
20170427  22:37:00 3044.00 3046.00 3043.00 3046.00 5410.00
20170427  22:38:00 3045.00 3046.00 3043.00 3043.00 5234.00
20170427  22:39:00 3043.00 3046.00 3043.00 3045.00 8928.00
20170427  22:40:00 3046.00 3050.00 3045.00 3050.00 31994.00
20170427  22:41:00 3051.00 3054.00 3042.00 3043.00 57106.00
20170427  22:42:00 3044.00 3044.00 3039.00 3039.00 41154.00
20170427  22:43:00 3039.00 3040.00 3036.00 3037.00 26374.00
20170427  22:44:00 3038.00 3042.00 3037.00 3041.00 15370.00
20170427  22:45:00 3041.00 3041.00 3036.00 3039.00 16174.00
20170427  22:46:00 3039.00 3042.00 3037.00 3041.00 10288.00
20170427  22:47:00 3042.00 3046.00 3040.00 3045.00 14660.00
20170427  22:48:00 3045.00 3045.00 3043.00 3043.00 7348.00
20170427  22:49:00 3043.00 3045.00 3042.00 3045.00 5120.00
20170427  22:50:00 3044.00 3046.00 3044.00 3045.00 5946.00
20170427  22:51:00 3045.00 3046.00 3042.00 3044.00 8016.00
20170427  22:52:00 3043.00 3044.00 3042.00 3042.00 4818.00
20170427  22:53:00 3043.00 3048.00 3042.00 3048.00 17872.00
20170427  22:54:00 3047.00 3049.00 3044.00 3047.00 14410.00
20170427  22:55:00 3047.00 3048.00 3041.00 3041.00 13888.00
20170427  22:56:00 3042.00 3046.00 3041.00 3046.00 14024.00
20170427  22:57:00 3046.00 3049.00 3044.00 3044.00 22518.00
20170427  22:58:00 3044.00 3051.00 3043.00 3050.00 28248.00
20170427  22:59:00 3050.00 3052.00 3046.00 3052.00 35250.00
20170427  23:00:00 3052.00 3052.00 3052.00 3052.00 792.00
20170428  09:00:00 3062.00 3075.00 3062.00 3069.00 142724.00
20170428  09:01:00 3068.00 3071.00 3065.00 3065.00 36168.00
20170428  09:02:00 3066.00 3068.00 3066.00 3068.00 29464.00
20170428  09:03:00 3068.00 3069.00 3063.00 3065.00 22116.00
20170428  09:04:00 3065.00 3068.00 3064.00 3068.00 23472.00
20170428  09:05:00 3067.00 3071.00 3067.00 3069.00 29316.00
20170428  09:06:00 3068.00 3070.00 3067.00 3069.00 15236.00
20170428  09:07:00 3068.00 3073.00 3068.00 3073.00 24206.00
20170428  09:08:00 3073.00 3074.00 3072.00 3073.00 22934.00
20170428  09:09:00 3073.00 3079.00 3073.00 3078.00 50726.00
20170428  09:10:00 3079.00 3080.00 3073.00 3073.00 30824.00
20170428  09:11:00 3074.00 3076.00 3072.00 3075.00 15706.00
20170428  09:12:00 3075.00 3078.00 3075.00 3077.00 19818.00
20170428  09:13:00 3076.00 3078.00 3076.00 3078.00 14216.00
20170428  09:14:00 3079.00 3084.00 3077.00 3082.00 43530.00
20170428  09:15:00 3081.00 3085.00 3078.00 3079.00 39194.00
20170428  09:16:00 3079.00 3080.00 3076.00 3077.00 18722.00
20170428  09:17:00 3078.00 3078.00 3074.00 3075.00 19600.00
20170428  09:18:00 3075.00 3078.00 3074.00 3077.00 15186.00
20170428  09:19:00 3077.00 3078.00 3073.00 3075.00 19110.00
20170428  09:20:00 3074.00 3076.00 3074.00 3074.00 12998.00
20170428  09:21:00 3074.00 3075.00 3072.00 3072.00 15024.00
20170428  09:22:00 3073.00 3074.00 3072.00 3072.00 8876.00
20170428  09:23:00 3073.00 3073.00 3065.00 3067.00 50630.00
20170428  09:24:00 3067.00 3068.00 3065.00 3066.00 25858.00
20170428  09:25:00 3067.00 3069.00 3067.00 3069.00 14136.00
20170428  09:26:00 3069.00 3072.00 3069.00 3071.00 14112.00
20170428  09:27:00 3071.00 3071.00 3067.00 3067.00 13178.00
20170428  09:28:00 3067.00 3069.00 3066.00 3067.00 11090.00
20170428  09:29:00 3067.00 3069.00 3067.00 3067.00 9240.00
20170428  09:30:00 3068.00 3072.00 3067.00 3070.00 16770.00
20170428  09:31:00 3070.00 3070.00 3067.00 3067.00 6990.00
20170428  09:32:00 3068.00 3069.00 3065.00 3066.00 11104.00
20170428  09:33:00 3067.00 3068.00 3066.00 3068.00 7072.00
20170428  09:34:00 3067.00 3068.00 3065.00 3065.00 6390.00
20170428  09:35:00 3066.00 3070.00 3065.00 3070.00 11802.00
20170428  09:36:00 3070.00 3073.00 3068.00 3072.00 16680.00
20170428  09:37:00 3072.00 3072.00 3070.00 3071.00 4850.00
20170428  09:38:00 3071.00 3072.00 3068.00 3069.00 6504.00
20170428  09:39:00 3069.00 3069.00 3067.00 3067.00 8548.00
20170428  09:40:00 3067.00 3068.00 3066.00 3066.00 6656.00
20170428  09:41:00 3066.00 3069.00 3066.00 3069.00 5352.00
20170428  09:42:00 3069.00 3070.00 3068.00 3069.00 3672.00
20170428  09:43:00 3069.00 3070.00 3068.00 3069.00 2532.00
20170428  09:44:00 3069.00 3074.00 3069.00 3073.00 12054.00
20170428  09:45:00 3073.00 3073.00 3071.00 3071.00 5948.00
20170428  09:46:00 3071.00 3073.00 3070.00 3071.00 7342.00
20170428  09:47:00 3071.00 3072.00 3069.00 3071.00 4532.00
20170428  09:48:00 3070.00 3071.00 3069.00 3069.00 2862.00
20170428  09:49:00 3069.00 3071.00 3069.00 3070.00 5026.00
20170428  09:50:00 3070.00 3072.00 3069.00 3072.00 6324.00
20170428  09:51:00 3071.00 3073.00 3071.00 3071.00 5404.00
20170428  09:52:00 3072.00 3072.00 3071.00 3072.00 2356.00
20170428  09:53:00 3072.00 3074.00 3071.00 3073.00 13198.00
20170428  09:54:00 3073.00 3077.00 3073.00 3075.00 18030.00
20170428  09:55:00 3075.00 3079.00 3074.00 3075.00 20018.00
20170428  09:56:00 3075.00 3075.00 3071.00 3072.00 11984.00
20170428  09:57:00 3073.00 3073.00 3072.00 3073.00 5934.00
20170428  09:58:00 3073.00 3073.00 3070.00 3071.00 7560.00
20170428  09:59:00 3072.00 3076.00 3071.00 3074.00 7844.00
20170428  10:00:00 3074.00 3077.00 3074.00 3076.00 11436.00
20170428  10:01:00 3076.00 3077.00 3072.00 3072.00 9060.00
20170428  10:02:00 3072.00 3073.00 3068.00 3068.00 10652.00
20170428  10:03:00 3068.00 3071.00 3062.00 3062.00 43934.00
20170428  10:04:00 3062.00 3065.00 3061.00 3065.00 29612.00
20170428  10:05:00 3064.00 3065.00 3060.00 3062.00 32970.00
20170428  10:06:00 3061.00 3061.00 3056.00 3056.00 41444.00
20170428  10:07:00 3056.00 3058.00 3053.00 3057.00 43140.00
20170428  10:08:00 3058.00 3058.00 3055.00 3057.00 16922.00
20170428  10:09:00 3056.00 3057.00 3054.00 3056.00 15628.00
20170428  10:10:00 3055.00 3058.00 3055.00 3057.00 19882.00
20170428  10:11:00 3057.00 3058.00 3054.00 3056.00 24470.00
20170428  10:12:00 3055.00 3061.00 3054.00 3061.00 26944.00
20170428  10:13:00 3061.00 3061.00 3059.00 3059.00 12754.00
20170428  10:14:00 3059.00 3063.00 3059.00 3062.00 21822.00
20170428  10:30:00 3063.00 3064.00 3060.00 3060.00 12278.00
20170428  10:31:00 3060.00 3063.00 3060.00 3062.00 7188.00
20170428  10:32:00 3062.00 3063.00 3061.00 3063.00 9344.00
20170428  10:33:00 3062.00 3066.00 3062.00 3064.00 14660.00
20170428  10:34:00 3064.00 3064.00 3063.00 3063.00 5498.00
20170428  10:35:00 3063.00 3064.00 3060.00 3060.00 6270.00
20170428  10:36:00 3060.00 3062.00 3060.00 3062.00 3968.00
20170428  10:37:00 3062.00 3063.00 3061.00 3062.00 3588.00
20170428  10:38:00 3063.00 3063.00 3061.00 3062.00 2176.00
20170428  10:39:00 3062.00 3066.00 3062.00 3064.00 6372.00
20170428  10:40:00 3065.00 3068.00 3065.00 3066.00 17748.00
20170428  10:41:00 3066.00 3067.00 3065.00 3065.00 5766.00
20170428  10:42:00 3066.00 3066.00 3063.00 3065.00 4504.00
20170428  10:43:00 3064.00 3066.00 3063.00 3064.00 4404.00
20170428  10:44:00 3064.00 3065.00 3064.00 3064.00 2504.00
20170428  10:45:00 3064.00 3065.00 3062.00 3064.00 5420.00
20170428  10:46:00 3064.00 3067.00 3064.00 3066.00 5970.00
20170428  10:47:00 3067.00 3067.00 3065.00 3066.00 3476.00
20170428  10:48:00 3065.00 3067.00 3065.00 3066.00 3788.00
20170428  10:49:00 3066.00 3066.00 3065.00 3066.00 2280.00
20170428  10:50:00 3067.00 3068.00 3066.00 3066.00 6750.00
20170428  10:51:00 3067.00 3067.00 3064.00 3064.00 6448.00
20170428  10:52:00 3065.00 3065.00 3063.00 3063.00 7538.00
20170428  10:53:00 3063.00 3065.00 3063.00 3065.00 4580.00
20170428  10:54:00 3064.00 3066.00 3064.00 3066.00 3734.00
20170428  10:55:00 3065.00 3072.00 3065.00 3071.00 22982.00
20170428  10:56:00 3071.00 3072.00 3070.00 3071.00 15500.00
20170428  10:57:00 3071.00 3071.00 3069.00 3070.00 13416.00
20170428  10:58:00 3071.00 3073.00 3070.00 3072.00 15604.00
20170428  10:59:00 3071.00 3074.00 3070.00 3073.00 12636.00
20170428  11:00:00 3072.00 3074.00 3072.00 3073.00 11586.00
20170428  11:01:00 3073.00 3075.00 3070.00 3072.00 14874.00
20170428  11:02:00 3071.00 3075.00 3071.00 3074.00 14306.00
20170428  11:03:00 3074.00 3074.00 3069.00 3069.00 11670.00
20170428  11:04:00 3069.00 3074.00 3069.00 3072.00 9050.00
20170428  11:05:00 3073.00 3074.00 3070.00 3071.00 6748.00
20170428  11:06:00 3072.00 3075.00 3071.00 3075.00 8570.00
20170428  11:07:00 3074.00 3076.00 3071.00 3074.00 11782.00
20170428  11:08:00 3075.00 3076.00 3072.00 3072.00 6500.00
20170428  11:09:00 3073.00 3076.00 3072.00 3075.00 7294.00
20170428  11:10:00 3075.00 3076.00 3073.00 3074.00 9186.00
20170428  11:11:00 3075.00 3075.00 3073.00 3074.00 7212.00
20170428  11:12:00 3074.00 3074.00 3072.00 3072.00 5198.00
20170428  11:13:00 3072.00 3074.00 3072.00 3074.00 5508.00
20170428  11:14:00 3073.00 3077.00 3073.00 3076.00 14472.00
20170428  11:15:00 3076.00 3076.00 3070.00 3072.00 13782.00
20170428  11:16:00 3072.00 3073.00 3071.00 3072.00 6002.00
20170428  11:17:00 3072.00 3074.00 3072.00 3072.00 5690.00
20170428  11:18:00 3072.00 3078.00 3072.00 3076.00 16006.00
20170428  11:19:00 3077.00 3078.00 3075.00 3078.00 13674.00
20170428  11:20:00 3077.00 3080.00 3076.00 3077.00 28152.00
20170428  11:21:00 3077.00 3079.00 3077.00 3079.00 7058.00
20170428  11:22:00 3078.00 3080.00 3077.00 3077.00 13934.00
20170428  11:23:00 3077.00 3079.00 3077.00 3078.00 4834.00
20170428  11:24:00 3079.00 3079.00 3075.00 3075.00 6776.00
20170428  11:25:00 3075.00 3082.00 3075.00 3082.00 20308.00
20170428  11:26:00 3082.00 3084.00 3080.00 3083.00 24948.00
20170428  11:27:00 3083.00 3085.00 3083.00 3084.00 28386.00
20170428  11:28:00 3084.00 3085.00 3082.00 3084.00 17236.00
20170428  11:29:00 3084.00 3095.00 3084.00 3093.00 82650.00
20170428  13:30:00 3100.00 3108.00 3094.00 3106.00 156952.00
20170428  13:31:00 3105.00 3107.00 3101.00 3102.00 42316.00
20170428  13:32:00 3101.00 3102.00 3094.00 3098.00 35958.00
20170428  13:33:00 3097.00 3099.00 3093.00 3094.00 29412.00
20170428  13:34:00 3094.00 3096.00 3092.00 3096.00 29102.00
20170428  13:35:00 3096.00 3096.00 3092.00 3096.00 24102.00
20170428  13:36:00 3096.00 3098.00 3094.00 3095.00 20406.00
20170428  13:37:00 3095.00 3100.00 3095.00 3098.00 21700.00
20170428  13:38:00 3097.00 3098.00 3094.00 3095.00 21874.00
20170428  13:39:00 3096.00 3098.00 3095.00 3097.00 14902.00
20170428  13:40:00 3097.00 3098.00 3095.00 3096.00 7500.00
20170428  13:41:00 3095.00 3096.00 3094.00 3095.00 7714.00
20170428  13:42:00 3095.00 3096.00 3094.00 3094.00 9358.00
20170428  13:43:00 3094.00 3095.00 3092.00 3095.00 10900.00
20170428  13:44:00 3094.00 3097.00 3094.00 3096.00 6578.00
20170428  13:45:00 3096.00 3098.00 3094.00 3094.00 11014.00
20170428  13:46:00 3095.00 3096.00 3094.00 3095.00 3968.00
20170428  13:47:00 3095.00 3096.00 3095.00 3096.00 5166.00
20170428  13:48:00 3096.00 3099.00 3096.00 3097.00 13144.00
20170428  13:49:00 3099.00 3099.00 3097.00 3098.00 12422.00
20170428  13:50:00 3098.00 3098.00 3095.00 3095.00 6910.00
20170428  13:51:00 3095.00 3097.00 3095.00 3096.00 4758.00
20170428  13:52:00 3096.00 3097.00 3093.00 3093.00 10242.00
20170428  13:53:00 3093.00 3094.00 3086.00 3088.00 39404.00
20170428  13:54:00 3088.00 3090.00 3086.00 3090.00 28686.00
20170428  13:55:00 3090.00 3090.00 3083.00 3084.00 28284.00
20170428  13:56:00 3085.00 3085.00 3079.00 3079.00 41764.00
20170428  13:57:00 3078.00 3078.00 3072.00 3075.00 66236.00
20170428  13:58:00 3075.00 3079.00 3073.00 3076.00 32234.00
20170428  13:59:00 3076.00 3079.00 3070.00 3072.00 40086.00
20170428  14:00:00 3070.00 3074.00 3069.00 3073.00 44958.00
20170428  14:01:00 3073.00 3073.00 3066.00 3068.00 53424.00
20170428  14:02:00 3068.00 3072.00 3067.00 3071.00 22828.00
20170428  14:03:00 3071.00 3075.00 3070.00 3074.00 18436.00
20170428  14:04:00 3074.00 3079.00 3072.00 3078.00 26322.00
20170428  14:05:00 3078.00 3078.00 3074.00 3074.00 14860.00
20170428  14:06:00 3075.00 3077.00 3074.00 3076.00 8510.00
20170428  14:07:00 3077.00 3080.00 3076.00 3078.00 23258.00
20170428  14:08:00 3078.00 3079.00 3077.00 3078.00 5840.00
20170428  14:09:00 3077.00 3077.00 3073.00 3074.00 14242.00
20170428  14:10:00 3074.00 3076.00 3071.00 3075.00 12660.00
20170428  14:11:00 3076.00 3079.00 3074.00 3077.00 11554.00
20170428  14:12:00 3078.00 3078.00 3073.00 3073.00 9610.00
20170428  14:13:00 3073.00 3075.00 3072.00 3074.00 8128.00
20170428  14:14:00 3074.00 3076.00 3073.00 3075.00 6860.00
20170428  14:15:00 3075.00 3076.00 3069.00 3070.00 19850.00
20170428  14:16:00 3071.00 3073.00 3069.00 3072.00 14974.00
20170428  14:17:00 3072.00 3077.00 3072.00 3076.00 9912.00
20170428  14:18:00 3075.00 3077.00 3074.00 3076.00 6178.00
20170428  14:19:00 3077.00 3082.00 3076.00 3080.00 31014.00
20170428  14:20:00 3081.00 3083.00 3078.00 3082.00 24488.00
20170428  14:21:00 3082.00 3082.00 3079.00 3080.00 12232.00
20170428  14:22:00 3080.00 3082.00 3079.00 3081.00 7254.00
20170428  14:23:00 3082.00 3082.00 3079.00 3080.00 6860.00
20170428  14:24:00 3081.00 3081.00 3079.00 3079.00 8074.00
20170428  14:25:00 3079.00 3080.00 3076.00 3079.00 10978.00
20170428  14:26:00 3080.00 3085.00 3080.00 3084.00 25998.00
20170428  14:27:00 3085.00 3085.00 3079.00 3079.00 13548.00
20170428  14:28:00 3080.00 3083.00 3079.00 3083.00 7238.00
20170428  14:29:00 3083.00 3083.00 3080.00 3081.00 6242.00
20170428  14:30:00 3082.00 3083.00 3080.00 3081.00 7604.00
20170428  14:31:00 3081.00 3081.00 3078.00 3078.00 7782.00
20170428  14:32:00 3079.00 3083.00 3078.00 3082.00 10478.00
20170428  14:33:00 3082.00 3082.00 3080.00 3081.00 6040.00
20170428  14:34:00 3081.00 3083.00 3080.00 3081.00 6786.00
20170428  14:35:00 3082.00 3089.00 3082.00 3088.00 28084.00
20170428  14:36:00 3087.00 3095.00 3087.00 3092.00 41782.00
20170428  14:37:00 3092.00 3097.00 3092.00 3094.00 36392.00
20170428  14:38:00 3094.00 3096.00 3094.00 3094.00 15486.00
20170428  14:39:00 3094.00 3096.00 3092.00 3095.00 20424.00
20170428  14:40:00 3096.00 3100.00 3095.00 3098.00 44420.00
20170428  14:41:00 3097.00 3098.00 3093.00 3094.00 21356.00
20170428  14:42:00 3094.00 3102.00 3093.00 3098.00 34388.00
20170428  14:43:00 3099.00 3102.00 3096.00 3099.00 23492.00
20170428  14:44:00 3099.00 3101.00 3096.00 3097.00 26018.00
20170428  14:45:00 3096.00 3099.00 3089.00 3089.00 41854.00
20170428  14:46:00 3089.00 3093.00 3087.00 3088.00 30324.00
20170428  14:47:00 3087.00 3089.00 3079.00 3081.00 51864.00
20170428  14:48:00 3081.00 3084.00 3081.00 3082.00 17848.00
20170428  14:49:00 3082.00 3086.00 3081.00 3085.00 18924.00
20170428  14:50:00 3085.00 3091.00 3083.00 3091.00 19206.00
20170428  14:51:00 3090.00 3101.00 3090.00 3101.00 39814.00
20170428  14:52:00 3101.00 3101.00 3092.00 3092.00 35708.00
20170428  14:53:00 3091.00 3094.00 3089.00 3090.00 25148.00
20170428  14:54:00 3091.00 3091.00 3083.00 3085.00 34660.00
20170428  14:55:00 3085.00 3092.00 3084.00 3092.00 27654.00
20170428  14:56:00 3092.00 3094.00 3090.00 3092.00 27648.00
20170428  14:57:00 3094.00 3095.00 3088.00 3094.00 29496.00
20170428  14:58:00 3093.00 3106.00 3092.00 3104.00 79440.00
20170428  14:59:00 3105.00 3115.00 3103.00 3115.00 122914.00
20170428  15:00:00 3115.00 3115.00 3115.00 3115.00 1006.00
20170502  09:00:00 3153.00 3158.00 3143.00 3145.00 194570.00
20170502  09:01:00 3146.00 3153.00 3146.00 3147.00 71738.00
20170502  09:02:00 3147.00 3149.00 3134.00 3139.00 68338.00
20170502  09:03:00 3140.00 3142.00 3138.00 3142.00 36506.00
20170502  09:04:00 3143.00 3145.00 3139.00 3140.00 28130.00
20170502  09:05:00 3140.00 3149.00 3139.00 3149.00 35770.00
20170502  09:06:00 3147.00 3157.00 3147.00 3156.00 53360.00
20170502  09:07:00 3156.00 3160.00 3148.00 3149.00 49298.00
20170502  09:08:00 3150.00 3152.00 3149.00 3150.00 24790.00
20170502  09:09:00 3150.00 3152.00 3148.00 3150.00 16378.00
20170502  09:10:00 3150.00 3152.00 3147.00 3151.00 24646.00
20170502  09:11:00 3151.00 3155.00 3151.00 3152.00 35940.00
20170502  09:12:00 3152.00 3152.00 3146.00 3146.00 23290.00
20170502  09:13:00 3146.00 3149.00 3145.00 3147.00 16722.00
20170502  09:14:00 3147.00 3150.00 3147.00 3148.00 14512.00
20170502  09:15:00 3147.00 3150.00 3145.00 3145.00 15792.00
20170502  09:16:00 3145.00 3148.00 3144.00 3148.00 20286.00
20170502  09:17:00 3148.00 3150.00 3147.00 3149.00 13532.00
20170502  09:18:00 3149.00 3152.00 3148.00 3149.00 16588.00
20170502  09:19:00 3150.00 3150.00 3147.00 3149.00 8632.00
20170502  09:20:00 3149.00 3151.00 3147.00 3149.00 15322.00
20170502  09:21:00 3149.00 3151.00 3145.00 3148.00 15470.00
20170502  09:22:00 3148.00 3148.00 3144.00 3145.00 15354.00
20170502  09:23:00 3145.00 3149.00 3145.00 3147.00 8006.00
20170502  09:24:00 3148.00 3150.00 3145.00 3146.00 10914.00
20170502  09:25:00 3147.00 3152.00 3147.00 3151.00 16268.00
20170502  09:26:00 3150.00 3152.00 3148.00 3149.00 13900.00
20170502  09:27:00 3149.00 3154.00 3149.00 3151.00 18726.00
20170502  09:28:00 3151.00 3152.00 3148.00 3150.00 10576.00
20170502  09:29:00 3150.00 3153.00 3149.00 3153.00 10482.00
20170502  09:30:00 3152.00 3153.00 3147.00 3148.00 11240.00
20170502  09:31:00 3148.00 3151.00 3147.00 3150.00 6716.00
20170502  09:32:00 3150.00 3150.00 3149.00 3149.00 5604.00
20170502  09:33:00 3149.00 3151.00 3148.00 3148.00 4438.00
20170502  09:34:00 3149.00 3149.00 3145.00 3146.00 12840.00
20170502  09:35:00 3146.00 3150.00 3146.00 3150.00 6234.00
20170502  09:36:00 3149.00 3150.00 3147.00 3150.00 6498.00
20170502  09:37:00 3149.00 3149.00 3146.00 3147.00 6216.00
20170502  09:38:00 3146.00 3148.00 3146.00 3147.00 5958.00
20170502  09:39:00 3147.00 3149.00 3147.00 3148.00 5600.00
20170502  09:40:00 3148.00 3148.00 3145.00 3146.00 6508.00
20170502  09:41:00 3146.00 3149.00 3146.00 3147.00 7908.00
20170502  09:42:00 3147.00 3148.00 3146.00 3146.00 3632.00
20170502  09:43:00 3147.00 3149.00 3146.00 3148.00 6738.00
20170502  09:44:00 3148.00 3148.00 3147.00 3148.00 2704.00
20170502  09:45:00 3148.00 3150.00 3147.00 3149.00 5600.00
20170502  09:46:00 3149.00 3150.00 3148.00 3149.00 7128.00
20170502  09:47:00 3148.00 3149.00 3147.00 3148.00 5902.00
20170502  09:48:00 3148.00 3151.00 3148.00 3151.00 10804.00
20170502  09:49:00 3151.00 3155.00 3151.00 3154.00 24722.00
20170502  09:50:00 3153.00 3153.00 3148.00 3150.00 10738.00
20170502  09:51:00 3150.00 3150.00 3147.00 3148.00 7118.00
20170502  09:52:00 3148.00 3148.00 3145.00 3148.00 18978.00
20170502  09:53:00 3148.00 3148.00 3146.00 3146.00 5770.00
20170502  09:54:00 3147.00 3148.00 3146.00 3148.00 4430.00
20170502  09:55:00 3147.00 3148.00 3143.00 3144.00 19646.00
20170502  09:56:00 3143.00 3145.00 3142.00 3143.00 17708.00
20170502  09:57:00 3143.00 3143.00 3138.00 3140.00 31690.00
20170502  09:58:00 3140.00 3143.00 3140.00 3142.00 10466.00
20170502  09:59:00 3143.00 3146.00 3141.00 3145.00 14938.00
20170502  10:00:00 3145.00 3146.00 3140.00 3142.00 11650.00
20170502  10:01:00 3142.00 3144.00 3141.00 3141.00 6602.00
20170502  10:02:00 3141.00 3143.00 3141.00 3143.00 5888.00
20170502  10:03:00 3143.00 3145.00 3142.00 3145.00 4588.00
20170502  10:04:00 3145.00 3145.00 3143.00 3144.00 5162.00
20170502  10:05:00 3144.00 3149.00 3143.00 3149.00 10538.00
20170502  10:06:00 3149.00 3149.00 3147.00 3148.00 8428.00
20170502  10:07:00 3149.00 3150.00 3147.00 3148.00 6196.00
20170502  10:08:00 3148.00 3150.00 3147.00 3148.00 5344.00
20170502  10:09:00 3147.00 3148.00 3143.00 3144.00 7034.00
20170502  10:10:00 3143.00 3145.00 3143.00 3144.00 5614.00
20170502  10:11:00 3144.00 3145.00 3143.00 3144.00 3030.00
20170502  10:12:00 3144.00 3146.00 3144.00 3146.00 3580.00
20170502  10:13:00 3146.00 3146.00 3144.00 3145.00 2084.00
20170502  10:14:00 3145.00 3146.00 3144.00 3144.00 3154.00
20170502  10:30:00 3144.00 3145.00 3142.00 3143.00 8344.00
20170502  10:31:00 3142.00 3145.00 3142.00 3144.00 6982.00
20170502  10:32:00 3143.00 3146.00 3143.00 3145.00 4854.00
20170502  10:33:00 3144.00 3146.00 3143.00 3144.00 4288.00
20170502  10:34:00 3144.00 3145.00 3141.00 3142.00 9210.00
20170502  10:35:00 3141.00 3142.00 3135.00 3135.00 33816.00
20170502  10:36:00 3136.00 3137.00 3133.00 3134.00 27248.00
20170502  10:37:00 3134.00 3135.00 3133.00 3133.00 15196.00
20170502  10:38:00 3134.00 3137.00 3131.00 3136.00 24830.00
20170502  10:39:00 3135.00 3140.00 3135.00 3138.00 18086.00
20170502  10:40:00 3138.00 3138.00 3136.00 3136.00 8638.00
20170502  10:41:00 3136.00 3137.00 3133.00 3134.00 9404.00
20170502  10:42:00 3133.00 3136.00 3133.00 3134.00 8250.00
20170502  10:43:00 3134.00 3135.00 3132.00 3134.00 11904.00
20170502  10:44:00 3134.00 3135.00 3130.00 3130.00 21040.00
20170502  10:45:00 3130.00 3133.00 3128.00 3132.00 31264.00
20170502  10:46:00 3133.00 3133.00 3129.00 3129.00 12442.00
20170502  10:47:00 3130.00 3130.00 3126.00 3129.00 28224.00
20170502  10:48:00 3129.00 3129.00 3126.00 3126.00 13682.00
20170502  10:49:00 3127.00 3129.00 3126.00 3127.00 15700.00
20170502  10:50:00 3127.00 3127.00 3123.00 3125.00 28672.00
20170502  10:51:00 3124.00 3127.00 3124.00 3126.00 10452.00
20170502  10:52:00 3126.00 3130.00 3124.00 3130.00 22960.00
20170502  10:53:00 3129.00 3131.00 3128.00 3129.00 10372.00
20170502  10:54:00 3129.00 3131.00 3128.00 3128.00 9348.00
20170502  10:55:00 3128.00 3129.00 3121.00 3122.00 17598.00
20170502  10:56:00 3121.00 3124.00 3121.00 3123.00 24658.00
20170502  10:57:00 3123.00 3124.00 3122.00 3122.00 10682.00
20170502  10:58:00 3122.00 3125.00 3122.00 3125.00 10880.00
20170502  10:59:00 3125.00 3125.00 3119.00 3120.00 32918.00
20170502  11:00:00 3120.00 3126.00 3120.00 3124.00 21626.00
20170502  11:01:00 3124.00 3124.00 3121.00 3123.00 15028.00
20170502  11:02:00 3122.00 3124.00 3120.00 3123.00 12592.00
20170502  11:03:00 3123.00 3124.00 3121.00 3123.00 6622.00
20170502  11:04:00 3123.00 3124.00 3122.00 3123.00 4630.00
20170502  11:05:00 3122.00 3125.00 3120.00 3121.00 12128.00
20170502  11:06:00 3120.00 3126.00 3119.00 3124.00 28398.00
20170502  11:07:00 3125.00 3130.00 3125.00 3128.00 23114.00
20170502  11:08:00 3129.00 3130.00 3127.00 3130.00 12670.00
20170502  11:09:00 3129.00 3130.00 3127.00 3130.00 11100.00
20170502  11:10:00 3129.00 3131.00 3128.00 3131.00 9966.00
20170502  11:11:00 3131.00 3131.00 3128.00 3128.00 13510.00
20170502  11:12:00 3128.00 3134.00 3128.00 3132.00 27006.00
20170502  11:13:00 3133.00 3133.00 3128.00 3130.00 7102.00
20170502  11:14:00 3130.00 3132.00 3129.00 3129.00 6512.00
20170502  11:15:00 3129.00 3130.00 3129.00 3129.00 5098.00
20170502  11:16:00 3129.00 3129.00 3126.00 3126.00 6712.00
20170502  11:17:00 3127.00 3127.00 3124.00 3126.00 9518.00
20170502  11:18:00 3126.00 3127.00 3124.00 3125.00 9144.00
20170502  11:19:00 3125.00 3128.00 3125.00 3127.00 5538.00
20170502  11:20:00 3127.00 3127.00 3123.00 3125.00 7406.00
20170502  11:21:00 3124.00 3125.00 3123.00 3124.00 7332.00
20170502  11:22:00 3123.00 3126.00 3120.00 3124.00 14578.00
20170502  11:23:00 3125.00 3127.00 3124.00 3127.00 10050.00
20170502  11:24:00 3126.00 3127.00 3123.00 3124.00 11248.00
20170502  11:25:00 3123.00 3125.00 3122.00 3125.00 10696.00
20170502  11:26:00 3124.00 3125.00 3120.00 3120.00 10308.00
20170502  11:27:00 3120.00 3124.00 3118.00 3121.00 26140.00
20170502  11:28:00 3121.00 3123.00 3118.00 3121.00 14172.00
20170502  11:29:00 3121.00 3124.00 3116.00 3124.00 31856.00
20170502  13:30:00 3124.00 3127.00 3119.00 3119.00 29560.00
20170502  13:31:00 3119.00 3120.00 3114.00 3115.00 37640.00
20170502  13:32:00 3114.00 3116.00 3112.00 3115.00 22856.00
20170502  13:33:00 3115.00 3116.00 3106.00 3106.00 40688.00
20170502  13:34:00 3106.00 3112.00 3106.00 3111.00 35318.00
20170502  13:35:00 3110.00 3114.00 3109.00 3112.00 14844.00
20170502  13:36:00 3112.00 3115.00 3112.00 3114.00 8524.00
20170502  13:37:00 3114.00 3115.00 3112.00 3115.00 8854.00
20170502  13:38:00 3114.00 3115.00 3112.00 3114.00 6966.00
20170502  13:39:00 3113.00 3114.00 3112.00 3114.00 8400.00
20170502  13:40:00 3114.00 3116.00 3113.00 3116.00 12858.00
20170502  13:41:00 3116.00 3119.00 3115.00 3118.00 15732.00
20170502  13:42:00 3119.00 3119.00 3116.00 3117.00 10508.00
20170502  13:43:00 3118.00 3119.00 3117.00 3118.00 9542.00
20170502  13:44:00 3119.00 3119.00 3116.00 3116.00 8666.00
20170502  13:45:00 3116.00 3119.00 3115.00 3116.00 11620.00
20170502  13:46:00 3116.00 3116.00 3114.00 3115.00 7626.00
20170502  13:47:00 3114.00 3115.00 3112.00 3114.00 11164.00
20170502  13:48:00 3114.00 3116.00 3113.00 3115.00 5980.00
20170502  13:49:00 3115.00 3115.00 3113.00 3114.00 4252.00
20170502  13:50:00 3114.00 3115.00 3113.00 3115.00 3676.00
20170502  13:51:00 3115.00 3119.00 3114.00 3119.00 15068.00
20170502  13:52:00 3119.00 3119.00 3117.00 3119.00 8932.00
20170502  13:53:00 3119.00 3120.00 3117.00 3117.00 11440.00
20170502  13:54:00 3118.00 3118.00 3116.00 3117.00 3702.00
20170502  13:55:00 3117.00 3120.00 3117.00 3118.00 7300.00
20170502  13:56:00 3118.00 3118.00 3114.00 3114.00 10398.00
20170502  13:57:00 3114.00 3117.00 3114.00 3117.00 5618.00
20170502  13:58:00 3116.00 3117.00 3114.00 3114.00 5510.00
20170502  13:59:00 3114.00 3115.00 3111.00 3114.00 12550.00
20170502  14:00:00 3114.00 3117.00 3114.00 3115.00 6220.00
20170502  14:01:00 3115.00 3116.00 3112.00 3112.00 7272.00
20170502  14:02:00 3113.00 3115.00 3112.00 3115.00 5776.00
20170502  14:03:00 3115.00 3117.00 3114.00 3117.00 4092.00
20170502  14:04:00 3117.00 3119.00 3116.00 3117.00 11514.00
20170502  14:05:00 3117.00 3118.00 3116.00 3118.00 5136.00
20170502  14:06:00 3118.00 3118.00 3114.00 3115.00 8402.00
20170502  14:07:00 3115.00 3115.00 3113.00 3113.00 7768.00
20170502  14:08:00 3113.00 3114.00 3111.00 3112.00 12778.00
20170502  14:09:00 3112.00 3113.00 3109.00 3109.00 23560.00
20170502  14:10:00 3109.00 3113.00 3109.00 3113.00 8718.00
20170502  14:11:00 3113.00 3114.00 3110.00 3114.00 8502.00
20170502  14:12:00 3113.00 3114.00 3112.00 3113.00 3396.00
20170502  14:13:00 3113.00 3117.00 3112.00 3115.00 11836.00
20170502  14:14:00 3114.00 3116.00 3113.00 3115.00 6880.00
20170502  14:15:00 3115.00 3116.00 3114.00 3116.00 6934.00
20170502  14:16:00 3116.00 3117.00 3115.00 3115.00 6588.00
20170502  14:17:00 3116.00 3120.00 3115.00 3117.00 19158.00
20170502  14:18:00 3117.00 3118.00 3115.00 3116.00 6830.00
20170502  14:19:00 3116.00 3119.00 3116.00 3118.00 5398.00
20170502  14:20:00 3118.00 3118.00 3116.00 3118.00 5796.00
20170502  14:21:00 3118.00 3120.00 3116.00 3117.00 9974.00
20170502  14:22:00 3116.00 3118.00 3116.00 3117.00 3950.00
20170502  14:23:00 3118.00 3120.00 3117.00 3119.00 7114.00
20170502  14:24:00 3119.00 3119.00 3118.00 3119.00 2908.00
20170502  14:25:00 3119.00 3119.00 3116.00 3116.00 5902.00
20170502  14:26:00 3116.00 3117.00 3116.00 3116.00 2436.00
20170502  14:27:00 3116.00 3117.00 3115.00 3115.00 5010.00
20170502  14:28:00 3115.00 3116.00 3114.00 3115.00 4230.00
20170502  14:29:00 3115.00 3117.00 3114.00 3115.00 4352.00
20170502  14:30:00 3114.00 3117.00 3113.00 3117.00 11542.00
20170502  14:31:00 3116.00 3118.00 3114.00 3115.00 7966.00
20170502  14:32:00 3116.00 3116.00 3113.00 3114.00 4468.00
20170502  14:33:00 3114.00 3114.00 3112.00 3113.00 9096.00
20170502  14:34:00 3113.00 3116.00 3112.00 3115.00 5994.00
20170502  14:35:00 3116.00 3125.00 3115.00 3125.00 45126.00
20170502  14:36:00 3125.00 3126.00 3122.00 3125.00 30802.00
20170502  14:37:00 3125.00 3125.00 3122.00 3123.00 15744.00
20170502  14:38:00 3123.00 3128.00 3122.00 3127.00 30806.00
20170502  14:39:00 3126.00 3127.00 3124.00 3124.00 13858.00
20170502  14:40:00 3124.00 3126.00 3122.00 3123.00 14098.00
20170502  14:41:00 3122.00 3128.00 3122.00 3127.00 11986.00
20170502  14:42:00 3127.00 3127.00 3123.00 3124.00 18574.00
20170502  14:43:00 3125.00 3125.00 3123.00 3123.00 6576.00
20170502  14:44:00 3123.00 3125.00 3122.00 3125.00 8594.00
20170502  14:45:00 3125.00 3125.00 3122.00 3124.00 9194.00
20170502  14:46:00 3124.00 3125.00 3123.00 3124.00 6900.00
20170502  14:47:00 3124.00 3127.00 3124.00 3126.00 10170.00
20170502  14:48:00 3126.00 3132.00 3125.00 3128.00 32520.00
20170502  14:49:00 3129.00 3131.00 3127.00 3129.00 22816.00
20170502  14:50:00 3128.00 3130.00 3128.00 3129.00 14382.00
20170502  14:51:00 3130.00 3133.00 3130.00 3132.00 27834.00
20170502  14:52:00 3132.00 3132.00 3128.00 3129.00 16956.00
20170502  14:53:00 3130.00 3130.00 3128.00 3128.00 10882.00
20170502  14:54:00 3128.00 3130.00 3127.00 3128.00 12610.00
20170502  14:55:00 3127.00 3131.00 3127.00 3130.00 15818.00
20170502  14:56:00 3129.00 3132.00 3129.00 3130.00 18058.00
20170502  14:57:00 3131.00 3131.00 3129.00 3130.00 16860.00
20170502  14:58:00 3129.00 3134.00 3129.00 3131.00 36126.00
20170502  14:59:00 3131.00 3135.00 3131.00 3134.00 47332.00
20170502  15:00:00 3134.00 3134.00 3134.00 3134.00  82.00
