20170301  15:00:00 3542.00 3542.00 3542.00 3542.00 126.00
20170301  14:59:00 3543.00 3550.00 3538.00 3541.00 38046.00
20170301  14:58:00 3548.00 3549.00 3541.00 3544.00 16340.00
20170301  14:57:00 3549.00 3550.00 3546.00 3547.00 11634.00
20170301  14:56:00 3548.00 3551.00 3547.00 3548.00 10088.00
20170301  14:55:00 3547.00 3549.00 3544.00 3547.00 10282.00
20170301  14:54:00 3543.00 3550.00 3543.00 3548.00 9724.00
20170301  14:53:00 3549.00 3552.00 3543.00 3543.00 15084.00
20170301  14:52:00 3548.00 3551.00 3548.00 3549.00 13878.00
20170301  14:51:00 3546.00 3549.00 3545.00 3548.00 8590.00
20170301  14:50:00 3546.00 3552.00 3545.00 3546.00 26718.00
20170301  14:49:00 3545.00 3547.00 3541.00 3547.00 15148.00
20170301  14:48:00 3535.00 3546.00 3535.00 3546.00 37556.00
20170301  14:47:00 3527.00 3535.00 3525.00 3534.00 10614.00
20170301  14:46:00 3526.00 3528.00 3525.00 3527.00 3058.00
20170301  14:45:00 3527.00 3528.00 3524.00 3526.00 3882.00
20170301  14:44:00 3527.00 3528.00 3525.00 3528.00 5904.00
20170301  14:43:00 3526.00 3528.00 3524.00 3527.00 6358.00
20170301  14:42:00 3525.00 3526.00 3522.00 3526.00 7316.00
20170301  14:41:00 3516.00 3526.00 3516.00 3526.00 14554.00
20170301  14:40:00 3516.00 3518.00 3511.00 3516.00 21316.00
20170301  14:39:00 3519.00 3522.00 3515.00 3516.00 12134.00
20170301  14:38:00 3520.00 3524.00 3518.00 3519.00 14574.00
20170301  14:37:00 3527.00 3529.00 3520.00 3521.00 14426.00
20170301  14:36:00 3528.00 3530.00 3527.00 3528.00 3068.00
20170301  14:35:00 3527.00 3529.00 3523.00 3529.00 9660.00
20170301  14:34:00 3527.00 3530.00 3526.00 3527.00 6672.00
20170301  14:33:00 3531.00 3532.00 3525.00 3526.00 10564.00
20170301  14:32:00 3537.00 3537.00 3531.00 3531.00 8064.00
20170301  14:31:00 3539.00 3540.00 3535.00 3537.00 5824.00
20170301  14:30:00 3537.00 3540.00 3536.00 3540.00 9278.00
20170301  14:29:00 3535.00 3537.00 3533.00 3537.00 5082.00
20170301  14:28:00 3530.00 3536.00 3528.00 3535.00 4726.00
20170301  14:27:00 3533.00 3534.00 3528.00 3530.00 5900.00
20170301  14:26:00 3529.00 3534.00 3528.00 3533.00 3716.00
20170301  14:25:00 3533.00 3534.00 3529.00 3529.00 9056.00
20170301  14:24:00 3536.00 3537.00 3532.00 3533.00 5438.00
20170301  14:23:00 3539.00 3539.00 3536.00 3536.00 5114.00
20170301  14:22:00 3535.00 3539.00 3534.00 3538.00 9166.00
20170301  14:21:00 3542.00 3542.00 3534.00 3534.00 11258.00
20170301  14:20:00 3533.00 3542.00 3531.00 3542.00 21906.00
20170301  14:19:00 3522.00 3533.00 3522.00 3533.00 18502.00
20170301  14:18:00 3524.00 3524.00 3522.00 3522.00 3654.00
20170301  14:17:00 3527.00 3527.00 3523.00 3524.00 5464.00
20170301  14:16:00 3528.00 3528.00 3524.00 3526.00 6388.00
20170301  14:15:00 3522.00 3530.00 3520.00 3529.00 21218.00
20170301  14:14:00 3518.00 3523.00 3518.00 3520.00 9668.00
20170301  14:13:00 3520.00 3521.00 3518.00 3519.00 11824.00
20170301  14:12:00 3518.00 3520.00 3516.00 3519.00 11840.00
20170301  14:11:00 3511.00 3518.00 3511.00 3518.00 19578.00
20170301  14:10:00 3522.00 3522.00 3509.00 3510.00 48824.00
20170301  14:09:00 3524.00 3529.00 3520.00 3522.00 21960.00
20170301  14:08:00 3531.00 3533.00 3523.00 3524.00 14592.00
20170301  14:07:00 3531.00 3532.00 3529.00 3531.00 11826.00
20170301  14:06:00 3534.00 3538.00 3530.00 3530.00 8788.00
20170301  14:05:00 3538.00 3540.00 3534.00 3534.00 8330.00
20170301  14:04:00 3532.00 3538.00 3531.00 3538.00 8214.00
20170301  14:03:00 3535.00 3535.00 3531.00 3532.00 11602.00
20170301  14:02:00 3539.00 3539.00 3534.00 3535.00 8680.00
20170301  14:01:00 3535.00 3540.00 3535.00 3538.00 8708.00
20170301  14:00:00 3534.00 3536.00 3528.00 3535.00 34950.00
20170301  13:59:00 3545.00 3546.00 3531.00 3531.00 36736.00
20170301  13:58:00 3544.00 3547.00 3544.00 3545.00 6382.00
20170301  13:57:00 3547.00 3548.00 3544.00 3544.00 9278.00
20170301  13:56:00 3549.00 3550.00 3547.00 3547.00 5752.00
20170301  13:55:00 3551.00 3552.00 3548.00 3549.00 3796.00
20170301  13:54:00 3550.00 3551.00 3548.00 3551.00 4784.00
20170301  13:53:00 3548.00 3553.00 3545.00 3551.00 10880.00
20170301  13:52:00 3555.00 3556.00 3548.00 3548.00 8504.00
20170301  13:51:00 3547.00 3555.00 3547.00 3555.00 7392.00
20170301  13:50:00 3549.00 3550.00 3546.00 3547.00 11632.00
20170301  13:49:00 3551.00 3552.00 3549.00 3549.00 6040.00
20170301  13:48:00 3553.00 3553.00 3549.00 3551.00 4308.00
20170301  13:47:00 3554.00 3556.00 3553.00 3553.00 5404.00
20170301  13:46:00 3554.00 3555.00 3553.00 3554.00 4636.00
20170301  13:45:00 3549.00 3555.00 3548.00 3554.00 9840.00
20170301  13:44:00 3550.00 3551.00 3547.00 3549.00 8972.00
20170301  13:43:00 3553.00 3554.00 3548.00 3550.00 10694.00
20170301  13:42:00 3552.00 3555.00 3552.00 3553.00 4120.00
20170301  13:41:00 3552.00 3555.00 3551.00 3551.00 7068.00
20170301  13:40:00 3553.00 3554.00 3548.00 3552.00 18196.00
20170301  13:39:00 3553.00 3555.00 3552.00 3552.00 7674.00
20170301  13:38:00 3556.00 3557.00 3551.00 3552.00 15420.00
20170301  13:37:00 3565.00 3565.00 3553.00 3556.00 18524.00
20170301  13:36:00 3560.00 3565.00 3559.00 3563.00 9084.00
20170301  13:35:00 3562.00 3564.00 3560.00 3560.00 6956.00
20170301  13:34:00 3565.00 3567.00 3558.00 3561.00 17206.00
20170301  13:33:00 3565.00 3568.00 3564.00 3566.00 12086.00
20170301  13:32:00 3570.00 3570.00 3565.00 3565.00 17204.00
20170301  13:31:00 3570.00 3573.00 3568.00 3570.00 23674.00
20170301  13:30:00 3569.00 3576.00 3567.00 3570.00 59802.00
20170301  11:29:00 3553.00 3566.00 3553.00 3566.00 48184.00
20170301  11:28:00 3543.00 3555.00 3543.00 3552.00 23690.00
20170301  11:27:00 3548.00 3549.00 3542.00 3543.00 10352.00
20170301  11:26:00 3542.00 3548.00 3541.00 3548.00 16504.00
20170301  11:25:00 3542.00 3550.00 3541.00 3543.00 32930.00
20170301  11:24:00 3536.00 3541.00 3536.00 3541.00 9386.00
20170301  11:23:00 3535.00 3537.00 3534.00 3535.00 2756.00
20170301  11:22:00 3537.00 3539.00 3535.00 3535.00 3224.00
20170301  11:21:00 3540.00 3540.00 3536.00 3537.00 4712.00
20170301  11:20:00 3534.00 3540.00 3534.00 3539.00 8038.00
20170301  11:19:00 3533.00 3536.00 3533.00 3534.00 4238.00
20170301  11:18:00 3531.00 3535.00 3530.00 3533.00 3498.00
20170301  11:17:00 3530.00 3533.00 3530.00 3530.00 4114.00
20170301  11:16:00 3535.00 3536.00 3530.00 3530.00 3368.00
20170301  11:15:00 3528.00 3537.00 3528.00 3535.00 9672.00
20170301  11:14:00 3532.00 3533.00 3528.00 3528.00 7488.00
20170301  11:13:00 3532.00 3533.00 3530.00 3531.00 3676.00
20170301  11:12:00 3534.00 3535.00 3531.00 3532.00 9580.00
20170301  11:11:00 3539.00 3539.00 3533.00 3533.00 11694.00
20170301  11:10:00 3541.00 3545.00 3537.00 3539.00 20672.00
20170301  11:09:00 3539.00 3542.00 3537.00 3541.00 7494.00
20170301  11:08:00 3540.00 3542.00 3538.00 3539.00 7600.00
20170301  11:07:00 3539.00 3541.00 3534.00 3540.00 13278.00
20170301  11:06:00 3535.00 3539.00 3533.00 3538.00 5434.00
20170301  11:05:00 3536.00 3537.00 3533.00 3535.00 5714.00
20170301  11:04:00 3535.00 3543.00 3535.00 3536.00 15992.00
20170301  11:03:00 3538.00 3538.00 3533.00 3536.00 4792.00
20170301  11:02:00 3537.00 3540.00 3535.00 3538.00 8844.00
20170301  11:01:00 3535.00 3539.00 3532.00 3539.00 8098.00
20170301  11:00:00 3536.00 3539.00 3535.00 3535.00 12984.00
20170301  10:59:00 3535.00 3538.00 3532.00 3536.00 14902.00
20170301  10:58:00 3531.00 3535.00 3527.00 3534.00 8802.00
20170301  10:57:00 3529.00 3532.00 3527.00 3532.00 6298.00
20170301  10:56:00 3525.00 3530.00 3525.00 3529.00 6226.00
20170301  10:55:00 3525.00 3528.00 3525.00 3525.00 3268.00
20170301  10:54:00 3527.00 3528.00 3524.00 3526.00 5146.00
20170301  10:53:00 3525.00 3527.00 3523.00 3526.00 3050.00
20170301  10:52:00 3524.00 3526.00 3521.00 3524.00 5288.00
20170301  10:51:00 3517.00 3525.00 3516.00 3524.00 8596.00
20170301  10:50:00 3523.00 3523.00 3515.00 3517.00 17594.00
20170301  10:49:00 3527.00 3528.00 3523.00 3523.00 4952.00
20170301  10:48:00 3528.00 3531.00 3527.00 3528.00 6640.00
20170301  10:47:00 3528.00 3528.00 3526.00 3528.00 2450.00
20170301  10:46:00 3523.00 3528.00 3523.00 3527.00 5050.00
20170301  10:45:00 3527.00 3527.00 3524.00 3524.00 4020.00
20170301  10:44:00 3522.00 3528.00 3522.00 3528.00 4976.00
20170301  10:43:00 3526.00 3526.00 3521.00 3523.00 7364.00
20170301  10:42:00 3531.00 3531.00 3522.00 3526.00 9108.00
20170301  10:41:00 3528.00 3531.00 3528.00 3530.00 4050.00
20170301  10:40:00 3526.00 3531.00 3526.00 3528.00 7478.00
20170301  10:39:00 3528.00 3528.00 3525.00 3526.00 3432.00
20170301  10:38:00 3523.00 3528.00 3523.00 3528.00 9896.00
20170301  10:37:00 3529.00 3529.00 3523.00 3524.00 10114.00
20170301  10:36:00 3530.00 3531.00 3528.00 3530.00 7672.00
20170301  10:35:00 3533.00 3536.00 3530.00 3530.00 11634.00
20170301  10:34:00 3538.00 3539.00 3531.00 3533.00 15120.00
20170301  10:33:00 3538.00 3540.00 3534.00 3538.00 14980.00
20170301  10:32:00 3535.00 3542.00 3534.00 3539.00 43728.00
20170301  10:31:00 3514.00 3534.00 3514.00 3532.00 29104.00
20170301  10:30:00 3519.00 3523.00 3514.00 3515.00 13398.00
20170301  10:14:00 3518.00 3520.00 3517.00 3519.00 6568.00
20170301  10:13:00 3514.00 3520.00 3512.00 3518.00 10142.00
20170301  10:12:00 3514.00 3515.00 3509.00 3513.00 13908.00
20170301  10:11:00 3524.00 3527.00 3513.00 3513.00 14006.00
20170301  10:10:00 3516.00 3525.00 3516.00 3523.00 14116.00
20170301  10:09:00 3515.00 3517.00 3512.00 3516.00 7352.00
20170301  10:08:00 3518.00 3519.00 3515.00 3516.00 5936.00
20170301  10:07:00 3519.00 3520.00 3517.00 3517.00 4306.00
20170301  10:06:00 3518.00 3521.00 3517.00 3519.00 5782.00
20170301  10:05:00 3517.00 3519.00 3516.00 3517.00 5058.00
20170301  10:04:00 3518.00 3520.00 3515.00 3517.00 6644.00
20170301  10:03:00 3515.00 3522.00 3515.00 3519.00 11828.00
20170301  10:02:00 3517.00 3519.00 3515.00 3515.00 9588.00
20170301  10:01:00 3522.00 3522.00 3516.00 3517.00 19770.00
20170301  10:00:00 3515.00 3526.00 3515.00 3523.00 58226.00
20170301  09:59:00 3505.00 3515.00 3504.00 3514.00 31448.00
20170301  09:58:00 3503.00 3507.00 3502.00 3505.00 13730.00
20170301  09:57:00 3500.00 3503.00 3500.00 3503.00 3768.00
20170301  09:56:00 3499.00 3501.00 3497.00 3500.00 4366.00
20170301  09:55:00 3501.00 3502.00 3498.00 3500.00 3270.00
20170301  09:54:00 3503.00 3503.00 3501.00 3501.00 4334.00
20170301  09:53:00 3499.00 3504.00 3498.00 3503.00 7116.00
20170301  09:52:00 3497.00 3500.00 3496.00 3500.00 4106.00
20170301  09:51:00 3500.00 3502.00 3495.00 3497.00 5790.00
20170301  09:50:00 3499.00 3502.00 3499.00 3500.00 8438.00
20170301  09:49:00 3502.00 3502.00 3497.00 3498.00 9532.00
20170301  09:48:00 3503.00 3506.00 3501.00 3502.00 16678.00
20170301  09:47:00 3495.00 3503.00 3495.00 3503.00 17048.00
20170301  09:46:00 3490.00 3496.00 3490.00 3495.00 9726.00
20170301  09:45:00 3490.00 3492.00 3489.00 3490.00 4844.00
20170301  09:44:00 3488.00 3491.00 3488.00 3490.00 3754.00
20170301  09:43:00 3490.00 3491.00 3488.00 3489.00 2882.00
20170301  09:42:00 3490.00 3492.00 3488.00 3490.00 3104.00
20170301  09:41:00 3492.00 3493.00 3486.00 3488.00 7438.00
20170301  09:40:00 3485.00 3492.00 3484.00 3492.00 7914.00
20170301  09:39:00 3484.00 3487.00 3483.00 3485.00 4152.00
20170301  09:38:00 3484.00 3484.00 3481.00 3484.00 1776.00
20170301  09:37:00 3481.00 3485.00 3480.00 3484.00 3760.00
20170301  09:36:00 3482.00 3482.00 3479.00 3480.00 3896.00
20170301  09:35:00 3483.00 3484.00 3478.00 3482.00 6868.00
20170301  09:34:00 3478.00 3484.00 3477.00 3484.00 9084.00
20170301  09:33:00 3478.00 3479.00 3477.00 3478.00 6026.00
20170301  09:32:00 3474.00 3481.00 3473.00 3479.00 14796.00
20170301  09:31:00 3482.00 3483.00 3473.00 3474.00 28526.00
20170301  09:30:00 3490.00 3490.00 3481.00 3482.00 8250.00
20170301  09:29:00 3487.00 3493.00 3486.00 3490.00 5706.00
20170301  09:28:00 3485.00 3489.00 3481.00 3487.00 14472.00
20170301  09:27:00 3490.00 3490.00 3484.00 3485.00 11884.00
20170301  09:26:00 3490.00 3491.00 3488.00 3489.00 3978.00
20170301  09:25:00 3492.00 3493.00 3489.00 3490.00 3830.00
20170301  09:24:00 3493.00 3493.00 3487.00 3492.00 6200.00
20170301  09:23:00 3489.00 3496.00 3489.00 3491.00 4174.00
20170301  09:22:00 3492.00 3492.00 3489.00 3489.00 6962.00
20170301  09:21:00 3494.00 3494.00 3491.00 3492.00 4662.00
20170301  09:20:00 3495.00 3497.00 3494.00 3494.00 3468.00
20170301  09:19:00 3497.00 3497.00 3495.00 3497.00 2472.00
20170301  09:18:00 3497.00 3500.00 3496.00 3496.00 2574.00
20170301  09:17:00 3497.00 3498.00 3495.00 3498.00 1624.00
20170301  09:16:00 3496.00 3499.00 3493.00 3497.00 4026.00
20170301  09:15:00 3500.00 3500.00 3495.00 3496.00 5488.00
20170301  09:14:00 3496.00 3501.00 3495.00 3500.00 7246.00
20170301  09:13:00 3494.00 3496.00 3493.00 3495.00 2688.00
20170301  09:12:00 3495.00 3496.00 3493.00 3494.00 4250.00
20170301  09:11:00 3495.00 3496.00 3492.00 3496.00 3856.00
20170301  09:10:00 3493.00 3495.00 3489.00 3495.00 8090.00
20170301  09:09:00 3487.00 3494.00 3485.00 3494.00 8780.00
20170301  09:08:00 3490.00 3493.00 3486.00 3487.00 13142.00
20170301  09:07:00 3498.00 3498.00 3489.00 3490.00 15770.00
20170301  09:06:00 3499.00 3501.00 3498.00 3499.00 5386.00
20170301  09:05:00 3498.00 3503.00 3498.00 3500.00 8608.00
20170301  09:04:00 3502.00 3505.00 3497.00 3498.00 16882.00
20170301  09:03:00 3500.00 3505.00 3499.00 3503.00 13480.00
20170301  09:02:00 3502.00 3503.00 3496.00 3501.00 18928.00
20170301  09:01:00 3511.00 3511.00 3501.00 3503.00 22510.00
20170301  09:00:00 3500.00 3511.00 3500.00 3511.00 33690.00
20170228  23:00:00 3495.00 3495.00 3495.00 3495.00 268.00
20170228  22:59:00 3487.00 3495.00 3486.00 3495.00 16000.00
20170228  22:58:00 3487.00 3489.00 3485.00 3487.00 6858.00
20170228  22:57:00 3485.00 3489.00 3484.00 3486.00 12166.00
20170228  22:56:00 3488.00 3489.00 3483.00 3485.00 8226.00
20170228  22:55:00 3482.00 3487.00 3481.00 3487.00 13680.00
20170228  22:54:00 3486.00 3486.00 3478.00 3483.00 26310.00
20170228  22:53:00 3492.00 3494.00 3485.00 3485.00 24838.00
20170228  22:52:00 3496.00 3497.00 3493.00 3493.00 10372.00
20170228  22:51:00 3499.00 3499.00 3495.00 3496.00 8128.00
20170228  22:50:00 3504.00 3504.00 3498.00 3499.00 5352.00
20170228  22:49:00 3505.00 3506.00 3501.00 3503.00 4308.00
20170228  22:48:00 3508.00 3509.00 3505.00 3506.00 4864.00
20170228  22:47:00 3507.00 3510.00 3506.00 3508.00 8454.00
20170228  22:46:00 3506.00 3508.00 3505.00 3507.00 6696.00
20170228  22:45:00 3498.00 3506.00 3498.00 3506.00 6468.00
20170228  22:44:00 3499.00 3500.00 3497.00 3497.00 1806.00
20170228  22:43:00 3499.00 3500.00 3498.00 3498.00 2262.00
20170228  22:42:00 3498.00 3499.00 3497.00 3498.00 2634.00
20170228  22:41:00 3499.00 3500.00 3498.00 3499.00 3596.00
20170228  22:40:00 3496.00 3499.00 3496.00 3499.00 3578.00
20170228  22:39:00 3495.00 3497.00 3495.00 3496.00 3210.00
20170228  22:38:00 3498.00 3498.00 3495.00 3496.00 3514.00
20170228  22:37:00 3496.00 3499.00 3496.00 3498.00 2874.00
20170228  22:36:00 3500.00 3502.00 3496.00 3497.00 5752.00
20170228  22:35:00 3494.00 3501.00 3493.00 3500.00 7268.00
20170228  22:34:00 3497.00 3498.00 3493.00 3494.00 7678.00
20170228  22:33:00 3501.00 3501.00 3497.00 3497.00 4672.00
20170228  22:32:00 3503.00 3504.00 3500.00 3501.00 3520.00
20170228  22:31:00 3499.00 3503.00 3499.00 3503.00 3582.00
20170228  22:30:00 3503.00 3503.00 3499.00 3499.00 5512.00
20170228  22:29:00 3502.00 3503.00 3501.00 3502.00 3530.00
20170228  22:28:00 3499.00 3502.00 3499.00 3502.00 4466.00
20170228  22:27:00 3498.00 3499.00 3497.00 3499.00 3632.00
20170228  22:26:00 3496.00 3499.00 3493.00 3499.00 9598.00
20170228  22:25:00 3500.00 3501.00 3494.00 3496.00 13494.00
20170228  22:24:00 3503.00 3503.00 3497.00 3500.00 9222.00
20170228  22:23:00 3503.00 3504.00 3499.00 3503.00 11940.00
20170228  22:22:00 3505.00 3507.00 3502.00 3502.00 5438.00
20170228  22:21:00 3504.00 3506.00 3504.00 3506.00 6360.00
20170228  22:20:00 3510.00 3510.00 3503.00 3503.00 8716.00
20170228  22:19:00 3512.00 3513.00 3509.00 3510.00 5492.00
20170228  22:18:00 3508.00 3512.00 3507.00 3511.00 6932.00
20170228  22:17:00 3513.00 3514.00 3508.00 3508.00 11726.00
20170228  22:16:00 3516.00 3518.00 3513.00 3514.00 13664.00
20170228  22:15:00 3509.00 3518.00 3509.00 3516.00 28802.00
20170228  22:14:00 3509.00 3510.00 3507.00 3509.00 14250.00
20170228  22:13:00 3504.00 3510.00 3504.00 3510.00 16354.00
20170228  22:12:00 3504.00 3506.00 3503.00 3505.00 5450.00
20170228  22:11:00 3506.00 3507.00 3503.00 3505.00 8812.00
20170228  22:10:00 3506.00 3507.00 3502.00 3506.00 14638.00
20170228  22:09:00 3500.00 3507.00 3498.00 3507.00 14660.00
20170228  22:08:00 3496.00 3503.00 3496.00 3500.00 26546.00
20170228  22:07:00 3493.00 3496.00 3492.00 3495.00 2902.00
20170228  22:06:00 3495.00 3495.00 3492.00 3493.00 4184.00
20170228  22:05:00 3495.00 3496.00 3494.00 3495.00 5014.00
20170228  22:04:00 3494.00 3496.00 3492.00 3495.00 5228.00
20170228  22:03:00 3490.00 3496.00 3490.00 3493.00 7660.00
20170228  22:02:00 3488.00 3491.00 3488.00 3490.00 1972.00
20170228  22:01:00 3488.00 3489.00 3488.00 3488.00 4620.00
20170228  22:00:00 3492.00 3492.00 3489.00 3489.00 9014.00
20170228  21:59:00 3492.00 3495.00 3491.00 3492.00 5672.00
20170228  21:58:00 3491.00 3492.00 3491.00 3492.00 1284.00
20170228  21:57:00 3492.00 3493.00 3490.00 3492.00 3958.00
20170228  21:56:00 3493.00 3494.00 3492.00 3493.00 1840.00
20170228  21:55:00 3496.00 3497.00 3492.00 3493.00 8778.00
20170228  21:54:00 3492.00 3497.00 3491.00 3496.00 16128.00
20170228  21:53:00 3490.00 3492.00 3490.00 3492.00 4016.00
20170228  21:52:00 3490.00 3491.00 3489.00 3490.00 2884.00
20170228  21:51:00 3491.00 3491.00 3489.00 3490.00 3004.00
20170228  21:50:00 3486.00 3492.00 3486.00 3492.00 11942.00
20170228  21:49:00 3487.00 3488.00 3486.00 3486.00 3950.00
20170228  21:48:00 3488.00 3489.00 3487.00 3488.00 2600.00
20170228  21:47:00 3490.00 3490.00 3486.00 3487.00 5522.00
20170228  21:46:00 3485.00 3490.00 3485.00 3490.00 5044.00
20170228  21:45:00 3485.00 3486.00 3483.00 3485.00 3918.00
20170228  21:44:00 3484.00 3486.00 3482.00 3485.00 6776.00
20170228  21:43:00 3484.00 3485.00 3483.00 3484.00 3144.00
20170228  21:42:00 3487.00 3488.00 3484.00 3484.00 4252.00
20170228  21:41:00 3487.00 3488.00 3485.00 3487.00 2568.00
20170228  21:40:00 3483.00 3488.00 3483.00 3486.00 6108.00
20170228  21:39:00 3486.00 3486.00 3483.00 3483.00 2896.00
20170228  21:38:00 3486.00 3487.00 3484.00 3485.00 3660.00
20170228  21:37:00 3484.00 3487.00 3483.00 3486.00 4190.00
20170228  21:36:00 3486.00 3487.00 3483.00 3484.00 4602.00
20170228  21:35:00 3485.00 3487.00 3485.00 3485.00 3366.00
20170228  21:34:00 3489.00 3490.00 3484.00 3485.00 8906.00
20170228  21:33:00 3488.00 3489.00 3485.00 3489.00 7358.00
20170228  21:32:00 3491.00 3491.00 3487.00 3488.00 5740.00
20170228  21:31:00 3491.00 3494.00 3490.00 3492.00 7066.00
20170228  21:30:00 3493.00 3493.00 3489.00 3491.00 12048.00
20170228  21:29:00 3488.00 3493.00 3487.00 3493.00 11042.00
20170228  21:28:00 3484.00 3489.00 3483.00 3487.00 4818.00
20170228  21:27:00 3483.00 3485.00 3483.00 3483.00 3484.00
20170228  21:26:00 3484.00 3486.00 3483.00 3483.00 3742.00
20170228  21:25:00 3484.00 3485.00 3481.00 3485.00 5334.00
20170228  21:24:00 3488.00 3488.00 3483.00 3484.00 7570.00
20170228  21:23:00 3484.00 3490.00 3482.00 3489.00 10090.00
20170228  21:22:00 3483.00 3486.00 3483.00 3484.00 6112.00
20170228  21:21:00 3485.00 3486.00 3483.00 3484.00 8252.00
20170228  21:20:00 3480.00 3485.00 3479.00 3484.00 12034.00
20170228  21:19:00 3481.00 3481.00 3478.00 3480.00 6832.00
20170228  21:18:00 3473.00 3481.00 3473.00 3481.00 18686.00
20170228  21:17:00 3483.00 3484.00 3472.00 3473.00 24564.00
20170228  21:16:00 3485.00 3486.00 3482.00 3483.00 10114.00
20170228  21:15:00 3488.00 3490.00 3485.00 3485.00 6772.00
20170228  21:14:00 3485.00 3488.00 3485.00 3487.00 9582.00
20170228  21:13:00 3490.00 3491.00 3485.00 3485.00 6962.00
20170228  21:12:00 3489.00 3491.00 3489.00 3490.00 8018.00
20170228  21:11:00 3488.00 3491.00 3488.00 3490.00 10436.00
20170228  21:10:00 3491.00 3492.00 3488.00 3489.00 11916.00
20170228  21:09:00 3493.00 3495.00 3490.00 3491.00 14180.00
20170228  21:08:00 3497.00 3499.00 3493.00 3493.00 25836.00
20170228  21:07:00 3494.00 3498.00 3491.00 3497.00 32230.00
20170228  21:06:00 3490.00 3495.00 3489.00 3495.00 25900.00
20170228  21:05:00 3480.00 3491.00 3480.00 3491.00 31546.00
20170228  21:04:00 3480.00 3483.00 3479.00 3480.00 17134.00
20170228  21:03:00 3476.00 3481.00 3470.00 3481.00 23986.00
20170228  21:02:00 3481.00 3481.00 3475.00 3476.00 18530.00
20170228  21:01:00 3477.00 3482.00 3477.00 3481.00 20782.00
20170228  21:00:00 3484.00 3484.00 3471.00 3477.00 57684.00
