20170906  21:00:00 3998.00 3998.00 3986.00 3995.00 102514.00
20170906  21:01:00 3996.00 4006.00 3996.00 4004.00 47690.00
20170906  21:02:00 4003.00 4003.00 3996.00 3998.00 18424.00
20170906  21:03:00 3997.00 4013.00 3997.00 4012.00 38318.00
20170906  21:04:00 4012.00 4012.00 4007.00 4011.00 22910.00
20170906  21:05:00 4012.00 4013.00 4008.00 4013.00 20036.00
20170906  21:06:00 4013.00 4013.00 4007.00 4007.00 20634.00
20170906  21:07:00 4008.00 4008.00 4004.00 4004.00 15466.00
20170906  21:08:00 4005.00 4010.00 4002.00 4010.00 14166.00
20170906  21:09:00 4009.00 4010.00 4003.00 4009.00 13722.00
20170906  21:10:00 4008.00 4011.00 4006.00 4008.00 9914.00
20170906  21:11:00 4007.00 4009.00 3998.00 3998.00 16724.00
20170906  21:12:00 4000.00 4003.00 3995.00 3998.00 22870.00
20170906  21:13:00 3997.00 4002.00 3988.00 3990.00 28804.00
20170906  21:14:00 3993.00 3997.00 3980.00 3985.00 43396.00
20170906  21:15:00 3986.00 3989.00 3981.00 3982.00 30464.00
20170906  21:16:00 3981.00 3987.00 3978.00 3984.00 35432.00
20170906  21:17:00 3985.00 3986.00 3974.00 3980.00 39946.00
20170906  21:18:00 3980.00 3992.00 3980.00 3988.00 26180.00
20170906  21:19:00 3989.00 3999.00 3988.00 3998.00 24344.00
20170906  21:20:00 3998.00 4003.00 3998.00 4001.00 22104.00
20170906  21:21:00 4001.00 4006.00 3998.00 4005.00 20810.00
20170906  21:22:00 4005.00 4011.00 4005.00 4005.00 23838.00
20170906  21:23:00 4005.00 4006.00 4003.00 4004.00 9022.00
20170906  21:24:00 4004.00 4006.00 4000.00 4006.00 12386.00
20170906  21:25:00 4006.00 4006.00 4000.00 4001.00 7616.00
20170906  21:26:00 4001.00 4005.00 4001.00 4005.00 5370.00
20170906  21:27:00 4004.00 4004.00 4002.00 4003.00 5160.00
20170906  21:28:00 4003.00 4004.00 3997.00 3998.00 8932.00
20170906  21:29:00 3998.00 4003.00 3997.00 4000.00 7490.00
20170906  21:30:00 4000.00 4002.00 3993.00 3994.00 16102.00
20170906  21:31:00 3994.00 3999.00 3993.00 3993.00 11764.00
20170906  21:32:00 3993.00 3998.00 3991.00 3998.00 7844.00
20170906  21:33:00 3997.00 4000.00 3997.00 4000.00 5406.00
20170906  21:34:00 4000.00 4000.00 3993.00 3995.00 6468.00
20170906  21:35:00 3994.00 3999.00 3993.00 3994.00 4740.00
20170906  21:36:00 3994.00 3995.00 3987.00 3989.00 15638.00
20170906  21:37:00 3990.00 3995.00 3990.00 3994.00 5810.00
20170906  21:38:00 3994.00 3996.00 3993.00 3996.00 3128.00
20170906  21:39:00 3996.00 3996.00 3990.00 3992.00 4650.00
20170906  21:40:00 3991.00 3993.00 3990.00 3991.00 5036.00
20170906  21:41:00 3991.00 3996.00 3990.00 3995.00 4906.00
20170906  21:42:00 3996.00 3996.00 3993.00 3994.00 2870.00
20170906  21:43:00 3994.00 3999.00 3993.00 3998.00 4614.00
20170906  21:44:00 3998.00 4003.00 3997.00 4002.00 12134.00
20170906  21:45:00 4002.00 4004.00 3999.00 4001.00 6954.00
20170906  21:46:00 4001.00 4005.00 4000.00 4004.00 5574.00
20170906  21:47:00 4004.00 4004.00 3995.00 3996.00 8396.00
20170906  21:48:00 3996.00 3997.00 3991.00 3992.00 7496.00
20170906  21:49:00 3992.00 3993.00 3990.00 3990.00 8918.00
20170906  21:50:00 3990.00 3997.00 3990.00 3990.00 13464.00
20170906  21:51:00 3990.00 3990.00 3985.00 3988.00 16484.00
20170906  21:52:00 3987.00 3993.00 3984.00 3992.00 10730.00
20170906  21:53:00 3992.00 3994.00 3987.00 3990.00 6146.00
20170906  21:54:00 3990.00 3990.00 3989.00 3990.00 3082.00
20170906  21:55:00 3990.00 3990.00 3985.00 3986.00 10428.00
20170906  21:56:00 3986.00 3988.00 3982.00 3988.00 15736.00
20170906  21:57:00 3988.00 3992.00 3984.00 3988.00 13872.00
20170906  21:58:00 3988.00 3992.00 3987.00 3991.00 11330.00
20170906  21:59:00 3992.00 3992.00 3983.00 3984.00 7662.00
20170906  22:00:00 3984.00 3984.00 3977.00 3980.00 32566.00
20170906  22:01:00 3980.00 3987.00 3979.00 3985.00 9048.00
20170906  22:02:00 3986.00 3990.00 3985.00 3990.00 6992.00
20170906  22:03:00 3990.00 3993.00 3985.00 3989.00 8302.00
20170906  22:04:00 3989.00 3992.00 3988.00 3991.00 3188.00
20170906  22:05:00 3991.00 3996.00 3989.00 3991.00 8106.00
20170906  22:06:00 3990.00 3993.00 3988.00 3991.00 5018.00
20170906  22:07:00 3993.00 3994.00 3989.00 3989.00 6848.00
20170906  22:08:00 3989.00 3991.00 3988.00 3990.00 2326.00
20170906  22:09:00 3989.00 3990.00 3986.00 3988.00 3244.00
20170906  22:10:00 3987.00 3992.00 3987.00 3992.00 2928.00
20170906  22:11:00 3991.00 3996.00 3990.00 3994.00 5620.00
20170906  22:12:00 3994.00 3995.00 3986.00 3987.00 6970.00
20170906  22:13:00 3986.00 3989.00 3986.00 3989.00 1894.00
20170906  22:14:00 3988.00 3989.00 3983.00 3984.00 8096.00
20170906  22:15:00 3984.00 3985.00 3978.00 3978.00 20810.00
20170906  22:16:00 3978.00 3983.00 3977.00 3979.00 16040.00
20170906  22:17:00 3979.00 3979.00 3971.00 3973.00 36918.00
20170906  22:18:00 3972.00 3972.00 3963.00 3966.00 56576.00
20170906  22:19:00 3966.00 3969.00 3964.00 3969.00 16718.00
20170906  22:20:00 3969.00 3969.00 3961.00 3965.00 23526.00
20170906  22:21:00 3964.00 3965.00 3958.00 3961.00 33854.00
20170906  22:22:00 3961.00 3970.00 3961.00 3970.00 28718.00
20170906  22:23:00 3970.00 3971.00 3963.00 3967.00 18934.00
20170906  22:24:00 3968.00 3981.00 3966.00 3981.00 24006.00
20170906  22:25:00 3980.00 3985.00 3977.00 3979.00 29782.00
20170906  22:26:00 3980.00 3988.00 3980.00 3986.00 23448.00
20170906  22:27:00 3986.00 3987.00 3982.00 3983.00 9090.00
20170906  22:28:00 3983.00 3993.00 3983.00 3989.00 21248.00
20170906  22:29:00 3990.00 3990.00 3984.00 3987.00 8504.00
20170906  22:30:00 3986.00 3991.00 3985.00 3990.00 10482.00
20170906  22:31:00 3990.00 3990.00 3981.00 3985.00 8074.00
20170906  22:32:00 3985.00 3985.00 3983.00 3984.00 2806.00
20170906  22:33:00 3983.00 3984.00 3981.00 3981.00 3864.00
20170906  22:34:00 3981.00 3985.00 3980.00 3985.00 6402.00
20170906  22:35:00 3985.00 3985.00 3982.00 3984.00 3414.00
20170906  22:36:00 3985.00 3990.00 3984.00 3990.00 10316.00
20170906  22:37:00 3990.00 3992.00 3983.00 3985.00 9292.00
20170906  22:38:00 3984.00 3986.00 3976.00 3978.00 12148.00
20170906  22:39:00 3979.00 3982.00 3975.00 3976.00 8370.00
20170906  22:40:00 3976.00 3982.00 3976.00 3980.00 4382.00
20170906  22:41:00 3980.00 3981.00 3974.00 3976.00 7914.00
20170906  22:42:00 3976.00 3982.00 3975.00 3981.00 6112.00
20170906  22:43:00 3981.00 3982.00 3977.00 3978.00 3000.00
20170906  22:44:00 3978.00 3980.00 3977.00 3978.00 4348.00
20170906  22:45:00 3979.00 3984.00 3976.00 3984.00 6860.00
20170906  22:46:00 3983.00 3987.00 3982.00 3986.00 10354.00
20170906  22:47:00 3986.00 3986.00 3981.00 3983.00 2974.00
20170906  22:48:00 3983.00 3985.00 3981.00 3981.00 3392.00
20170906  22:49:00 3981.00 3983.00 3980.00 3982.00 2902.00
20170906  22:50:00 3981.00 3982.00 3976.00 3978.00 4280.00
20170906  22:51:00 3977.00 3977.00 3968.00 3970.00 14708.00
20170906  22:52:00 3970.00 3976.00 3970.00 3975.00 8242.00
20170906  22:53:00 3976.00 3976.00 3970.00 3976.00 8654.00
20170906  22:54:00 3976.00 3978.00 3974.00 3978.00 5294.00
20170906  22:55:00 3978.00 3978.00 3970.00 3971.00 8148.00
20170906  22:56:00 3973.00 3976.00 3973.00 3974.00 5346.00
20170906  22:57:00 3975.00 3976.00 3971.00 3975.00 9002.00
20170906  22:58:00 3975.00 3981.00 3972.00 3979.00 13842.00
20170906  22:59:00 3980.00 3986.00 3980.00 3986.00 22408.00
20170906  23:00:00 3985.00 3985.00 3985.00 3985.00  82.00
20170907  09:00:00 3990.00 4019.00 3990.00 4009.00 110308.00
20170907  09:01:00 4009.00 4011.00 4005.00 4008.00 23460.00
20170907  09:02:00 4007.00 4008.00 4001.00 4004.00 23602.00
20170907  09:03:00 4004.00 4010.00 4004.00 4008.00 13896.00
20170907  09:04:00 4007.00 4010.00 4004.00 4008.00 11372.00
20170907  09:05:00 4008.00 4009.00 4003.00 4005.00 10704.00
20170907  09:06:00 4005.00 4006.00 3999.00 3999.00 9312.00
20170907  09:07:00 4000.00 4005.00 3999.00 4003.00 8696.00
20170907  09:08:00 4004.00 4004.00 3995.00 3999.00 9910.00
20170907  09:09:00 4000.00 4000.00 3998.00 3999.00 4514.00
20170907  09:10:00 3998.00 4000.00 3994.00 3997.00 6942.00
20170907  09:11:00 3996.00 4001.00 3995.00 3999.00 10242.00
20170907  09:12:00 4000.00 4000.00 3995.00 3996.00 5236.00
20170907  09:13:00 3996.00 4001.00 3996.00 3999.00 6008.00
20170907  09:14:00 3998.00 4002.00 3998.00 4001.00 4946.00
20170907  09:15:00 4001.00 4004.00 4000.00 4003.00 11674.00
20170907  09:16:00 4003.00 4003.00 3997.00 3999.00 6312.00
20170907  09:17:00 4000.00 4003.00 3998.00 4001.00 3804.00
20170907  09:18:00 3999.00 4001.00 3999.00 4000.00 2336.00
20170907  09:19:00 4000.00 4004.00 3999.00 4003.00 3306.00
20170907  09:20:00 4003.00 4004.00 4001.00 4003.00 5074.00
20170907  09:21:00 4003.00 4004.00 3996.00 3996.00 5740.00
20170907  09:22:00 3996.00 4003.00 3996.00 3999.00 5764.00
20170907  09:23:00 4000.00 4001.00 3994.00 3995.00 6314.00
20170907  09:24:00 3994.00 3998.00 3994.00 3997.00 4616.00
20170907  09:25:00 3997.00 3998.00 3993.00 3994.00 6532.00
20170907  09:26:00 3993.00 3996.00 3990.00 3993.00 15968.00
20170907  09:27:00 3993.00 3997.00 3992.00 3994.00 6320.00
20170907  09:28:00 3993.00 3997.00 3992.00 3994.00 3760.00
20170907  09:29:00 3994.00 3996.00 3993.00 3995.00 2536.00
20170907  09:30:00 3994.00 3997.00 3993.00 3996.00 3626.00
20170907  09:31:00 3997.00 3997.00 3986.00 3987.00 16082.00
20170907  09:32:00 3987.00 3992.00 3985.00 3990.00 11740.00
20170907  09:33:00 3990.00 3990.00 3983.00 3988.00 11044.00
20170907  09:34:00 3988.00 3992.00 3985.00 3989.00 7526.00
20170907  09:35:00 3989.00 3991.00 3988.00 3989.00 3354.00
20170907  09:36:00 3989.00 3990.00 3980.00 3985.00 11170.00
20170907  09:37:00 3985.00 3987.00 3984.00 3986.00 3690.00
20170907  09:38:00 3986.00 3993.00 3985.00 3993.00 8192.00
20170907  09:39:00 3993.00 3997.00 3992.00 3995.00 10216.00
20170907  09:40:00 3995.00 3996.00 3991.00 3992.00 3636.00
20170907  09:41:00 3992.00 3993.00 3988.00 3992.00 3392.00
20170907  09:42:00 3991.00 3992.00 3987.00 3988.00 5616.00
20170907  09:43:00 3988.00 3990.00 3986.00 3987.00 2282.00
20170907  09:44:00 3987.00 3988.00 3984.00 3986.00 5174.00
20170907  09:45:00 3986.00 3986.00 3982.00 3985.00 7646.00
20170907  09:46:00 3985.00 3992.00 3984.00 3991.00 4646.00
20170907  09:47:00 3990.00 3992.00 3985.00 3988.00 5140.00
20170907  09:48:00 3987.00 3988.00 3983.00 3986.00 5208.00
20170907  09:49:00 3986.00 3989.00 3983.00 3986.00 5626.00
20170907  09:50:00 3985.00 3985.00 3980.00 3982.00 13230.00
20170907  09:51:00 3982.00 3984.00 3978.00 3982.00 19670.00
20170907  09:52:00 3982.00 3982.00 3978.00 3982.00 6804.00
20170907  09:53:00 3982.00 3982.00 3975.00 3975.00 9808.00
20170907  09:54:00 3975.00 3979.00 3972.00 3977.00 23508.00
20170907  09:55:00 3977.00 3986.00 3977.00 3984.00 9730.00
20170907  09:56:00 3984.00 3992.00 3981.00 3991.00 8680.00
20170907  09:57:00 3991.00 3994.00 3987.00 3992.00 12576.00
20170907  09:58:00 3992.00 3992.00 3988.00 3989.00 7224.00
20170907  09:59:00 3989.00 3995.00 3988.00 3995.00 8780.00
20170907  10:00:00 3995.00 3995.00 3989.00 3991.00 9132.00
20170907  10:01:00 3990.00 3993.00 3988.00 3988.00 3886.00
20170907  10:02:00 3987.00 3992.00 3987.00 3989.00 3542.00
20170907  10:03:00 3989.00 3993.00 3989.00 3993.00 2530.00
20170907  10:04:00 3993.00 3993.00 3990.00 3992.00 2686.00
20170907  10:05:00 3992.00 3994.00 3992.00 3993.00 3032.00
20170907  10:06:00 3994.00 3994.00 3990.00 3990.00 3292.00
20170907  10:07:00 3991.00 3991.00 3989.00 3990.00 1652.00
20170907  10:08:00 3990.00 3990.00 3987.00 3987.00 2762.00
20170907  10:09:00 3987.00 3989.00 3986.00 3988.00 2280.00
20170907  10:10:00 3988.00 3994.00 3988.00 3993.00 4180.00
20170907  10:11:00 3992.00 3992.00 3982.00 3982.00 8382.00
20170907  10:12:00 3983.00 3986.00 3982.00 3985.00 3518.00
20170907  10:13:00 3985.00 3986.00 3982.00 3982.00 4138.00
20170907  10:14:00 3982.00 3982.00 3979.00 3982.00 8450.00
20170907  10:30:00 3981.00 3984.00 3976.00 3981.00 10624.00
20170907  10:31:00 3981.00 3981.00 3974.00 3976.00 11712.00
20170907  10:32:00 3975.00 3975.00 3963.00 3971.00 43690.00
20170907  10:33:00 3972.00 3973.00 3967.00 3970.00 12962.00
20170907  10:34:00 3971.00 3978.00 3969.00 3977.00 10480.00
20170907  10:35:00 3976.00 3977.00 3975.00 3975.00 2886.00
20170907  10:36:00 3975.00 3976.00 3969.00 3972.00 8046.00
20170907  10:37:00 3973.00 3979.00 3973.00 3973.00 6348.00
20170907  10:38:00 3973.00 3977.00 3972.00 3974.00 4364.00
20170907  10:39:00 3974.00 3976.00 3970.00 3972.00 9602.00
20170907  10:40:00 3972.00 3975.00 3967.00 3972.00 12930.00
20170907  10:41:00 3972.00 3979.00 3971.00 3977.00 8048.00
20170907  10:42:00 3976.00 3977.00 3972.00 3974.00 3056.00
20170907  10:43:00 3974.00 3976.00 3973.00 3974.00 2330.00
20170907  10:44:00 3974.00 3977.00 3974.00 3976.00 2728.00
20170907  10:45:00 3977.00 3977.00 3974.00 3974.00 4366.00
20170907  10:46:00 3974.00 3978.00 3973.00 3977.00 3490.00
20170907  10:47:00 3978.00 3983.00 3976.00 3983.00 10172.00
20170907  10:48:00 3983.00 3984.00 3978.00 3978.00 6234.00
20170907  10:49:00 3978.00 3978.00 3974.00 3974.00 4390.00
20170907  10:50:00 3974.00 3975.00 3968.00 3968.00 11438.00
20170907  10:51:00 3969.00 3973.00 3966.00 3968.00 11658.00
20170907  10:52:00 3967.00 3973.00 3966.00 3969.00 6846.00
20170907  10:53:00 3969.00 3973.00 3969.00 3971.00 6396.00
20170907  10:54:00 3971.00 3972.00 3968.00 3968.00 4732.00
20170907  10:55:00 3967.00 3971.00 3964.00 3970.00 13796.00
20170907  10:56:00 3970.00 3973.00 3969.00 3973.00 5278.00
20170907  10:57:00 3972.00 3973.00 3954.00 3958.00 62586.00
20170907  10:58:00 3959.00 3961.00 3955.00 3957.00 22558.00
20170907  10:59:00 3956.00 3956.00 3951.00 3953.00 30576.00
20170907  11:00:00 3954.00 3962.00 3951.00 3958.00 28036.00
20170907  11:01:00 3960.00 3963.00 3954.00 3963.00 10098.00
20170907  11:02:00 3963.00 3967.00 3960.00 3967.00 14748.00
20170907  11:03:00 3967.00 3974.00 3967.00 3969.00 19730.00
20170907  11:04:00 3969.00 3971.00 3968.00 3971.00 8548.00
20170907  11:05:00 3970.00 3971.00 3967.00 3970.00 7108.00
20170907  11:06:00 3970.00 3973.00 3966.00 3966.00 6924.00
20170907  11:07:00 3966.00 3971.00 3966.00 3969.00 5536.00
20170907  11:08:00 3970.00 3971.00 3968.00 3969.00 3380.00
20170907  11:09:00 3968.00 3968.00 3964.00 3966.00 6002.00
20170907  11:10:00 3966.00 3966.00 3960.00 3962.00 8302.00
20170907  11:11:00 3962.00 3965.00 3961.00 3964.00 4952.00
20170907  11:12:00 3965.00 3965.00 3959.00 3963.00 9580.00
20170907  11:13:00 3962.00 3967.00 3962.00 3965.00 10754.00
20170907  11:14:00 3965.00 3965.00 3956.00 3957.00 14342.00
20170907  11:15:00 3956.00 3962.00 3954.00 3961.00 12234.00
20170907  11:16:00 3961.00 3963.00 3960.00 3961.00 6044.00
20170907  11:17:00 3963.00 3966.00 3962.00 3964.00 6908.00
20170907  11:18:00 3964.00 3965.00 3962.00 3963.00 4250.00
20170907  11:19:00 3963.00 3970.00 3963.00 3969.00 8904.00
20170907  11:20:00 3968.00 3983.00 3968.00 3980.00 31604.00
20170907  11:21:00 3980.00 3994.00 3980.00 3986.00 49016.00
20170907  11:22:00 3986.00 3988.00 3984.00 3985.00 10958.00
20170907  11:23:00 3986.00 3990.00 3985.00 3989.00 10938.00
20170907  11:24:00 3989.00 3992.00 3985.00 3987.00 15200.00
20170907  11:25:00 3986.00 3991.00 3986.00 3987.00 9020.00
20170907  11:26:00 3986.00 3987.00 3983.00 3985.00 10386.00
20170907  11:27:00 3985.00 3986.00 3981.00 3981.00 6620.00
20170907  11:28:00 3982.00 3983.00 3980.00 3981.00 8374.00
20170907  11:29:00 3981.00 3984.00 3979.00 3984.00 11684.00
20170907  13:30:00 3985.00 3994.00 3985.00 3990.00 35860.00
20170907  13:31:00 3990.00 4004.00 3990.00 3999.00 45060.00
20170907  13:32:00 3999.00 4003.00 3997.00 4001.00 29238.00
20170907  13:33:00 4000.00 4005.00 4000.00 4002.00 23182.00
20170907  13:34:00 4002.00 4005.00 4001.00 4003.00 23434.00
20170907  13:35:00 4003.00 4018.00 4003.00 4018.00 52440.00
20170907  13:36:00 4017.00 4024.00 4014.00 4015.00 64604.00
20170907  13:37:00 4016.00 4017.00 4011.00 4011.00 18486.00
20170907  13:38:00 4010.00 4011.00 4006.00 4007.00 23808.00
20170907  13:39:00 4006.00 4008.00 4003.00 4006.00 19780.00
20170907  13:40:00 4007.00 4009.00 4005.00 4006.00 11016.00
20170907  13:41:00 4005.00 4006.00 3999.00 3999.00 19624.00
20170907  13:42:00 4000.00 4002.00 3994.00 3996.00 21398.00
20170907  13:43:00 3997.00 3998.00 3994.00 3995.00 8292.00
20170907  13:44:00 3994.00 3999.00 3994.00 3998.00 9948.00
20170907  13:45:00 3997.00 3998.00 3991.00 3991.00 11542.00
20170907  13:46:00 3992.00 3997.00 3991.00 3994.00 10274.00
20170907  13:47:00 3994.00 3995.00 3991.00 3995.00 5824.00
20170907  13:48:00 3994.00 3996.00 3991.00 3992.00 6306.00
20170907  13:49:00 3992.00 3997.00 3991.00 3995.00 7576.00
20170907  13:50:00 3994.00 3996.00 3993.00 3995.00 4902.00
20170907  13:51:00 3994.00 3995.00 3991.00 3994.00 4054.00
20170907  13:52:00 3994.00 3998.00 3994.00 3997.00 4366.00
20170907  13:53:00 3997.00 3997.00 3993.00 3994.00 5378.00
20170907  13:54:00 3993.00 3994.00 3991.00 3992.00 4528.00
20170907  13:55:00 3992.00 3993.00 3990.00 3990.00 5720.00
20170907  13:56:00 3991.00 3991.00 3985.00 3988.00 24922.00
20170907  13:57:00 3986.00 3988.00 3985.00 3986.00 8092.00
20170907  13:58:00 3986.00 3987.00 3980.00 3982.00 23158.00
20170907  13:59:00 3981.00 3984.00 3980.00 3980.00 12440.00
20170907  14:00:00 3981.00 3981.00 3971.00 3977.00 31904.00
20170907  14:01:00 3977.00 3983.00 3975.00 3982.00 14264.00
20170907  14:02:00 3982.00 3985.00 3980.00 3981.00 12288.00
20170907  14:03:00 3981.00 3982.00 3978.00 3982.00 5582.00
20170907  14:04:00 3981.00 3983.00 3978.00 3979.00 8238.00
20170907  14:05:00 3978.00 3982.00 3977.00 3981.00 9750.00
20170907  14:06:00 3981.00 3982.00 3979.00 3982.00 6058.00
20170907  14:07:00 3981.00 3986.00 3980.00 3986.00 5184.00
20170907  14:08:00 3985.00 3990.00 3984.00 3989.00 12108.00
20170907  14:09:00 3989.00 3989.00 3984.00 3984.00 8530.00
20170907  14:10:00 3984.00 3989.00 3984.00 3989.00 4382.00
20170907  14:11:00 3988.00 3990.00 3984.00 3985.00 6500.00
20170907  14:12:00 3984.00 3986.00 3982.00 3982.00 4116.00
20170907  14:13:00 3982.00 3983.00 3980.00 3982.00 5278.00
20170907  14:14:00 3982.00 3983.00 3980.00 3981.00 4690.00
20170907  14:15:00 3981.00 3986.00 3981.00 3985.00 3962.00
20170907  14:16:00 3985.00 3987.00 3983.00 3983.00 3568.00
20170907  14:17:00 3982.00 3984.00 3982.00 3983.00 2190.00
20170907  14:18:00 3982.00 3982.00 3979.00 3979.00 11802.00
20170907  14:19:00 3979.00 3980.00 3975.00 3975.00 9490.00
20170907  14:20:00 3975.00 3983.00 3975.00 3983.00 8132.00
20170907  14:21:00 3982.00 3983.00 3978.00 3979.00 4098.00
20170907  14:22:00 3979.00 3982.00 3978.00 3982.00 3190.00
20170907  14:23:00 3982.00 3985.00 3980.00 3982.00 5612.00
20170907  14:24:00 3982.00 3983.00 3980.00 3982.00 2770.00
20170907  14:25:00 3982.00 3983.00 3979.00 3981.00 4706.00
20170907  14:26:00 3981.00 3983.00 3980.00 3982.00 3628.00
20170907  14:27:00 3983.00 3983.00 3977.00 3977.00 5524.00
20170907  14:28:00 3978.00 3981.00 3976.00 3980.00 5326.00
20170907  14:29:00 3979.00 3980.00 3975.00 3975.00 16408.00
20170907  14:30:00 3975.00 3979.00 3972.00 3978.00 10926.00
20170907  14:31:00 3978.00 3979.00 3974.00 3979.00 8714.00
20170907  14:32:00 3978.00 3985.00 3977.00 3984.00 14742.00
20170907  14:33:00 3984.00 3984.00 3979.00 3979.00 4954.00
20170907  14:34:00 3979.00 3982.00 3979.00 3981.00 2098.00
20170907  14:35:00 3981.00 3982.00 3977.00 3978.00 3582.00
20170907  14:36:00 3978.00 3981.00 3977.00 3980.00 2688.00
20170907  14:37:00 3980.00 3981.00 3976.00 3976.00 3100.00
20170907  14:38:00 3975.00 3977.00 3966.00 3968.00 27826.00
20170907  14:39:00 3969.00 3969.00 3959.00 3959.00 38376.00
20170907  14:40:00 3959.00 3969.00 3957.00 3967.00 24920.00
20170907  14:41:00 3967.00 3967.00 3956.00 3957.00 29866.00
20170907  14:42:00 3956.00 3957.00 3937.00 3940.00 118592.00
20170907  14:43:00 3940.00 3944.00 3937.00 3942.00 47086.00
20170907  14:44:00 3941.00 3943.00 3936.00 3938.00 39012.00
20170907  14:45:00 3938.00 3950.00 3935.00 3949.00 42950.00
20170907  14:46:00 3948.00 3955.00 3946.00 3951.00 30896.00
20170907  14:47:00 3951.00 3951.00 3946.00 3948.00 11880.00
20170907  14:48:00 3948.00 3952.00 3948.00 3950.00 14156.00
20170907  14:49:00 3949.00 3953.00 3947.00 3952.00 11464.00
20170907  14:50:00 3952.00 3952.00 3946.00 3949.00 13538.00
20170907  14:51:00 3949.00 3950.00 3948.00 3949.00 16476.00
20170907  14:52:00 3948.00 3951.00 3945.00 3950.00 16136.00
20170907  14:53:00 3950.00 3955.00 3949.00 3955.00 14734.00
20170907  14:54:00 3955.00 3955.00 3949.00 3953.00 14186.00
20170907  14:55:00 3954.00 3958.00 3953.00 3957.00 16500.00
20170907  14:56:00 3957.00 3964.00 3957.00 3964.00 21598.00
20170907  14:57:00 3964.00 3965.00 3959.00 3960.00 15192.00
20170907  14:58:00 3961.00 3962.00 3958.00 3960.00 14548.00
20170907  14:59:00 3960.00 3961.00 3955.00 3959.00 28856.00
20170907  15:00:00 3958.00 3958.00 3958.00 3958.00 298.00
