20171010  21:00:00 3549.00 3550.00 3541.00 3544.00 56482.00
20171010  21:01:00 3545.00 3546.00 3542.00 3546.00 20166.00
20171010  21:02:00 3545.00 3558.00 3544.00 3558.00 30690.00
20171010  21:03:00 3558.00 3560.00 3554.00 3555.00 17702.00
20171010  21:04:00 3555.00 3559.00 3554.00 3555.00 14766.00
20171010  21:05:00 3554.00 3555.00 3550.00 3550.00 14766.00
20171010  21:06:00 3551.00 3552.00 3545.00 3546.00 22822.00
20171010  21:07:00 3546.00 3547.00 3543.00 3544.00 21118.00
20171010  21:08:00 3544.00 3545.00 3537.00 3538.00 26930.00
20171010  21:09:00 3537.00 3542.00 3536.00 3537.00 21174.00
20171010  21:10:00 3537.00 3542.00 3536.00 3539.00 12476.00
20171010  21:11:00 3540.00 3540.00 3535.00 3536.00 14492.00
20171010  21:12:00 3536.00 3537.00 3530.00 3535.00 31796.00
20171010  21:13:00 3534.00 3541.00 3533.00 3540.00 12120.00
20171010  21:14:00 3539.00 3541.00 3535.00 3537.00 14116.00
20171010  21:15:00 3537.00 3537.00 3530.00 3531.00 26412.00
20171010  21:16:00 3530.00 3531.00 3519.00 3525.00 90752.00
20171010  21:17:00 3525.00 3536.00 3524.00 3535.00 24464.00
20171010  21:18:00 3535.00 3543.00 3535.00 3538.00 31286.00
20171010  21:19:00 3538.00 3547.00 3538.00 3545.00 25696.00
20171010  21:20:00 3545.00 3546.00 3541.00 3543.00 12554.00
20171010  21:21:00 3542.00 3549.00 3542.00 3546.00 13634.00
20171010  21:22:00 3546.00 3546.00 3542.00 3543.00 4644.00
20171010  21:23:00 3542.00 3546.00 3542.00 3544.00 6482.00
20171010  21:24:00 3545.00 3554.00 3544.00 3548.00 22696.00
20171010  21:25:00 3548.00 3550.00 3545.00 3545.00 7526.00
20171010  21:26:00 3545.00 3549.00 3544.00 3549.00 5916.00
20171010  21:27:00 3550.00 3554.00 3549.00 3551.00 13210.00
20171010  21:28:00 3550.00 3552.00 3548.00 3550.00 4854.00
20171010  21:29:00 3550.00 3550.00 3546.00 3547.00 7374.00
20171010  21:30:00 3548.00 3548.00 3540.00 3543.00 13170.00
20171010  21:31:00 3543.00 3548.00 3542.00 3545.00 6602.00
20171010  21:32:00 3545.00 3547.00 3545.00 3546.00 2758.00
20171010  21:33:00 3546.00 3547.00 3539.00 3541.00 8036.00
20171010  21:34:00 3541.00 3543.00 3539.00 3540.00 4540.00
20171010  21:35:00 3540.00 3546.00 3539.00 3545.00 5086.00
20171010  21:36:00 3546.00 3546.00 3543.00 3543.00 3304.00
20171010  21:37:00 3543.00 3545.00 3541.00 3544.00 2174.00
20171010  21:38:00 3545.00 3547.00 3544.00 3545.00 3278.00
20171010  21:39:00 3544.00 3547.00 3543.00 3546.00 1912.00
20171010  21:40:00 3547.00 3547.00 3542.00 3543.00 2948.00
20171010  21:41:00 3542.00 3545.00 3540.00 3544.00 4892.00
20171010  21:42:00 3543.00 3546.00 3541.00 3546.00 2524.00
20171010  21:43:00 3545.00 3546.00 3543.00 3543.00 1290.00
20171010  21:44:00 3543.00 3550.00 3543.00 3550.00 7266.00
20171010  21:45:00 3550.00 3556.00 3549.00 3554.00 21182.00
20171010  21:46:00 3554.00 3555.00 3551.00 3554.00 6046.00
20171010  21:47:00 3554.00 3556.00 3553.00 3554.00 9660.00
20171010  21:48:00 3554.00 3566.00 3554.00 3561.00 33948.00
20171010  21:49:00 3562.00 3562.00 3557.00 3557.00 12974.00
20171010  21:50:00 3557.00 3562.00 3557.00 3561.00 8788.00
20171010  21:51:00 3560.00 3560.00 3555.00 3556.00 6164.00
20171010  21:52:00 3555.00 3561.00 3555.00 3559.00 5832.00
20171010  21:53:00 3560.00 3561.00 3556.00 3557.00 4994.00
20171010  21:54:00 3556.00 3559.00 3555.00 3557.00 4272.00
20171010  21:55:00 3557.00 3557.00 3550.00 3552.00 9770.00
20171010  21:56:00 3552.00 3557.00 3552.00 3553.00 6998.00
20171010  21:57:00 3552.00 3555.00 3551.00 3554.00 4398.00
20171010  21:58:00 3555.00 3555.00 3550.00 3551.00 6060.00
20171010  21:59:00 3551.00 3552.00 3548.00 3548.00 7670.00
20171010  22:00:00 3548.00 3551.00 3547.00 3550.00 6002.00
20171010  22:01:00 3549.00 3551.00 3548.00 3549.00 3310.00
20171010  22:02:00 3549.00 3549.00 3543.00 3543.00 9086.00
20171010  22:03:00 3544.00 3546.00 3543.00 3545.00 7456.00
20171010  22:04:00 3545.00 3551.00 3545.00 3548.00 7574.00
20171010  22:05:00 3549.00 3549.00 3542.00 3542.00 8308.00
20171010  22:06:00 3542.00 3545.00 3541.00 3544.00 7154.00
20171010  22:07:00 3544.00 3545.00 3541.00 3541.00 4784.00
20171010  22:08:00 3541.00 3542.00 3536.00 3537.00 13598.00
20171010  22:09:00 3537.00 3542.00 3536.00 3540.00 8488.00
20171010  22:10:00 3540.00 3545.00 3538.00 3542.00 6318.00
20171010  22:11:00 3542.00 3550.00 3542.00 3550.00 8900.00
20171010  22:12:00 3550.00 3554.00 3546.00 3554.00 13060.00
20171010  22:13:00 3554.00 3559.00 3553.00 3557.00 15038.00
20171010  22:14:00 3558.00 3560.00 3554.00 3557.00 13728.00
20171010  22:15:00 3557.00 3560.00 3554.00 3559.00 7294.00
20171010  22:16:00 3559.00 3561.00 3556.00 3558.00 9042.00
20171010  22:17:00 3558.00 3560.00 3557.00 3560.00 5846.00
20171010  22:18:00 3559.00 3560.00 3554.00 3556.00 6056.00
20171010  22:19:00 3557.00 3558.00 3555.00 3556.00 2826.00
20171010  22:20:00 3556.00 3556.00 3554.00 3556.00 3796.00
20171010  22:21:00 3556.00 3559.00 3555.00 3559.00 3124.00
20171010  22:22:00 3558.00 3559.00 3557.00 3557.00 3176.00
20171010  22:23:00 3557.00 3557.00 3556.00 3556.00 2292.00
20171010  22:24:00 3557.00 3560.00 3556.00 3560.00 3290.00
20171010  22:25:00 3560.00 3561.00 3558.00 3559.00 7618.00
20171010  22:26:00 3559.00 3561.00 3559.00 3560.00 4272.00
20171010  22:27:00 3561.00 3562.00 3560.00 3560.00 7824.00
20171010  22:28:00 3561.00 3577.00 3560.00 3570.00 39900.00
20171010  22:29:00 3570.00 3572.00 3567.00 3571.00 22408.00
20171010  22:30:00 3572.00 3575.00 3571.00 3573.00 22856.00
20171010  22:31:00 3573.00 3577.00 3570.00 3570.00 17214.00
20171010  22:32:00 3570.00 3570.00 3565.00 3566.00 11764.00
20171010  22:33:00 3566.00 3570.00 3566.00 3569.00 5200.00
20171010  22:34:00 3569.00 3569.00 3565.00 3567.00 7126.00
20171010  22:35:00 3567.00 3575.00 3567.00 3573.00 7506.00
20171010  22:36:00 3573.00 3574.00 3567.00 3569.00 5024.00
20171010  22:37:00 3568.00 3569.00 3565.00 3566.00 5456.00
20171010  22:38:00 3565.00 3566.00 3562.00 3562.00 5114.00
20171010  22:39:00 3563.00 3564.00 3559.00 3559.00 8304.00
20171010  22:40:00 3560.00 3562.00 3559.00 3559.00 7242.00
20171010  22:41:00 3560.00 3563.00 3559.00 3559.00 4098.00
20171010  22:42:00 3559.00 3561.00 3557.00 3561.00 8760.00
20171010  22:43:00 3561.00 3563.00 3560.00 3563.00 2308.00
20171010  22:44:00 3563.00 3563.00 3560.00 3561.00 2978.00
20171010  22:45:00 3561.00 3568.00 3561.00 3567.00 5418.00
20171010  22:46:00 3568.00 3568.00 3563.00 3565.00 4668.00
20171010  22:47:00 3565.00 3566.00 3564.00 3566.00 2502.00
20171010  22:48:00 3565.00 3572.00 3565.00 3571.00 12390.00
20171010  22:49:00 3571.00 3571.00 3566.00 3567.00 4370.00
20171010  22:50:00 3567.00 3569.00 3566.00 3567.00 2466.00
20171010  22:51:00 3567.00 3569.00 3566.00 3569.00 2774.00
20171010  22:52:00 3569.00 3570.00 3568.00 3570.00 4656.00
20171010  22:53:00 3571.00 3585.00 3570.00 3581.00 34424.00
20171010  22:54:00 3581.00 3584.00 3581.00 3581.00 17080.00
20171010  22:55:00 3581.00 3586.00 3580.00 3585.00 16320.00
20171010  22:56:00 3586.00 3587.00 3581.00 3583.00 14984.00
20171010  22:57:00 3583.00 3585.00 3578.00 3579.00 12426.00
20171010  22:58:00 3578.00 3579.00 3575.00 3576.00 9322.00
20171010  22:59:00 3575.00 3578.00 3575.00 3577.00 11944.00
20171010  23:00:00 3578.00 3578.00 3578.00 3578.00  94.00
20171011  09:00:00 3578.00 3582.00 3577.00 3581.00 21434.00
20171011  09:01:00 3580.00 3583.00 3576.00 3576.00 19650.00
20171011  09:02:00 3576.00 3578.00 3573.00 3573.00 13784.00
20171011  09:03:00 3573.00 3575.00 3571.00 3571.00 7574.00
20171011  09:04:00 3571.00 3575.00 3571.00 3575.00 6228.00
20171011  09:05:00 3575.00 3575.00 3569.00 3570.00 8644.00
20171011  09:06:00 3570.00 3574.00 3568.00 3572.00 7102.00
20171011  09:07:00 3573.00 3573.00 3568.00 3571.00 4848.00
20171011  09:08:00 3570.00 3575.00 3569.00 3574.00 4632.00
20171011  09:09:00 3574.00 3575.00 3568.00 3571.00 6342.00
20171011  09:10:00 3570.00 3571.00 3567.00 3568.00 4052.00
20171011  09:11:00 3568.00 3571.00 3567.00 3571.00 4330.00
20171011  09:12:00 3571.00 3575.00 3571.00 3572.00 3778.00
20171011  09:13:00 3572.00 3575.00 3572.00 3575.00 1770.00
20171011  09:14:00 3574.00 3576.00 3569.00 3571.00 5082.00
20171011  09:15:00 3571.00 3572.00 3569.00 3570.00 3236.00
20171011  09:16:00 3570.00 3575.00 3569.00 3574.00 3420.00
20171011  09:17:00 3574.00 3575.00 3570.00 3570.00 3878.00
20171011  09:18:00 3570.00 3574.00 3570.00 3573.00 2790.00
20171011  09:19:00 3573.00 3573.00 3570.00 3572.00 2768.00
20171011  09:20:00 3571.00 3572.00 3568.00 3568.00 3412.00
20171011  09:21:00 3569.00 3569.00 3563.00 3565.00 9808.00
20171011  09:22:00 3564.00 3568.00 3564.00 3568.00 4982.00
20171011  09:23:00 3568.00 3568.00 3565.00 3566.00 3428.00
20171011  09:24:00 3566.00 3569.00 3565.00 3569.00 3264.00
20171011  09:25:00 3569.00 3570.00 3565.00 3565.00 3466.00
20171011  09:26:00 3565.00 3566.00 3562.00 3563.00 7402.00
20171011  09:27:00 3564.00 3567.00 3562.00 3566.00 3640.00
20171011  09:28:00 3566.00 3568.00 3563.00 3565.00 3932.00
20171011  09:29:00 3565.00 3569.00 3564.00 3568.00 3428.00
20171011  09:30:00 3568.00 3578.00 3567.00 3578.00 11572.00
20171011  09:31:00 3577.00 3577.00 3572.00 3574.00 7776.00
20171011  09:32:00 3573.00 3577.00 3573.00 3575.00 4030.00
20171011  09:33:00 3575.00 3578.00 3573.00 3577.00 4450.00
20171011  09:34:00 3577.00 3581.00 3575.00 3581.00 9672.00
20171011  09:35:00 3581.00 3581.00 3576.00 3579.00 5936.00
20171011  09:36:00 3579.00 3581.00 3578.00 3579.00 3862.00
20171011  09:37:00 3579.00 3579.00 3575.00 3576.00 3250.00
20171011  09:38:00 3576.00 3579.00 3575.00 3577.00 2356.00
20171011  09:39:00 3578.00 3578.00 3575.00 3576.00 1472.00
20171011  09:40:00 3575.00 3577.00 3571.00 3574.00 6508.00
20171011  09:41:00 3574.00 3576.00 3573.00 3573.00 2162.00
20171011  09:42:00 3573.00 3575.00 3572.00 3574.00 3110.00
20171011  09:43:00 3574.00 3576.00 3571.00 3571.00 4706.00
20171011  09:44:00 3572.00 3573.00 3571.00 3572.00 1890.00
20171011  09:45:00 3572.00 3575.00 3571.00 3573.00 1552.00
20171011  09:46:00 3573.00 3577.00 3572.00 3575.00 2006.00
20171011  09:47:00 3575.00 3575.00 3572.00 3573.00 1530.00
20171011  09:48:00 3573.00 3575.00 3573.00 3573.00 926.00
20171011  09:49:00 3573.00 3576.00 3573.00 3576.00 1138.00
20171011  09:50:00 3575.00 3577.00 3575.00 3576.00 1122.00
20171011  09:51:00 3576.00 3594.00 3575.00 3584.00 32510.00
20171011  09:52:00 3584.00 3590.00 3583.00 3589.00 14816.00
20171011  09:53:00 3589.00 3592.00 3585.00 3590.00 11706.00
20171011  09:54:00 3589.00 3596.00 3589.00 3594.00 22888.00
20171011  09:55:00 3595.00 3596.00 3592.00 3594.00 15354.00
20171011  09:56:00 3594.00 3600.00 3594.00 3600.00 37410.00
20171011  09:57:00 3600.00 3606.00 3600.00 3602.00 36618.00
20171011  09:58:00 3603.00 3608.00 3602.00 3607.00 22858.00
20171011  09:59:00 3606.00 3607.00 3602.00 3604.00 19496.00
20171011  10:00:00 3605.00 3606.00 3599.00 3600.00 25246.00
20171011  10:01:00 3600.00 3607.00 3599.00 3606.00 14312.00
20171011  10:02:00 3604.00 3607.00 3601.00 3604.00 12460.00
20171011  10:03:00 3604.00 3606.00 3603.00 3604.00 8514.00
20171011  10:04:00 3605.00 3614.00 3605.00 3613.00 32370.00
20171011  10:05:00 3613.00 3613.00 3609.00 3610.00 13510.00
20171011  10:06:00 3610.00 3611.00 3606.00 3606.00 7964.00
20171011  10:07:00 3607.00 3610.00 3604.00 3606.00 10752.00
20171011  10:08:00 3605.00 3606.00 3601.00 3601.00 9650.00
20171011  10:09:00 3601.00 3603.00 3601.00 3602.00 7808.00
20171011  10:10:00 3601.00 3602.00 3599.00 3600.00 9758.00
20171011  10:11:00 3600.00 3602.00 3600.00 3601.00 5482.00
20171011  10:12:00 3601.00 3604.00 3601.00 3603.00 4452.00
20171011  10:13:00 3603.00 3605.00 3603.00 3603.00 3168.00
20171011  10:14:00 3604.00 3607.00 3603.00 3605.00 5948.00
20171011  10:30:00 3604.00 3608.00 3603.00 3603.00 7408.00
20171011  10:31:00 3603.00 3604.00 3601.00 3601.00 3848.00
20171011  10:32:00 3602.00 3603.00 3600.00 3600.00 3804.00
20171011  10:33:00 3600.00 3604.00 3600.00 3603.00 3386.00
20171011  10:34:00 3604.00 3605.00 3601.00 3605.00 4880.00
20171011  10:35:00 3604.00 3610.00 3603.00 3610.00 12884.00
20171011  10:36:00 3609.00 3613.00 3608.00 3613.00 10814.00
20171011  10:37:00 3613.00 3614.00 3607.00 3612.00 9256.00
20171011  10:38:00 3611.00 3618.00 3610.00 3611.00 22826.00
20171011  10:39:00 3613.00 3614.00 3609.00 3612.00 13288.00
20171011  10:40:00 3612.00 3614.00 3611.00 3612.00 4468.00
20171011  10:41:00 3612.00 3614.00 3610.00 3611.00 5292.00
20171011  10:42:00 3610.00 3612.00 3605.00 3606.00 5374.00
20171011  10:43:00 3606.00 3614.00 3606.00 3609.00 8344.00
20171011  10:44:00 3609.00 3610.00 3605.00 3606.00 5750.00
20171011  10:45:00 3606.00 3606.00 3602.00 3604.00 8210.00
20171011  10:46:00 3603.00 3604.00 3600.00 3601.00 6568.00
20171011  10:47:00 3601.00 3602.00 3600.00 3600.00 5792.00
20171011  10:48:00 3600.00 3604.00 3599.00 3599.00 9852.00
20171011  10:49:00 3600.00 3603.00 3599.00 3601.00 6330.00
20171011  10:50:00 3602.00 3604.00 3601.00 3602.00 2904.00
20171011  10:51:00 3602.00 3604.00 3599.00 3600.00 7918.00
20171011  10:52:00 3599.00 3601.00 3597.00 3597.00 14348.00
20171011  10:53:00 3597.00 3601.00 3595.00 3599.00 16166.00
20171011  10:54:00 3600.00 3602.00 3599.00 3601.00 4822.00
20171011  10:55:00 3601.00 3602.00 3600.00 3601.00 5412.00
20171011  10:56:00 3601.00 3601.00 3596.00 3596.00 10140.00
20171011  10:57:00 3596.00 3597.00 3590.00 3591.00 19880.00
20171011  10:58:00 3591.00 3595.00 3591.00 3594.00 6686.00
20171011  10:59:00 3594.00 3594.00 3590.00 3592.00 7126.00
20171011  11:00:00 3590.00 3592.00 3585.00 3586.00 19536.00
20171011  11:01:00 3584.00 3590.00 3584.00 3588.00 12104.00
20171011  11:02:00 3588.00 3590.00 3587.00 3588.00 4300.00
20171011  11:03:00 3589.00 3592.00 3588.00 3591.00 5428.00
20171011  11:04:00 3590.00 3590.00 3583.00 3584.00 8562.00
20171011  11:05:00 3584.00 3587.00 3583.00 3586.00 5730.00
20171011  11:06:00 3586.00 3586.00 3581.00 3584.00 11152.00
20171011  11:07:00 3583.00 3585.00 3583.00 3585.00 3020.00
20171011  11:08:00 3584.00 3588.00 3584.00 3588.00 2632.00
20171011  11:09:00 3588.00 3588.00 3586.00 3588.00 3366.00
20171011  11:10:00 3588.00 3588.00 3582.00 3583.00 6444.00
20171011  11:11:00 3583.00 3587.00 3582.00 3587.00 2724.00
20171011  11:12:00 3587.00 3587.00 3583.00 3584.00 2058.00
20171011  11:13:00 3584.00 3585.00 3583.00 3585.00 2184.00
20171011  11:14:00 3585.00 3588.00 3584.00 3588.00 3398.00
20171011  11:15:00 3588.00 3594.00 3587.00 3592.00 10672.00
20171011  11:16:00 3593.00 3597.00 3592.00 3597.00 8358.00
20171011  11:17:00 3596.00 3598.00 3591.00 3591.00 8514.00
20171011  11:18:00 3591.00 3596.00 3591.00 3596.00 2386.00
20171011  11:19:00 3596.00 3596.00 3591.00 3592.00 2732.00
20171011  11:20:00 3593.00 3595.00 3592.00 3594.00 1860.00
20171011  11:21:00 3594.00 3597.00 3594.00 3596.00 2260.00
20171011  11:22:00 3597.00 3597.00 3592.00 3592.00 2642.00
20171011  11:23:00 3592.00 3597.00 3592.00 3597.00 1948.00
20171011  11:24:00 3596.00 3601.00 3595.00 3600.00 8254.00
20171011  11:25:00 3600.00 3600.00 3597.00 3597.00 3288.00
20171011  11:26:00 3599.00 3606.00 3597.00 3605.00 10934.00
20171011  11:27:00 3605.00 3607.00 3601.00 3602.00 7234.00
20171011  11:28:00 3602.00 3603.00 3596.00 3597.00 6196.00
20171011  11:29:00 3597.00 3599.00 3593.00 3594.00 8028.00
20171011  13:30:00 3595.00 3598.00 3591.00 3591.00 10310.00
20171011  13:31:00 3591.00 3594.00 3591.00 3593.00 2842.00
20171011  13:32:00 3594.00 3594.00 3589.00 3591.00 7438.00
20171011  13:33:00 3591.00 3593.00 3586.00 3586.00 6100.00
20171011  13:34:00 3586.00 3589.00 3585.00 3588.00 11958.00
20171011  13:35:00 3587.00 3589.00 3587.00 3587.00 2622.00
20171011  13:36:00 3586.00 3586.00 3582.00 3583.00 9078.00
20171011  13:37:00 3582.00 3589.00 3581.00 3588.00 11548.00
20171011  13:38:00 3588.00 3590.00 3587.00 3589.00 2852.00
20171011  13:39:00 3589.00 3592.00 3589.00 3592.00 3118.00
20171011  13:40:00 3592.00 3594.00 3588.00 3588.00 6710.00
20171011  13:41:00 3588.00 3589.00 3585.00 3586.00 3158.00
20171011  13:42:00 3586.00 3590.00 3585.00 3589.00 3642.00
20171011  13:43:00 3589.00 3590.00 3583.00 3583.00 3270.00
20171011  13:44:00 3584.00 3586.00 3579.00 3579.00 11942.00
20171011  13:45:00 3578.00 3581.00 3577.00 3580.00 15172.00
20171011  13:46:00 3580.00 3583.00 3578.00 3581.00 4998.00
20171011  13:47:00 3580.00 3581.00 3576.00 3576.00 6572.00
20171011  13:48:00 3576.00 3580.00 3575.00 3579.00 10462.00
20171011  13:49:00 3580.00 3580.00 3578.00 3579.00 2784.00
20171011  13:50:00 3578.00 3579.00 3575.00 3579.00 6336.00
20171011  13:51:00 3579.00 3584.00 3578.00 3583.00 6700.00
20171011  13:52:00 3584.00 3585.00 3583.00 3583.00 4602.00
20171011  13:53:00 3583.00 3584.00 3578.00 3580.00 4780.00
20171011  13:54:00 3579.00 3580.00 3578.00 3580.00 3556.00
20171011  13:55:00 3579.00 3584.00 3579.00 3584.00 2806.00
20171011  13:56:00 3584.00 3585.00 3581.00 3582.00 3590.00
20171011  13:57:00 3582.00 3588.00 3582.00 3588.00 9192.00
20171011  13:58:00 3587.00 3588.00 3586.00 3587.00 5488.00
20171011  13:59:00 3588.00 3588.00 3579.00 3580.00 7944.00
20171011  14:00:00 3580.00 3584.00 3579.00 3579.00 5614.00
20171011  14:01:00 3579.00 3583.00 3578.00 3579.00 4848.00
20171011  14:02:00 3579.00 3579.00 3573.00 3574.00 14526.00
20171011  14:03:00 3574.00 3574.00 3567.00 3567.00 27736.00
20171011  14:04:00 3568.00 3569.00 3560.00 3565.00 28878.00
20171011  14:05:00 3565.00 3570.00 3563.00 3568.00 17674.00
20171011  14:06:00 3569.00 3573.00 3565.00 3572.00 16264.00
20171011  14:07:00 3573.00 3574.00 3570.00 3571.00 7844.00
20171011  14:08:00 3571.00 3572.00 3568.00 3568.00 7098.00
20171011  14:09:00 3568.00 3575.00 3567.00 3573.00 12878.00
20171011  14:10:00 3573.00 3573.00 3570.00 3572.00 3790.00
20171011  14:11:00 3573.00 3573.00 3570.00 3571.00 2710.00
20171011  14:12:00 3572.00 3573.00 3571.00 3573.00 2836.00
20171011  14:13:00 3572.00 3572.00 3568.00 3568.00 4186.00
20171011  14:14:00 3568.00 3571.00 3565.00 3568.00 7284.00
20171011  14:15:00 3569.00 3569.00 3566.00 3568.00 5042.00
20171011  14:16:00 3568.00 3568.00 3565.00 3566.00 4548.00
20171011  14:17:00 3566.00 3567.00 3563.00 3563.00 5510.00
20171011  14:18:00 3563.00 3566.00 3562.00 3563.00 9762.00
20171011  14:19:00 3562.00 3563.00 3560.00 3561.00 10610.00
20171011  14:20:00 3560.00 3567.00 3559.00 3565.00 8462.00
20171011  14:21:00 3565.00 3570.00 3565.00 3567.00 8636.00
20171011  14:22:00 3568.00 3574.00 3567.00 3569.00 8342.00
20171011  14:23:00 3568.00 3569.00 3564.00 3565.00 2756.00
20171011  14:24:00 3564.00 3572.00 3564.00 3569.00 6174.00
20171011  14:25:00 3570.00 3573.00 3569.00 3572.00 3820.00
20171011  14:26:00 3572.00 3572.00 3568.00 3570.00 2938.00
20171011  14:27:00 3570.00 3570.00 3566.00 3568.00 2056.00
20171011  14:28:00 3568.00 3568.00 3562.00 3566.00 5480.00
20171011  14:29:00 3567.00 3571.00 3566.00 3570.00 3654.00
20171011  14:30:00 3571.00 3571.00 3566.00 3566.00 2996.00
20171011  14:31:00 3566.00 3566.00 3562.00 3563.00 7008.00
20171011  14:32:00 3564.00 3567.00 3563.00 3564.00 4066.00
20171011  14:33:00 3563.00 3565.00 3562.00 3562.00 4640.00
20171011  14:34:00 3562.00 3563.00 3561.00 3562.00 4172.00
20171011  14:35:00 3562.00 3566.00 3561.00 3565.00 4370.00
20171011  14:36:00 3564.00 3565.00 3557.00 3557.00 11526.00
20171011  14:37:00 3556.00 3560.00 3554.00 3558.00 16370.00
20171011  14:38:00 3559.00 3559.00 3551.00 3556.00 19326.00
20171011  14:39:00 3556.00 3557.00 3552.00 3554.00 12958.00
20171011  14:40:00 3553.00 3553.00 3548.00 3551.00 26694.00
20171011  14:41:00 3551.00 3552.00 3548.00 3549.00 13792.00
20171011  14:42:00 3548.00 3556.00 3548.00 3554.00 11050.00
20171011  14:43:00 3554.00 3554.00 3550.00 3550.00 6378.00
20171011  14:44:00 3550.00 3550.00 3541.00 3542.00 31826.00
20171011  14:45:00 3543.00 3544.00 3541.00 3544.00 20720.00
20171011  14:46:00 3543.00 3547.00 3542.00 3545.00 10152.00
20171011  14:47:00 3545.00 3545.00 3541.00 3541.00 6842.00
20171011  14:48:00 3541.00 3543.00 3537.00 3540.00 21164.00
20171011  14:49:00 3540.00 3544.00 3539.00 3541.00 11626.00
20171011  14:50:00 3542.00 3542.00 3536.00 3536.00 13346.00
20171011  14:51:00 3537.00 3541.00 3535.00 3538.00 16392.00
20171011  14:52:00 3538.00 3540.00 3536.00 3539.00 13616.00
20171011  14:53:00 3539.00 3545.00 3538.00 3544.00 14898.00
20171011  14:54:00 3545.00 3546.00 3543.00 3545.00 12846.00
20171011  14:55:00 3545.00 3545.00 3538.00 3540.00 13720.00
20171011  14:56:00 3540.00 3541.00 3538.00 3538.00 6092.00
20171011  14:57:00 3538.00 3540.00 3534.00 3535.00 18586.00
20171011  14:58:00 3535.00 3535.00 3530.00 3532.00 33774.00
20171011  14:59:00 3532.00 3532.00 3525.00 3525.00 54494.00
20171011  15:00:00 3523.00 3523.00 3523.00 3523.00 450.00
