20170519  15:00:00 3244.00 3244.00 3244.00 3244.00 572.00
20170519  14:59:00 3247.00 3247.00 3240.00 3244.00 67194.00
20170519  14:58:00 3243.00 3247.00 3242.00 3246.00 38780.00
20170519  14:57:00 3242.00 3246.00 3241.00 3243.00 34206.00
20170519  14:56:00 3244.00 3245.00 3240.00 3242.00 29994.00
20170519  14:55:00 3240.00 3245.00 3239.00 3244.00 30144.00
20170519  14:54:00 3246.00 3247.00 3240.00 3240.00 41518.00
20170519  14:53:00 3244.00 3249.00 3244.00 3247.00 42534.00
20170519  14:52:00 3244.00 3246.00 3242.00 3244.00 33920.00
20170519  14:51:00 3240.00 3245.00 3240.00 3244.00 36248.00
20170519  14:50:00 3240.00 3241.00 3238.00 3239.00 31828.00
20170519  14:49:00 3237.00 3241.00 3237.00 3241.00 19702.00
20170519  14:48:00 3241.00 3242.00 3234.00 3237.00 35836.00
20170519  14:47:00 3240.00 3241.00 3238.00 3241.00 14206.00
20170519  14:46:00 3241.00 3241.00 3238.00 3241.00 27330.00
20170519  14:45:00 3238.00 3240.00 3237.00 3240.00 14762.00
20170519  14:44:00 3239.00 3240.00 3235.00 3237.00 18794.00
20170519  14:43:00 3243.00 3243.00 3237.00 3239.00 25068.00
20170519  14:42:00 3237.00 3243.00 3237.00 3243.00 33326.00
20170519  14:41:00 3238.00 3238.00 3235.00 3237.00 14660.00
20170519  14:40:00 3235.00 3238.00 3234.00 3238.00 21270.00
20170519  14:39:00 3234.00 3235.00 3232.00 3235.00 9044.00
20170519  14:38:00 3233.00 3234.00 3233.00 3234.00 4536.00
20170519  14:37:00 3232.00 3235.00 3232.00 3233.00 13000.00
20170519  14:36:00 3235.00 3235.00 3232.00 3232.00 8872.00
20170519  14:35:00 3232.00 3235.00 3232.00 3235.00 11960.00
20170519  14:34:00 3233.00 3233.00 3230.00 3232.00 12454.00
20170519  14:33:00 3232.00 3235.00 3232.00 3233.00 7996.00
20170519  14:32:00 3234.00 3234.00 3231.00 3233.00 7998.00
20170519  14:31:00 3235.00 3235.00 3232.00 3233.00 9420.00
20170519  14:30:00 3235.00 3237.00 3233.00 3235.00 16006.00
20170519  14:29:00 3233.00 3236.00 3232.00 3236.00 16170.00
20170519  14:28:00 3233.00 3235.00 3232.00 3233.00 10120.00
20170519  14:27:00 3232.00 3235.00 3231.00 3233.00 26870.00
20170519  14:26:00 3227.00 3232.00 3227.00 3232.00 15054.00
20170519  14:25:00 3228.00 3229.00 3225.00 3227.00 17420.00
20170519  14:24:00 3231.00 3232.00 3228.00 3228.00 12214.00
20170519  14:23:00 3230.00 3232.00 3229.00 3231.00 7938.00
20170519  14:22:00 3229.00 3232.00 3228.00 3230.00 14744.00
20170519  14:21:00 3229.00 3232.00 3228.00 3230.00 15678.00
20170519  14:20:00 3229.00 3231.00 3227.00 3229.00 16522.00
20170519  14:19:00 3231.00 3231.00 3227.00 3229.00 12148.00
20170519  14:18:00 3233.00 3233.00 3230.00 3232.00 16448.00
20170519  14:17:00 3229.00 3232.00 3229.00 3232.00 12280.00
20170519  14:16:00 3230.00 3231.00 3227.00 3229.00 16432.00
20170519  14:15:00 3225.00 3230.00 3225.00 3229.00 18614.00
20170519  14:14:00 3227.00 3228.00 3225.00 3225.00 13158.00
20170519  14:13:00 3227.00 3229.00 3226.00 3228.00 19098.00
20170519  14:12:00 3223.00 3227.00 3222.00 3226.00 27330.00
20170519  14:11:00 3225.00 3227.00 3220.00 3223.00 61180.00
20170519  14:10:00 3228.00 3228.00 3226.00 3226.00 23300.00
20170519  14:09:00 3227.00 3230.00 3226.00 3227.00 18634.00
20170519  14:08:00 3228.00 3232.00 3227.00 3228.00 27448.00
20170519  14:07:00 3228.00 3231.00 3224.00 3229.00 53084.00
20170519  14:06:00 3240.00 3240.00 3226.00 3230.00 67770.00
20170519  14:05:00 3236.00 3240.00 3236.00 3240.00 18252.00
20170519  14:04:00 3239.00 3240.00 3236.00 3236.00 13094.00
20170519  14:03:00 3238.00 3239.00 3236.00 3238.00 19966.00
20170519  14:02:00 3235.00 3240.00 3235.00 3238.00 27616.00
20170519  14:01:00 3236.00 3240.00 3235.00 3235.00 31874.00
20170519  14:00:00 3245.00 3247.00 3235.00 3235.00 52062.00
20170519  13:59:00 3244.00 3248.00 3241.00 3246.00 58076.00
20170519  13:58:00 3240.00 3244.00 3239.00 3244.00 35690.00
20170519  13:57:00 3240.00 3241.00 3237.00 3239.00 35426.00
20170519  13:56:00 3236.00 3241.00 3235.00 3240.00 55110.00
20170519  13:55:00 3233.00 3237.00 3231.00 3235.00 34912.00
20170519  13:54:00 3230.00 3236.00 3230.00 3234.00 31002.00
20170519  13:53:00 3230.00 3231.00 3228.00 3230.00 10048.00
20170519  13:52:00 3232.00 3232.00 3229.00 3229.00 12320.00
20170519  13:51:00 3229.00 3233.00 3229.00 3232.00 12228.00
20170519  13:50:00 3233.00 3233.00 3228.00 3229.00 24408.00
20170519  13:49:00 3229.00 3234.00 3229.00 3233.00 53304.00
20170519  13:48:00 3226.00 3230.00 3225.00 3229.00 23358.00
20170519  13:47:00 3222.00 3227.00 3222.00 3226.00 14024.00
20170519  13:46:00 3225.00 3225.00 3221.00 3222.00 13826.00
20170519  13:45:00 3222.00 3226.00 3221.00 3225.00 13490.00
20170519  13:44:00 3223.00 3225.00 3221.00 3221.00 13702.00
20170519  13:43:00 3227.00 3227.00 3221.00 3223.00 25100.00
20170519  13:42:00 3233.00 3233.00 3223.00 3227.00 34910.00
20170519  13:41:00 3227.00 3233.00 3225.00 3233.00 49702.00
20170519  13:40:00 3225.00 3229.00 3224.00 3227.00 23144.00
20170519  13:39:00 3227.00 3228.00 3223.00 3226.00 17678.00
20170519  13:38:00 3222.00 3227.00 3222.00 3227.00 17046.00
20170519  13:37:00 3220.00 3223.00 3220.00 3223.00 9348.00
20170519  13:36:00 3224.00 3224.00 3219.00 3221.00 17948.00
20170519  13:35:00 3225.00 3228.00 3222.00 3224.00 25860.00
20170519  13:34:00 3222.00 3227.00 3221.00 3225.00 36008.00
20170519  13:33:00 3223.00 3224.00 3219.00 3222.00 23618.00
20170519  13:32:00 3218.00 3224.00 3218.00 3223.00 20360.00
20170519  13:31:00 3219.00 3221.00 3217.00 3218.00 18160.00
20170519  13:30:00 3219.00 3221.00 3216.00 3218.00 41154.00
20170519  11:29:00 3217.00 3219.00 3215.00 3218.00 19580.00
20170519  11:28:00 3218.00 3220.00 3216.00 3216.00 9588.00
20170519  11:27:00 3216.00 3219.00 3215.00 3218.00 8034.00
20170519  11:26:00 3216.00 3220.00 3215.00 3215.00 18112.00
20170519  11:25:00 3216.00 3216.00 3213.00 3215.00 5922.00
20170519  11:24:00 3215.00 3216.00 3215.00 3216.00 1312.00
20170519  11:23:00 3217.00 3218.00 3214.00 3215.00 5352.00
20170519  11:22:00 3214.00 3218.00 3214.00 3217.00 6108.00
20170519  11:21:00 3211.00 3216.00 3210.00 3214.00 18982.00
20170519  11:20:00 3220.00 3222.00 3210.00 3210.00 37308.00
20170519  11:19:00 3215.00 3219.00 3214.00 3218.00 8948.00
20170519  11:18:00 3215.00 3218.00 3214.00 3215.00 5876.00
20170519  11:17:00 3215.00 3216.00 3214.00 3215.00 4832.00
20170519  11:16:00 3214.00 3217.00 3214.00 3215.00 2954.00
20170519  11:15:00 3217.00 3218.00 3213.00 3214.00 10066.00
20170519  11:14:00 3218.00 3219.00 3215.00 3217.00 8208.00
20170519  11:13:00 3216.00 3219.00 3215.00 3218.00 13642.00
20170519  11:12:00 3214.00 3217.00 3213.00 3216.00 5334.00
20170519  11:11:00 3215.00 3217.00 3213.00 3214.00 8910.00
20170519  11:10:00 3213.00 3215.00 3211.00 3215.00 6542.00
20170519  11:09:00 3212.00 3214.00 3209.00 3212.00 14002.00
20170519  11:08:00 3214.00 3214.00 3212.00 3212.00 6480.00
20170519  11:07:00 3216.00 3217.00 3213.00 3213.00 6694.00
20170519  11:06:00 3215.00 3217.00 3214.00 3216.00 5964.00
20170519  11:05:00 3215.00 3216.00 3214.00 3215.00 5878.00
20170519  11:04:00 3214.00 3218.00 3212.00 3216.00 11342.00
20170519  11:03:00 3215.00 3217.00 3213.00 3214.00 6700.00
20170519  11:02:00 3218.00 3220.00 3214.00 3214.00 16902.00
20170519  11:01:00 3216.00 3218.00 3214.00 3218.00 8328.00
20170519  11:00:00 3210.00 3217.00 3209.00 3216.00 17640.00
20170519  10:59:00 3215.00 3215.00 3210.00 3210.00 10592.00
20170519  10:58:00 3219.00 3219.00 3214.00 3215.00 10434.00
20170519  10:57:00 3214.00 3220.00 3214.00 3218.00 19472.00
20170519  10:56:00 3214.00 3215.00 3214.00 3214.00 2876.00
20170519  10:55:00 3212.00 3216.00 3210.00 3215.00 12306.00
20170519  10:54:00 3213.00 3214.00 3211.00 3211.00 5358.00
20170519  10:53:00 3213.00 3214.00 3211.00 3212.00 7086.00
20170519  10:52:00 3214.00 3215.00 3211.00 3214.00 14480.00
20170519  10:51:00 3211.00 3215.00 3211.00 3214.00 9122.00
20170519  10:50:00 3209.00 3214.00 3209.00 3212.00 15896.00
20170519  10:49:00 3211.00 3212.00 3208.00 3209.00 7918.00
20170519  10:48:00 3209.00 3212.00 3209.00 3212.00 5894.00
20170519  10:47:00 3207.00 3212.00 3207.00 3210.00 16060.00
20170519  10:46:00 3209.00 3210.00 3207.00 3208.00 8408.00
20170519  10:45:00 3204.00 3210.00 3203.00 3210.00 20502.00
20170519  10:44:00 3209.00 3211.00 3203.00 3204.00 28448.00
20170519  10:43:00 3213.00 3214.00 3207.00 3208.00 35226.00
20170519  10:42:00 3219.00 3220.00 3213.00 3213.00 18280.00
20170519  10:41:00 3220.00 3221.00 3219.00 3219.00 6198.00
20170519  10:40:00 3220.00 3221.00 3218.00 3220.00 11102.00
20170519  10:39:00 3220.00 3222.00 3218.00 3221.00 13968.00
20170519  10:38:00 3217.00 3220.00 3216.00 3219.00 12176.00
20170519  10:37:00 3218.00 3220.00 3216.00 3217.00 9442.00
20170519  10:36:00 3220.00 3221.00 3216.00 3218.00 15156.00
20170519  10:35:00 3218.00 3222.00 3218.00 3221.00 14428.00
20170519  10:34:00 3219.00 3221.00 3218.00 3218.00 12980.00
20170519  10:33:00 3220.00 3221.00 3218.00 3219.00 16888.00
20170519  10:32:00 3225.00 3225.00 3219.00 3221.00 22860.00
20170519  10:31:00 3222.00 3227.00 3219.00 3224.00 58186.00
20170519  10:30:00 3213.00 3224.00 3212.00 3222.00 81532.00
20170519  10:14:00 3211.00 3214.00 3211.00 3213.00 12488.00
20170519  10:13:00 3212.00 3213.00 3210.00 3210.00 10574.00
20170519  10:12:00 3207.00 3214.00 3207.00 3213.00 25784.00
20170519  10:11:00 3207.00 3208.00 3206.00 3206.00 2206.00
20170519  10:10:00 3210.00 3210.00 3207.00 3207.00 4486.00
20170519  10:09:00 3208.00 3209.00 3206.00 3208.00 7220.00
20170519  10:08:00 3207.00 3211.00 3206.00 3208.00 24940.00
20170519  10:07:00 3204.00 3207.00 3203.00 3207.00 9174.00
20170519  10:06:00 3205.00 3205.00 3204.00 3205.00 2214.00
20170519  10:05:00 3201.00 3206.00 3201.00 3205.00 14484.00
20170519  10:04:00 3204.00 3204.00 3200.00 3201.00 11172.00
20170519  10:03:00 3203.00 3205.00 3203.00 3203.00 5266.00
20170519  10:02:00 3206.00 3206.00 3202.00 3203.00 9620.00
20170519  10:01:00 3209.00 3209.00 3206.00 3207.00 10414.00
20170519  10:00:00 3207.00 3209.00 3207.00 3209.00 15314.00
20170519  09:59:00 3203.00 3208.00 3202.00 3207.00 13038.00
20170519  09:58:00 3208.00 3209.00 3202.00 3202.00 19536.00
20170519  09:57:00 3206.00 3209.00 3206.00 3209.00 15872.00
20170519  09:56:00 3205.00 3207.00 3205.00 3206.00 23860.00
20170519  09:55:00 3203.00 3205.00 3202.00 3205.00 8884.00
20170519  09:54:00 3200.00 3205.00 3200.00 3203.00 18056.00
20170519  09:53:00 3199.00 3202.00 3199.00 3200.00 9180.00
20170519  09:52:00 3198.00 3201.00 3198.00 3200.00 13862.00
20170519  09:51:00 3199.00 3200.00 3198.00 3198.00 2428.00
20170519  09:50:00 3199.00 3200.00 3197.00 3198.00 9326.00
20170519  09:49:00 3198.00 3201.00 3198.00 3199.00 7732.00
20170519  09:48:00 3203.00 3203.00 3198.00 3198.00 11774.00
20170519  09:47:00 3196.00 3203.00 3196.00 3203.00 16012.00
20170519  09:46:00 3199.00 3199.00 3196.00 3196.00 9094.00
20170519  09:45:00 3200.00 3201.00 3198.00 3198.00 11336.00
20170519  09:44:00 3197.00 3201.00 3197.00 3200.00 10408.00
20170519  09:43:00 3201.00 3201.00 3197.00 3198.00 9850.00
20170519  09:42:00 3197.00 3202.00 3196.00 3200.00 18602.00
20170519  09:41:00 3199.00 3201.00 3197.00 3197.00 20224.00
20170519  09:40:00 3193.00 3199.00 3192.00 3199.00 19766.00
20170519  09:39:00 3196.00 3196.00 3191.00 3194.00 24306.00
20170519  09:38:00 3191.00 3196.00 3190.00 3195.00 29904.00
20170519  09:37:00 3197.00 3198.00 3189.00 3191.00 65242.00
20170519  09:36:00 3199.00 3200.00 3196.00 3198.00 26370.00
20170519  09:35:00 3200.00 3202.00 3198.00 3199.00 25614.00
20170519  09:34:00 3205.00 3206.00 3198.00 3199.00 32116.00
20170519  09:33:00 3207.00 3208.00 3205.00 3206.00 12764.00
20170519  09:32:00 3210.00 3211.00 3206.00 3206.00 9074.00
20170519  09:31:00 3210.00 3211.00 3209.00 3210.00 10976.00
20170519  09:30:00 3206.00 3213.00 3206.00 3210.00 38066.00
20170519  09:29:00 3205.00 3208.00 3205.00 3207.00 11328.00
20170519  09:28:00 3205.00 3206.00 3203.00 3205.00 16376.00
20170519  09:27:00 3208.00 3208.00 3205.00 3206.00 13952.00
20170519  09:26:00 3203.00 3209.00 3203.00 3208.00 34422.00
20170519  09:25:00 3199.00 3204.00 3194.00 3203.00 51660.00
20170519  09:24:00 3205.00 3207.00 3198.00 3199.00 74586.00
20170519  09:23:00 3211.00 3212.00 3203.00 3206.00 61484.00
20170519  09:22:00 3214.00 3215.00 3210.00 3211.00 34474.00
20170519  09:21:00 3215.00 3218.00 3214.00 3214.00 12642.00
20170519  09:20:00 3215.00 3216.00 3214.00 3215.00 8040.00
20170519  09:19:00 3215.00 3217.00 3215.00 3215.00 9406.00
20170519  09:18:00 3213.00 3217.00 3213.00 3215.00 15458.00
20170519  09:17:00 3214.00 3214.00 3212.00 3212.00 17996.00
20170519  09:16:00 3217.00 3217.00 3213.00 3214.00 19650.00
20170519  09:15:00 3216.00 3218.00 3213.00 3217.00 26318.00
20170519  09:14:00 3219.00 3222.00 3216.00 3216.00 24016.00
20170519  09:13:00 3217.00 3221.00 3217.00 3219.00 30620.00
20170519  09:12:00 3218.00 3219.00 3215.00 3217.00 22308.00
20170519  09:11:00 3214.00 3220.00 3214.00 3219.00 33304.00
20170519  09:10:00 3215.00 3217.00 3212.00 3213.00 33014.00
20170519  09:09:00 3217.00 3220.00 3215.00 3215.00 31848.00
20170519  09:08:00 3220.00 3220.00 3215.00 3216.00 36550.00
20170519  09:07:00 3219.00 3223.00 3218.00 3219.00 53182.00
20170519  09:06:00 3214.00 3220.00 3214.00 3219.00 56828.00
20170519  09:05:00 3215.00 3218.00 3214.00 3215.00 46348.00
20170519  09:04:00 3215.00 3217.00 3210.00 3215.00 68920.00
20170519  09:03:00 3197.00 3214.00 3197.00 3214.00 78664.00
20170519  09:02:00 3196.00 3197.00 3191.00 3197.00 29886.00
20170519  09:01:00 3196.00 3196.00 3191.00 3196.00 44930.00
20170519  09:00:00 3197.00 3205.00 3194.00 3196.00 109530.00
20170518  23:00:00 3187.00 3187.00 3187.00 3187.00 1048.00
20170518  22:59:00 3191.00 3192.00 3185.00 3185.00 63812.00
20170518  22:58:00 3191.00 3193.00 3188.00 3190.00 32056.00
20170518  22:57:00 3194.00 3198.00 3190.00 3191.00 36990.00
20170518  22:56:00 3190.00 3194.00 3188.00 3193.00 29524.00
20170518  22:55:00 3193.00 3195.00 3189.00 3189.00 29956.00
20170518  22:54:00 3196.00 3197.00 3187.00 3193.00 70372.00
20170518  22:53:00 3198.00 3201.00 3196.00 3196.00 62324.00
20170518  22:52:00 3196.00 3201.00 3196.00 3199.00 75358.00
20170518  22:51:00 3197.00 3199.00 3194.00 3196.00 50560.00
20170518  22:50:00 3196.00 3198.00 3194.00 3197.00 30938.00
20170518  22:49:00 3195.00 3198.00 3193.00 3197.00 28202.00
20170518  22:48:00 3193.00 3197.00 3193.00 3195.00 28290.00
20170518  22:47:00 3192.00 3193.00 3188.00 3192.00 29490.00
20170518  22:46:00 3194.00 3195.00 3191.00 3193.00 34696.00
20170518  22:45:00 3196.00 3198.00 3194.00 3194.00 46448.00
20170518  22:44:00 3192.00 3197.00 3191.00 3195.00 59462.00
20170518  22:43:00 3190.00 3194.00 3189.00 3192.00 30936.00
20170518  22:42:00 3190.00 3193.00 3189.00 3190.00 34160.00
20170518  22:41:00 3187.00 3190.00 3186.00 3189.00 17956.00
20170518  22:40:00 3183.00 3190.00 3183.00 3189.00 26026.00
20170518  22:39:00 3187.00 3188.00 3182.00 3183.00 31532.00
20170518  22:38:00 3186.00 3190.00 3186.00 3187.00 35458.00
20170518  22:37:00 3186.00 3189.00 3185.00 3185.00 32976.00
20170518  22:36:00 3184.00 3187.00 3183.00 3186.00 20814.00
20170518  22:35:00 3181.00 3188.00 3180.00 3184.00 51758.00
20170518  22:34:00 3183.00 3183.00 3179.00 3181.00 18884.00
20170518  22:33:00 3177.00 3185.00 3177.00 3183.00 28486.00
20170518  22:32:00 3178.00 3179.00 3176.00 3177.00 24766.00
20170518  22:31:00 3178.00 3180.00 3178.00 3178.00 19524.00
20170518  22:30:00 3184.00 3186.00 3177.00 3178.00 45234.00
20170518  22:29:00 3182.00 3185.00 3177.00 3183.00 54834.00
20170518  22:28:00 3183.00 3187.00 3182.00 3183.00 62946.00
20170518  22:27:00 3181.00 3184.00 3178.00 3182.00 48088.00
20170518  22:26:00 3177.00 3183.00 3177.00 3182.00 49324.00
20170518  22:25:00 3176.00 3181.00 3176.00 3177.00 73000.00
20170518  22:24:00 3173.00 3178.00 3170.00 3177.00 59854.00
20170518  22:23:00 3168.00 3174.00 3168.00 3173.00 26358.00
20170518  22:22:00 3174.00 3174.00 3167.00 3168.00 31918.00
20170518  22:21:00 3166.00 3174.00 3165.00 3173.00 53750.00
20170518  22:20:00 3163.00 3169.00 3163.00 3166.00 48808.00
20170518  22:19:00 3162.00 3163.00 3160.00 3163.00 13652.00
20170518  22:18:00 3159.00 3163.00 3159.00 3161.00 19814.00
20170518  22:17:00 3162.00 3162.00 3159.00 3159.00 17210.00
20170518  22:16:00 3159.00 3165.00 3158.00 3163.00 23830.00
20170518  22:15:00 3159.00 3161.00 3157.00 3158.00 17740.00
20170518  22:14:00 3155.00 3160.00 3155.00 3159.00 16466.00
20170518  22:13:00 3159.00 3159.00 3155.00 3155.00 17130.00
20170518  22:12:00 3162.00 3162.00 3158.00 3158.00 17002.00
20170518  22:11:00 3157.00 3161.00 3157.00 3161.00 17798.00
20170518  22:10:00 3156.00 3161.00 3156.00 3157.00 29370.00
20170518  22:09:00 3164.00 3166.00 3153.00 3156.00 65320.00
20170518  22:08:00 3167.00 3168.00 3160.00 3164.00 69252.00
20170518  22:07:00 3153.00 3178.00 3152.00 3169.00 168382.00
20170518  22:06:00 3153.00 3157.00 3151.00 3152.00 45890.00
20170518  22:05:00 3150.00 3156.00 3148.00 3153.00 74014.00
20170518  22:04:00 3146.00 3150.00 3144.00 3150.00 52790.00
20170518  22:03:00 3142.00 3148.00 3141.00 3146.00 47276.00
20170518  22:02:00 3143.00 3144.00 3141.00 3143.00 26654.00
20170518  22:01:00 3136.00 3144.00 3136.00 3144.00 54976.00
20170518  22:00:00 3134.00 3137.00 3133.00 3136.00 15888.00
20170518  21:59:00 3135.00 3137.00 3134.00 3134.00 15208.00
20170518  21:58:00 3135.00 3137.00 3135.00 3136.00 8376.00
20170518  21:57:00 3139.00 3139.00 3135.00 3135.00 9226.00
20170518  21:56:00 3140.00 3140.00 3136.00 3139.00 15454.00
20170518  21:55:00 3136.00 3140.00 3136.00 3139.00 17630.00
20170518  21:54:00 3136.00 3137.00 3135.00 3136.00 5544.00
20170518  21:53:00 3137.00 3138.00 3135.00 3136.00 7708.00
20170518  21:52:00 3134.00 3138.00 3134.00 3138.00 16096.00
20170518  21:51:00 3135.00 3136.00 3133.00 3134.00 8768.00
20170518  21:50:00 3136.00 3136.00 3132.00 3135.00 12124.00
20170518  21:49:00 3134.00 3138.00 3134.00 3136.00 26402.00
20170518  21:48:00 3135.00 3136.00 3133.00 3134.00 13560.00
20170518  21:47:00 3135.00 3136.00 3133.00 3136.00 14164.00
20170518  21:46:00 3132.00 3135.00 3132.00 3135.00 11362.00
20170518  21:45:00 3129.00 3134.00 3129.00 3132.00 13184.00
20170518  21:44:00 3131.00 3131.00 3129.00 3129.00 28682.00
20170518  21:43:00 3131.00 3133.00 3130.00 3130.00 10500.00
20170518  21:42:00 3132.00 3132.00 3130.00 3132.00 16214.00
20170518  21:41:00 3131.00 3133.00 3130.00 3131.00 36716.00
20170518  21:40:00 3135.00 3136.00 3131.00 3131.00 28938.00
20170518  21:39:00 3139.00 3139.00 3133.00 3135.00 28472.00
20170518  21:38:00 3136.00 3140.00 3135.00 3138.00 23776.00
20170518  21:37:00 3140.00 3141.00 3136.00 3136.00 34204.00
20170518  21:36:00 3139.00 3142.00 3139.00 3140.00 49206.00
20170518  21:35:00 3132.00 3141.00 3132.00 3139.00 50114.00
20170518  21:34:00 3134.00 3135.00 3132.00 3132.00 21344.00
20170518  21:33:00 3132.00 3136.00 3132.00 3134.00 38162.00
20170518  21:32:00 3131.00 3133.00 3130.00 3133.00 30230.00
20170518  21:31:00 3132.00 3134.00 3131.00 3131.00 26356.00
20170518  21:30:00 3133.00 3133.00 3129.00 3131.00 23752.00
20170518  21:29:00 3132.00 3133.00 3129.00 3133.00 38244.00
20170518  21:28:00 3130.00 3134.00 3129.00 3133.00 73340.00
20170518  21:27:00 3125.00 3129.00 3124.00 3129.00 55742.00
20170518  21:26:00 3124.00 3124.00 3122.00 3124.00 9238.00
20170518  21:25:00 3124.00 3125.00 3120.00 3123.00 25082.00
20170518  21:24:00 3120.00 3125.00 3120.00 3125.00 22684.00
20170518  21:23:00 3122.00 3123.00 3120.00 3120.00 17024.00
20170518  21:22:00 3119.00 3123.00 3118.00 3122.00 21402.00
20170518  21:21:00 3120.00 3120.00 3117.00 3118.00 11804.00
20170518  21:20:00 3119.00 3120.00 3117.00 3120.00 21256.00
20170518  21:19:00 3121.00 3121.00 3118.00 3118.00 14154.00
20170518  21:18:00 3120.00 3123.00 3120.00 3121.00 18286.00
20170518  21:17:00 3122.00 3122.00 3119.00 3121.00 18064.00
20170518  21:16:00 3118.00 3123.00 3118.00 3122.00 23720.00
20170518  21:15:00 3122.00 3123.00 3118.00 3118.00 34468.00
20170518  21:14:00 3120.00 3123.00 3118.00 3122.00 27450.00
20170518  21:13:00 3124.00 3124.00 3120.00 3120.00 39158.00
20170518  21:12:00 3117.00 3124.00 3116.00 3124.00 70892.00
20170518  21:11:00 3112.00 3118.00 3112.00 3118.00 48380.00
20170518  21:10:00 3113.00 3115.00 3110.00 3113.00 43694.00
20170518  21:09:00 3105.00 3114.00 3104.00 3113.00 55380.00
20170518  21:08:00 3100.00 3106.00 3100.00 3105.00 37864.00
20170518  21:07:00 3101.00 3104.00 3099.00 3099.00 45948.00
20170518  21:06:00 3104.00 3105.00 3097.00 3100.00 65602.00
20170518  21:05:00 3111.00 3111.00 3103.00 3104.00 48684.00
20170518  21:04:00 3113.00 3114.00 3109.00 3111.00 47790.00
20170518  21:03:00 3105.00 3115.00 3105.00 3112.00 64132.00
20170518  21:02:00 3100.00 3106.00 3100.00 3104.00 67274.00
20170518  21:01:00 3101.00 3104.00 3096.00 3102.00 122760.00
20170518  21:00:00 3109.00 3110.00 3100.00 3102.00 211562.00
