20170421  15:00:00 2928.00 2928.00 2928.00 2928.00 208.00
20170421  14:59:00 2930.00 2930.00 2926.00 2928.00 38508.00
20170421  14:58:00 2932.00 2932.00 2928.00 2928.00 23570.00
20170421  14:57:00 2926.00 2932.00 2925.00 2931.00 36188.00
20170421  14:56:00 2925.00 2926.00 2923.00 2926.00 18118.00
20170421  14:55:00 2926.00 2926.00 2922.00 2925.00 15156.00
20170421  14:54:00 2922.00 2927.00 2922.00 2926.00 17208.00
20170421  14:53:00 2924.00 2924.00 2920.00 2923.00 15544.00
20170421  14:52:00 2923.00 2925.00 2922.00 2923.00 14008.00
20170421  14:51:00 2927.00 2928.00 2921.00 2922.00 20318.00
20170421  14:50:00 2920.00 2927.00 2919.00 2926.00 24064.00
20170421  14:49:00 2918.00 2921.00 2917.00 2920.00 15526.00
20170421  14:48:00 2919.00 2920.00 2917.00 2918.00 9860.00
20170421  14:47:00 2919.00 2921.00 2918.00 2920.00 12766.00
20170421  14:46:00 2923.00 2925.00 2918.00 2920.00 21258.00
20170421  14:45:00 2918.00 2926.00 2917.00 2924.00 42552.00
20170421  14:44:00 2916.00 2918.00 2913.00 2917.00 8986.00
20170421  14:43:00 2915.00 2918.00 2914.00 2915.00 7918.00
20170421  14:42:00 2919.00 2920.00 2914.00 2915.00 17366.00
20170421  14:41:00 2916.00 2922.00 2916.00 2920.00 40852.00
20170421  14:40:00 2909.00 2918.00 2909.00 2917.00 33218.00
20170421  14:39:00 2911.00 2912.00 2903.00 2909.00 51330.00
20170421  14:38:00 2915.00 2915.00 2911.00 2912.00 14178.00
20170421  14:37:00 2915.00 2916.00 2914.00 2914.00 8476.00
20170421  14:36:00 2915.00 2917.00 2915.00 2915.00 8570.00
20170421  14:35:00 2912.00 2918.00 2912.00 2916.00 18392.00
20170421  14:34:00 2915.00 2915.00 2910.00 2912.00 33832.00
20170421  14:33:00 2915.00 2918.00 2914.00 2915.00 12042.00
20170421  14:32:00 2919.00 2919.00 2914.00 2916.00 10594.00
20170421  14:31:00 2918.00 2920.00 2917.00 2919.00 12832.00
20170421  14:30:00 2914.00 2920.00 2914.00 2919.00 24970.00
20170421  14:29:00 2913.00 2916.00 2912.00 2914.00 23322.00
20170421  14:28:00 2910.00 2914.00 2910.00 2913.00 27234.00
20170421  14:27:00 2914.00 2917.00 2909.00 2910.00 82578.00
20170421  14:26:00 2928.00 2929.00 2911.00 2913.00 71462.00
20170421  14:25:00 2931.00 2932.00 2927.00 2928.00 7094.00
20170421  14:24:00 2933.00 2933.00 2930.00 2931.00 11180.00
20170421  14:23:00 2929.00 2935.00 2929.00 2932.00 21588.00
20170421  14:22:00 2927.00 2930.00 2926.00 2929.00 7832.00
20170421  14:21:00 2931.00 2931.00 2927.00 2927.00 7758.00
20170421  14:20:00 2932.00 2934.00 2928.00 2929.00 17918.00
20170421  14:19:00 2927.00 2932.00 2926.00 2931.00 19382.00
20170421  14:18:00 2929.00 2930.00 2926.00 2926.00 10222.00
20170421  14:17:00 2927.00 2930.00 2925.00 2929.00 13800.00
20170421  14:16:00 2923.00 2928.00 2923.00 2927.00 20282.00
20170421  14:15:00 2924.00 2925.00 2919.00 2923.00 58056.00
20170421  14:14:00 2929.00 2930.00 2923.00 2924.00 31226.00
20170421  14:13:00 2930.00 2932.00 2928.00 2928.00 21896.00
20170421  14:12:00 2927.00 2931.00 2926.00 2930.00 26456.00
20170421  14:11:00 2933.00 2934.00 2922.00 2927.00 79246.00
20170421  14:10:00 2934.00 2939.00 2932.00 2933.00 49082.00
20170421  14:09:00 2946.00 2948.00 2931.00 2932.00 60912.00
20170421  14:08:00 2948.00 2952.00 2946.00 2946.00 18672.00
20170421  14:07:00 2951.00 2951.00 2946.00 2948.00 24278.00
20170421  14:06:00 2947.00 2952.00 2946.00 2950.00 14582.00
20170421  14:05:00 2949.00 2950.00 2946.00 2947.00 19042.00
20170421  14:04:00 2951.00 2951.00 2947.00 2949.00 17868.00
20170421  14:03:00 2952.00 2953.00 2947.00 2951.00 33462.00
20170421  14:02:00 2955.00 2961.00 2953.00 2953.00 26132.00
20170421  14:01:00 2956.00 2957.00 2951.00 2955.00 22138.00
20170421  14:00:00 2953.00 2958.00 2950.00 2955.00 32828.00
20170421  13:59:00 2948.00 2955.00 2948.00 2954.00 18566.00
20170421  13:58:00 2956.00 2957.00 2946.00 2949.00 41332.00
20170421  13:57:00 2964.00 2966.00 2952.00 2956.00 62078.00
20170421  13:56:00 2955.00 2967.00 2954.00 2963.00 71458.00
20170421  13:55:00 2952.00 2956.00 2951.00 2955.00 26384.00
20170421  13:54:00 2951.00 2952.00 2950.00 2951.00 7516.00
20170421  13:53:00 2947.00 2952.00 2947.00 2952.00 9482.00
20170421  13:52:00 2949.00 2951.00 2947.00 2947.00 8774.00
20170421  13:51:00 2952.00 2952.00 2948.00 2950.00 13480.00
20170421  13:50:00 2948.00 2953.00 2947.00 2951.00 19012.00
20170421  13:49:00 2948.00 2948.00 2947.00 2948.00 9782.00
20170421  13:48:00 2944.00 2948.00 2944.00 2947.00 6326.00
20170421  13:47:00 2946.00 2946.00 2943.00 2944.00 14184.00
20170421  13:46:00 2945.00 2948.00 2945.00 2946.00 8248.00
20170421  13:45:00 2944.00 2947.00 2943.00 2945.00 13992.00
20170421  13:44:00 2943.00 2947.00 2943.00 2945.00 15990.00
20170421  13:43:00 2945.00 2947.00 2942.00 2942.00 19300.00
20170421  13:42:00 2951.00 2951.00 2943.00 2944.00 28090.00
20170421  13:41:00 2949.00 2951.00 2948.00 2951.00 12164.00
20170421  13:40:00 2950.00 2952.00 2949.00 2949.00 13904.00
20170421  13:39:00 2954.00 2954.00 2950.00 2950.00 17664.00
20170421  13:38:00 2949.00 2955.00 2949.00 2954.00 23098.00
20170421  13:37:00 2948.00 2953.00 2948.00 2949.00 23300.00
20170421  13:36:00 2955.00 2956.00 2947.00 2948.00 48304.00
20170421  13:35:00 2956.00 2962.00 2955.00 2955.00 43848.00
20170421  13:34:00 2957.00 2961.00 2956.00 2956.00 53598.00
20170421  13:33:00 2953.00 2958.00 2952.00 2957.00 24260.00
20170421  13:32:00 2956.00 2959.00 2952.00 2954.00 45586.00
20170421  13:31:00 2952.00 2957.00 2949.00 2956.00 51534.00
20170421  13:30:00 2943.00 2955.00 2943.00 2953.00 105720.00
20170421  11:29:00 2938.00 2944.00 2937.00 2941.00 39706.00
20170421  11:28:00 2938.00 2940.00 2937.00 2937.00 9162.00
20170421  11:27:00 2939.00 2941.00 2938.00 2939.00 6980.00
20170421  11:26:00 2942.00 2942.00 2935.00 2938.00 17428.00
20170421  11:25:00 2937.00 2942.00 2937.00 2942.00 28940.00
20170421  11:24:00 2936.00 2938.00 2934.00 2937.00 5904.00
20170421  11:23:00 2934.00 2937.00 2933.00 2936.00 3988.00
20170421  11:22:00 2938.00 2938.00 2933.00 2933.00 6634.00
20170421  11:21:00 2939.00 2940.00 2936.00 2937.00 13174.00
20170421  11:20:00 2934.00 2940.00 2934.00 2940.00 15420.00
20170421  11:19:00 2937.00 2938.00 2934.00 2934.00 8174.00
20170421  11:18:00 2934.00 2938.00 2933.00 2937.00 16022.00
20170421  11:17:00 2932.00 2934.00 2930.00 2934.00 4896.00
20170421  11:16:00 2935.00 2937.00 2932.00 2932.00 9504.00
20170421  11:15:00 2929.00 2936.00 2929.00 2935.00 11442.00
20170421  11:14:00 2929.00 2933.00 2929.00 2930.00 7716.00
20170421  11:13:00 2929.00 2930.00 2928.00 2930.00 5794.00
20170421  11:12:00 2929.00 2930.00 2927.00 2930.00 7694.00
20170421  11:11:00 2928.00 2931.00 2926.00 2929.00 23194.00
20170421  11:10:00 2940.00 2940.00 2928.00 2928.00 27856.00
20170421  11:09:00 2937.00 2941.00 2936.00 2939.00 23714.00
20170421  11:08:00 2934.00 2939.00 2933.00 2936.00 16892.00
20170421  11:07:00 2934.00 2935.00 2932.00 2934.00 5010.00
20170421  11:06:00 2936.00 2937.00 2932.00 2934.00 8534.00
20170421  11:05:00 2934.00 2938.00 2934.00 2936.00 12116.00
20170421  11:04:00 2931.00 2938.00 2930.00 2935.00 18694.00
20170421  11:03:00 2928.00 2932.00 2928.00 2932.00 5888.00
20170421  11:02:00 2931.00 2931.00 2927.00 2928.00 10646.00
20170421  11:01:00 2933.00 2933.00 2930.00 2931.00 3938.00
20170421  11:00:00 2929.00 2934.00 2929.00 2933.00 9926.00
20170421  10:59:00 2929.00 2931.00 2928.00 2930.00 3358.00
20170421  10:58:00 2931.00 2931.00 2929.00 2929.00 2608.00
20170421  10:57:00 2930.00 2931.00 2929.00 2930.00 4020.00
20170421  10:56:00 2927.00 2930.00 2927.00 2930.00 4948.00
20170421  10:55:00 2929.00 2930.00 2927.00 2927.00 5038.00
20170421  10:54:00 2928.00 2931.00 2928.00 2930.00 4830.00
20170421  10:53:00 2928.00 2930.00 2927.00 2928.00 8116.00
20170421  10:52:00 2931.00 2931.00 2927.00 2929.00 9328.00
20170421  10:51:00 2930.00 2931.00 2929.00 2930.00 10216.00
20170421  10:50:00 2935.00 2936.00 2929.00 2931.00 16672.00
20170421  10:49:00 2937.00 2937.00 2933.00 2935.00 12474.00
20170421  10:48:00 2936.00 2939.00 2936.00 2937.00 10238.00
20170421  10:47:00 2937.00 2939.00 2935.00 2936.00 18464.00
20170421  10:46:00 2934.00 2938.00 2933.00 2938.00 32218.00
20170421  10:45:00 2934.00 2935.00 2931.00 2934.00 17700.00
20170421  10:44:00 2931.00 2934.00 2929.00 2934.00 14356.00
20170421  10:43:00 2932.00 2932.00 2928.00 2930.00 6562.00
20170421  10:42:00 2929.00 2933.00 2929.00 2932.00 8122.00
20170421  10:41:00 2929.00 2933.00 2929.00 2930.00 16890.00
20170421  10:40:00 2927.00 2929.00 2926.00 2929.00 9040.00
20170421  10:39:00 2926.00 2928.00 2926.00 2927.00 4554.00
20170421  10:38:00 2927.00 2928.00 2926.00 2926.00 6732.00
20170421  10:37:00 2929.00 2930.00 2927.00 2928.00 3872.00
20170421  10:36:00 2928.00 2929.00 2927.00 2929.00 4544.00
20170421  10:35:00 2928.00 2930.00 2927.00 2928.00 5896.00
20170421  10:34:00 2930.00 2933.00 2929.00 2929.00 8280.00
20170421  10:33:00 2927.00 2931.00 2927.00 2931.00 5760.00
20170421  10:32:00 2932.00 2932.00 2927.00 2928.00 7594.00
20170421  10:31:00 2930.00 2932.00 2929.00 2931.00 9616.00
20170421  10:30:00 2926.00 2933.00 2926.00 2930.00 17698.00
20170421  10:14:00 2929.00 2929.00 2925.00 2926.00 11898.00
20170421  10:13:00 2928.00 2931.00 2927.00 2929.00 16964.00
20170421  10:12:00 2923.00 2929.00 2922.00 2929.00 10826.00
20170421  10:11:00 2921.00 2924.00 2921.00 2923.00 6160.00
20170421  10:10:00 2922.00 2922.00 2921.00 2921.00 2444.00
20170421  10:09:00 2924.00 2924.00 2920.00 2921.00 5438.00
20170421  10:08:00 2918.00 2924.00 2917.00 2924.00 10050.00
20170421  10:07:00 2922.00 2922.00 2917.00 2917.00 18454.00
20170421  10:06:00 2928.00 2928.00 2922.00 2922.00 9142.00
20170421  10:05:00 2925.00 2930.00 2925.00 2927.00 7574.00
20170421  10:04:00 2927.00 2928.00 2925.00 2925.00 6860.00
20170421  10:03:00 2928.00 2929.00 2927.00 2927.00 5146.00
20170421  10:02:00 2926.00 2931.00 2925.00 2928.00 23828.00
20170421  10:01:00 2925.00 2926.00 2923.00 2925.00 6834.00
20170421  10:00:00 2925.00 2926.00 2923.00 2924.00 9456.00
20170421  09:59:00 2925.00 2928.00 2924.00 2924.00 17324.00
20170421  09:58:00 2923.00 2925.00 2922.00 2924.00 9684.00
20170421  09:57:00 2920.00 2925.00 2920.00 2923.00 15358.00
20170421  09:56:00 2919.00 2921.00 2918.00 2920.00 13398.00
20170421  09:55:00 2917.00 2921.00 2917.00 2919.00 15550.00
20170421  09:54:00 2917.00 2919.00 2916.00 2917.00 5746.00
20170421  09:53:00 2915.00 2918.00 2915.00 2917.00 13922.00
20170421  09:52:00 2912.00 2915.00 2912.00 2915.00 5746.00
20170421  09:51:00 2914.00 2915.00 2911.00 2913.00 13918.00
20170421  09:50:00 2913.00 2915.00 2910.00 2913.00 25120.00
20170421  09:49:00 2911.00 2917.00 2911.00 2913.00 25702.00
20170421  09:48:00 2922.00 2922.00 2910.00 2911.00 54584.00
20170421  09:47:00 2919.00 2923.00 2919.00 2922.00 8866.00
20170421  09:46:00 2923.00 2924.00 2919.00 2920.00 10448.00
20170421  09:45:00 2928.00 2929.00 2923.00 2923.00 7166.00
20170421  09:44:00 2928.00 2930.00 2927.00 2929.00 9986.00
20170421  09:43:00 2927.00 2929.00 2926.00 2928.00 7448.00
20170421  09:42:00 2925.00 2927.00 2925.00 2927.00 5724.00
20170421  09:41:00 2926.00 2926.00 2924.00 2926.00 3526.00
20170421  09:40:00 2923.00 2926.00 2922.00 2925.00 13582.00
20170421  09:39:00 2923.00 2926.00 2920.00 2923.00 16424.00
20170421  09:38:00 2922.00 2924.00 2920.00 2922.00 14444.00
20170421  09:37:00 2927.00 2927.00 2918.00 2921.00 25602.00
20170421  09:36:00 2925.00 2927.00 2924.00 2927.00 9364.00
20170421  09:35:00 2928.00 2930.00 2924.00 2925.00 12520.00
20170421  09:34:00 2928.00 2928.00 2926.00 2927.00 5474.00
20170421  09:33:00 2928.00 2930.00 2927.00 2927.00 7418.00
20170421  09:32:00 2930.00 2931.00 2924.00 2928.00 15158.00
20170421  09:31:00 2932.00 2932.00 2929.00 2930.00 8488.00
20170421  09:30:00 2926.00 2932.00 2926.00 2932.00 13306.00
20170421  09:29:00 2931.00 2931.00 2925.00 2927.00 16926.00
20170421  09:28:00 2933.00 2933.00 2930.00 2930.00 8078.00
20170421  09:27:00 2933.00 2933.00 2931.00 2933.00 3714.00
20170421  09:26:00 2930.00 2933.00 2930.00 2933.00 6782.00
20170421  09:25:00 2933.00 2934.00 2930.00 2930.00 11016.00
20170421  09:24:00 2931.00 2935.00 2930.00 2933.00 12086.00
20170421  09:23:00 2927.00 2932.00 2927.00 2931.00 13964.00
20170421  09:22:00 2931.00 2933.00 2926.00 2927.00 24500.00
20170421  09:21:00 2929.00 2932.00 2929.00 2930.00 19836.00
20170421  09:20:00 2935.00 2942.00 2927.00 2928.00 50964.00
20170421  09:19:00 2938.00 2938.00 2934.00 2936.00 31806.00
20170421  09:18:00 2946.00 2947.00 2936.00 2937.00 35942.00
20170421  09:17:00 2949.00 2951.00 2943.00 2946.00 38852.00
20170421  09:16:00 2943.00 2950.00 2941.00 2950.00 43216.00
20170421  09:15:00 2941.00 2946.00 2940.00 2943.00 51756.00
20170421  09:14:00 2941.00 2942.00 2935.00 2940.00 28096.00
20170421  09:13:00 2936.00 2942.00 2934.00 2940.00 39978.00
20170421  09:12:00 2935.00 2937.00 2930.00 2937.00 27832.00
20170421  09:11:00 2929.00 2937.00 2927.00 2935.00 49070.00
20170421  09:10:00 2925.00 2930.00 2925.00 2929.00 16788.00
20170421  09:09:00 2929.00 2929.00 2923.00 2925.00 14976.00
20170421  09:08:00 2927.00 2929.00 2926.00 2929.00 15514.00
20170421  09:07:00 2926.00 2929.00 2926.00 2928.00 19578.00
20170421  09:06:00 2922.00 2927.00 2921.00 2925.00 10636.00
20170421  09:05:00 2921.00 2926.00 2921.00 2923.00 13542.00
20170421  09:04:00 2924.00 2924.00 2919.00 2920.00 13288.00
20170421  09:03:00 2925.00 2926.00 2921.00 2924.00 17852.00
20170421  09:02:00 2917.00 2927.00 2916.00 2925.00 25190.00
20170421  09:01:00 2917.00 2918.00 2913.00 2917.00 22426.00
20170421  09:00:00 2920.00 2925.00 2914.00 2916.00 43582.00
20170420  23:00:00 2918.00 2918.00 2918.00 2918.00 154.00
20170420  22:59:00 2917.00 2920.00 2915.00 2918.00 35362.00
20170420  22:58:00 2920.00 2920.00 2913.00 2918.00 18740.00
20170420  22:57:00 2917.00 2922.00 2915.00 2920.00 18880.00
20170420  22:56:00 2917.00 2918.00 2913.00 2916.00 26466.00
20170420  22:55:00 2922.00 2922.00 2917.00 2918.00 17632.00
20170420  22:54:00 2922.00 2923.00 2919.00 2923.00 13308.00
20170420  22:53:00 2921.00 2924.00 2921.00 2922.00 15570.00
20170420  22:52:00 2921.00 2922.00 2919.00 2921.00 13776.00
20170420  22:51:00 2922.00 2923.00 2919.00 2922.00 11388.00
20170420  22:50:00 2921.00 2923.00 2919.00 2922.00 14460.00
20170420  22:49:00 2927.00 2927.00 2918.00 2921.00 40586.00
20170420  22:48:00 2926.00 2928.00 2923.00 2927.00 19326.00
20170420  22:47:00 2930.00 2932.00 2924.00 2927.00 31818.00
20170420  22:46:00 2933.00 2934.00 2929.00 2930.00 26064.00
20170420  22:45:00 2939.00 2941.00 2931.00 2933.00 44946.00
20170420  22:44:00 2929.00 2943.00 2926.00 2939.00 90738.00
20170420  22:43:00 2923.00 2930.00 2922.00 2928.00 70712.00
20170420  22:42:00 2913.00 2924.00 2913.00 2923.00 33698.00
20170420  22:41:00 2917.00 2918.00 2913.00 2913.00 21974.00
20170420  22:40:00 2919.00 2921.00 2916.00 2917.00 32102.00
20170420  22:39:00 2921.00 2924.00 2916.00 2919.00 48378.00
20170420  22:38:00 2905.00 2924.00 2905.00 2921.00 99302.00
20170420  22:37:00 2899.00 2910.00 2899.00 2906.00 61510.00
20170420  22:36:00 2901.00 2901.00 2897.00 2899.00 11368.00
20170420  22:35:00 2895.00 2902.00 2895.00 2901.00 14170.00
20170420  22:34:00 2899.00 2899.00 2894.00 2896.00 13376.00
20170420  22:33:00 2902.00 2902.00 2898.00 2898.00 15082.00
20170420  22:32:00 2902.00 2903.00 2899.00 2901.00 16404.00
20170420  22:31:00 2901.00 2905.00 2897.00 2901.00 27408.00
20170420  22:30:00 2894.00 2903.00 2894.00 2900.00 26770.00
20170420  22:29:00 2900.00 2902.00 2894.00 2895.00 23786.00
20170420  22:28:00 2893.00 2903.00 2893.00 2901.00 53654.00
20170420  22:27:00 2891.00 2895.00 2891.00 2893.00 16398.00
20170420  22:26:00 2886.00 2894.00 2886.00 2891.00 15348.00
20170420  22:25:00 2886.00 2888.00 2885.00 2886.00 4708.00
20170420  22:24:00 2887.00 2887.00 2885.00 2886.00 3484.00
20170420  22:23:00 2885.00 2889.00 2885.00 2887.00 9124.00
20170420  22:22:00 2885.00 2886.00 2884.00 2885.00 6900.00
20170420  22:21:00 2886.00 2886.00 2882.00 2885.00 15350.00
20170420  22:20:00 2887.00 2887.00 2885.00 2886.00 12870.00
20170420  22:19:00 2888.00 2889.00 2886.00 2887.00 8278.00
20170420  22:18:00 2891.00 2892.00 2887.00 2888.00 18534.00
20170420  22:17:00 2891.00 2894.00 2891.00 2891.00 9578.00
20170420  22:16:00 2898.00 2898.00 2891.00 2891.00 16784.00
20170420  22:15:00 2893.00 2898.00 2892.00 2898.00 19052.00
20170420  22:14:00 2891.00 2896.00 2891.00 2893.00 15472.00
20170420  22:13:00 2893.00 2894.00 2891.00 2891.00 12988.00
20170420  22:12:00 2892.00 2897.00 2892.00 2893.00 26090.00
20170420  22:11:00 2885.00 2894.00 2885.00 2892.00 34946.00
20170420  22:10:00 2885.00 2886.00 2883.00 2885.00 6232.00
20170420  22:09:00 2883.00 2885.00 2882.00 2885.00 8200.00
20170420  22:08:00 2882.00 2883.00 2880.00 2883.00 7214.00
20170420  22:07:00 2881.00 2883.00 2881.00 2882.00 2736.00
20170420  22:06:00 2883.00 2884.00 2881.00 2881.00 4898.00
20170420  22:05:00 2880.00 2884.00 2880.00 2884.00 6228.00
20170420  22:04:00 2880.00 2883.00 2879.00 2880.00 5826.00
20170420  22:03:00 2877.00 2881.00 2877.00 2880.00 8470.00
20170420  22:02:00 2881.00 2882.00 2876.00 2877.00 12874.00
20170420  22:01:00 2883.00 2884.00 2880.00 2881.00 9482.00
20170420  22:00:00 2886.00 2888.00 2883.00 2883.00 15132.00
20170420  21:59:00 2882.00 2886.00 2882.00 2886.00 6068.00
20170420  21:58:00 2884.00 2884.00 2882.00 2882.00 8424.00
20170420  21:57:00 2885.00 2886.00 2884.00 2884.00 8066.00
20170420  21:56:00 2884.00 2885.00 2882.00 2884.00 8358.00
20170420  21:55:00 2885.00 2885.00 2883.00 2884.00 7040.00
20170420  21:54:00 2882.00 2886.00 2881.00 2885.00 21784.00
20170420  21:53:00 2880.00 2882.00 2880.00 2881.00 4320.00
20170420  21:52:00 2881.00 2881.00 2879.00 2880.00 6678.00
20170420  21:51:00 2874.00 2881.00 2874.00 2881.00 5490.00
20170420  21:50:00 2878.00 2880.00 2874.00 2874.00 11794.00
20170420  21:49:00 2882.00 2882.00 2877.00 2878.00 9242.00
20170420  21:48:00 2881.00 2882.00 2879.00 2881.00 11044.00
20170420  21:47:00 2879.00 2882.00 2878.00 2881.00 20258.00
20170420  21:46:00 2873.00 2879.00 2873.00 2879.00 13028.00
20170420  21:45:00 2876.00 2876.00 2873.00 2873.00 10198.00
20170420  21:44:00 2875.00 2876.00 2873.00 2876.00 9690.00
20170420  21:43:00 2874.00 2876.00 2873.00 2875.00 15294.00
20170420  21:42:00 2870.00 2874.00 2870.00 2874.00 17830.00
20170420  21:41:00 2872.00 2874.00 2868.00 2870.00 29298.00
20170420  21:40:00 2875.00 2877.00 2871.00 2873.00 25470.00
20170420  21:39:00 2879.00 2880.00 2873.00 2874.00 28474.00
20170420  21:38:00 2881.00 2881.00 2878.00 2879.00 5124.00
20170420  21:37:00 2881.00 2882.00 2879.00 2880.00 7292.00
20170420  21:36:00 2879.00 2882.00 2879.00 2881.00 6284.00
20170420  21:35:00 2880.00 2882.00 2879.00 2879.00 8816.00
20170420  21:34:00 2881.00 2882.00 2877.00 2880.00 27428.00
20170420  21:33:00 2883.00 2883.00 2880.00 2881.00 10566.00
20170420  21:32:00 2887.00 2888.00 2881.00 2883.00 11662.00
20170420  21:31:00 2883.00 2892.00 2883.00 2887.00 26562.00
20170420  21:30:00 2884.00 2886.00 2883.00 2883.00 15272.00
20170420  21:29:00 2881.00 2884.00 2880.00 2884.00 7914.00
20170420  21:28:00 2879.00 2883.00 2879.00 2881.00 10068.00
20170420  21:27:00 2884.00 2884.00 2879.00 2879.00 14114.00
20170420  21:26:00 2881.00 2884.00 2881.00 2883.00 10862.00
20170420  21:25:00 2880.00 2883.00 2880.00 2882.00 8792.00
20170420  21:24:00 2880.00 2883.00 2879.00 2880.00 16312.00
20170420  21:23:00 2879.00 2881.00 2878.00 2880.00 24186.00
20170420  21:22:00 2883.00 2884.00 2878.00 2880.00 26162.00
20170420  21:21:00 2886.00 2887.00 2880.00 2883.00 37732.00
20170420  21:20:00 2890.00 2891.00 2886.00 2887.00 15098.00
20170420  21:19:00 2889.00 2892.00 2889.00 2890.00 8454.00
20170420  21:18:00 2889.00 2892.00 2888.00 2889.00 12116.00
20170420  21:17:00 2892.00 2892.00 2888.00 2889.00 10054.00
20170420  21:16:00 2894.00 2894.00 2890.00 2892.00 11838.00
20170420  21:15:00 2894.00 2900.00 2894.00 2895.00 24128.00
20170420  21:14:00 2895.00 2896.00 2892.00 2894.00 10714.00
20170420  21:13:00 2890.00 2898.00 2890.00 2896.00 18738.00
20170420  21:12:00 2889.00 2892.00 2889.00 2890.00 11728.00
20170420  21:11:00 2889.00 2891.00 2888.00 2890.00 14390.00
20170420  21:10:00 2896.00 2897.00 2889.00 2889.00 27028.00
20170420  21:09:00 2899.00 2900.00 2893.00 2895.00 31836.00
20170420  21:08:00 2895.00 2902.00 2893.00 2899.00 49772.00
20170420  21:07:00 2890.00 2897.00 2890.00 2895.00 24450.00
20170420  21:06:00 2885.00 2890.00 2884.00 2890.00 23254.00
20170420  21:05:00 2886.00 2887.00 2884.00 2886.00 28368.00
20170420  21:04:00 2892.00 2892.00 2884.00 2886.00 45596.00
20170420  21:03:00 2892.00 2894.00 2890.00 2892.00 33822.00
20170420  21:02:00 2898.00 2900.00 2891.00 2892.00 53608.00
20170420  21:01:00 2896.00 2903.00 2896.00 2899.00 40850.00
20170420  21:00:00 2898.00 2905.00 2896.00 2896.00 130966.00
