20170914  21:00:00 3831.00 3835.00 3826.00 3828.00 51202.00
20170914  21:01:00 3828.00 3831.00 3823.00 3826.00 32598.00
20170914  21:02:00 3826.00 3835.00 3825.00 3835.00 20164.00
20170914  21:03:00 3835.00 3835.00 3831.00 3835.00 8134.00
20170914  21:04:00 3836.00 3838.00 3824.00 3825.00 22534.00
20170914  21:05:00 3824.00 3830.00 3821.00 3826.00 18684.00
20170914  21:06:00 3826.00 3834.00 3825.00 3833.00 12914.00
20170914  21:07:00 3834.00 3836.00 3830.00 3831.00 13178.00
20170914  21:08:00 3832.00 3832.00 3827.00 3827.00 6458.00
20170914  21:09:00 3828.00 3828.00 3812.00 3815.00 56382.00
20170914  21:10:00 3816.00 3822.00 3812.00 3818.00 26022.00
20170914  21:11:00 3817.00 3819.00 3812.00 3816.00 19950.00
20170914  21:12:00 3815.00 3817.00 3813.00 3813.00 14446.00
20170914  21:13:00 3813.00 3813.00 3809.00 3811.00 32362.00
20170914  21:14:00 3810.00 3811.00 3806.00 3808.00 20562.00
20170914  21:15:00 3807.00 3816.00 3807.00 3816.00 26072.00
20170914  21:16:00 3816.00 3816.00 3813.00 3816.00 11162.00
20170914  21:17:00 3815.00 3820.00 3815.00 3818.00 12620.00
20170914  21:18:00 3817.00 3825.00 3817.00 3824.00 17554.00
20170914  21:19:00 3823.00 3823.00 3819.00 3819.00 9132.00
20170914  21:20:00 3820.00 3820.00 3815.00 3817.00 8328.00
20170914  21:21:00 3816.00 3820.00 3816.00 3820.00 4034.00
20170914  21:22:00 3819.00 3821.00 3819.00 3820.00 4788.00
20170914  21:23:00 3820.00 3821.00 3818.00 3818.00 2870.00
20170914  21:24:00 3819.00 3822.00 3818.00 3822.00 7140.00
20170914  21:25:00 3821.00 3827.00 3821.00 3826.00 15496.00
20170914  21:26:00 3826.00 3826.00 3822.00 3824.00 6538.00
20170914  21:27:00 3824.00 3827.00 3824.00 3827.00 8390.00
20170914  21:28:00 3827.00 3828.00 3824.00 3827.00 10746.00
20170914  21:29:00 3828.00 3830.00 3827.00 3829.00 10716.00
20170914  21:30:00 3829.00 3829.00 3824.00 3826.00 10452.00
20170914  21:31:00 3826.00 3829.00 3825.00 3825.00 5148.00
20170914  21:32:00 3826.00 3828.00 3825.00 3827.00 4772.00
20170914  21:33:00 3827.00 3828.00 3823.00 3824.00 4056.00
20170914  21:34:00 3824.00 3824.00 3822.00 3822.00 3956.00
20170914  21:35:00 3822.00 3828.00 3821.00 3826.00 7192.00
20170914  21:36:00 3826.00 3835.00 3826.00 3835.00 14030.00
20170914  21:37:00 3835.00 3835.00 3828.00 3832.00 9654.00
20170914  21:38:00 3832.00 3833.00 3829.00 3830.00 5326.00
20170914  21:39:00 3831.00 3831.00 3827.00 3829.00 5262.00
20170914  21:40:00 3829.00 3833.00 3829.00 3833.00 4956.00
20170914  21:41:00 3833.00 3833.00 3825.00 3825.00 8260.00
20170914  21:42:00 3825.00 3829.00 3825.00 3826.00 6404.00
20170914  21:43:00 3826.00 3830.00 3825.00 3828.00 6562.00
20170914  21:44:00 3828.00 3828.00 3825.00 3825.00 4368.00
20170914  21:45:00 3825.00 3830.00 3824.00 3830.00 6526.00
20170914  21:46:00 3830.00 3832.00 3828.00 3830.00 5522.00
20170914  21:47:00 3829.00 3830.00 3821.00 3823.00 7924.00
20170914  21:48:00 3823.00 3825.00 3822.00 3824.00 4976.00
20170914  21:49:00 3824.00 3833.00 3823.00 3832.00 10146.00
20170914  21:50:00 3832.00 3833.00 3828.00 3829.00 6284.00
20170914  21:51:00 3829.00 3831.00 3827.00 3829.00 5058.00
20170914  21:52:00 3829.00 3831.00 3828.00 3830.00 3240.00
20170914  21:53:00 3830.00 3830.00 3827.00 3829.00 2358.00
20170914  21:54:00 3829.00 3833.00 3829.00 3832.00 2914.00
20170914  21:55:00 3832.00 3833.00 3828.00 3828.00 2538.00
20170914  21:56:00 3828.00 3830.00 3828.00 3829.00 1060.00
20170914  21:57:00 3830.00 3830.00 3827.00 3828.00 2384.00
20170914  21:58:00 3827.00 3828.00 3826.00 3827.00 2224.00
20170914  21:59:00 3827.00 3830.00 3826.00 3829.00 3256.00
20170914  22:00:00 3829.00 3834.00 3829.00 3833.00 7504.00
20170914  22:01:00 3834.00 3834.00 3831.00 3831.00 5758.00
20170914  22:02:00 3831.00 3835.00 3831.00 3835.00 6954.00
20170914  22:03:00 3836.00 3846.00 3836.00 3842.00 51562.00
20170914  22:04:00 3842.00 3845.00 3838.00 3838.00 16880.00
20170914  22:05:00 3838.00 3843.00 3838.00 3840.00 9564.00
20170914  22:06:00 3841.00 3841.00 3838.00 3838.00 6658.00
20170914  22:07:00 3838.00 3839.00 3837.00 3839.00 3518.00
20170914  22:08:00 3839.00 3839.00 3832.00 3832.00 8116.00
20170914  22:09:00 3832.00 3837.00 3832.00 3835.00 4904.00
20170914  22:10:00 3835.00 3835.00 3834.00 3835.00 2122.00
20170914  22:11:00 3834.00 3835.00 3830.00 3831.00 4100.00
20170914  22:12:00 3831.00 3834.00 3830.00 3831.00 5538.00
20170914  22:13:00 3832.00 3835.00 3831.00 3835.00 2716.00
20170914  22:14:00 3835.00 3836.00 3827.00 3828.00 10322.00
20170914  22:15:00 3828.00 3832.00 3828.00 3831.00 4898.00
20170914  22:16:00 3831.00 3834.00 3831.00 3834.00 4064.00
20170914  22:17:00 3834.00 3834.00 3832.00 3834.00 2990.00
20170914  22:18:00 3833.00 3834.00 3830.00 3833.00 6028.00
20170914  22:19:00 3833.00 3833.00 3828.00 3828.00 4036.00
20170914  22:20:00 3829.00 3833.00 3828.00 3832.00 3604.00
20170914  22:21:00 3832.00 3832.00 3828.00 3831.00 2524.00
20170914  22:22:00 3831.00 3831.00 3829.00 3831.00 2454.00
20170914  22:23:00 3830.00 3835.00 3830.00 3832.00 4414.00
20170914  22:24:00 3831.00 3835.00 3831.00 3834.00 4020.00
20170914  22:25:00 3833.00 3834.00 3831.00 3831.00 1940.00
20170914  22:26:00 3831.00 3833.00 3831.00 3832.00 1436.00
20170914  22:27:00 3832.00 3833.00 3829.00 3829.00 2350.00
20170914  22:28:00 3829.00 3833.00 3829.00 3832.00 2702.00
20170914  22:29:00 3832.00 3837.00 3831.00 3836.00 8656.00
20170914  22:30:00 3837.00 3839.00 3836.00 3839.00 9452.00
20170914  22:31:00 3837.00 3839.00 3836.00 3836.00 3664.00
20170914  22:32:00 3836.00 3838.00 3836.00 3836.00 1690.00
20170914  22:33:00 3837.00 3839.00 3836.00 3839.00 2018.00
20170914  22:34:00 3839.00 3844.00 3838.00 3839.00 15640.00
20170914  22:35:00 3839.00 3840.00 3836.00 3836.00 3704.00
20170914  22:36:00 3837.00 3842.00 3836.00 3839.00 4564.00
20170914  22:37:00 3839.00 3842.00 3839.00 3841.00 3118.00
20170914  22:38:00 3842.00 3842.00 3835.00 3836.00 6338.00
20170914  22:39:00 3836.00 3837.00 3830.00 3830.00 8102.00
20170914  22:40:00 3831.00 3834.00 3830.00 3830.00 6172.00
20170914  22:41:00 3830.00 3834.00 3829.00 3831.00 4762.00
20170914  22:42:00 3831.00 3836.00 3830.00 3835.00 5346.00
20170914  22:43:00 3835.00 3841.00 3832.00 3837.00 5536.00
20170914  22:44:00 3836.00 3840.00 3836.00 3839.00 3348.00
20170914  22:45:00 3839.00 3839.00 3835.00 3835.00 2746.00
20170914  22:46:00 3835.00 3837.00 3834.00 3834.00 3810.00
20170914  22:47:00 3835.00 3837.00 3831.00 3837.00 9518.00
20170914  22:48:00 3836.00 3837.00 3834.00 3836.00 1662.00
20170914  22:49:00 3835.00 3839.00 3835.00 3839.00 3154.00
20170914  22:50:00 3839.00 3839.00 3835.00 3836.00 3206.00
20170914  22:51:00 3836.00 3836.00 3830.00 3831.00 3940.00
20170914  22:52:00 3832.00 3835.00 3831.00 3832.00 2920.00
20170914  22:53:00 3832.00 3835.00 3831.00 3834.00 2720.00
20170914  22:54:00 3834.00 3838.00 3831.00 3834.00 4012.00
20170914  22:55:00 3833.00 3835.00 3833.00 3835.00 2976.00
20170914  22:56:00 3835.00 3838.00 3834.00 3836.00 3322.00
20170914  22:57:00 3835.00 3836.00 3833.00 3833.00 3446.00
20170914  22:58:00 3832.00 3837.00 3832.00 3836.00 4304.00
20170914  22:59:00 3836.00 3838.00 3834.00 3837.00 10816.00
20170914  23:00:00 3836.00 3836.00 3836.00 3836.00  72.00
20170915  09:00:00 3839.00 3842.00 3833.00 3837.00 18218.00
20170915  09:01:00 3836.00 3839.00 3834.00 3837.00 7070.00
20170915  09:02:00 3835.00 3837.00 3833.00 3833.00 3784.00
20170915  09:03:00 3833.00 3835.00 3830.00 3830.00 7982.00
20170915  09:04:00 3830.00 3830.00 3820.00 3823.00 27516.00
20170915  09:05:00 3823.00 3828.00 3820.00 3825.00 16256.00
20170915  09:06:00 3825.00 3825.00 3815.00 3816.00 24734.00
20170915  09:07:00 3817.00 3826.00 3816.00 3824.00 14950.00
20170915  09:08:00 3824.00 3827.00 3821.00 3826.00 7244.00
20170915  09:09:00 3827.00 3834.00 3826.00 3834.00 12542.00
20170915  09:10:00 3833.00 3834.00 3830.00 3834.00 5122.00
20170915  09:11:00 3833.00 3845.00 3833.00 3838.00 20772.00
20170915  09:12:00 3839.00 3844.00 3837.00 3838.00 8944.00
20170915  09:13:00 3838.00 3855.00 3836.00 3851.00 52682.00
20170915  09:14:00 3852.00 3857.00 3850.00 3854.00 41610.00
20170915  09:15:00 3855.00 3855.00 3848.00 3849.00 23880.00
20170915  09:16:00 3849.00 3849.00 3844.00 3845.00 10162.00
20170915  09:17:00 3845.00 3847.00 3841.00 3843.00 12746.00
20170915  09:18:00 3843.00 3844.00 3840.00 3840.00 6770.00
20170915  09:19:00 3840.00 3844.00 3840.00 3843.00 6234.00
20170915  09:20:00 3843.00 3843.00 3836.00 3839.00 11496.00
20170915  09:21:00 3838.00 3843.00 3838.00 3842.00 3872.00
20170915  09:22:00 3842.00 3843.00 3841.00 3843.00 2314.00
20170915  09:23:00 3843.00 3846.00 3841.00 3844.00 11670.00
20170915  09:24:00 3844.00 3845.00 3839.00 3840.00 5670.00
20170915  09:25:00 3840.00 3841.00 3836.00 3837.00 6990.00
20170915  09:26:00 3836.00 3840.00 3836.00 3838.00 5908.00
20170915  09:27:00 3839.00 3839.00 3830.00 3832.00 13704.00
20170915  09:28:00 3831.00 3837.00 3831.00 3836.00 6018.00
20170915  09:29:00 3836.00 3837.00 3834.00 3836.00 3114.00
20170915  09:30:00 3836.00 3839.00 3835.00 3838.00 5462.00
20170915  09:31:00 3838.00 3838.00 3831.00 3831.00 5074.00
20170915  09:32:00 3832.00 3836.00 3832.00 3833.00 3338.00
20170915  09:33:00 3832.00 3834.00 3828.00 3831.00 9320.00
20170915  09:34:00 3831.00 3832.00 3828.00 3829.00 5392.00
20170915  09:35:00 3829.00 3832.00 3825.00 3829.00 9044.00
20170915  09:36:00 3829.00 3833.00 3828.00 3832.00 3420.00
20170915  09:37:00 3833.00 3833.00 3825.00 3828.00 7414.00
20170915  09:38:00 3829.00 3829.00 3826.00 3826.00 4082.00
20170915  09:39:00 3825.00 3833.00 3824.00 3828.00 8702.00
20170915  09:40:00 3828.00 3833.00 3827.00 3832.00 4180.00
20170915  09:41:00 3831.00 3836.00 3831.00 3834.00 5594.00
20170915  09:42:00 3834.00 3834.00 3831.00 3833.00 2234.00
20170915  09:43:00 3833.00 3835.00 3832.00 3834.00 2254.00
20170915  09:44:00 3833.00 3834.00 3831.00 3832.00 2710.00
20170915  09:45:00 3832.00 3833.00 3828.00 3829.00 6256.00
20170915  09:46:00 3829.00 3830.00 3827.00 3830.00 3130.00
20170915  09:47:00 3830.00 3830.00 3825.00 3825.00 5550.00
20170915  09:48:00 3825.00 3829.00 3825.00 3827.00 5498.00
20170915  09:49:00 3828.00 3832.00 3826.00 3827.00 4088.00
20170915  09:50:00 3826.00 3827.00 3821.00 3827.00 17366.00
20170915  09:51:00 3826.00 3830.00 3825.00 3826.00 4150.00
20170915  09:52:00 3826.00 3827.00 3824.00 3827.00 3400.00
20170915  09:53:00 3826.00 3830.00 3825.00 3829.00 3312.00
20170915  09:54:00 3829.00 3830.00 3827.00 3827.00 3230.00
20170915  09:55:00 3828.00 3830.00 3825.00 3828.00 2848.00
20170915  09:56:00 3828.00 3830.00 3828.00 3828.00 926.00
20170915  09:57:00 3828.00 3829.00 3822.00 3822.00 4866.00
20170915  09:58:00 3822.00 3828.00 3822.00 3824.00 7182.00
20170915  09:59:00 3824.00 3827.00 3822.00 3822.00 4862.00
20170915  10:00:00 3823.00 3827.00 3820.00 3827.00 10176.00
20170915  10:01:00 3827.00 3829.00 3825.00 3828.00 3820.00
20170915  10:02:00 3828.00 3828.00 3823.00 3826.00 3670.00
20170915  10:03:00 3826.00 3826.00 3821.00 3822.00 7648.00
20170915  10:04:00 3823.00 3827.00 3822.00 3826.00 4230.00
20170915  10:05:00 3826.00 3836.00 3824.00 3836.00 16992.00
20170915  10:06:00 3835.00 3836.00 3831.00 3832.00 4878.00
20170915  10:07:00 3833.00 3833.00 3830.00 3831.00 2302.00
20170915  10:08:00 3832.00 3840.00 3831.00 3837.00 11840.00
20170915  10:09:00 3836.00 3837.00 3834.00 3834.00 2932.00
20170915  10:10:00 3834.00 3835.00 3833.00 3834.00 1554.00
20170915  10:11:00 3834.00 3838.00 3833.00 3837.00 5052.00
20170915  10:12:00 3837.00 3838.00 3834.00 3835.00 5082.00
20170915  10:13:00 3835.00 3839.00 3835.00 3839.00 4634.00
20170915  10:14:00 3839.00 3839.00 3835.00 3836.00 3956.00
20170915  10:30:00 3836.00 3839.00 3833.00 3834.00 7064.00
20170915  10:31:00 3834.00 3836.00 3832.00 3832.00 4070.00
20170915  10:32:00 3832.00 3838.00 3832.00 3838.00 3272.00
20170915  10:33:00 3837.00 3839.00 3827.00 3828.00 6870.00
20170915  10:34:00 3828.00 3829.00 3815.00 3819.00 42808.00
20170915  10:35:00 3819.00 3822.00 3810.00 3814.00 44204.00
20170915  10:36:00 3815.00 3819.00 3812.00 3812.00 17556.00
20170915  10:37:00 3813.00 3819.00 3812.00 3815.00 10336.00
20170915  10:38:00 3815.00 3816.00 3811.00 3815.00 10682.00
20170915  10:39:00 3815.00 3815.00 3810.00 3813.00 16414.00
20170915  10:40:00 3813.00 3813.00 3803.00 3806.00 47806.00
20170915  10:41:00 3806.00 3812.00 3803.00 3810.00 19654.00
20170915  10:42:00 3810.00 3819.00 3807.00 3819.00 18604.00
20170915  10:43:00 3818.00 3818.00 3813.00 3815.00 13680.00
20170915  10:44:00 3815.00 3815.00 3805.00 3806.00 14238.00
20170915  10:45:00 3806.00 3816.00 3805.00 3815.00 17826.00
20170915  10:46:00 3816.00 3825.00 3814.00 3822.00 18376.00
20170915  10:47:00 3821.00 3823.00 3818.00 3819.00 10628.00
20170915  10:48:00 3820.00 3824.00 3819.00 3820.00 7922.00
20170915  10:49:00 3820.00 3824.00 3815.00 3820.00 8816.00
20170915  10:50:00 3821.00 3821.00 3818.00 3819.00 3088.00
20170915  10:51:00 3819.00 3831.00 3818.00 3831.00 19052.00
20170915  10:52:00 3831.00 3831.00 3824.00 3824.00 12996.00
20170915  10:53:00 3825.00 3828.00 3822.00 3824.00 7024.00
20170915  10:54:00 3824.00 3825.00 3822.00 3824.00 3296.00
20170915  10:55:00 3823.00 3826.00 3822.00 3824.00 5712.00
20170915  10:56:00 3824.00 3826.00 3822.00 3823.00 5018.00
20170915  10:57:00 3823.00 3823.00 3818.00 3819.00 4324.00
20170915  10:58:00 3818.00 3827.00 3818.00 3823.00 8230.00
20170915  10:59:00 3823.00 3827.00 3820.00 3822.00 6178.00
20170915  11:00:00 3823.00 3825.00 3820.00 3824.00 4820.00
20170915  11:01:00 3824.00 3825.00 3820.00 3820.00 3446.00
20170915  11:02:00 3820.00 3821.00 3818.00 3819.00 4680.00
20170915  11:03:00 3818.00 3819.00 3816.00 3818.00 5648.00
20170915  11:04:00 3819.00 3820.00 3817.00 3817.00 4630.00
20170915  11:05:00 3816.00 3820.00 3815.00 3815.00 6860.00
20170915  11:06:00 3815.00 3819.00 3812.00 3814.00 10098.00
20170915  11:07:00 3814.00 3820.00 3813.00 3817.00 6672.00
20170915  11:08:00 3817.00 3822.00 3817.00 3820.00 4334.00
20170915  11:09:00 3821.00 3821.00 3817.00 3818.00 4184.00
20170915  11:10:00 3818.00 3818.00 3813.00 3813.00 5708.00
20170915  11:11:00 3814.00 3815.00 3804.00 3804.00 21100.00
20170915  11:12:00 3805.00 3811.00 3803.00 3809.00 23484.00
20170915  11:13:00 3810.00 3810.00 3805.00 3806.00 13000.00
20170915  11:14:00 3807.00 3808.00 3803.00 3804.00 17444.00
20170915  11:15:00 3804.00 3811.00 3804.00 3806.00 14430.00
20170915  11:16:00 3807.00 3807.00 3800.00 3801.00 46534.00
20170915  11:17:00 3802.00 3806.00 3800.00 3802.00 19942.00
20170915  11:18:00 3802.00 3805.00 3801.00 3805.00 8870.00
20170915  11:19:00 3804.00 3813.00 3803.00 3813.00 14412.00
20170915  11:20:00 3811.00 3813.00 3808.00 3811.00 7712.00
20170915  11:21:00 3811.00 3811.00 3803.00 3803.00 9062.00
20170915  11:22:00 3804.00 3806.00 3800.00 3804.00 13198.00
20170915  11:23:00 3805.00 3811.00 3804.00 3806.00 8386.00
20170915  11:24:00 3806.00 3806.00 3800.00 3802.00 10942.00
20170915  11:25:00 3803.00 3803.00 3795.00 3799.00 44016.00
20170915  11:26:00 3799.00 3802.00 3792.00 3802.00 29430.00
20170915  11:27:00 3802.00 3811.00 3798.00 3810.00 17986.00
20170915  11:28:00 3810.00 3817.00 3807.00 3816.00 29116.00
20170915  11:29:00 3817.00 3822.00 3810.00 3812.00 23864.00
20170915  13:30:00 3813.00 3820.00 3808.00 3819.00 19068.00
20170915  13:31:00 3819.00 3819.00 3815.00 3816.00 8912.00
20170915  13:32:00 3816.00 3817.00 3811.00 3812.00 8190.00
20170915  13:33:00 3812.00 3814.00 3811.00 3811.00 5104.00
20170915  13:34:00 3811.00 3819.00 3811.00 3817.00 9074.00
20170915  13:35:00 3818.00 3819.00 3815.00 3815.00 6866.00
20170915  13:36:00 3815.00 3822.00 3815.00 3821.00 16796.00
20170915  13:37:00 3822.00 3824.00 3819.00 3821.00 13578.00
20170915  13:38:00 3821.00 3826.00 3821.00 3826.00 14166.00
20170915  13:39:00 3825.00 3836.00 3825.00 3831.00 37470.00
20170915  13:40:00 3830.00 3833.00 3826.00 3826.00 10714.00
20170915  13:41:00 3826.00 3829.00 3825.00 3827.00 6156.00
20170915  13:42:00 3827.00 3828.00 3824.00 3825.00 4320.00
20170915  13:43:00 3824.00 3828.00 3824.00 3827.00 5092.00
20170915  13:44:00 3827.00 3828.00 3823.00 3828.00 4540.00
20170915  13:45:00 3828.00 3829.00 3826.00 3827.00 5690.00
20170915  13:46:00 3828.00 3834.00 3828.00 3833.00 14620.00
20170915  13:47:00 3833.00 3849.00 3833.00 3843.00 72574.00
20170915  13:48:00 3843.00 3845.00 3841.00 3844.00 18606.00
20170915  13:49:00 3842.00 3846.00 3842.00 3846.00 15026.00
20170915  13:50:00 3846.00 3846.00 3838.00 3839.00 15944.00
20170915  13:51:00 3838.00 3842.00 3838.00 3839.00 10456.00
20170915  13:52:00 3840.00 3841.00 3834.00 3834.00 12834.00
20170915  13:53:00 3835.00 3839.00 3834.00 3836.00 6818.00
20170915  13:54:00 3836.00 3837.00 3826.00 3831.00 15762.00
20170915  13:55:00 3832.00 3833.00 3829.00 3831.00 7416.00
20170915  13:56:00 3831.00 3832.00 3830.00 3831.00 5540.00
20170915  13:57:00 3830.00 3834.00 3830.00 3833.00 3530.00
20170915  13:58:00 3832.00 3833.00 3828.00 3829.00 4138.00
20170915  13:59:00 3828.00 3829.00 3825.00 3826.00 8330.00
20170915  14:00:00 3826.00 3829.00 3825.00 3826.00 6682.00
20170915  14:01:00 3826.00 3830.00 3825.00 3830.00 6882.00
20170915  14:02:00 3830.00 3830.00 3821.00 3823.00 9412.00
20170915  14:03:00 3823.00 3825.00 3821.00 3824.00 5262.00
20170915  14:04:00 3825.00 3825.00 3822.00 3825.00 4336.00
20170915  14:05:00 3825.00 3831.00 3825.00 3828.00 8410.00
20170915  14:06:00 3827.00 3828.00 3824.00 3824.00 2880.00
20170915  14:07:00 3825.00 3826.00 3823.00 3823.00 2406.00
20170915  14:08:00 3823.00 3825.00 3822.00 3823.00 4268.00
20170915  14:09:00 3822.00 3825.00 3821.00 3825.00 5514.00
20170915  14:10:00 3824.00 3825.00 3819.00 3820.00 11196.00
20170915  14:11:00 3820.00 3825.00 3819.00 3825.00 5056.00
20170915  14:12:00 3826.00 3827.00 3821.00 3822.00 5322.00
20170915  14:13:00 3822.00 3823.00 3820.00 3821.00 5400.00
20170915  14:14:00 3821.00 3821.00 3815.00 3818.00 11830.00
20170915  14:15:00 3818.00 3822.00 3818.00 3819.00 7732.00
20170915  14:16:00 3819.00 3825.00 3818.00 3822.00 4600.00
20170915  14:17:00 3822.00 3822.00 3818.00 3819.00 5356.00
20170915  14:18:00 3819.00 3826.00 3818.00 3826.00 7558.00
20170915  14:19:00 3826.00 3829.00 3825.00 3826.00 11036.00
20170915  14:20:00 3826.00 3827.00 3825.00 3826.00 3082.00
20170915  14:21:00 3826.00 3827.00 3822.00 3823.00 4050.00
20170915  14:22:00 3822.00 3823.00 3820.00 3821.00 4164.00
20170915  14:23:00 3822.00 3822.00 3818.00 3821.00 10638.00
20170915  14:24:00 3822.00 3823.00 3819.00 3820.00 3104.00
20170915  14:25:00 3820.00 3820.00 3814.00 3820.00 10866.00
20170915  14:26:00 3819.00 3820.00 3815.00 3816.00 5432.00
20170915  14:27:00 3816.00 3820.00 3816.00 3818.00 6090.00
20170915  14:28:00 3818.00 3819.00 3809.00 3810.00 19562.00
20170915  14:29:00 3810.00 3815.00 3808.00 3814.00 17104.00
20170915  14:30:00 3814.00 3815.00 3804.00 3807.00 23540.00
20170915  14:31:00 3806.00 3810.00 3805.00 3808.00 10256.00
20170915  14:32:00 3808.00 3809.00 3806.00 3806.00 8752.00
20170915  14:33:00 3807.00 3807.00 3801.00 3803.00 25510.00
20170915  14:34:00 3803.00 3806.00 3796.00 3796.00 31220.00
20170915  14:35:00 3796.00 3799.00 3786.00 3786.00 72762.00
20170915  14:36:00 3786.00 3787.00 3777.00 3787.00 65868.00
20170915  14:37:00 3787.00 3789.00 3785.00 3788.00 23712.00
20170915  14:38:00 3788.00 3789.00 3783.00 3789.00 21616.00
20170915  14:39:00 3789.00 3797.00 3789.00 3795.00 28464.00
20170915  14:40:00 3795.00 3797.00 3794.00 3795.00 21842.00
20170915  14:41:00 3795.00 3808.00 3795.00 3806.00 40308.00
20170915  14:42:00 3807.00 3809.00 3800.00 3801.00 19768.00
20170915  14:43:00 3802.00 3808.00 3801.00 3805.00 10292.00
20170915  14:44:00 3805.00 3806.00 3799.00 3801.00 16344.00
20170915  14:45:00 3800.00 3802.00 3795.00 3796.00 11262.00
20170915  14:46:00 3795.00 3804.00 3794.00 3804.00 10440.00
20170915  14:47:00 3803.00 3803.00 3796.00 3797.00 6990.00
20170915  14:48:00 3797.00 3800.00 3796.00 3796.00 7518.00
20170915  14:49:00 3795.00 3802.00 3795.00 3801.00 7256.00
20170915  14:50:00 3802.00 3813.00 3801.00 3807.00 27746.00
20170915  14:51:00 3806.00 3808.00 3805.00 3805.00 6142.00
20170915  14:52:00 3805.00 3806.00 3803.00 3805.00 6352.00
20170915  14:53:00 3806.00 3812.00 3805.00 3807.00 11104.00
20170915  14:54:00 3808.00 3810.00 3806.00 3807.00 6584.00
20170915  14:55:00 3807.00 3810.00 3804.00 3806.00 8834.00
20170915  14:56:00 3807.00 3807.00 3800.00 3800.00 12146.00
20170915  14:57:00 3800.00 3805.00 3798.00 3804.00 15914.00
20170915  14:58:00 3804.00 3805.00 3801.00 3802.00 17738.00
20170915  14:59:00 3802.00 3804.00 3800.00 3803.00 25680.00
20170915  15:00:00 3805.00 3805.00 3805.00 3805.00 150.00
