20170801  21:00:00 3693.00 3693.00 3663.00 3681.00 113370.00
20170801  21:01:00 3682.00 3691.00 3679.00 3687.00 38940.00
20170801  21:02:00 3686.00 3688.00 3683.00 3684.00 21600.00
20170801  21:03:00 3684.00 3685.00 3683.00 3685.00 16288.00
20170801  21:04:00 3685.00 3686.00 3680.00 3680.00 21092.00
20170801  21:05:00 3681.00 3681.00 3678.00 3679.00 26732.00
20170801  21:06:00 3679.00 3679.00 3673.00 3674.00 34090.00
20170801  21:07:00 3673.00 3677.00 3673.00 3677.00 22726.00
20170801  21:08:00 3677.00 3677.00 3675.00 3676.00 13654.00
20170801  21:09:00 3676.00 3679.00 3674.00 3678.00 19284.00
20170801  21:10:00 3678.00 3678.00 3674.00 3674.00 21658.00
20170801  21:11:00 3673.00 3678.00 3673.00 3677.00 13940.00
20170801  21:12:00 3677.00 3681.00 3676.00 3680.00 19054.00
20170801  21:13:00 3679.00 3682.00 3678.00 3681.00 14304.00
20170801  21:14:00 3682.00 3682.00 3677.00 3680.00 13156.00
20170801  21:15:00 3680.00 3683.00 3678.00 3682.00 13992.00
20170801  21:16:00 3683.00 3685.00 3682.00 3685.00 21396.00
20170801  21:17:00 3684.00 3686.00 3682.00 3682.00 8422.00
20170801  21:18:00 3682.00 3685.00 3682.00 3683.00 6348.00
20170801  21:19:00 3683.00 3684.00 3682.00 3684.00 4372.00
20170801  21:20:00 3683.00 3686.00 3682.00 3686.00 6454.00
20170801  21:21:00 3686.00 3687.00 3684.00 3684.00 8558.00
20170801  21:22:00 3685.00 3685.00 3682.00 3682.00 7810.00
20170801  21:23:00 3683.00 3683.00 3678.00 3679.00 22004.00
20170801  21:24:00 3679.00 3684.00 3679.00 3683.00 7080.00
20170801  21:25:00 3683.00 3684.00 3681.00 3681.00 4580.00
20170801  21:26:00 3682.00 3682.00 3679.00 3679.00 9040.00
20170801  21:27:00 3680.00 3683.00 3679.00 3683.00 7122.00
20170801  21:28:00 3682.00 3683.00 3681.00 3682.00 5076.00
20170801  21:29:00 3682.00 3683.00 3679.00 3680.00 4298.00
20170801  21:30:00 3679.00 3681.00 3678.00 3681.00 7386.00
20170801  21:31:00 3682.00 3686.00 3681.00 3686.00 12356.00
20170801  21:32:00 3686.00 3687.00 3684.00 3685.00 10128.00
20170801  21:33:00 3685.00 3688.00 3684.00 3687.00 10702.00
20170801  21:34:00 3688.00 3688.00 3684.00 3685.00 6340.00
20170801  21:35:00 3685.00 3686.00 3684.00 3685.00 3190.00
20170801  21:36:00 3685.00 3689.00 3685.00 3688.00 8460.00
20170801  21:37:00 3689.00 3695.00 3688.00 3692.00 40670.00
20170801  21:38:00 3692.00 3693.00 3689.00 3690.00 11762.00
20170801  21:39:00 3690.00 3692.00 3689.00 3692.00 9524.00
20170801  21:40:00 3691.00 3692.00 3686.00 3690.00 12636.00
20170801  21:41:00 3690.00 3692.00 3689.00 3691.00 4020.00
20170801  21:42:00 3690.00 3691.00 3689.00 3690.00 3624.00
20170801  21:43:00 3690.00 3693.00 3690.00 3692.00 7998.00
20170801  21:44:00 3692.00 3692.00 3688.00 3689.00 8140.00
20170801  21:45:00 3689.00 3692.00 3688.00 3691.00 5406.00
20170801  21:46:00 3691.00 3692.00 3690.00 3690.00 4020.00
20170801  21:47:00 3690.00 3692.00 3689.00 3691.00 8174.00
20170801  21:48:00 3692.00 3698.00 3691.00 3697.00 29890.00
20170801  21:49:00 3697.00 3697.00 3693.00 3694.00 9736.00
20170801  21:50:00 3695.00 3697.00 3694.00 3696.00 8350.00
20170801  21:51:00 3695.00 3697.00 3695.00 3695.00 4826.00
20170801  21:52:00 3695.00 3697.00 3695.00 3697.00 7012.00
20170801  21:53:00 3698.00 3704.00 3697.00 3703.00 35850.00
20170801  21:54:00 3703.00 3706.00 3702.00 3702.00 27272.00
20170801  21:55:00 3702.00 3703.00 3700.00 3700.00 9428.00
20170801  21:56:00 3701.00 3702.00 3700.00 3702.00 6758.00
20170801  21:57:00 3701.00 3701.00 3697.00 3697.00 11470.00
20170801  21:58:00 3698.00 3701.00 3697.00 3700.00 6974.00
20170801  21:59:00 3700.00 3701.00 3697.00 3698.00 7450.00
20170801  22:00:00 3698.00 3705.00 3698.00 3702.00 19600.00
20170801  22:01:00 3702.00 3704.00 3701.00 3702.00 11292.00
20170801  22:02:00 3701.00 3705.00 3701.00 3704.00 10926.00
20170801  22:03:00 3704.00 3705.00 3702.00 3704.00 18710.00
20170801  22:04:00 3704.00 3704.00 3702.00 3702.00 8996.00
20170801  22:05:00 3703.00 3704.00 3702.00 3703.00 6264.00
20170801  22:06:00 3703.00 3703.00 3701.00 3701.00 5660.00
20170801  22:07:00 3701.00 3703.00 3701.00 3703.00 4356.00
20170801  22:08:00 3702.00 3705.00 3702.00 3705.00 10010.00
20170801  22:09:00 3704.00 3715.00 3704.00 3713.00 54682.00
20170801  22:10:00 3713.00 3714.00 3709.00 3714.00 24006.00
20170801  22:11:00 3713.00 3717.00 3711.00 3716.00 30384.00
20170801  22:12:00 3716.00 3716.00 3713.00 3714.00 21396.00
20170801  22:13:00 3714.00 3718.00 3713.00 3717.00 19224.00
20170801  22:14:00 3718.00 3719.00 3716.00 3717.00 21906.00
20170801  22:15:00 3717.00 3720.00 3716.00 3718.00 24156.00
20170801  22:16:00 3718.00 3718.00 3714.00 3714.00 9406.00
20170801  22:17:00 3715.00 3716.00 3714.00 3715.00 7606.00
20170801  22:18:00 3715.00 3716.00 3713.00 3714.00 8322.00
20170801  22:19:00 3714.00 3715.00 3712.00 3714.00 9220.00
20170801  22:20:00 3714.00 3715.00 3713.00 3714.00 6752.00
20170801  22:21:00 3715.00 3716.00 3714.00 3714.00 3532.00
20170801  22:22:00 3714.00 3715.00 3713.00 3714.00 3450.00
20170801  22:23:00 3714.00 3715.00 3712.00 3714.00 5958.00
20170801  22:24:00 3714.00 3716.00 3714.00 3715.00 10284.00
20170801  22:25:00 3715.00 3718.00 3714.00 3718.00 7494.00
20170801  22:26:00 3718.00 3718.00 3712.00 3712.00 10904.00
20170801  22:27:00 3713.00 3714.00 3712.00 3713.00 6710.00
20170801  22:28:00 3713.00 3714.00 3710.00 3713.00 16194.00
20170801  22:29:00 3713.00 3715.00 3713.00 3714.00 6292.00
20170801  22:30:00 3714.00 3716.00 3713.00 3713.00 8006.00
20170801  22:31:00 3713.00 3715.00 3711.00 3711.00 6760.00
20170801  22:32:00 3712.00 3714.00 3710.00 3714.00 9426.00
20170801  22:33:00 3713.00 3716.00 3713.00 3716.00 5592.00
20170801  22:34:00 3715.00 3716.00 3712.00 3714.00 4666.00
20170801  22:35:00 3714.00 3714.00 3713.00 3713.00 1464.00
20170801  22:36:00 3713.00 3714.00 3713.00 3713.00 1536.00
20170801  22:37:00 3713.00 3719.00 3713.00 3717.00 12720.00
20170801  22:38:00 3717.00 3727.00 3716.00 3723.00 43744.00
20170801  22:39:00 3723.00 3725.00 3723.00 3723.00 18904.00
20170801  22:40:00 3723.00 3724.00 3721.00 3722.00 9886.00
20170801  22:41:00 3723.00 3725.00 3722.00 3725.00 11990.00
20170801  22:42:00 3725.00 3729.00 3723.00 3729.00 19188.00
20170801  22:43:00 3729.00 3729.00 3724.00 3724.00 17778.00
20170801  22:44:00 3724.00 3728.00 3724.00 3727.00 11632.00
20170801  22:45:00 3728.00 3729.00 3724.00 3728.00 13166.00
20170801  22:46:00 3729.00 3729.00 3724.00 3726.00 6472.00
20170801  22:47:00 3726.00 3727.00 3725.00 3726.00 6662.00
20170801  22:48:00 3727.00 3730.00 3726.00 3728.00 24568.00
20170801  22:49:00 3728.00 3735.00 3728.00 3734.00 28778.00
20170801  22:50:00 3734.00 3737.00 3733.00 3737.00 32650.00
20170801  22:51:00 3737.00 3739.00 3734.00 3737.00 25508.00
20170801  22:52:00 3736.00 3738.00 3735.00 3737.00 13806.00
20170801  22:53:00 3737.00 3740.00 3737.00 3739.00 18216.00
20170801  22:54:00 3739.00 3740.00 3735.00 3736.00 21792.00
20170801  22:55:00 3737.00 3737.00 3733.00 3735.00 18962.00
20170801  22:56:00 3735.00 3736.00 3733.00 3734.00 10340.00
20170801  22:57:00 3735.00 3737.00 3733.00 3734.00 12042.00
20170801  22:58:00 3735.00 3735.00 3731.00 3732.00 16794.00
20170801  22:59:00 3732.00 3734.00 3731.00 3731.00 20690.00
20170801  23:00:00 3732.00 3732.00 3732.00 3732.00  88.00
20170802  09:00:00 3729.00 3729.00 3722.00 3726.00 35532.00
20170802  09:01:00 3726.00 3727.00 3720.00 3726.00 17684.00
20170802  09:02:00 3725.00 3732.00 3725.00 3732.00 16444.00
20170802  09:03:00 3732.00 3737.00 3732.00 3735.00 23044.00
20170802  09:04:00 3735.00 3741.00 3734.00 3741.00 33960.00
20170802  09:05:00 3740.00 3743.00 3739.00 3742.00 31098.00
20170802  09:06:00 3742.00 3747.00 3742.00 3745.00 37936.00
20170802  09:07:00 3744.00 3746.00 3742.00 3742.00 20206.00
20170802  09:08:00 3742.00 3746.00 3742.00 3745.00 22350.00
20170802  09:09:00 3745.00 3748.00 3744.00 3746.00 36710.00
20170802  09:10:00 3746.00 3747.00 3741.00 3742.00 20282.00
20170802  09:11:00 3741.00 3742.00 3738.00 3739.00 19754.00
20170802  09:12:00 3740.00 3741.00 3737.00 3738.00 10882.00
20170802  09:13:00 3737.00 3741.00 3733.00 3733.00 14784.00
20170802  09:14:00 3733.00 3740.00 3733.00 3739.00 17824.00
20170802  09:15:00 3738.00 3740.00 3736.00 3736.00 8614.00
20170802  09:16:00 3736.00 3738.00 3735.00 3737.00 6886.00
20170802  09:17:00 3737.00 3739.00 3733.00 3734.00 10366.00
20170802  09:18:00 3734.00 3736.00 3732.00 3734.00 12264.00
20170802  09:19:00 3734.00 3740.00 3734.00 3736.00 12234.00
20170802  09:20:00 3736.00 3738.00 3734.00 3734.00 7766.00
20170802  09:21:00 3733.00 3735.00 3729.00 3730.00 21898.00
20170802  09:22:00 3730.00 3733.00 3728.00 3733.00 17154.00
20170802  09:23:00 3732.00 3735.00 3732.00 3733.00 8856.00
20170802  09:24:00 3732.00 3734.00 3728.00 3730.00 14102.00
20170802  09:25:00 3731.00 3734.00 3730.00 3734.00 9850.00
20170802  09:26:00 3733.00 3736.00 3732.00 3732.00 12112.00
20170802  09:27:00 3732.00 3734.00 3728.00 3728.00 13542.00
20170802  09:28:00 3728.00 3735.00 3728.00 3734.00 11470.00
20170802  09:29:00 3735.00 3735.00 3732.00 3733.00 7576.00
20170802  09:30:00 3733.00 3734.00 3731.00 3733.00 6098.00
20170802  09:31:00 3734.00 3737.00 3733.00 3735.00 9104.00
20170802  09:32:00 3735.00 3738.00 3734.00 3737.00 10654.00
20170802  09:33:00 3738.00 3738.00 3734.00 3735.00 5876.00
20170802  09:34:00 3735.00 3738.00 3735.00 3737.00 5840.00
20170802  09:35:00 3737.00 3741.00 3737.00 3740.00 13400.00
20170802  09:36:00 3740.00 3741.00 3738.00 3739.00 6456.00
20170802  09:37:00 3739.00 3740.00 3738.00 3738.00 5076.00
20170802  09:38:00 3738.00 3739.00 3737.00 3737.00 4938.00
20170802  09:39:00 3737.00 3740.00 3737.00 3739.00 4124.00
20170802  09:40:00 3738.00 3739.00 3733.00 3734.00 9846.00
20170802  09:41:00 3733.00 3736.00 3732.00 3736.00 9278.00
20170802  09:42:00 3735.00 3736.00 3733.00 3734.00 3480.00
20170802  09:43:00 3733.00 3734.00 3732.00 3732.00 6126.00
20170802  09:44:00 3733.00 3737.00 3733.00 3737.00 5664.00
20170802  09:45:00 3736.00 3740.00 3734.00 3739.00 9964.00
20170802  09:46:00 3739.00 3740.00 3736.00 3740.00 8122.00
20170802  09:47:00 3740.00 3741.00 3737.00 3738.00 9670.00
20170802  09:48:00 3738.00 3738.00 3736.00 3737.00 3348.00
20170802  09:49:00 3737.00 3740.00 3737.00 3740.00 3208.00
20170802  09:50:00 3739.00 3740.00 3737.00 3737.00 3314.00
20170802  09:51:00 3737.00 3739.00 3737.00 3738.00 3376.00
20170802  09:52:00 3738.00 3739.00 3737.00 3739.00 1108.00
20170802  09:53:00 3738.00 3740.00 3738.00 3739.00 4504.00
20170802  09:54:00 3739.00 3743.00 3739.00 3742.00 15702.00
20170802  09:55:00 3741.00 3744.00 3741.00 3743.00 11538.00
20170802  09:56:00 3743.00 3745.00 3742.00 3744.00 19138.00
20170802  09:57:00 3743.00 3744.00 3740.00 3740.00 9646.00
20170802  09:58:00 3740.00 3747.00 3740.00 3746.00 22240.00
20170802  09:59:00 3746.00 3746.00 3741.00 3741.00 11768.00
20170802  10:00:00 3741.00 3744.00 3741.00 3742.00 9354.00
20170802  10:01:00 3743.00 3744.00 3741.00 3742.00 5598.00
20170802  10:02:00 3742.00 3745.00 3742.00 3743.00 2834.00
20170802  10:03:00 3744.00 3745.00 3743.00 3744.00 3702.00
20170802  10:04:00 3744.00 3744.00 3740.00 3740.00 8328.00
20170802  10:05:00 3740.00 3743.00 3740.00 3742.00 5176.00
20170802  10:06:00 3743.00 3744.00 3742.00 3744.00 2146.00
20170802  10:07:00 3744.00 3747.00 3743.00 3745.00 9702.00
20170802  10:08:00 3746.00 3747.00 3743.00 3745.00 4172.00
20170802  10:09:00 3745.00 3746.00 3744.00 3744.00 4202.00
20170802  10:10:00 3745.00 3747.00 3744.00 3747.00 5992.00
20170802  10:11:00 3747.00 3747.00 3745.00 3745.00 3224.00
20170802  10:12:00 3745.00 3746.00 3741.00 3742.00 5860.00
20170802  10:13:00 3741.00 3744.00 3740.00 3742.00 6996.00
20170802  10:14:00 3743.00 3743.00 3739.00 3742.00 9228.00
20170802  10:30:00 3740.00 3742.00 3737.00 3739.00 11104.00
20170802  10:31:00 3738.00 3739.00 3736.00 3737.00 9382.00
20170802  10:32:00 3737.00 3739.00 3736.00 3737.00 5632.00
20170802  10:33:00 3737.00 3739.00 3736.00 3739.00 5008.00
20170802  10:34:00 3739.00 3739.00 3737.00 3737.00 2340.00
20170802  10:35:00 3737.00 3740.00 3737.00 3739.00 4260.00
20170802  10:36:00 3739.00 3740.00 3738.00 3738.00 2328.00
20170802  10:37:00 3740.00 3742.00 3739.00 3742.00 3968.00
20170802  10:38:00 3742.00 3742.00 3741.00 3742.00 3242.00
20170802  10:39:00 3742.00 3743.00 3741.00 3742.00 4386.00
20170802  10:40:00 3742.00 3743.00 3741.00 3742.00 2776.00
20170802  10:41:00 3742.00 3744.00 3738.00 3739.00 9474.00
20170802  10:42:00 3738.00 3739.00 3738.00 3738.00 4982.00
20170802  10:43:00 3738.00 3740.00 3731.00 3731.00 20504.00
20170802  10:44:00 3731.00 3734.00 3731.00 3734.00 15358.00
20170802  10:45:00 3734.00 3737.00 3729.00 3736.00 28066.00
20170802  10:46:00 3736.00 3736.00 3732.00 3733.00 5250.00
20170802  10:47:00 3734.00 3735.00 3732.00 3733.00 3550.00
20170802  10:48:00 3733.00 3735.00 3733.00 3734.00 2758.00
20170802  10:49:00 3735.00 3735.00 3732.00 3733.00 2314.00
20170802  10:50:00 3732.00 3736.00 3732.00 3735.00 6918.00
20170802  10:51:00 3735.00 3737.00 3734.00 3736.00 3580.00
20170802  10:52:00 3736.00 3737.00 3731.00 3732.00 7054.00
20170802  10:53:00 3732.00 3732.00 3728.00 3730.00 22640.00
20170802  10:54:00 3731.00 3731.00 3728.00 3730.00 7992.00
20170802  10:55:00 3730.00 3731.00 3726.00 3727.00 20816.00
20170802  10:56:00 3727.00 3731.00 3727.00 3731.00 10336.00
20170802  10:57:00 3730.00 3733.00 3729.00 3730.00 7940.00
20170802  10:58:00 3730.00 3731.00 3729.00 3729.00 2920.00
20170802  10:59:00 3730.00 3731.00 3728.00 3729.00 4656.00
20170802  11:00:00 3730.00 3731.00 3728.00 3730.00 6244.00
20170802  11:01:00 3730.00 3731.00 3720.00 3721.00 35522.00
20170802  11:02:00 3718.00 3725.00 3718.00 3720.00 30902.00
20170802  11:03:00 3720.00 3722.00 3717.00 3717.00 20252.00
20170802  11:04:00 3718.00 3719.00 3708.00 3709.00 46092.00
20170802  11:05:00 3709.00 3713.00 3708.00 3712.00 28552.00
20170802  11:06:00 3712.00 3714.00 3711.00 3714.00 11494.00
20170802  11:07:00 3714.00 3717.00 3712.00 3715.00 20182.00
20170802  11:08:00 3714.00 3718.00 3714.00 3717.00 9838.00
20170802  11:09:00 3718.00 3719.00 3715.00 3718.00 13576.00
20170802  11:10:00 3718.00 3722.00 3716.00 3718.00 17364.00
20170802  11:11:00 3719.00 3725.00 3718.00 3722.00 17378.00
20170802  11:12:00 3722.00 3723.00 3720.00 3721.00 9332.00
20170802  11:13:00 3721.00 3723.00 3719.00 3722.00 8102.00
20170802  11:14:00 3723.00 3724.00 3719.00 3719.00 10776.00
20170802  11:15:00 3720.00 3722.00 3718.00 3722.00 7524.00
20170802  11:16:00 3722.00 3722.00 3720.00 3722.00 4818.00
20170802  11:17:00 3722.00 3722.00 3719.00 3720.00 5650.00
20170802  11:18:00 3720.00 3724.00 3719.00 3724.00 4860.00
20170802  11:19:00 3724.00 3724.00 3722.00 3723.00 6926.00
20170802  11:20:00 3722.00 3725.00 3722.00 3723.00 6062.00
20170802  11:21:00 3723.00 3723.00 3721.00 3721.00 2930.00
20170802  11:22:00 3721.00 3725.00 3721.00 3724.00 5422.00
20170802  11:23:00 3724.00 3725.00 3719.00 3720.00 6758.00
20170802  11:24:00 3721.00 3722.00 3719.00 3719.00 6656.00
20170802  11:25:00 3719.00 3722.00 3719.00 3722.00 3872.00
20170802  11:26:00 3722.00 3728.00 3722.00 3728.00 17740.00
20170802  11:27:00 3727.00 3729.00 3724.00 3724.00 14026.00
20170802  11:28:00 3724.00 3728.00 3724.00 3727.00 9388.00
20170802  11:29:00 3727.00 3729.00 3725.00 3728.00 10300.00
20170802  13:30:00 3729.00 3731.00 3725.00 3731.00 18098.00
20170802  13:31:00 3731.00 3731.00 3727.00 3728.00 6518.00
20170802  13:32:00 3728.00 3728.00 3725.00 3726.00 3478.00
20170802  13:33:00 3726.00 3727.00 3721.00 3723.00 7950.00
20170802  13:34:00 3722.00 3726.00 3722.00 3725.00 5786.00
20170802  13:35:00 3725.00 3726.00 3723.00 3725.00 3328.00
20170802  13:36:00 3726.00 3729.00 3724.00 3727.00 5962.00
20170802  13:37:00 3727.00 3729.00 3726.00 3728.00 4846.00
20170802  13:38:00 3728.00 3729.00 3727.00 3728.00 2704.00
20170802  13:39:00 3728.00 3729.00 3727.00 3729.00 3236.00
20170802  13:40:00 3729.00 3734.00 3728.00 3733.00 17096.00
20170802  13:41:00 3733.00 3734.00 3732.00 3733.00 11910.00
20170802  13:42:00 3734.00 3736.00 3733.00 3734.00 11368.00
20170802  13:43:00 3735.00 3735.00 3733.00 3733.00 5772.00
20170802  13:44:00 3734.00 3734.00 3731.00 3732.00 7576.00
20170802  13:45:00 3732.00 3736.00 3732.00 3734.00 10170.00
20170802  13:46:00 3735.00 3735.00 3730.00 3731.00 9636.00
20170802  13:47:00 3731.00 3733.00 3731.00 3733.00 3710.00
20170802  13:48:00 3733.00 3733.00 3731.00 3731.00 3224.00
20170802  13:49:00 3731.00 3734.00 3731.00 3734.00 5228.00
20170802  13:50:00 3733.00 3734.00 3732.00 3733.00 2878.00
20170802  13:51:00 3732.00 3733.00 3732.00 3732.00 3582.00
20170802  13:52:00 3732.00 3733.00 3731.00 3731.00 3200.00
20170802  13:53:00 3731.00 3733.00 3731.00 3733.00 2080.00
20170802  13:54:00 3732.00 3733.00 3731.00 3731.00 2628.00
20170802  13:55:00 3731.00 3731.00 3727.00 3729.00 15062.00
20170802  13:56:00 3728.00 3729.00 3724.00 3724.00 13354.00
20170802  13:57:00 3724.00 3730.00 3724.00 3727.00 12682.00
20170802  13:58:00 3727.00 3730.00 3727.00 3730.00 7018.00
20170802  13:59:00 3730.00 3731.00 3729.00 3729.00 4240.00
20170802  14:00:00 3729.00 3730.00 3727.00 3727.00 4338.00
20170802  14:01:00 3727.00 3727.00 3725.00 3727.00 6178.00
20170802  14:02:00 3726.00 3728.00 3726.00 3727.00 3580.00
20170802  14:03:00 3727.00 3727.00 3725.00 3726.00 4278.00
20170802  14:04:00 3726.00 3727.00 3726.00 3726.00 2710.00
20170802  14:05:00 3727.00 3727.00 3721.00 3725.00 10590.00
20170802  14:06:00 3725.00 3729.00 3725.00 3728.00 5366.00
20170802  14:07:00 3728.00 3729.00 3726.00 3728.00 6060.00
20170802  14:08:00 3728.00 3732.00 3728.00 3731.00 10424.00
20170802  14:09:00 3732.00 3733.00 3730.00 3730.00 7444.00
20170802  14:10:00 3730.00 3732.00 3730.00 3730.00 4818.00
20170802  14:11:00 3729.00 3730.00 3728.00 3729.00 2454.00
20170802  14:12:00 3729.00 3734.00 3729.00 3733.00 8620.00
20170802  14:13:00 3732.00 3733.00 3728.00 3729.00 6850.00
20170802  14:14:00 3729.00 3731.00 3728.00 3731.00 3122.00
20170802  14:15:00 3731.00 3734.00 3730.00 3733.00 6618.00
20170802  14:16:00 3733.00 3733.00 3732.00 3733.00 2732.00
20170802  14:17:00 3732.00 3733.00 3731.00 3731.00 2102.00
20170802  14:18:00 3731.00 3732.00 3731.00 3731.00 1352.00
20170802  14:19:00 3731.00 3732.00 3730.00 3730.00 2332.00
20170802  14:20:00 3730.00 3733.00 3730.00 3732.00 6220.00
20170802  14:21:00 3732.00 3733.00 3730.00 3731.00 4356.00
20170802  14:22:00 3731.00 3731.00 3728.00 3728.00 5782.00
20170802  14:23:00 3728.00 3731.00 3727.00 3729.00 6868.00
20170802  14:24:00 3729.00 3730.00 3727.00 3727.00 3968.00
20170802  14:25:00 3727.00 3731.00 3727.00 3730.00 4168.00
20170802  14:26:00 3730.00 3731.00 3729.00 3729.00 2648.00
20170802  14:27:00 3729.00 3732.00 3729.00 3731.00 6920.00
20170802  14:28:00 3731.00 3731.00 3729.00 3730.00 3816.00
20170802  14:29:00 3731.00 3732.00 3730.00 3732.00 1816.00
20170802  14:30:00 3732.00 3733.00 3729.00 3733.00 6088.00
20170802  14:31:00 3733.00 3735.00 3731.00 3732.00 11888.00
20170802  14:32:00 3733.00 3743.00 3733.00 3740.00 39104.00
20170802  14:33:00 3739.00 3742.00 3733.00 3737.00 24116.00
20170802  14:34:00 3737.00 3738.00 3734.00 3735.00 6048.00
20170802  14:35:00 3735.00 3737.00 3734.00 3734.00 6340.00
20170802  14:36:00 3735.00 3740.00 3734.00 3740.00 12528.00
20170802  14:37:00 3740.00 3740.00 3736.00 3736.00 5130.00
20170802  14:38:00 3737.00 3739.00 3736.00 3737.00 4936.00
20170802  14:39:00 3737.00 3740.00 3737.00 3739.00 8712.00
20170802  14:40:00 3740.00 3740.00 3737.00 3737.00 5650.00
20170802  14:41:00 3737.00 3738.00 3735.00 3737.00 5794.00
20170802  14:42:00 3737.00 3740.00 3735.00 3737.00 14180.00
20170802  14:43:00 3736.00 3739.00 3735.00 3739.00 3966.00
20170802  14:44:00 3738.00 3739.00 3737.00 3738.00 5104.00
20170802  14:45:00 3738.00 3740.00 3738.00 3740.00 12812.00
20170802  14:46:00 3740.00 3740.00 3737.00 3737.00 5074.00
20170802  14:47:00 3737.00 3738.00 3735.00 3735.00 9812.00
20170802  14:48:00 3735.00 3737.00 3733.00 3735.00 12302.00
20170802  14:49:00 3735.00 3740.00 3735.00 3740.00 7840.00
20170802  14:50:00 3740.00 3740.00 3737.00 3739.00 11344.00
20170802  14:51:00 3740.00 3740.00 3737.00 3739.00 7312.00
20170802  14:52:00 3738.00 3739.00 3737.00 3738.00 6598.00
20170802  14:53:00 3739.00 3740.00 3737.00 3738.00 7146.00
20170802  14:54:00 3738.00 3741.00 3737.00 3739.00 14762.00
20170802  14:55:00 3739.00 3739.00 3735.00 3737.00 22702.00
20170802  14:56:00 3736.00 3739.00 3736.00 3737.00 7132.00
20170802  14:57:00 3738.00 3738.00 3735.00 3736.00 9548.00
20170802  14:58:00 3736.00 3737.00 3733.00 3733.00 20022.00
20170802  14:59:00 3733.00 3733.00 3723.00 3723.00 39888.00
20170802  15:00:00 3725.00 3725.00 3725.00 3725.00 434.00
