20170512  15:00:00 2941.00 2941.00 2941.00 2941.00 232.00
20170512  14:59:00 2945.00 2945.00 2940.00 2941.00 118472.00
20170512  14:58:00 2949.00 2951.00 2943.00 2944.00 83808.00
20170512  14:57:00 2957.00 2957.00 2947.00 2949.00 106368.00
20170512  14:56:00 2962.00 2962.00 2957.00 2957.00 29200.00
20170512  14:55:00 2965.00 2967.00 2961.00 2961.00 34116.00
20170512  14:54:00 2960.00 2965.00 2958.00 2965.00 34832.00
20170512  14:53:00 2962.00 2963.00 2959.00 2960.00 23858.00
20170512  14:52:00 2953.00 2964.00 2953.00 2961.00 54030.00
20170512  14:51:00 2955.00 2956.00 2952.00 2954.00 61894.00
20170512  14:50:00 2959.00 2959.00 2954.00 2955.00 77070.00
20170512  14:49:00 2966.00 2966.00 2958.00 2959.00 63044.00
20170512  14:48:00 2969.00 2969.00 2965.00 2965.00 24650.00
20170512  14:47:00 2969.00 2971.00 2967.00 2969.00 14906.00
20170512  14:46:00 2967.00 2971.00 2966.00 2969.00 12748.00
20170512  14:45:00 2972.00 2973.00 2964.00 2966.00 28546.00
20170512  14:44:00 2971.00 2973.00 2968.00 2972.00 19868.00
20170512  14:43:00 2967.00 2973.00 2967.00 2971.00 20684.00
20170512  14:42:00 2964.00 2968.00 2962.00 2968.00 27482.00
20170512  14:41:00 2968.00 2972.00 2964.00 2964.00 19196.00
20170512  14:40:00 2967.00 2969.00 2965.00 2968.00 13798.00
20170512  14:39:00 2969.00 2969.00 2965.00 2968.00 27066.00
20170512  14:38:00 2972.00 2973.00 2969.00 2970.00 14434.00
20170512  14:37:00 2970.00 2976.00 2970.00 2972.00 19318.00
20170512  14:36:00 2971.00 2976.00 2970.00 2970.00 39688.00
20170512  14:35:00 2967.00 2970.00 2966.00 2970.00 17282.00
20170512  14:34:00 2968.00 2969.00 2966.00 2966.00 13090.00
20170512  14:33:00 2965.00 2969.00 2965.00 2968.00 16588.00
20170512  14:32:00 2968.00 2971.00 2963.00 2966.00 28776.00
20170512  14:31:00 2961.00 2968.00 2959.00 2967.00 43062.00
20170512  14:30:00 2963.00 2971.00 2961.00 2961.00 65208.00
20170512  14:29:00 2971.00 2973.00 2960.00 2964.00 118398.00
20170512  14:28:00 2971.00 2972.00 2966.00 2971.00 87416.00
20170512  14:27:00 2982.00 2982.00 2972.00 2973.00 61478.00
20170512  14:26:00 2988.00 2989.00 2981.00 2982.00 37196.00
20170512  14:25:00 2989.00 2992.00 2988.00 2989.00 10826.00
20170512  14:24:00 2986.00 2990.00 2986.00 2989.00 10048.00
20170512  14:23:00 2991.00 2992.00 2986.00 2987.00 20892.00
20170512  14:22:00 2987.00 2992.00 2986.00 2992.00 31726.00
20170512  14:21:00 2989.00 2990.00 2987.00 2987.00 22876.00
20170512  14:20:00 2994.00 2997.00 2988.00 2988.00 46572.00
20170512  14:19:00 2996.00 3000.00 2992.00 2993.00 68372.00
20170512  14:18:00 2994.00 2999.00 2993.00 2996.00 98328.00
20170512  14:17:00 2983.00 2994.00 2980.00 2993.00 78666.00
20170512  14:16:00 2974.00 2983.00 2972.00 2983.00 39898.00
20170512  14:15:00 2972.00 2975.00 2970.00 2973.00 30324.00
20170512  14:14:00 2976.00 2976.00 2971.00 2973.00 24600.00
20170512  14:13:00 2973.00 2976.00 2973.00 2976.00 7308.00
20170512  14:12:00 2977.00 2978.00 2974.00 2974.00 12910.00
20170512  14:11:00 2976.00 2978.00 2976.00 2977.00 6074.00
20170512  14:10:00 2977.00 2977.00 2975.00 2977.00 7562.00
20170512  14:09:00 2980.00 2980.00 2975.00 2977.00 11046.00
20170512  14:08:00 2980.00 2981.00 2978.00 2979.00 13178.00
20170512  14:07:00 2978.00 2980.00 2978.00 2980.00 9474.00
20170512  14:06:00 2980.00 2983.00 2978.00 2978.00 29334.00
20170512  14:05:00 2976.00 2980.00 2976.00 2980.00 17436.00
20170512  14:04:00 2977.00 2979.00 2976.00 2977.00 12104.00
20170512  14:03:00 2975.00 2978.00 2972.00 2977.00 14768.00
20170512  14:02:00 2975.00 2978.00 2973.00 2975.00 20328.00
20170512  14:01:00 2970.00 2975.00 2970.00 2974.00 20290.00
20170512  14:00:00 2975.00 2975.00 2967.00 2970.00 88780.00
20170512  13:59:00 2977.00 2980.00 2975.00 2976.00 20212.00
20170512  13:58:00 2981.00 2981.00 2977.00 2977.00 16128.00
20170512  13:57:00 2982.00 2983.00 2981.00 2982.00 8086.00
20170512  13:56:00 2981.00 2982.00 2980.00 2981.00 12292.00
20170512  13:55:00 2980.00 2982.00 2977.00 2981.00 13376.00
20170512  13:54:00 2978.00 2980.00 2977.00 2980.00 11994.00
20170512  13:53:00 2975.00 2979.00 2975.00 2978.00 12920.00
20170512  13:52:00 2982.00 2982.00 2976.00 2976.00 20622.00
20170512  13:51:00 2977.00 2982.00 2977.00 2982.00 17388.00
20170512  13:50:00 2978.00 2978.00 2976.00 2978.00 12748.00
20170512  13:49:00 2979.00 2979.00 2976.00 2978.00 22058.00
20170512  13:48:00 2982.00 2983.00 2979.00 2980.00 10748.00
20170512  13:47:00 2982.00 2983.00 2979.00 2982.00 16718.00
20170512  13:46:00 2982.00 2983.00 2981.00 2982.00 15112.00
20170512  13:45:00 2985.00 2985.00 2980.00 2982.00 35242.00
20170512  13:44:00 2989.00 2989.00 2984.00 2985.00 31370.00
20170512  13:43:00 2983.00 2990.00 2981.00 2988.00 43646.00
20170512  13:42:00 2981.00 2985.00 2981.00 2983.00 42624.00
20170512  13:41:00 2975.00 2981.00 2974.00 2981.00 41600.00
20170512  13:40:00 2973.00 2976.00 2973.00 2975.00 29248.00
20170512  13:39:00 2973.00 2973.00 2969.00 2973.00 62066.00
20170512  13:38:00 2977.00 2977.00 2972.00 2972.00 44084.00
20170512  13:37:00 2974.00 2977.00 2972.00 2977.00 29180.00
20170512  13:36:00 2978.00 2979.00 2971.00 2974.00 64742.00
20170512  13:35:00 2975.00 2979.00 2973.00 2978.00 64178.00
20170512  13:34:00 2981.00 2982.00 2975.00 2975.00 65002.00
20170512  13:33:00 2983.00 2984.00 2979.00 2981.00 88420.00
20170512  13:32:00 2992.00 2992.00 2983.00 2984.00 62752.00
20170512  13:31:00 2995.00 2995.00 2990.00 2992.00 28736.00
20170512  13:30:00 2991.00 2999.00 2986.00 2995.00 113006.00
20170512  11:29:00 3000.00 3000.00 2990.00 2990.00 59076.00
20170512  11:28:00 3001.00 3001.00 2998.00 3000.00 12050.00
20170512  11:27:00 3000.00 3002.00 2999.00 3001.00 7624.00
20170512  11:26:00 3001.00 3001.00 2998.00 3000.00 11388.00
20170512  11:25:00 2999.00 3002.00 2999.00 3000.00 13412.00
20170512  11:24:00 3003.00 3003.00 2999.00 2999.00 13016.00
20170512  11:23:00 3003.00 3004.00 3002.00 3003.00 7332.00
20170512  11:22:00 3003.00 3004.00 3000.00 3003.00 16416.00
20170512  11:21:00 3004.00 3006.00 3002.00 3004.00 7310.00
20170512  11:20:00 3008.00 3009.00 3004.00 3004.00 14192.00
20170512  11:19:00 3004.00 3010.00 3004.00 3008.00 19714.00
20170512  11:18:00 3005.00 3006.00 3003.00 3004.00 7428.00
20170512  11:17:00 3003.00 3005.00 3003.00 3004.00 3700.00
20170512  11:16:00 3004.00 3004.00 3001.00 3003.00 4212.00
20170512  11:15:00 3004.00 3006.00 3003.00 3003.00 6700.00
20170512  11:14:00 3002.00 3005.00 3002.00 3004.00 3604.00
20170512  11:13:00 3002.00 3006.00 3001.00 3002.00 12046.00
20170512  11:12:00 3004.00 3004.00 3001.00 3002.00 7298.00
20170512  11:11:00 3003.00 3006.00 3003.00 3005.00 10114.00
20170512  11:10:00 3002.00 3003.00 2998.00 3002.00 15678.00
20170512  11:09:00 2998.00 3003.00 2997.00 3002.00 21734.00
20170512  11:08:00 3004.00 3005.00 2998.00 2998.00 27460.00
20170512  11:07:00 3007.00 3008.00 3004.00 3004.00 6902.00
20170512  11:06:00 3009.00 3010.00 3007.00 3007.00 13568.00
20170512  11:05:00 3006.00 3009.00 3005.00 3009.00 16842.00
20170512  11:04:00 3006.00 3006.00 3005.00 3005.00 2032.00
20170512  11:03:00 3004.00 3006.00 3004.00 3005.00 2352.00
20170512  11:02:00 3006.00 3007.00 3004.00 3005.00 4922.00
20170512  11:01:00 3005.00 3007.00 3005.00 3006.00 5132.00
20170512  11:00:00 3005.00 3006.00 3004.00 3006.00 5382.00
20170512  10:59:00 3007.00 3007.00 3004.00 3005.00 7724.00
20170512  10:58:00 3006.00 3008.00 3005.00 3007.00 7034.00
20170512  10:57:00 3007.00 3008.00 3006.00 3007.00 4608.00
20170512  10:56:00 3005.00 3008.00 3005.00 3007.00 12290.00
20170512  10:55:00 3006.00 3006.00 3003.00 3005.00 8418.00
20170512  10:54:00 3006.00 3007.00 3005.00 3006.00 8584.00
20170512  10:53:00 3005.00 3008.00 3004.00 3007.00 16822.00
20170512  10:52:00 3002.00 3005.00 3001.00 3005.00 7374.00
20170512  10:51:00 3000.00 3002.00 3000.00 3001.00 2638.00
20170512  10:50:00 3002.00 3002.00 3000.00 3001.00 5042.00
20170512  10:49:00 3001.00 3003.00 3000.00 3002.00 5258.00
20170512  10:48:00 2999.00 3001.00 2998.00 3001.00 7830.00
20170512  10:47:00 3001.00 3001.00 2997.00 2998.00 24420.00
20170512  10:46:00 3002.00 3002.00 3000.00 3001.00 8930.00
20170512  10:45:00 3001.00 3002.00 3001.00 3002.00 2642.00
20170512  10:44:00 3002.00 3003.00 3001.00 3001.00 3162.00
20170512  10:43:00 3001.00 3003.00 3001.00 3002.00 6718.00
20170512  10:42:00 3001.00 3002.00 3001.00 3001.00 3536.00
20170512  10:41:00 3002.00 3002.00 3001.00 3002.00 2030.00
20170512  10:40:00 3003.00 3004.00 3001.00 3001.00 7570.00
20170512  10:39:00 3002.00 3004.00 3001.00 3004.00 5192.00
20170512  10:38:00 3002.00 3003.00 3001.00 3002.00 2680.00
20170512  10:37:00 3001.00 3002.00 3001.00 3002.00 5040.00
20170512  10:36:00 3004.00 3004.00 3000.00 3002.00 10868.00
20170512  10:35:00 3001.00 3005.00 3001.00 3004.00 9060.00
20170512  10:34:00 3004.00 3005.00 3001.00 3002.00 8838.00
20170512  10:33:00 3003.00 3006.00 3003.00 3005.00 7644.00
20170512  10:32:00 3003.00 3005.00 3003.00 3003.00 7534.00
20170512  10:31:00 3003.00 3004.00 3001.00 3004.00 18710.00
20170512  10:30:00 3004.00 3005.00 3002.00 3003.00 10326.00
20170512  10:14:00 3006.00 3007.00 3003.00 3004.00 15466.00
20170512  10:13:00 3006.00 3007.00 3005.00 3005.00 8548.00
20170512  10:12:00 3010.00 3012.00 3005.00 3006.00 26748.00
20170512  10:11:00 3006.00 3010.00 3005.00 3010.00 21316.00
20170512  10:10:00 3008.00 3008.00 3004.00 3005.00 15790.00
20170512  10:09:00 3008.00 3009.00 3005.00 3007.00 23302.00
20170512  10:08:00 3010.00 3010.00 3006.00 3008.00 37224.00
20170512  10:07:00 3004.00 3011.00 3001.00 3010.00 85150.00
20170512  10:06:00 2992.00 3004.00 2992.00 3003.00 54618.00
20170512  10:05:00 2990.00 2993.00 2987.00 2992.00 24648.00
20170512  10:04:00 2992.00 2992.00 2989.00 2989.00 20794.00
20170512  10:03:00 2989.00 2993.00 2987.00 2992.00 32966.00
20170512  10:02:00 2994.00 2995.00 2988.00 2990.00 65818.00
20170512  10:01:00 2993.00 2996.00 2992.00 2995.00 25860.00
20170512  10:00:00 3000.00 3000.00 2991.00 2992.00 80418.00
20170512  09:59:00 3000.00 3002.00 3000.00 3000.00 11176.00
20170512  09:58:00 3003.00 3003.00 3000.00 3001.00 16436.00
20170512  09:57:00 3004.00 3004.00 3002.00 3003.00 5070.00
20170512  09:56:00 3003.00 3004.00 3002.00 3003.00 2820.00
20170512  09:55:00 3002.00 3003.00 3000.00 3003.00 5536.00
20170512  09:54:00 3004.00 3004.00 3000.00 3001.00 8682.00
20170512  09:53:00 3003.00 3004.00 3001.00 3003.00 6928.00
20170512  09:52:00 3004.00 3006.00 3003.00 3004.00 5212.00
20170512  09:51:00 3005.00 3006.00 3003.00 3003.00 4066.00
20170512  09:50:00 3007.00 3008.00 3005.00 3005.00 14090.00
20170512  09:49:00 3004.00 3007.00 3003.00 3007.00 10586.00
20170512  09:48:00 2999.00 3004.00 2999.00 3004.00 12996.00
20170512  09:47:00 3002.00 3003.00 2999.00 2999.00 8540.00
20170512  09:46:00 3003.00 3005.00 3001.00 3001.00 6652.00
20170512  09:45:00 3002.00 3003.00 2999.00 3003.00 28374.00
20170512  09:44:00 3003.00 3004.00 3001.00 3002.00 7704.00
20170512  09:43:00 3002.00 3006.00 3002.00 3002.00 12552.00
20170512  09:42:00 3003.00 3003.00 3000.00 3002.00 16730.00
20170512  09:41:00 3001.00 3004.00 3001.00 3002.00 17672.00
20170512  09:40:00 3008.00 3008.00 3001.00 3002.00 31608.00
20170512  09:39:00 3008.00 3009.00 3006.00 3007.00 10554.00
20170512  09:38:00 3009.00 3010.00 3007.00 3008.00 9714.00
20170512  09:37:00 3009.00 3011.00 3008.00 3009.00 4092.00
20170512  09:36:00 3008.00 3011.00 3008.00 3009.00 8224.00
20170512  09:35:00 3011.00 3011.00 3008.00 3008.00 8386.00
20170512  09:34:00 3011.00 3012.00 3010.00 3011.00 3908.00
20170512  09:33:00 3013.00 3014.00 3009.00 3010.00 10984.00
20170512  09:32:00 3012.00 3014.00 3010.00 3013.00 7722.00
20170512  09:31:00 3012.00 3014.00 3010.00 3011.00 11846.00
20170512  09:30:00 3010.00 3014.00 3009.00 3012.00 20292.00
20170512  09:29:00 3010.00 3012.00 3009.00 3009.00 8686.00
20170512  09:28:00 3010.00 3010.00 3008.00 3010.00 4080.00
20170512  09:27:00 3007.00 3011.00 3006.00 3010.00 8614.00
20170512  09:26:00 3007.00 3008.00 3005.00 3006.00 13994.00
20170512  09:25:00 3009.00 3010.00 3007.00 3007.00 5402.00
20170512  09:24:00 3009.00 3010.00 3008.00 3009.00 5156.00
20170512  09:23:00 3010.00 3011.00 3008.00 3010.00 6708.00
20170512  09:22:00 3011.00 3011.00 3009.00 3010.00 5070.00
20170512  09:21:00 3009.00 3012.00 3007.00 3011.00 12118.00
20170512  09:20:00 3014.00 3014.00 3006.00 3009.00 22650.00
20170512  09:19:00 3008.00 3015.00 3008.00 3014.00 27182.00
20170512  09:18:00 3010.00 3010.00 3006.00 3009.00 14210.00
20170512  09:17:00 3009.00 3011.00 3008.00 3010.00 11716.00
20170512  09:16:00 3007.00 3010.00 3005.00 3009.00 21978.00
20170512  09:15:00 3003.00 3008.00 3003.00 3008.00 9894.00
20170512  09:14:00 3004.00 3006.00 3002.00 3003.00 6556.00
20170512  09:13:00 3006.00 3009.00 3003.00 3005.00 12942.00
20170512  09:12:00 2999.00 3008.00 2997.00 3006.00 34858.00
20170512  09:11:00 3000.00 3004.00 2999.00 3000.00 16006.00
20170512  09:10:00 3004.00 3004.00 3000.00 3000.00 16998.00
20170512  09:09:00 3001.00 3005.00 3000.00 3004.00 19368.00
20170512  09:08:00 3005.00 3005.00 2999.00 3001.00 41104.00
20170512  09:07:00 3004.00 3006.00 3003.00 3005.00 13770.00
20170512  09:06:00 3005.00 3006.00 3000.00 3004.00 25386.00
20170512  09:05:00 3012.00 3013.00 3004.00 3005.00 21828.00
20170512  09:04:00 3013.00 3013.00 3008.00 3012.00 19680.00
20170512  09:03:00 3009.00 3013.00 3008.00 3012.00 26482.00
20170512  09:02:00 3001.00 3009.00 3001.00 3009.00 23586.00
20170512  09:01:00 2999.00 3006.00 2998.00 3002.00 34014.00
20170512  09:00:00 3007.00 3009.00 2996.00 2998.00 83754.00
20170511  23:00:00 3004.00 3004.00 3004.00 3004.00 200.00
20170511  22:59:00 3009.00 3009.00 3002.00 3004.00 38044.00
20170511  22:58:00 3009.00 3010.00 3006.00 3009.00 17888.00
20170511  22:57:00 3004.00 3013.00 3004.00 3010.00 51136.00
20170511  22:56:00 2997.00 3006.00 2993.00 3004.00 64326.00
20170511  22:55:00 3007.00 3008.00 2998.00 2998.00 56670.00
20170511  22:54:00 3011.00 3012.00 3006.00 3007.00 14780.00
20170511  22:53:00 3009.00 3013.00 3008.00 3012.00 27702.00
20170511  22:52:00 3009.00 3009.00 3007.00 3008.00 7724.00
20170511  22:51:00 3007.00 3009.00 3006.00 3009.00 10566.00
20170511  22:50:00 3007.00 3010.00 3004.00 3006.00 19350.00
20170511  22:49:00 3007.00 3007.00 3004.00 3006.00 10778.00
20170511  22:48:00 3004.00 3008.00 3004.00 3006.00 7180.00
20170511  22:47:00 3008.00 3009.00 3004.00 3004.00 17916.00
20170511  22:46:00 3010.00 3011.00 3007.00 3007.00 11430.00
20170511  22:45:00 3007.00 3010.00 3005.00 3010.00 13878.00
20170511  22:44:00 3006.00 3010.00 3005.00 3007.00 14618.00
20170511  22:43:00 3007.00 3008.00 3004.00 3006.00 16960.00
20170511  22:42:00 3006.00 3011.00 3005.00 3007.00 26608.00
20170511  22:41:00 3008.00 3008.00 3005.00 3006.00 16490.00
20170511  22:40:00 3005.00 3009.00 3001.00 3009.00 41804.00
20170511  22:39:00 3013.00 3013.00 3005.00 3005.00 27576.00
20170511  22:38:00 3014.00 3015.00 3011.00 3012.00 13404.00
20170511  22:37:00 3016.00 3020.00 3013.00 3014.00 32092.00
20170511  22:36:00 3014.00 3016.00 3013.00 3016.00 21272.00
20170511  22:35:00 3008.00 3016.00 3007.00 3014.00 39946.00
20170511  22:34:00 3010.00 3010.00 3006.00 3007.00 12056.00
20170511  22:33:00 3006.00 3011.00 3004.00 3009.00 28998.00
20170511  22:32:00 3006.00 3007.00 3003.00 3005.00 11938.00
20170511  22:31:00 3005.00 3008.00 3004.00 3006.00 18506.00
20170511  22:30:00 3000.00 3006.00 2999.00 3005.00 35750.00
20170511  22:29:00 3009.00 3010.00 3000.00 3000.00 59736.00
20170511  22:28:00 3005.00 3011.00 3004.00 3008.00 37494.00
20170511  22:27:00 3008.00 3008.00 3000.00 3005.00 75354.00
20170511  22:26:00 3016.00 3016.00 3004.00 3008.00 77826.00
20170511  22:25:00 3024.00 3024.00 3017.00 3017.00 40728.00
20170511  22:24:00 3023.00 3027.00 3022.00 3024.00 16552.00
20170511  22:23:00 3025.00 3027.00 3022.00 3023.00 15662.00
20170511  22:22:00 3031.00 3031.00 3024.00 3026.00 21234.00
20170511  22:21:00 3029.00 3032.00 3027.00 3031.00 30760.00
20170511  22:20:00 3026.00 3030.00 3025.00 3028.00 29688.00
20170511  22:19:00 3023.00 3027.00 3023.00 3026.00 10438.00
20170511  22:18:00 3023.00 3025.00 3022.00 3023.00 12382.00
20170511  22:17:00 3021.00 3024.00 3021.00 3024.00 16970.00
20170511  22:16:00 3024.00 3025.00 3021.00 3021.00 32366.00
20170511  22:15:00 3026.00 3027.00 3024.00 3024.00 25378.00
20170511  22:14:00 3028.00 3029.00 3026.00 3026.00 22176.00
20170511  22:13:00 3028.00 3031.00 3027.00 3028.00 18004.00
20170511  22:12:00 3033.00 3033.00 3026.00 3028.00 34130.00
20170511  22:11:00 3026.00 3035.00 3025.00 3032.00 62760.00
20170511  22:10:00 3028.00 3030.00 3024.00 3025.00 57948.00
20170511  22:09:00 3020.00 3027.00 3019.00 3027.00 74414.00
20170511  22:08:00 3015.00 3020.00 3013.00 3020.00 34212.00
20170511  22:07:00 3015.00 3017.00 3014.00 3015.00 37574.00
20170511  22:06:00 3007.00 3015.00 3007.00 3014.00 33184.00
20170511  22:05:00 3009.00 3010.00 3006.00 3007.00 12770.00
20170511  22:04:00 3009.00 3011.00 3007.00 3010.00 22928.00
20170511  22:03:00 3001.00 3009.00 3000.00 3009.00 27838.00
20170511  22:02:00 3005.00 3005.00 2999.00 3001.00 37326.00
20170511  22:01:00 3008.00 3008.00 3003.00 3005.00 12654.00
20170511  22:00:00 3004.00 3008.00 3002.00 3008.00 28526.00
20170511  21:59:00 3006.00 3007.00 3003.00 3004.00 32072.00
20170511  21:58:00 3011.00 3011.00 3006.00 3007.00 18038.00
20170511  21:57:00 3011.00 3012.00 3009.00 3011.00 17182.00
20170511  21:56:00 3011.00 3014.00 3009.00 3011.00 23242.00
20170511  21:55:00 3011.00 3011.00 3008.00 3011.00 17358.00
20170511  21:54:00 3009.00 3012.00 3009.00 3012.00 17328.00
20170511  21:53:00 3009.00 3011.00 3008.00 3010.00 17044.00
20170511  21:52:00 3007.00 3011.00 3006.00 3008.00 28252.00
20170511  21:51:00 3004.00 3010.00 3003.00 3007.00 37468.00
20170511  21:50:00 3003.00 3005.00 2997.00 3004.00 101698.00
20170511  21:49:00 3011.00 3012.00 3003.00 3005.00 58102.00
20170511  21:48:00 3012.00 3013.00 3007.00 3012.00 47078.00
20170511  21:47:00 3015.00 3016.00 3011.00 3011.00 27152.00
20170511  21:46:00 3013.00 3018.00 3013.00 3013.00 32724.00
20170511  21:45:00 3013.00 3016.00 3010.00 3014.00 56722.00
20170511  21:44:00 3017.00 3021.00 3012.00 3012.00 65452.00
20170511  21:43:00 3025.00 3026.00 3017.00 3017.00 66968.00
20170511  21:42:00 3029.00 3030.00 3025.00 3025.00 11522.00
20170511  21:41:00 3028.00 3031.00 3025.00 3030.00 18208.00
20170511  21:40:00 3031.00 3031.00 3027.00 3027.00 15080.00
20170511  21:39:00 3028.00 3031.00 3028.00 3030.00 30006.00
20170511  21:38:00 3023.00 3029.00 3020.00 3028.00 34576.00
20170511  21:37:00 3022.00 3026.00 3021.00 3024.00 25780.00
20170511  21:36:00 3028.00 3028.00 3020.00 3021.00 63324.00
20170511  21:35:00 3030.00 3030.00 3027.00 3028.00 13090.00
20170511  21:34:00 3027.00 3031.00 3026.00 3030.00 15166.00
20170511  21:33:00 3030.00 3030.00 3027.00 3027.00 18784.00
20170511  21:32:00 3030.00 3031.00 3029.00 3029.00 10208.00
20170511  21:31:00 3029.00 3032.00 3027.00 3030.00 16606.00
20170511  21:30:00 3031.00 3033.00 3028.00 3028.00 14566.00
20170511  21:29:00 3032.00 3033.00 3026.00 3031.00 21322.00
20170511  21:28:00 3033.00 3034.00 3031.00 3032.00 10880.00
20170511  21:27:00 3026.00 3034.00 3026.00 3032.00 24596.00
20170511  21:26:00 3032.00 3033.00 3025.00 3026.00 42594.00
20170511  21:25:00 3029.00 3033.00 3024.00 3031.00 35264.00
20170511  21:24:00 3029.00 3034.00 3027.00 3029.00 25076.00
20170511  21:23:00 3035.00 3036.00 3029.00 3029.00 21084.00
20170511  21:22:00 3035.00 3038.00 3034.00 3035.00 24042.00
20170511  21:21:00 3036.00 3036.00 3033.00 3034.00 25786.00
20170511  21:20:00 3033.00 3036.00 3033.00 3035.00 32120.00
20170511  21:19:00 3029.00 3034.00 3029.00 3033.00 22686.00
20170511  21:18:00 3030.00 3033.00 3028.00 3029.00 25616.00
20170511  21:17:00 3031.00 3034.00 3030.00 3030.00 29394.00
20170511  21:16:00 3025.00 3032.00 3025.00 3031.00 48872.00
20170511  21:15:00 3022.00 3026.00 3019.00 3025.00 62780.00
20170511  21:14:00 3033.00 3033.00 3022.00 3022.00 65014.00
20170511  21:13:00 3034.00 3036.00 3033.00 3033.00 22774.00
20170511  21:12:00 3031.00 3037.00 3031.00 3034.00 46802.00
20170511  21:11:00 3031.00 3033.00 3031.00 3032.00 30184.00
20170511  21:10:00 3027.00 3032.00 3023.00 3031.00 59536.00
20170511  21:09:00 3026.00 3030.00 3025.00 3026.00 62160.00
20170511  21:08:00 3035.00 3035.00 3024.00 3025.00 119970.00
20170511  21:07:00 3044.00 3044.00 3035.00 3035.00 64486.00
20170511  21:06:00 3043.00 3045.00 3042.00 3043.00 30032.00
20170511  21:05:00 3043.00 3046.00 3038.00 3042.00 70134.00
20170511  21:04:00 3049.00 3049.00 3042.00 3043.00 70994.00
20170511  21:03:00 3050.00 3054.00 3048.00 3048.00 57054.00
20170511  21:02:00 3058.00 3060.00 3049.00 3049.00 79424.00
20170511  21:01:00 3064.00 3066.00 3059.00 3059.00 66208.00
20170511  21:00:00 3070.00 3076.00 3064.00 3064.00 105672.00
