20170626  15:00:00 3148.00 3148.00 3148.00 3148.00 1074.00
20170626  14:59:00 3147.00 3149.00 3145.00 3148.00 63304.00
20170626  14:58:00 3144.00 3148.00 3143.00 3147.00 60626.00
20170626  14:57:00 3141.00 3145.00 3141.00 3143.00 39518.00
20170626  14:56:00 3141.00 3142.00 3140.00 3142.00 14530.00
20170626  14:55:00 3143.00 3144.00 3140.00 3140.00 25336.00
20170626  14:54:00 3144.00 3144.00 3141.00 3144.00 16690.00
20170626  14:53:00 3142.00 3144.00 3140.00 3144.00 19222.00
20170626  14:52:00 3139.00 3143.00 3138.00 3142.00 18590.00
20170626  14:51:00 3142.00 3142.00 3138.00 3139.00 13704.00
20170626  14:50:00 3136.00 3142.00 3136.00 3142.00 14910.00
20170626  14:49:00 3141.00 3141.00 3137.00 3137.00 14224.00
20170626  14:48:00 3138.00 3141.00 3137.00 3140.00 7742.00
20170626  14:47:00 3138.00 3139.00 3137.00 3138.00 6738.00
20170626  14:46:00 3138.00 3140.00 3136.00 3137.00 13072.00
20170626  14:45:00 3143.00 3143.00 3138.00 3138.00 24558.00
20170626  14:44:00 3142.00 3144.00 3140.00 3143.00 37840.00
20170626  14:43:00 3133.00 3142.00 3133.00 3142.00 33364.00
20170626  14:42:00 3136.00 3136.00 3133.00 3133.00 6386.00
20170626  14:41:00 3136.00 3138.00 3135.00 3135.00 8800.00
20170626  14:40:00 3133.00 3137.00 3131.00 3136.00 12180.00
20170626  14:39:00 3134.00 3134.00 3131.00 3133.00 16822.00
20170626  14:38:00 3137.00 3137.00 3134.00 3134.00 9964.00
20170626  14:37:00 3136.00 3137.00 3135.00 3136.00 9038.00
20170626  14:36:00 3138.00 3138.00 3135.00 3136.00 11950.00
20170626  14:35:00 3136.00 3139.00 3135.00 3138.00 15372.00
20170626  14:34:00 3134.00 3135.00 3133.00 3135.00 9938.00
20170626  14:33:00 3131.00 3135.00 3131.00 3134.00 13794.00
20170626  14:32:00 3133.00 3133.00 3131.00 3131.00 4378.00
20170626  14:31:00 3133.00 3133.00 3131.00 3133.00 5692.00
20170626  14:30:00 3130.00 3133.00 3129.00 3132.00 12682.00
20170626  14:29:00 3132.00 3133.00 3129.00 3130.00 14548.00
20170626  14:28:00 3131.00 3134.00 3130.00 3133.00 14800.00
20170626  14:27:00 3130.00 3131.00 3128.00 3131.00 22872.00
20170626  14:26:00 3132.00 3133.00 3130.00 3130.00 19776.00
20170626  14:25:00 3130.00 3133.00 3130.00 3133.00 13248.00
20170626  14:24:00 3134.00 3135.00 3128.00 3130.00 32892.00
20170626  14:23:00 3133.00 3134.00 3131.00 3133.00 24520.00
20170626  14:22:00 3138.00 3138.00 3131.00 3134.00 48458.00
20170626  14:21:00 3139.00 3142.00 3137.00 3138.00 22068.00
20170626  14:20:00 3143.00 3143.00 3138.00 3140.00 25338.00
20170626  14:19:00 3139.00 3145.00 3139.00 3142.00 57540.00
20170626  14:18:00 3139.00 3141.00 3138.00 3140.00 14802.00
20170626  14:17:00 3137.00 3139.00 3137.00 3138.00 10550.00
20170626  14:16:00 3140.00 3140.00 3137.00 3137.00 17478.00
20170626  14:15:00 3140.00 3141.00 3138.00 3140.00 22874.00
20170626  14:14:00 3138.00 3141.00 3137.00 3140.00 18910.00
20170626  14:13:00 3140.00 3141.00 3137.00 3137.00 20164.00
20170626  14:12:00 3137.00 3139.00 3136.00 3139.00 11998.00
20170626  14:11:00 3136.00 3139.00 3136.00 3137.00 10698.00
20170626  14:10:00 3139.00 3141.00 3135.00 3136.00 22276.00
20170626  14:09:00 3136.00 3140.00 3136.00 3139.00 14516.00
20170626  14:08:00 3136.00 3140.00 3136.00 3136.00 31666.00
20170626  14:07:00 3139.00 3139.00 3136.00 3136.00 19568.00
20170626  14:06:00 3138.00 3140.00 3137.00 3138.00 18496.00
20170626  14:05:00 3139.00 3140.00 3136.00 3138.00 29206.00
20170626  14:04:00 3140.00 3143.00 3138.00 3138.00 48378.00
20170626  14:03:00 3138.00 3142.00 3137.00 3141.00 56976.00
20170626  14:02:00 3135.00 3143.00 3135.00 3138.00 115890.00
20170626  14:01:00 3121.00 3136.00 3121.00 3134.00 140972.00
20170626  14:00:00 3121.00 3123.00 3119.00 3120.00 28434.00
20170626  13:59:00 3117.00 3121.00 3116.00 3121.00 16286.00
20170626  13:58:00 3118.00 3119.00 3117.00 3117.00 5944.00
20170626  13:57:00 3117.00 3119.00 3117.00 3118.00 7052.00
20170626  13:56:00 3119.00 3120.00 3115.00 3117.00 14360.00
20170626  13:55:00 3119.00 3122.00 3119.00 3120.00 38156.00
20170626  13:54:00 3119.00 3119.00 3116.00 3119.00 12218.00
20170626  13:53:00 3116.00 3120.00 3116.00 3118.00 19362.00
20170626  13:52:00 3115.00 3118.00 3115.00 3116.00 13932.00
20170626  13:51:00 3115.00 3116.00 3114.00 3115.00 3818.00
20170626  13:50:00 3114.00 3116.00 3114.00 3115.00 10030.00
20170626  13:49:00 3115.00 3115.00 3113.00 3114.00 11360.00
20170626  13:48:00 3113.00 3115.00 3112.00 3115.00 7934.00
20170626  13:47:00 3110.00 3113.00 3108.00 3113.00 9716.00
20170626  13:46:00 3111.00 3112.00 3110.00 3110.00 6206.00
20170626  13:45:00 3112.00 3113.00 3111.00 3111.00 4128.00
20170626  13:44:00 3113.00 3113.00 3111.00 3112.00 7204.00
20170626  13:43:00 3115.00 3115.00 3113.00 3113.00 5112.00
20170626  13:42:00 3111.00 3115.00 3111.00 3115.00 8596.00
20170626  13:41:00 3111.00 3112.00 3111.00 3111.00 3144.00
20170626  13:40:00 3114.00 3114.00 3111.00 3111.00 6880.00
20170626  13:39:00 3113.00 3114.00 3112.00 3114.00 4678.00
20170626  13:38:00 3113.00 3113.00 3112.00 3112.00 2634.00
20170626  13:37:00 3113.00 3114.00 3112.00 3112.00 9138.00
20170626  13:36:00 3109.00 3113.00 3109.00 3113.00 8200.00
20170626  13:35:00 3109.00 3110.00 3108.00 3109.00 8608.00
20170626  13:34:00 3111.00 3111.00 3109.00 3109.00 6062.00
20170626  13:33:00 3110.00 3111.00 3109.00 3110.00 9318.00
20170626  13:32:00 3113.00 3113.00 3110.00 3110.00 10538.00
20170626  13:31:00 3111.00 3113.00 3110.00 3112.00 9652.00
20170626  13:30:00 3108.00 3113.00 3108.00 3112.00 24106.00
20170626  11:29:00 3106.00 3107.00 3104.00 3107.00 17634.00
20170626  11:28:00 3107.00 3108.00 3105.00 3106.00 8994.00
20170626  11:27:00 3103.00 3109.00 3102.00 3108.00 16524.00
20170626  11:26:00 3108.00 3109.00 3104.00 3104.00 14174.00
20170626  11:25:00 3109.00 3110.00 3109.00 3109.00 3536.00
20170626  11:24:00 3110.00 3111.00 3109.00 3110.00 4772.00
20170626  11:23:00 3106.00 3110.00 3105.00 3110.00 7356.00
20170626  11:22:00 3106.00 3108.00 3105.00 3105.00 15656.00
20170626  11:21:00 3106.00 3108.00 3105.00 3106.00 18554.00
20170626  11:20:00 3110.00 3111.00 3105.00 3107.00 17350.00
20170626  11:19:00 3113.00 3113.00 3109.00 3110.00 13354.00
20170626  11:18:00 3112.00 3114.00 3111.00 3113.00 6728.00
20170626  11:17:00 3111.00 3113.00 3111.00 3112.00 5576.00
20170626  11:16:00 3111.00 3114.00 3111.00 3112.00 7748.00
20170626  11:15:00 3115.00 3115.00 3110.00 3112.00 15460.00
20170626  11:14:00 3117.00 3118.00 3112.00 3114.00 18812.00
20170626  11:13:00 3113.00 3118.00 3113.00 3117.00 19396.00
20170626  11:12:00 3115.00 3116.00 3113.00 3114.00 11082.00
20170626  11:11:00 3113.00 3119.00 3110.00 3115.00 44612.00
20170626  11:10:00 3100.00 3114.00 3099.00 3113.00 59196.00
20170626  11:09:00 3108.00 3109.00 3097.00 3100.00 86168.00
20170626  11:08:00 3108.00 3108.00 3104.00 3108.00 53974.00
20170626  11:07:00 3119.00 3119.00 3108.00 3108.00 39066.00
20170626  11:06:00 3119.00 3121.00 3118.00 3119.00 8540.00
20170626  11:05:00 3118.00 3120.00 3117.00 3118.00 12134.00
20170626  11:04:00 3120.00 3121.00 3118.00 3118.00 6638.00
20170626  11:03:00 3121.00 3122.00 3117.00 3120.00 12950.00
20170626  11:02:00 3120.00 3123.00 3120.00 3122.00 20698.00
20170626  11:01:00 3119.00 3125.00 3117.00 3120.00 49974.00
20170626  11:00:00 3111.00 3120.00 3111.00 3118.00 45010.00
20170626  10:59:00 3110.00 3112.00 3109.00 3111.00 11680.00
20170626  10:58:00 3113.00 3114.00 3110.00 3110.00 12098.00
20170626  10:57:00 3114.00 3115.00 3112.00 3112.00 4720.00
20170626  10:56:00 3112.00 3114.00 3111.00 3114.00 7670.00
20170626  10:55:00 3114.00 3115.00 3111.00 3112.00 5992.00
20170626  10:54:00 3113.00 3115.00 3113.00 3115.00 3876.00
20170626  10:53:00 3115.00 3115.00 3113.00 3113.00 2978.00
20170626  10:52:00 3112.00 3115.00 3112.00 3115.00 6024.00
20170626  10:51:00 3114.00 3115.00 3111.00 3112.00 17736.00
20170626  10:50:00 3117.00 3118.00 3114.00 3114.00 6798.00
20170626  10:49:00 3118.00 3119.00 3117.00 3117.00 2362.00
20170626  10:48:00 3119.00 3119.00 3118.00 3119.00 1814.00
20170626  10:47:00 3117.00 3119.00 3116.00 3119.00 5560.00
20170626  10:46:00 3119.00 3120.00 3115.00 3116.00 7292.00
20170626  10:45:00 3118.00 3120.00 3118.00 3119.00 12920.00
20170626  10:44:00 3118.00 3119.00 3117.00 3119.00 4300.00
20170626  10:43:00 3119.00 3120.00 3117.00 3118.00 6798.00
20170626  10:42:00 3119.00 3120.00 3118.00 3119.00 5956.00
20170626  10:41:00 3118.00 3119.00 3117.00 3118.00 4694.00
20170626  10:40:00 3116.00 3119.00 3116.00 3118.00 5220.00
20170626  10:39:00 3116.00 3118.00 3115.00 3117.00 6552.00
20170626  10:38:00 3118.00 3119.00 3114.00 3115.00 16710.00
20170626  10:37:00 3118.00 3120.00 3116.00 3118.00 11214.00
20170626  10:36:00 3119.00 3120.00 3116.00 3117.00 12038.00
20170626  10:35:00 3121.00 3124.00 3118.00 3120.00 26850.00
20170626  10:34:00 3119.00 3122.00 3118.00 3121.00 22406.00
20170626  10:33:00 3118.00 3119.00 3117.00 3118.00 11418.00
20170626  10:32:00 3117.00 3121.00 3117.00 3118.00 22334.00
20170626  10:31:00 3118.00 3120.00 3116.00 3118.00 22936.00
20170626  10:30:00 3110.00 3117.00 3110.00 3117.00 28116.00
20170626  10:14:00 3110.00 3111.00 3109.00 3110.00 6450.00
20170626  10:13:00 3108.00 3111.00 3108.00 3111.00 4552.00
20170626  10:12:00 3109.00 3109.00 3107.00 3108.00 4012.00
20170626  10:11:00 3108.00 3110.00 3107.00 3109.00 5898.00
20170626  10:10:00 3110.00 3110.00 3107.00 3108.00 5656.00
20170626  10:09:00 3107.00 3110.00 3107.00 3110.00 7118.00
20170626  10:08:00 3108.00 3109.00 3107.00 3107.00 5696.00
20170626  10:07:00 3106.00 3109.00 3106.00 3109.00 8352.00
20170626  10:06:00 3105.00 3107.00 3105.00 3107.00 10194.00
20170626  10:05:00 3108.00 3109.00 3104.00 3106.00 38292.00
20170626  10:04:00 3112.00 3113.00 3108.00 3108.00 14774.00
20170626  10:03:00 3114.00 3114.00 3112.00 3113.00 5180.00
20170626  10:02:00 3111.00 3114.00 3111.00 3114.00 6596.00
20170626  10:01:00 3112.00 3113.00 3111.00 3111.00 7484.00
20170626  10:00:00 3111.00 3113.00 3111.00 3112.00 12938.00
20170626  09:59:00 3108.00 3112.00 3108.00 3111.00 18812.00
20170626  09:58:00 3113.00 3114.00 3107.00 3109.00 35998.00
20170626  09:57:00 3114.00 3115.00 3112.00 3113.00 8602.00
20170626  09:56:00 3117.00 3117.00 3112.00 3114.00 19240.00
20170626  09:55:00 3119.00 3119.00 3115.00 3116.00 20312.00
20170626  09:54:00 3120.00 3121.00 3118.00 3118.00 5484.00
20170626  09:53:00 3121.00 3121.00 3119.00 3120.00 5866.00
20170626  09:52:00 3119.00 3121.00 3118.00 3121.00 7260.00
20170626  09:51:00 3119.00 3120.00 3118.00 3119.00 7818.00
20170626  09:50:00 3120.00 3121.00 3118.00 3118.00 12156.00
20170626  09:49:00 3124.00 3124.00 3120.00 3120.00 14966.00
20170626  09:48:00 3120.00 3124.00 3120.00 3123.00 29038.00
20170626  09:47:00 3119.00 3120.00 3119.00 3120.00 6466.00
20170626  09:46:00 3117.00 3120.00 3117.00 3119.00 7580.00
20170626  09:45:00 3121.00 3122.00 3117.00 3117.00 16866.00
20170626  09:44:00 3118.00 3122.00 3118.00 3121.00 28514.00
20170626  09:43:00 3115.00 3118.00 3115.00 3118.00 8148.00
20170626  09:42:00 3118.00 3118.00 3114.00 3115.00 9178.00
20170626  09:41:00 3116.00 3118.00 3115.00 3118.00 8416.00
20170626  09:40:00 3113.00 3116.00 3112.00 3116.00 8062.00
20170626  09:39:00 3113.00 3114.00 3111.00 3112.00 8764.00
20170626  09:38:00 3112.00 3114.00 3112.00 3113.00 3070.00
20170626  09:37:00 3111.00 3113.00 3111.00 3113.00 4160.00
20170626  09:36:00 3112.00 3114.00 3111.00 3111.00 8098.00
20170626  09:35:00 3115.00 3115.00 3111.00 3113.00 19602.00
20170626  09:34:00 3120.00 3120.00 3115.00 3115.00 16280.00
20170626  09:33:00 3117.00 3121.00 3117.00 3119.00 24194.00
20170626  09:32:00 3117.00 3120.00 3116.00 3118.00 17318.00
20170626  09:31:00 3116.00 3118.00 3116.00 3117.00 11916.00
20170626  09:30:00 3118.00 3120.00 3115.00 3116.00 33110.00
20170626  09:29:00 3113.00 3118.00 3111.00 3118.00 24648.00
20170626  09:28:00 3112.00 3114.00 3109.00 3112.00 17360.00
20170626  09:27:00 3109.00 3113.00 3109.00 3113.00 5858.00
20170626  09:26:00 3110.00 3111.00 3108.00 3109.00 5170.00
20170626  09:25:00 3108.00 3110.00 3108.00 3110.00 3972.00
20170626  09:24:00 3108.00 3109.00 3107.00 3109.00 4650.00
20170626  09:23:00 3109.00 3110.00 3107.00 3108.00 6638.00
20170626  09:22:00 3108.00 3110.00 3106.00 3109.00 10246.00
20170626  09:21:00 3110.00 3112.00 3108.00 3108.00 6830.00
20170626  09:20:00 3112.00 3112.00 3108.00 3109.00 10826.00
20170626  09:19:00 3109.00 3112.00 3108.00 3111.00 11940.00
20170626  09:18:00 3111.00 3113.00 3109.00 3109.00 14082.00
20170626  09:17:00 3112.00 3114.00 3110.00 3111.00 17278.00
20170626  09:16:00 3109.00 3114.00 3108.00 3112.00 42858.00
20170626  09:15:00 3108.00 3109.00 3106.00 3108.00 15952.00
20170626  09:14:00 3108.00 3109.00 3106.00 3107.00 21736.00
20170626  09:13:00 3106.00 3108.00 3105.00 3108.00 11516.00
20170626  09:12:00 3107.00 3108.00 3105.00 3106.00 21704.00
20170626  09:11:00 3103.00 3108.00 3103.00 3108.00 29770.00
20170626  09:10:00 3098.00 3105.00 3097.00 3103.00 17034.00
20170626  09:09:00 3101.00 3101.00 3097.00 3098.00 16474.00
20170626  09:08:00 3100.00 3103.00 3100.00 3102.00 15294.00
20170626  09:07:00 3098.00 3101.00 3098.00 3100.00 8966.00
20170626  09:06:00 3101.00 3102.00 3096.00 3098.00 14384.00
20170626  09:05:00 3102.00 3103.00 3096.00 3102.00 24256.00
20170626  09:04:00 3097.00 3103.00 3097.00 3102.00 28928.00
20170626  09:03:00 3093.00 3099.00 3092.00 3097.00 34734.00
20170626  09:02:00 3099.00 3099.00 3093.00 3094.00 49486.00
20170626  09:01:00 3103.00 3106.00 3098.00 3099.00 47510.00
20170626  09:00:00 3100.00 3108.00 3094.00 3103.00 143352.00
20170623  23:00:00 3113.00 3113.00 3113.00 3113.00  90.00
20170623  22:59:00 3114.00 3115.00 3111.00 3111.00 53896.00
20170623  22:58:00 3116.00 3118.00 3114.00 3114.00 28128.00
20170623  22:57:00 3116.00 3118.00 3115.00 3117.00 14766.00
20170623  22:56:00 3115.00 3118.00 3114.00 3116.00 24748.00
20170623  22:55:00 3111.00 3115.00 3111.00 3115.00 19370.00
20170623  22:54:00 3113.00 3114.00 3108.00 3112.00 25672.00
20170623  22:53:00 3112.00 3114.00 3112.00 3113.00 11928.00
20170623  22:52:00 3112.00 3115.00 3111.00 3112.00 21032.00
20170623  22:51:00 3113.00 3115.00 3110.00 3112.00 51874.00
20170623  22:50:00 3118.00 3118.00 3113.00 3114.00 32984.00
20170623  22:49:00 3117.00 3119.00 3117.00 3118.00 16716.00
20170623  22:48:00 3121.00 3122.00 3116.00 3117.00 25974.00
20170623  22:47:00 3122.00 3123.00 3120.00 3121.00 15662.00
20170623  22:46:00 3124.00 3125.00 3121.00 3122.00 13534.00
20170623  22:45:00 3127.00 3128.00 3124.00 3124.00 30020.00
20170623  22:44:00 3124.00 3127.00 3122.00 3127.00 25500.00
20170623  22:43:00 3122.00 3124.00 3121.00 3124.00 8674.00
20170623  22:42:00 3123.00 3124.00 3122.00 3122.00 12530.00
20170623  22:41:00 3121.00 3124.00 3121.00 3123.00 10364.00
20170623  22:40:00 3120.00 3123.00 3120.00 3121.00 13090.00
20170623  22:39:00 3123.00 3123.00 3118.00 3121.00 20556.00
20170623  22:38:00 3121.00 3123.00 3120.00 3122.00 13122.00
20170623  22:37:00 3120.00 3122.00 3119.00 3122.00 23376.00
20170623  22:36:00 3126.00 3126.00 3120.00 3120.00 28416.00
20170623  22:35:00 3124.00 3127.00 3124.00 3125.00 26800.00
20170623  22:34:00 3125.00 3127.00 3122.00 3124.00 23914.00
20170623  22:33:00 3119.00 3128.00 3119.00 3124.00 51092.00
20170623  22:32:00 3122.00 3126.00 3118.00 3119.00 41426.00
20170623  22:31:00 3113.00 3130.00 3113.00 3122.00 128688.00
20170623  22:30:00 3113.00 3116.00 3111.00 3113.00 36254.00
20170623  22:29:00 3111.00 3114.00 3111.00 3112.00 19258.00
20170623  22:28:00 3114.00 3114.00 3111.00 3111.00 26978.00
20170623  22:27:00 3110.00 3116.00 3110.00 3114.00 93388.00
20170623  22:26:00 3105.00 3109.00 3104.00 3109.00 24356.00
20170623  22:25:00 3104.00 3106.00 3104.00 3105.00 10280.00
20170623  22:24:00 3104.00 3105.00 3103.00 3105.00 3018.00
20170623  22:23:00 3103.00 3104.00 3102.00 3104.00 4202.00
20170623  22:22:00 3103.00 3104.00 3102.00 3102.00 3080.00
20170623  22:21:00 3101.00 3105.00 3101.00 3102.00 8758.00
20170623  22:20:00 3105.00 3106.00 3101.00 3101.00 10516.00
20170623  22:19:00 3103.00 3106.00 3103.00 3105.00 10762.00
20170623  22:18:00 3103.00 3106.00 3102.00 3104.00 33654.00
20170623  22:17:00 3102.00 3103.00 3101.00 3103.00 6252.00
20170623  22:16:00 3103.00 3103.00 3102.00 3102.00 5774.00
20170623  22:15:00 3100.00 3104.00 3100.00 3103.00 9056.00
20170623  22:14:00 3101.00 3102.00 3100.00 3101.00 6184.00
20170623  22:13:00 3100.00 3103.00 3100.00 3101.00 13556.00
20170623  22:12:00 3098.00 3100.00 3097.00 3100.00 5592.00
20170623  22:11:00 3097.00 3099.00 3097.00 3098.00 9128.00
20170623  22:10:00 3099.00 3100.00 3097.00 3098.00 12372.00
20170623  22:09:00 3099.00 3100.00 3098.00 3099.00 8976.00
20170623  22:08:00 3100.00 3100.00 3098.00 3098.00 2956.00
20170623  22:07:00 3098.00 3101.00 3098.00 3100.00 5200.00
20170623  22:06:00 3101.00 3101.00 3098.00 3098.00 7650.00
20170623  22:05:00 3101.00 3103.00 3100.00 3100.00 8434.00
20170623  22:04:00 3103.00 3104.00 3101.00 3102.00 9626.00
20170623  22:03:00 3098.00 3104.00 3098.00 3103.00 18200.00
20170623  22:02:00 3098.00 3099.00 3097.00 3099.00 10026.00
20170623  22:01:00 3102.00 3103.00 3098.00 3099.00 14644.00
20170623  22:00:00 3101.00 3103.00 3100.00 3102.00 26634.00
20170623  21:59:00 3099.00 3102.00 3097.00 3101.00 21742.00
20170623  21:58:00 3096.00 3100.00 3095.00 3098.00 22506.00
20170623  21:57:00 3094.00 3097.00 3094.00 3096.00 11952.00
20170623  21:56:00 3091.00 3095.00 3091.00 3094.00 7050.00
20170623  21:55:00 3093.00 3094.00 3091.00 3091.00 7090.00
20170623  21:54:00 3095.00 3095.00 3093.00 3093.00 4354.00
20170623  21:53:00 3095.00 3095.00 3093.00 3095.00 5982.00
20170623  21:52:00 3092.00 3095.00 3092.00 3095.00 6322.00
20170623  21:51:00 3094.00 3094.00 3091.00 3092.00 16484.00
20170623  21:50:00 3093.00 3095.00 3093.00 3094.00 11896.00
20170623  21:49:00 3094.00 3094.00 3092.00 3094.00 8356.00
20170623  21:48:00 3090.00 3094.00 3090.00 3094.00 10840.00
20170623  21:47:00 3091.00 3091.00 3089.00 3090.00 12632.00
20170623  21:46:00 3091.00 3091.00 3088.00 3090.00 15066.00
20170623  21:45:00 3094.00 3094.00 3090.00 3090.00 11954.00
20170623  21:44:00 3092.00 3094.00 3092.00 3093.00 6160.00
20170623  21:43:00 3092.00 3094.00 3092.00 3092.00 3512.00
20170623  21:42:00 3091.00 3094.00 3091.00 3092.00 7516.00
20170623  21:41:00 3093.00 3093.00 3091.00 3091.00 5988.00
20170623  21:40:00 3091.00 3093.00 3090.00 3093.00 10608.00
20170623  21:39:00 3090.00 3092.00 3090.00 3091.00 13992.00
20170623  21:38:00 3093.00 3093.00 3088.00 3090.00 27276.00
20170623  21:37:00 3092.00 3094.00 3091.00 3092.00 12156.00
20170623  21:36:00 3093.00 3093.00 3088.00 3093.00 40454.00
20170623  21:35:00 3097.00 3098.00 3092.00 3093.00 28936.00
20170623  21:34:00 3102.00 3102.00 3097.00 3098.00 13500.00
20170623  21:33:00 3100.00 3103.00 3100.00 3101.00 12728.00
20170623  21:32:00 3102.00 3105.00 3100.00 3100.00 27236.00
20170623  21:31:00 3099.00 3102.00 3099.00 3101.00 17646.00
20170623  21:30:00 3100.00 3101.00 3098.00 3099.00 26014.00
20170623  21:29:00 3093.00 3100.00 3093.00 3099.00 33012.00
20170623  21:28:00 3092.00 3094.00 3091.00 3093.00 9630.00
20170623  21:27:00 3094.00 3094.00 3091.00 3091.00 6892.00
20170623  21:26:00 3092.00 3094.00 3091.00 3094.00 5778.00
20170623  21:25:00 3095.00 3095.00 3091.00 3091.00 10724.00
20170623  21:24:00 3095.00 3095.00 3093.00 3094.00 6124.00
20170623  21:23:00 3095.00 3095.00 3094.00 3095.00 3274.00
20170623  21:22:00 3095.00 3095.00 3094.00 3095.00 4094.00
20170623  21:21:00 3093.00 3095.00 3093.00 3094.00 7746.00
20170623  21:20:00 3094.00 3094.00 3091.00 3093.00 19804.00
20170623  21:19:00 3095.00 3097.00 3094.00 3095.00 18052.00
20170623  21:18:00 3095.00 3096.00 3094.00 3095.00 12074.00
20170623  21:17:00 3093.00 3095.00 3093.00 3095.00 8524.00
20170623  21:16:00 3095.00 3095.00 3092.00 3093.00 18722.00
20170623  21:15:00 3094.00 3096.00 3094.00 3094.00 14680.00
20170623  21:14:00 3095.00 3096.00 3093.00 3094.00 12646.00
20170623  21:13:00 3094.00 3096.00 3092.00 3094.00 21514.00
20170623  21:12:00 3096.00 3098.00 3093.00 3094.00 18928.00
20170623  21:11:00 3096.00 3098.00 3096.00 3097.00 18290.00
20170623  21:10:00 3098.00 3099.00 3095.00 3096.00 18662.00
20170623  21:09:00 3095.00 3098.00 3094.00 3098.00 17420.00
20170623  21:08:00 3095.00 3097.00 3094.00 3096.00 26656.00
20170623  21:07:00 3099.00 3100.00 3095.00 3095.00 20250.00
20170623  21:06:00 3100.00 3101.00 3099.00 3099.00 17000.00
20170623  21:05:00 3101.00 3104.00 3099.00 3100.00 20024.00
20170623  21:04:00 3099.00 3102.00 3099.00 3101.00 23322.00
20170623  21:03:00 3099.00 3100.00 3097.00 3099.00 16968.00
20170623  21:02:00 3100.00 3101.00 3096.00 3099.00 30906.00
20170623  21:01:00 3101.00 3102.00 3098.00 3100.00 38234.00
20170623  21:00:00 3106.00 3109.00 3100.00 3100.00 59814.00
