20170309  21:00:00 3387.00 3388.00 3385.00 3387.00 19482.00
20170309  21:01:00 3387.00 3393.00 3385.00 3392.00 11880.00
20170309  21:02:00 3393.00 3394.00 3390.00 3393.00 10652.00
20170309  21:03:00 3392.00 3395.00 3388.00 3390.00 11284.00
20170309  21:04:00 3390.00 3390.00 3385.00 3386.00 14158.00
20170309  21:05:00 3388.00 3391.00 3386.00 3390.00 7062.00
20170309  21:06:00 3390.00 3398.00 3390.00 3398.00 15946.00
20170309  21:07:00 3397.00 3398.00 3395.00 3397.00 11728.00
20170309  21:08:00 3396.00 3398.00 3391.00 3394.00 9680.00
20170309  21:09:00 3394.00 3397.00 3393.00 3397.00 9240.00
20170309  21:10:00 3396.00 3398.00 3392.00 3393.00 11178.00
20170309  21:11:00 3393.00 3396.00 3391.00 3395.00 5180.00
20170309  21:12:00 3395.00 3397.00 3395.00 3396.00 6024.00
20170309  21:13:00 3396.00 3396.00 3393.00 3395.00 5874.00
20170309  21:14:00 3394.00 3396.00 3394.00 3395.00 5784.00
20170309  21:15:00 3395.00 3397.00 3394.00 3397.00 8676.00
20170309  21:16:00 3396.00 3399.00 3396.00 3398.00 11460.00
20170309  21:17:00 3398.00 3399.00 3395.00 3396.00 5406.00
20170309  21:18:00 3396.00 3397.00 3394.00 3396.00 4908.00
20170309  21:19:00 3396.00 3399.00 3395.00 3399.00 9030.00
20170309  21:20:00 3398.00 3405.00 3398.00 3404.00 31240.00
20170309  21:21:00 3403.00 3415.00 3403.00 3414.00 53520.00
20170309  21:22:00 3414.00 3414.00 3411.00 3412.00 17806.00
20170309  21:23:00 3411.00 3412.00 3408.00 3410.00 14998.00
20170309  21:24:00 3411.00 3415.00 3411.00 3414.00 14370.00
20170309  21:25:00 3414.00 3416.00 3412.00 3412.00 12776.00
20170309  21:26:00 3412.00 3414.00 3408.00 3408.00 11506.00
20170309  21:27:00 3409.00 3411.00 3408.00 3410.00 6968.00
20170309  21:28:00 3411.00 3413.00 3409.00 3410.00 8542.00
20170309  21:29:00 3410.00 3411.00 3407.00 3408.00 5938.00
20170309  21:30:00 3408.00 3411.00 3407.00 3410.00 9216.00
20170309  21:31:00 3410.00 3411.00 3409.00 3411.00 6102.00
20170309  21:32:00 3412.00 3415.00 3411.00 3415.00 11824.00
20170309  21:33:00 3415.00 3415.00 3409.00 3413.00 13722.00
20170309  21:34:00 3413.00 3414.00 3410.00 3413.00 5236.00
20170309  21:35:00 3411.00 3413.00 3409.00 3409.00 3392.00
20170309  21:36:00 3409.00 3414.00 3409.00 3413.00 4772.00
20170309  21:37:00 3413.00 3413.00 3410.00 3412.00 2320.00
20170309  21:38:00 3411.00 3413.00 3411.00 3412.00 3320.00
20170309  21:39:00 3412.00 3414.00 3412.00 3414.00 3258.00
20170309  21:40:00 3414.00 3415.00 3409.00 3409.00 6036.00
20170309  21:41:00 3410.00 3410.00 3407.00 3408.00 9070.00
20170309  21:42:00 3408.00 3410.00 3407.00 3410.00 5400.00
20170309  21:43:00 3409.00 3410.00 3407.00 3407.00 5654.00
20170309  21:44:00 3408.00 3409.00 3406.00 3407.00 5712.00
20170309  21:45:00 3407.00 3410.00 3407.00 3409.00 3102.00
20170309  21:46:00 3409.00 3409.00 3406.00 3406.00 3358.00
20170309  21:47:00 3406.00 3407.00 3405.00 3406.00 4554.00
20170309  21:48:00 3407.00 3407.00 3405.00 3405.00 6450.00
20170309  21:49:00 3405.00 3405.00 3400.00 3400.00 17686.00
20170309  21:50:00 3400.00 3404.00 3399.00 3402.00 18308.00
20170309  21:51:00 3402.00 3402.00 3395.00 3397.00 15828.00
20170309  21:52:00 3398.00 3401.00 3398.00 3401.00 5632.00
20170309  21:53:00 3400.00 3401.00 3395.00 3396.00 8902.00
20170309  21:54:00 3396.00 3400.00 3395.00 3400.00 5604.00
20170309  21:55:00 3400.00 3402.00 3397.00 3399.00 6668.00
20170309  21:56:00 3399.00 3399.00 3396.00 3398.00 4808.00
20170309  21:57:00 3398.00 3400.00 3397.00 3399.00 4164.00
20170309  21:58:00 3400.00 3401.00 3398.00 3400.00 5448.00
20170309  21:59:00 3400.00 3400.00 3395.00 3396.00 7520.00
20170309  22:00:00 3397.00 3398.00 3393.00 3398.00 8682.00
20170309  22:01:00 3398.00 3400.00 3397.00 3398.00 3860.00
20170309  22:02:00 3398.00 3398.00 3394.00 3394.00 3752.00
20170309  22:03:00 3394.00 3394.00 3391.00 3394.00 13708.00
20170309  22:04:00 3394.00 3395.00 3393.00 3394.00 3276.00
20170309  22:05:00 3394.00 3395.00 3388.00 3388.00 15204.00
20170309  22:06:00 3389.00 3392.00 3388.00 3391.00 9706.00
20170309  22:07:00 3391.00 3391.00 3387.00 3387.00 8266.00
20170309  22:08:00 3388.00 3390.00 3387.00 3390.00 4720.00
20170309  22:09:00 3390.00 3390.00 3388.00 3388.00 5004.00
20170309  22:10:00 3389.00 3395.00 3387.00 3395.00 13626.00
20170309  22:11:00 3395.00 3395.00 3393.00 3395.00 4128.00
20170309  22:12:00 3394.00 3398.00 3394.00 3398.00 6644.00
20170309  22:13:00 3398.00 3400.00 3397.00 3399.00 5730.00
20170309  22:14:00 3399.00 3400.00 3397.00 3399.00 8360.00
20170309  22:15:00 3398.00 3400.00 3397.00 3398.00 3940.00
20170309  22:16:00 3397.00 3399.00 3395.00 3396.00 4948.00
20170309  22:17:00 3396.00 3397.00 3395.00 3395.00 1938.00
20170309  22:18:00 3396.00 3399.00 3395.00 3399.00 2364.00
20170309  22:19:00 3399.00 3400.00 3397.00 3399.00 5112.00
20170309  22:20:00 3399.00 3399.00 3396.00 3397.00 1692.00
20170309  22:21:00 3397.00 3403.00 3397.00 3403.00 11722.00
20170309  22:22:00 3402.00 3402.00 3397.00 3398.00 4686.00
20170309  22:23:00 3398.00 3399.00 3397.00 3398.00 1974.00
20170309  22:24:00 3398.00 3401.00 3398.00 3399.00 3066.00
20170309  22:25:00 3399.00 3400.00 3395.00 3395.00 4314.00
20170309  22:26:00 3395.00 3398.00 3395.00 3396.00 1990.00
20170309  22:27:00 3396.00 3398.00 3396.00 3396.00 1002.00
20170309  22:28:00 3397.00 3398.00 3396.00 3397.00 1300.00
20170309  22:29:00 3398.00 3406.00 3397.00 3405.00 9338.00
20170309  22:30:00 3402.00 3405.00 3400.00 3401.00 5008.00
20170309  22:31:00 3401.00 3402.00 3399.00 3400.00 3070.00
20170309  22:32:00 3400.00 3400.00 3394.00 3395.00 5556.00
20170309  22:33:00 3395.00 3396.00 3394.00 3396.00 3344.00
20170309  22:34:00 3396.00 3396.00 3392.00 3392.00 8214.00
20170309  22:35:00 3392.00 3396.00 3392.00 3394.00 2916.00
20170309  22:36:00 3395.00 3399.00 3394.00 3397.00 1924.00
20170309  22:37:00 3397.00 3397.00 3395.00 3396.00 852.00
20170309  22:38:00 3396.00 3397.00 3395.00 3396.00 2032.00
20170309  22:39:00 3396.00 3398.00 3395.00 3397.00 1694.00
20170309  22:40:00 3397.00 3400.00 3396.00 3400.00 2372.00
20170309  22:41:00 3400.00 3400.00 3398.00 3398.00 2566.00
20170309  22:42:00 3398.00 3400.00 3398.00 3399.00 920.00
20170309  22:43:00 3400.00 3403.00 3398.00 3399.00 6112.00
20170309  22:44:00 3399.00 3400.00 3398.00 3399.00 1352.00
20170309  22:45:00 3399.00 3402.00 3398.00 3401.00 3270.00
20170309  22:46:00 3401.00 3401.00 3398.00 3400.00 2032.00
20170309  22:47:00 3400.00 3401.00 3396.00 3398.00 4544.00
20170309  22:48:00 3398.00 3401.00 3398.00 3399.00 1860.00
20170309  22:49:00 3399.00 3401.00 3399.00 3401.00 1760.00
20170309  22:50:00 3401.00 3404.00 3400.00 3400.00 4852.00
20170309  22:51:00 3400.00 3403.00 3400.00 3403.00 3732.00
20170309  22:52:00 3402.00 3404.00 3402.00 3404.00 3118.00
20170309  22:53:00 3404.00 3405.00 3401.00 3401.00 4210.00
20170309  22:54:00 3401.00 3403.00 3399.00 3402.00 3196.00
20170309  22:55:00 3401.00 3402.00 3397.00 3397.00 3696.00
20170309  22:56:00 3397.00 3401.00 3397.00 3401.00 3630.00
20170309  22:57:00 3400.00 3404.00 3400.00 3402.00 5430.00
20170309  22:58:00 3402.00 3402.00 3398.00 3400.00 3482.00
20170309  22:59:00 3400.00 3403.00 3400.00 3403.00 8730.00
20170309  23:00:00 3401.00 3401.00 3401.00 3401.00  28.00
20170310  09:00:00 3405.00 3413.00 3403.00 3412.00 27364.00
20170310  09:01:00 3412.00 3414.00 3408.00 3409.00 16092.00
20170310  09:02:00 3409.00 3410.00 3404.00 3405.00 11998.00
20170310  09:03:00 3406.00 3407.00 3403.00 3403.00 8268.00
20170310  09:04:00 3404.00 3408.00 3403.00 3408.00 6474.00
20170310  09:05:00 3408.00 3410.00 3406.00 3410.00 5942.00
20170310  09:06:00 3410.00 3413.00 3409.00 3412.00 7636.00
20170310  09:07:00 3412.00 3412.00 3407.00 3411.00 6192.00
20170310  09:08:00 3410.00 3411.00 3407.00 3408.00 5998.00
20170310  09:09:00 3408.00 3412.00 3408.00 3411.00 4110.00
20170310  09:10:00 3411.00 3418.00 3411.00 3414.00 28426.00
20170310  09:11:00 3415.00 3418.00 3414.00 3418.00 11454.00
20170310  09:12:00 3418.00 3421.00 3416.00 3419.00 42060.00
20170310  09:13:00 3420.00 3420.00 3415.00 3416.00 9488.00
20170310  09:14:00 3416.00 3426.00 3416.00 3426.00 30984.00
20170310  09:15:00 3425.00 3426.00 3420.00 3420.00 18294.00
20170310  09:16:00 3420.00 3423.00 3420.00 3421.00 6630.00
20170310  09:17:00 3420.00 3424.00 3419.00 3422.00 7630.00
20170310  09:18:00 3421.00 3422.00 3418.00 3418.00 6616.00
20170310  09:19:00 3418.00 3423.00 3418.00 3422.00 7270.00
20170310  09:20:00 3422.00 3424.00 3421.00 3421.00 6548.00
20170310  09:21:00 3421.00 3422.00 3420.00 3420.00 3818.00
20170310  09:22:00 3421.00 3422.00 3419.00 3419.00 4246.00
20170310  09:23:00 3419.00 3423.00 3419.00 3422.00 6512.00
20170310  09:24:00 3422.00 3424.00 3420.00 3420.00 4686.00
20170310  09:25:00 3421.00 3422.00 3415.00 3418.00 11120.00
20170310  09:26:00 3417.00 3418.00 3415.00 3415.00 6136.00
20170310  09:27:00 3415.00 3418.00 3415.00 3417.00 4894.00
20170310  09:28:00 3417.00 3418.00 3415.00 3416.00 3146.00
20170310  09:29:00 3416.00 3416.00 3411.00 3412.00 11030.00
20170310  09:30:00 3411.00 3415.00 3408.00 3414.00 13378.00
20170310  09:31:00 3415.00 3415.00 3411.00 3412.00 2584.00
20170310  09:32:00 3413.00 3413.00 3411.00 3412.00 3378.00
20170310  09:33:00 3412.00 3413.00 3410.00 3411.00 4872.00
20170310  09:34:00 3411.00 3412.00 3408.00 3410.00 4650.00
20170310  09:35:00 3410.00 3414.00 3408.00 3414.00 7552.00
20170310  09:36:00 3413.00 3414.00 3410.00 3411.00 3552.00
20170310  09:37:00 3411.00 3411.00 3407.00 3409.00 6052.00
20170310  09:38:00 3408.00 3411.00 3408.00 3410.00 2750.00
20170310  09:39:00 3410.00 3411.00 3409.00 3410.00 3750.00
20170310  09:40:00 3409.00 3411.00 3407.00 3407.00 5056.00
20170310  09:41:00 3406.00 3410.00 3406.00 3409.00 5204.00
20170310  09:42:00 3409.00 3409.00 3407.00 3408.00 3166.00
20170310  09:43:00 3409.00 3409.00 3407.00 3407.00 2426.00
20170310  09:44:00 3408.00 3412.00 3407.00 3409.00 7874.00
20170310  09:45:00 3409.00 3410.00 3408.00 3410.00 2744.00
20170310  09:46:00 3410.00 3412.00 3409.00 3411.00 2114.00
20170310  09:47:00 3411.00 3411.00 3409.00 3410.00 2254.00
20170310  09:48:00 3410.00 3410.00 3407.00 3407.00 2928.00
20170310  09:49:00 3407.00 3410.00 3407.00 3407.00 3476.00
20170310  09:50:00 3407.00 3409.00 3402.00 3408.00 14728.00
20170310  09:51:00 3407.00 3407.00 3404.00 3406.00 5762.00
20170310  09:52:00 3406.00 3406.00 3402.00 3402.00 8428.00
20170310  09:53:00 3403.00 3404.00 3400.00 3403.00 23462.00
20170310  09:54:00 3404.00 3404.00 3396.00 3396.00 13462.00
20170310  09:55:00 3396.00 3401.00 3396.00 3396.00 12128.00
20170310  09:56:00 3396.00 3396.00 3392.00 3394.00 16930.00
20170310  09:57:00 3394.00 3395.00 3390.00 3391.00 24068.00
20170310  09:58:00 3392.00 3398.00 3391.00 3396.00 13290.00
20170310  09:59:00 3396.00 3396.00 3387.00 3393.00 22034.00
20170310  10:00:00 3394.00 3395.00 3388.00 3395.00 14204.00
20170310  10:01:00 3395.00 3401.00 3393.00 3399.00 10964.00
20170310  10:02:00 3399.00 3399.00 3394.00 3395.00 5932.00
20170310  10:03:00 3395.00 3402.00 3395.00 3400.00 8812.00
20170310  10:04:00 3400.00 3403.00 3397.00 3400.00 5600.00
20170310  10:05:00 3400.00 3401.00 3398.00 3398.00 2478.00
20170310  10:06:00 3398.00 3399.00 3398.00 3398.00 2106.00
20170310  10:07:00 3399.00 3399.00 3397.00 3399.00 2964.00
20170310  10:08:00 3399.00 3404.00 3398.00 3403.00 6446.00
20170310  10:09:00 3404.00 3404.00 3400.00 3401.00 3196.00
20170310  10:10:00 3401.00 3402.00 3400.00 3400.00 1628.00
20170310  10:11:00 3400.00 3401.00 3397.00 3398.00 3990.00
20170310  10:12:00 3397.00 3398.00 3396.00 3397.00 2920.00
20170310  10:13:00 3398.00 3402.00 3397.00 3400.00 3812.00
20170310  10:14:00 3401.00 3401.00 3397.00 3397.00 2164.00
20170310  10:30:00 3396.00 3397.00 3394.00 3395.00 9788.00
20170310  10:31:00 3395.00 3399.00 3395.00 3398.00 3006.00
20170310  10:32:00 3396.00 3397.00 3395.00 3396.00 2878.00
20170310  10:33:00 3396.00 3397.00 3395.00 3397.00 1968.00
20170310  10:34:00 3396.00 3398.00 3396.00 3397.00 1468.00
20170310  10:35:00 3397.00 3398.00 3392.00 3395.00 4576.00
20170310  10:36:00 3394.00 3395.00 3392.00 3393.00 2042.00
20170310  10:37:00 3394.00 3395.00 3393.00 3394.00 1830.00
20170310  10:38:00 3394.00 3398.00 3394.00 3397.00 3852.00
20170310  10:39:00 3397.00 3397.00 3395.00 3396.00 1930.00
20170310  10:40:00 3395.00 3396.00 3392.00 3393.00 3958.00
20170310  10:41:00 3393.00 3394.00 3388.00 3389.00 14752.00
20170310  10:42:00 3389.00 3391.00 3385.00 3387.00 16528.00
20170310  10:43:00 3387.00 3390.00 3386.00 3388.00 6872.00
20170310  10:44:00 3389.00 3391.00 3383.00 3384.00 15848.00
20170310  10:45:00 3385.00 3386.00 3383.00 3383.00 12566.00
20170310  10:46:00 3383.00 3387.00 3381.00 3382.00 17456.00
20170310  10:47:00 3383.00 3386.00 3381.00 3386.00 6666.00
20170310  10:48:00 3386.00 3386.00 3384.00 3386.00 7270.00
20170310  10:49:00 3386.00 3386.00 3381.00 3381.00 7738.00
20170310  10:50:00 3382.00 3384.00 3380.00 3383.00 12016.00
20170310  10:51:00 3383.00 3389.00 3382.00 3388.00 5972.00
20170310  10:52:00 3387.00 3388.00 3384.00 3388.00 5664.00
20170310  10:53:00 3388.00 3396.00 3388.00 3395.00 12704.00
20170310  10:54:00 3394.00 3394.00 3390.00 3391.00 5756.00
20170310  10:55:00 3390.00 3393.00 3390.00 3391.00 3814.00
20170310  10:56:00 3391.00 3394.00 3391.00 3393.00 2716.00
20170310  10:57:00 3392.00 3393.00 3388.00 3389.00 3886.00
20170310  10:58:00 3389.00 3390.00 3387.00 3389.00 2726.00
20170310  10:59:00 3389.00 3389.00 3383.00 3383.00 6056.00
20170310  11:00:00 3384.00 3386.00 3382.00 3386.00 6704.00
20170310  11:01:00 3385.00 3388.00 3383.00 3386.00 3656.00
20170310  11:02:00 3386.00 3388.00 3385.00 3386.00 4636.00
20170310  11:03:00 3387.00 3394.00 3386.00 3394.00 7412.00
20170310  11:04:00 3394.00 3394.00 3388.00 3390.00 4662.00
20170310  11:05:00 3390.00 3391.00 3388.00 3390.00 2668.00
20170310  11:06:00 3388.00 3391.00 3388.00 3390.00 1190.00
20170310  11:07:00 3390.00 3395.00 3390.00 3395.00 4782.00
20170310  11:08:00 3395.00 3398.00 3393.00 3397.00 9336.00
20170310  11:09:00 3396.00 3402.00 3396.00 3396.00 15828.00
20170310  11:10:00 3396.00 3400.00 3395.00 3397.00 4350.00
20170310  11:11:00 3398.00 3401.00 3397.00 3399.00 4376.00
20170310  11:12:00 3399.00 3400.00 3394.00 3397.00 5014.00
20170310  11:13:00 3397.00 3399.00 3395.00 3396.00 1862.00
20170310  11:14:00 3395.00 3397.00 3395.00 3397.00 1282.00
20170310  11:15:00 3396.00 3397.00 3392.00 3393.00 4006.00
20170310  11:16:00 3392.00 3396.00 3392.00 3395.00 4184.00
20170310  11:17:00 3396.00 3396.00 3393.00 3393.00 1578.00
20170310  11:18:00 3393.00 3393.00 3390.00 3393.00 3694.00
20170310  11:19:00 3394.00 3396.00 3390.00 3392.00 4238.00
20170310  11:20:00 3392.00 3394.00 3392.00 3394.00 678.00
20170310  11:21:00 3394.00 3394.00 3393.00 3394.00 478.00
20170310  11:22:00 3393.00 3394.00 3391.00 3392.00 3018.00
20170310  11:23:00 3392.00 3393.00 3391.00 3392.00 1166.00
20170310  11:24:00 3391.00 3392.00 3388.00 3388.00 4390.00
20170310  11:25:00 3388.00 3392.00 3387.00 3389.00 5666.00
20170310  11:26:00 3390.00 3390.00 3388.00 3388.00 1868.00
20170310  11:27:00 3388.00 3394.00 3387.00 3394.00 4610.00
20170310  11:28:00 3394.00 3395.00 3392.00 3394.00 2494.00
20170310  11:29:00 3394.00 3397.00 3392.00 3396.00 7138.00
20170310  13:30:00 3398.00 3405.00 3398.00 3403.00 21256.00
20170310  13:31:00 3402.00 3403.00 3398.00 3398.00 9198.00
20170310  13:32:00 3398.00 3398.00 3391.00 3392.00 10216.00
20170310  13:33:00 3392.00 3398.00 3391.00 3395.00 9282.00
20170310  13:34:00 3395.00 3398.00 3394.00 3396.00 5972.00
20170310  13:35:00 3396.00 3401.00 3395.00 3399.00 5190.00
20170310  13:36:00 3398.00 3399.00 3395.00 3396.00 4720.00
20170310  13:37:00 3396.00 3400.00 3396.00 3399.00 4250.00
20170310  13:38:00 3399.00 3405.00 3398.00 3404.00 11056.00
20170310  13:39:00 3404.00 3415.00 3404.00 3412.00 37184.00
20170310  13:40:00 3411.00 3415.00 3411.00 3415.00 21204.00
20170310  13:41:00 3415.00 3416.00 3410.00 3414.00 13856.00
20170310  13:42:00 3413.00 3419.00 3412.00 3418.00 24670.00
20170310  13:43:00 3418.00 3420.00 3415.00 3419.00 21990.00
20170310  13:44:00 3420.00 3421.00 3416.00 3420.00 21854.00
20170310  13:45:00 3420.00 3421.00 3415.00 3417.00 15550.00
20170310  13:46:00 3417.00 3418.00 3414.00 3414.00 8122.00
20170310  13:47:00 3414.00 3417.00 3412.00 3415.00 10654.00
20170310  13:48:00 3415.00 3417.00 3412.00 3413.00 6728.00
20170310  13:49:00 3414.00 3414.00 3409.00 3410.00 12178.00
20170310  13:50:00 3410.00 3414.00 3410.00 3410.00 10362.00
20170310  13:51:00 3410.00 3413.00 3410.00 3413.00 3554.00
20170310  13:52:00 3413.00 3417.00 3413.00 3417.00 6654.00
20170310  13:53:00 3417.00 3417.00 3412.00 3415.00 7456.00
20170310  13:54:00 3415.00 3416.00 3412.00 3414.00 3720.00
20170310  13:55:00 3415.00 3415.00 3412.00 3414.00 2762.00
20170310  13:56:00 3415.00 3420.00 3414.00 3419.00 11306.00
20170310  13:57:00 3419.00 3420.00 3417.00 3419.00 8086.00
20170310  13:58:00 3420.00 3421.00 3415.00 3416.00 11902.00
20170310  13:59:00 3416.00 3416.00 3411.00 3416.00 11078.00
20170310  14:00:00 3416.00 3417.00 3415.00 3416.00 10124.00
20170310  14:01:00 3416.00 3416.00 3409.00 3410.00 10764.00
20170310  14:02:00 3410.00 3414.00 3408.00 3408.00 10454.00
20170310  14:03:00 3409.00 3411.00 3406.00 3408.00 11066.00
20170310  14:04:00 3408.00 3410.00 3407.00 3410.00 6158.00
20170310  14:05:00 3410.00 3412.00 3407.00 3408.00 4068.00
20170310  14:06:00 3408.00 3410.00 3406.00 3408.00 5160.00
20170310  14:07:00 3408.00 3410.00 3408.00 3409.00 1642.00
20170310  14:08:00 3409.00 3410.00 3408.00 3409.00 1812.00
20170310  14:09:00 3409.00 3410.00 3409.00 3409.00 3244.00
20170310  14:10:00 3409.00 3412.00 3409.00 3412.00 3896.00
20170310  14:11:00 3411.00 3411.00 3404.00 3407.00 8264.00
20170310  14:12:00 3406.00 3410.00 3406.00 3409.00 3540.00
20170310  14:13:00 3410.00 3410.00 3407.00 3407.00 2256.00
20170310  14:14:00 3407.00 3409.00 3407.00 3409.00 4272.00
20170310  14:15:00 3408.00 3411.00 3408.00 3409.00 3704.00
20170310  14:16:00 3409.00 3415.00 3409.00 3414.00 8874.00
20170310  14:17:00 3414.00 3416.00 3412.00 3416.00 9000.00
20170310  14:18:00 3416.00 3416.00 3413.00 3415.00 4058.00
20170310  14:19:00 3414.00 3415.00 3412.00 3412.00 3284.00
20170310  14:20:00 3412.00 3416.00 3412.00 3415.00 3610.00
20170310  14:21:00 3415.00 3420.00 3414.00 3420.00 16964.00
20170310  14:22:00 3420.00 3423.00 3416.00 3419.00 18144.00
20170310  14:23:00 3416.00 3419.00 3415.00 3418.00 5744.00
20170310  14:24:00 3416.00 3419.00 3416.00 3417.00 6492.00
20170310  14:25:00 3417.00 3421.00 3416.00 3416.00 7458.00
20170310  14:26:00 3417.00 3417.00 3412.00 3414.00 6028.00
20170310  14:27:00 3413.00 3415.00 3409.00 3410.00 7838.00
20170310  14:28:00 3410.00 3414.00 3408.00 3413.00 5392.00
20170310  14:29:00 3414.00 3414.00 3411.00 3413.00 3502.00
20170310  14:30:00 3414.00 3415.00 3412.00 3413.00 3200.00
20170310  14:31:00 3412.00 3414.00 3411.00 3413.00 2696.00
20170310  14:32:00 3412.00 3414.00 3410.00 3411.00 2428.00
20170310  14:33:00 3412.00 3414.00 3411.00 3413.00 1358.00
20170310  14:34:00 3413.00 3415.00 3413.00 3414.00 1958.00
20170310  14:35:00 3414.00 3416.00 3412.00 3413.00 2910.00
20170310  14:36:00 3413.00 3414.00 3413.00 3413.00 2234.00
20170310  14:37:00 3413.00 3414.00 3408.00 3408.00 7406.00
20170310  14:38:00 3409.00 3411.00 3405.00 3409.00 12910.00
20170310  14:39:00 3409.00 3414.00 3408.00 3414.00 5904.00
20170310  14:40:00 3414.00 3417.00 3411.00 3415.00 9242.00
20170310  14:41:00 3415.00 3415.00 3412.00 3414.00 4568.00
20170310  14:42:00 3414.00 3419.00 3414.00 3419.00 8420.00
20170310  14:43:00 3419.00 3421.00 3415.00 3421.00 17614.00
20170310  14:44:00 3421.00 3421.00 3417.00 3420.00 11078.00
20170310  14:45:00 3420.00 3421.00 3417.00 3418.00 4276.00
20170310  14:46:00 3418.00 3420.00 3416.00 3417.00 4372.00
20170310  14:47:00 3416.00 3425.00 3416.00 3423.00 25468.00
20170310  14:48:00 3423.00 3424.00 3418.00 3419.00 8252.00
20170310  14:49:00 3419.00 3421.00 3417.00 3420.00 7072.00
20170310  14:50:00 3421.00 3421.00 3413.00 3416.00 11394.00
20170310  14:51:00 3415.00 3417.00 3414.00 3415.00 4364.00
20170310  14:52:00 3416.00 3416.00 3411.00 3411.00 7064.00
20170310  14:53:00 3412.00 3414.00 3409.00 3411.00 15366.00
20170310  14:54:00 3412.00 3412.00 3409.00 3410.00 6868.00
20170310  14:55:00 3410.00 3411.00 3408.00 3408.00 9778.00
20170310  14:56:00 3409.00 3411.00 3408.00 3409.00 7004.00
20170310  14:57:00 3409.00 3409.00 3404.00 3404.00 21960.00
20170310  14:58:00 3404.00 3405.00 3399.00 3404.00 33638.00
20170310  14:59:00 3405.00 3405.00 3400.00 3402.00 29484.00
20170310  15:00:00 3402.00 3402.00 3402.00 3402.00 328.00
