20170713  21:00:00 3657.00 3657.00 3649.00 3650.00 62274.00
20170713  21:01:00 3650.00 3651.00 3646.00 3651.00 34582.00
20170713  21:02:00 3651.00 3651.00 3643.00 3645.00 45008.00
20170713  21:03:00 3646.00 3648.00 3644.00 3645.00 26180.00
20170713  21:04:00 3644.00 3646.00 3640.00 3642.00 46122.00
20170713  21:05:00 3642.00 3642.00 3636.00 3638.00 59848.00
20170713  21:06:00 3639.00 3641.00 3634.00 3635.00 47880.00
20170713  21:07:00 3634.00 3638.00 3634.00 3638.00 31852.00
20170713  21:08:00 3638.00 3639.00 3626.00 3630.00 76228.00
20170713  21:09:00 3630.00 3633.00 3628.00 3631.00 39290.00
20170713  21:10:00 3630.00 3631.00 3624.00 3624.00 47718.00
20170713  21:11:00 3625.00 3628.00 3624.00 3624.00 44086.00
20170713  21:12:00 3624.00 3629.00 3623.00 3625.00 36120.00
20170713  21:13:00 3626.00 3626.00 3624.00 3626.00 19074.00
20170713  21:14:00 3626.00 3629.00 3625.00 3628.00 25574.00
20170713  21:15:00 3628.00 3632.00 3627.00 3630.00 35500.00
20170713  21:16:00 3629.00 3630.00 3626.00 3626.00 21722.00
20170713  21:17:00 3626.00 3626.00 3623.00 3625.00 27946.00
20170713  21:18:00 3625.00 3627.00 3624.00 3625.00 10372.00
20170713  21:19:00 3626.00 3626.00 3617.00 3619.00 57472.00
20170713  21:20:00 3619.00 3619.00 3602.00 3602.00 130384.00
20170713  21:21:00 3602.00 3602.00 3583.00 3588.00 195708.00
20170713  21:22:00 3588.00 3591.00 3580.00 3590.00 125772.00
20170713  21:23:00 3590.00 3590.00 3585.00 3589.00 41972.00
20170713  21:24:00 3589.00 3590.00 3569.00 3575.00 123250.00
20170713  21:25:00 3575.00 3586.00 3575.00 3586.00 71110.00
20170713  21:26:00 3587.00 3589.00 3584.00 3586.00 50764.00
20170713  21:27:00 3586.00 3588.00 3583.00 3586.00 35572.00
20170713  21:28:00 3584.00 3587.00 3584.00 3585.00 17406.00
20170713  21:29:00 3585.00 3585.00 3577.00 3583.00 52414.00
20170713  21:30:00 3584.00 3587.00 3582.00 3582.00 38962.00
20170713  21:31:00 3581.00 3583.00 3578.00 3579.00 27364.00
20170713  21:32:00 3580.00 3585.00 3575.00 3584.00 34092.00
20170713  21:33:00 3584.00 3587.00 3583.00 3587.00 24330.00
20170713  21:34:00 3586.00 3589.00 3584.00 3589.00 27558.00
20170713  21:35:00 3589.00 3589.00 3585.00 3586.00 29038.00
20170713  21:36:00 3586.00 3588.00 3584.00 3586.00 18712.00
20170713  21:37:00 3586.00 3586.00 3580.00 3580.00 26212.00
20170713  21:38:00 3580.00 3585.00 3579.00 3584.00 22252.00
20170713  21:39:00 3585.00 3585.00 3582.00 3583.00 12064.00
20170713  21:40:00 3583.00 3583.00 3580.00 3583.00 14374.00
20170713  21:41:00 3583.00 3584.00 3581.00 3583.00 12650.00
20170713  21:42:00 3583.00 3583.00 3578.00 3580.00 23384.00
20170713  21:43:00 3580.00 3584.00 3580.00 3582.00 12536.00
20170713  21:44:00 3583.00 3586.00 3582.00 3586.00 21008.00
20170713  21:45:00 3585.00 3587.00 3583.00 3586.00 24864.00
20170713  21:46:00 3587.00 3594.00 3586.00 3592.00 59332.00
20170713  21:47:00 3592.00 3592.00 3587.00 3589.00 23696.00
20170713  21:48:00 3590.00 3590.00 3586.00 3588.00 20030.00
20170713  21:49:00 3587.00 3589.00 3585.00 3586.00 15928.00
20170713  21:50:00 3586.00 3591.00 3585.00 3589.00 16458.00
20170713  21:51:00 3589.00 3590.00 3586.00 3587.00 11224.00
20170713  21:52:00 3587.00 3591.00 3587.00 3590.00 15524.00
20170713  21:53:00 3589.00 3590.00 3587.00 3588.00 9784.00
20170713  21:54:00 3589.00 3591.00 3587.00 3591.00 10072.00
20170713  21:55:00 3591.00 3593.00 3589.00 3592.00 14586.00
20170713  21:56:00 3592.00 3593.00 3589.00 3590.00 15912.00
20170713  21:57:00 3590.00 3591.00 3589.00 3590.00 16702.00
20170713  21:58:00 3591.00 3592.00 3589.00 3590.00 15708.00
20170713  21:59:00 3590.00 3591.00 3588.00 3590.00 21966.00
20170713  22:00:00 3591.00 3591.00 3587.00 3589.00 26010.00
20170713  22:01:00 3590.00 3590.00 3585.00 3588.00 23666.00
20170713  22:02:00 3588.00 3590.00 3586.00 3589.00 14222.00
20170713  22:03:00 3590.00 3590.00 3588.00 3589.00 6370.00
20170713  22:04:00 3589.00 3593.00 3589.00 3592.00 13860.00
20170713  22:05:00 3593.00 3594.00 3591.00 3593.00 17084.00
20170713  22:06:00 3593.00 3594.00 3591.00 3593.00 13740.00
20170713  22:07:00 3593.00 3597.00 3593.00 3596.00 27968.00
20170713  22:08:00 3595.00 3598.00 3594.00 3594.00 21006.00
20170713  22:09:00 3594.00 3602.00 3594.00 3602.00 40982.00
20170713  22:10:00 3602.00 3602.00 3599.00 3601.00 40882.00
20170713  22:11:00 3602.00 3603.00 3599.00 3601.00 24124.00
20170713  22:12:00 3602.00 3607.00 3602.00 3607.00 38552.00
20170713  22:13:00 3607.00 3607.00 3604.00 3605.00 27270.00
20170713  22:14:00 3605.00 3606.00 3600.00 3602.00 31228.00
20170713  22:15:00 3601.00 3603.00 3600.00 3600.00 16302.00
20170713  22:16:00 3600.00 3603.00 3600.00 3600.00 14028.00
20170713  22:17:00 3600.00 3603.00 3599.00 3602.00 15192.00
20170713  22:18:00 3602.00 3603.00 3597.00 3597.00 15478.00
20170713  22:19:00 3598.00 3602.00 3597.00 3599.00 16266.00
20170713  22:20:00 3600.00 3603.00 3598.00 3602.00 17150.00
20170713  22:21:00 3603.00 3607.00 3602.00 3607.00 25994.00
20170713  22:22:00 3608.00 3609.00 3606.00 3607.00 26224.00
20170713  22:23:00 3606.00 3607.00 3603.00 3604.00 13172.00
20170713  22:24:00 3605.00 3608.00 3603.00 3608.00 16616.00
20170713  22:25:00 3608.00 3609.00 3605.00 3609.00 18278.00
20170713  22:26:00 3609.00 3615.00 3609.00 3614.00 59886.00
20170713  22:27:00 3614.00 3614.00 3611.00 3612.00 23432.00
20170713  22:28:00 3613.00 3615.00 3612.00 3613.00 23370.00
20170713  22:29:00 3613.00 3616.00 3612.00 3615.00 20986.00
20170713  22:30:00 3615.00 3615.00 3611.00 3611.00 27208.00
20170713  22:31:00 3611.00 3613.00 3609.00 3609.00 19426.00
20170713  22:32:00 3610.00 3611.00 3609.00 3609.00 10512.00
20170713  22:33:00 3609.00 3610.00 3605.00 3606.00 20406.00
20170713  22:34:00 3606.00 3606.00 3600.00 3600.00 31360.00
20170713  22:35:00 3600.00 3605.00 3600.00 3604.00 16210.00
20170713  22:36:00 3604.00 3607.00 3604.00 3606.00 9076.00
20170713  22:37:00 3606.00 3606.00 3602.00 3603.00 10872.00
20170713  22:38:00 3602.00 3604.00 3599.00 3601.00 20160.00
20170713  22:39:00 3601.00 3602.00 3599.00 3601.00 15244.00
20170713  22:40:00 3602.00 3605.00 3601.00 3604.00 8614.00
20170713  22:41:00 3604.00 3604.00 3599.00 3600.00 10048.00
20170713  22:42:00 3600.00 3604.00 3599.00 3604.00 9274.00
20170713  22:43:00 3604.00 3607.00 3602.00 3607.00 11412.00
20170713  22:44:00 3606.00 3607.00 3604.00 3604.00 4826.00
20170713  22:45:00 3605.00 3605.00 3603.00 3604.00 4120.00
20170713  22:46:00 3604.00 3605.00 3602.00 3603.00 6246.00
20170713  22:47:00 3603.00 3603.00 3599.00 3602.00 14664.00
20170713  22:48:00 3602.00 3603.00 3596.00 3596.00 23728.00
20170713  22:49:00 3597.00 3597.00 3591.00 3592.00 47710.00
20170713  22:50:00 3593.00 3595.00 3592.00 3593.00 16854.00
20170713  22:51:00 3593.00 3597.00 3593.00 3594.00 19554.00
20170713  22:52:00 3594.00 3596.00 3589.00 3590.00 38862.00
20170713  22:53:00 3590.00 3591.00 3582.00 3586.00 53720.00
20170713  22:54:00 3586.00 3586.00 3577.00 3582.00 73326.00
20170713  22:55:00 3583.00 3587.00 3580.00 3587.00 36794.00
20170713  22:56:00 3586.00 3587.00 3583.00 3587.00 22712.00
20170713  22:57:00 3587.00 3587.00 3584.00 3585.00 13114.00
20170713  22:58:00 3586.00 3591.00 3584.00 3591.00 28184.00
20170713  22:59:00 3591.00 3592.00 3589.00 3590.00 28454.00
20170713  23:00:00 3590.00 3590.00 3590.00 3590.00  84.00
20170714  09:00:00 3589.00 3591.00 3583.00 3591.00 39584.00
20170714  09:01:00 3591.00 3595.00 3590.00 3590.00 20726.00
20170714  09:02:00 3591.00 3598.00 3591.00 3593.00 25950.00
20170714  09:03:00 3594.00 3595.00 3591.00 3591.00 13774.00
20170714  09:04:00 3591.00 3591.00 3584.00 3584.00 24390.00
20170714  09:05:00 3584.00 3586.00 3582.00 3585.00 34236.00
20170714  09:06:00 3585.00 3585.00 3581.00 3582.00 19438.00
20170714  09:07:00 3583.00 3588.00 3582.00 3586.00 19668.00
20170714  09:08:00 3586.00 3591.00 3585.00 3590.00 16830.00
20170714  09:09:00 3589.00 3589.00 3587.00 3587.00 8758.00
20170714  09:10:00 3588.00 3593.00 3586.00 3592.00 16156.00
20170714  09:11:00 3593.00 3595.00 3591.00 3592.00 13420.00
20170714  09:12:00 3593.00 3593.00 3590.00 3591.00 6322.00
20170714  09:13:00 3591.00 3595.00 3591.00 3594.00 11258.00
20170714  09:14:00 3595.00 3597.00 3594.00 3594.00 20116.00
20170714  09:15:00 3593.00 3595.00 3590.00 3592.00 8980.00
20170714  09:16:00 3591.00 3594.00 3591.00 3593.00 4960.00
20170714  09:17:00 3592.00 3593.00 3590.00 3592.00 5754.00
20170714  09:18:00 3591.00 3591.00 3587.00 3590.00 14752.00
20170714  09:19:00 3589.00 3590.00 3589.00 3590.00 3018.00
20170714  09:20:00 3590.00 3592.00 3589.00 3592.00 6024.00
20170714  09:21:00 3593.00 3593.00 3590.00 3591.00 3514.00
20170714  09:22:00 3590.00 3590.00 3588.00 3588.00 5002.00
20170714  09:23:00 3589.00 3590.00 3588.00 3590.00 2932.00
20170714  09:24:00 3590.00 3591.00 3588.00 3590.00 5632.00
20170714  09:25:00 3591.00 3596.00 3590.00 3596.00 15278.00
20170714  09:26:00 3597.00 3600.00 3594.00 3594.00 31938.00
20170714  09:27:00 3594.00 3597.00 3594.00 3596.00 7562.00
20170714  09:28:00 3596.00 3596.00 3591.00 3591.00 9874.00
20170714  09:29:00 3592.00 3592.00 3587.00 3588.00 14494.00
20170714  09:30:00 3588.00 3593.00 3587.00 3589.00 13180.00
20170714  09:31:00 3590.00 3592.00 3587.00 3590.00 9322.00
20170714  09:32:00 3590.00 3593.00 3589.00 3592.00 3316.00
20170714  09:33:00 3592.00 3592.00 3586.00 3587.00 12864.00
20170714  09:34:00 3587.00 3590.00 3587.00 3588.00 5888.00
20170714  09:35:00 3587.00 3590.00 3586.00 3588.00 5154.00
20170714  09:36:00 3587.00 3588.00 3584.00 3586.00 15832.00
20170714  09:37:00 3586.00 3589.00 3585.00 3587.00 7390.00
20170714  09:38:00 3587.00 3589.00 3586.00 3589.00 5050.00
20170714  09:39:00 3589.00 3590.00 3588.00 3589.00 3048.00
20170714  09:40:00 3590.00 3590.00 3585.00 3586.00 6768.00
20170714  09:41:00 3586.00 3588.00 3585.00 3587.00 8446.00
20170714  09:42:00 3587.00 3588.00 3584.00 3584.00 6136.00
20170714  09:43:00 3584.00 3588.00 3584.00 3587.00 5976.00
20170714  09:44:00 3587.00 3588.00 3586.00 3587.00 4812.00
20170714  09:45:00 3586.00 3587.00 3584.00 3584.00 7046.00
20170714  09:46:00 3585.00 3585.00 3581.00 3584.00 26362.00
20170714  09:47:00 3584.00 3584.00 3575.00 3576.00 44668.00
20170714  09:48:00 3576.00 3581.00 3573.00 3578.00 39230.00
20170714  09:49:00 3579.00 3582.00 3576.00 3581.00 14998.00
20170714  09:50:00 3582.00 3585.00 3580.00 3583.00 14538.00
20170714  09:51:00 3583.00 3583.00 3581.00 3581.00 6454.00
20170714  09:52:00 3582.00 3584.00 3581.00 3584.00 9180.00
20170714  09:53:00 3583.00 3584.00 3575.00 3575.00 26920.00
20170714  09:54:00 3576.00 3579.00 3572.00 3578.00 31986.00
20170714  09:55:00 3579.00 3579.00 3574.00 3577.00 20246.00
20170714  09:56:00 3577.00 3581.00 3576.00 3580.00 12962.00
20170714  09:57:00 3580.00 3580.00 3574.00 3575.00 12940.00
20170714  09:58:00 3575.00 3576.00 3572.00 3573.00 27890.00
20170714  09:59:00 3573.00 3577.00 3572.00 3576.00 16796.00
20170714  10:00:00 3576.00 3576.00 3572.00 3572.00 19328.00
20170714  10:01:00 3572.00 3577.00 3572.00 3577.00 15642.00
20170714  10:02:00 3576.00 3579.00 3576.00 3577.00 12132.00
20170714  10:03:00 3577.00 3582.00 3576.00 3582.00 20052.00
20170714  10:04:00 3582.00 3582.00 3579.00 3580.00 12638.00
20170714  10:05:00 3580.00 3580.00 3576.00 3579.00 16842.00
20170714  10:06:00 3578.00 3581.00 3578.00 3581.00 8054.00
20170714  10:07:00 3581.00 3581.00 3578.00 3579.00 8268.00
20170714  10:08:00 3580.00 3580.00 3578.00 3579.00 3522.00
20170714  10:09:00 3580.00 3582.00 3579.00 3582.00 8510.00
20170714  10:10:00 3582.00 3583.00 3580.00 3580.00 8838.00
20170714  10:11:00 3581.00 3582.00 3576.00 3577.00 8610.00
20170714  10:12:00 3577.00 3578.00 3575.00 3576.00 5594.00
20170714  10:13:00 3576.00 3576.00 3571.00 3571.00 40982.00
20170714  10:14:00 3571.00 3571.00 3562.00 3562.00 110624.00
20170714  10:30:00 3563.00 3567.00 3561.00 3566.00 61058.00
20170714  10:31:00 3567.00 3567.00 3563.00 3566.00 30174.00
20170714  10:32:00 3566.00 3569.00 3564.00 3567.00 22138.00
20170714  10:33:00 3567.00 3568.00 3563.00 3563.00 23378.00
20170714  10:34:00 3563.00 3566.00 3556.00 3564.00 74090.00
20170714  10:35:00 3565.00 3574.00 3562.00 3571.00 70690.00
20170714  10:36:00 3571.00 3572.00 3568.00 3570.00 28850.00
20170714  10:37:00 3570.00 3573.00 3569.00 3571.00 20760.00
20170714  10:38:00 3571.00 3571.00 3565.00 3566.00 23022.00
20170714  10:39:00 3566.00 3569.00 3566.00 3567.00 9916.00
20170714  10:40:00 3567.00 3569.00 3566.00 3568.00 6158.00
20170714  10:41:00 3568.00 3570.00 3567.00 3568.00 8454.00
20170714  10:42:00 3567.00 3568.00 3563.00 3563.00 19808.00
20170714  10:43:00 3563.00 3565.00 3560.00 3561.00 28706.00
20170714  10:44:00 3562.00 3565.00 3561.00 3565.00 13650.00
20170714  10:45:00 3565.00 3565.00 3563.00 3564.00 8948.00
20170714  10:46:00 3564.00 3566.00 3563.00 3564.00 9210.00
20170714  10:47:00 3564.00 3567.00 3564.00 3566.00 10642.00
20170714  10:48:00 3566.00 3566.00 3561.00 3563.00 15818.00
20170714  10:49:00 3564.00 3564.00 3560.00 3561.00 11048.00
20170714  10:50:00 3560.00 3565.00 3557.00 3565.00 34184.00
20170714  10:51:00 3565.00 3565.00 3561.00 3562.00 9094.00
20170714  10:52:00 3562.00 3564.00 3559.00 3559.00 16278.00
20170714  10:53:00 3559.00 3562.00 3555.00 3557.00 43708.00
20170714  10:54:00 3558.00 3562.00 3555.00 3559.00 30878.00
20170714  10:55:00 3558.00 3558.00 3541.00 3544.00 136278.00
20170714  10:56:00 3543.00 3543.00 3537.00 3542.00 84268.00
20170714  10:57:00 3542.00 3542.00 3531.00 3534.00 82760.00
20170714  10:58:00 3534.00 3536.00 3529.00 3533.00 100670.00
20170714  10:59:00 3532.00 3545.00 3532.00 3543.00 102918.00
20170714  11:00:00 3544.00 3548.00 3540.00 3548.00 78144.00
20170714  11:01:00 3548.00 3549.00 3544.00 3545.00 34340.00
20170714  11:02:00 3545.00 3545.00 3542.00 3544.00 22690.00
20170714  11:03:00 3544.00 3546.00 3542.00 3544.00 15034.00
20170714  11:04:00 3544.00 3544.00 3541.00 3542.00 16296.00
20170714  11:05:00 3541.00 3549.00 3541.00 3547.00 34924.00
20170714  11:06:00 3547.00 3554.00 3546.00 3554.00 47234.00
20170714  11:07:00 3553.00 3554.00 3547.00 3547.00 34376.00
20170714  11:08:00 3548.00 3548.00 3543.00 3543.00 21378.00
20170714  11:09:00 3544.00 3547.00 3543.00 3545.00 19166.00
20170714  11:10:00 3546.00 3547.00 3544.00 3547.00 8390.00
20170714  11:11:00 3547.00 3547.00 3537.00 3540.00 40858.00
20170714  11:12:00 3540.00 3541.00 3537.00 3539.00 23354.00
20170714  11:13:00 3539.00 3542.00 3538.00 3541.00 19532.00
20170714  11:14:00 3541.00 3542.00 3536.00 3537.00 23390.00
20170714  11:15:00 3538.00 3543.00 3537.00 3543.00 20796.00
20170714  11:16:00 3543.00 3544.00 3539.00 3543.00 13378.00
20170714  11:17:00 3543.00 3543.00 3539.00 3541.00 9996.00
20170714  11:18:00 3540.00 3541.00 3537.00 3539.00 17420.00
20170714  11:19:00 3539.00 3540.00 3533.00 3536.00 28950.00
20170714  11:20:00 3535.00 3540.00 3533.00 3539.00 22044.00
20170714  11:21:00 3538.00 3540.00 3537.00 3538.00 10820.00
20170714  11:22:00 3539.00 3541.00 3535.00 3535.00 20046.00
20170714  11:23:00 3536.00 3538.00 3534.00 3537.00 14738.00
20170714  11:24:00 3537.00 3539.00 3535.00 3535.00 11804.00
20170714  11:25:00 3536.00 3540.00 3535.00 3540.00 9846.00
20170714  11:26:00 3539.00 3541.00 3536.00 3536.00 20006.00
20170714  11:27:00 3535.00 3539.00 3535.00 3537.00 15670.00
20170714  11:28:00 3537.00 3542.00 3536.00 3542.00 24774.00
20170714  11:29:00 3541.00 3541.00 3537.00 3539.00 21052.00
20170714  13:30:00 3539.00 3542.00 3539.00 3541.00 32970.00
20170714  13:31:00 3542.00 3543.00 3540.00 3542.00 25164.00
20170714  13:32:00 3541.00 3542.00 3538.00 3540.00 19820.00
20170714  13:33:00 3541.00 3543.00 3540.00 3542.00 22842.00
20170714  13:34:00 3543.00 3545.00 3541.00 3545.00 39784.00
20170714  13:35:00 3545.00 3551.00 3544.00 3549.00 53256.00
20170714  13:36:00 3547.00 3554.00 3547.00 3552.00 42308.00
20170714  13:37:00 3552.00 3553.00 3550.00 3552.00 27820.00
20170714  13:38:00 3551.00 3557.00 3551.00 3556.00 62042.00
20170714  13:39:00 3557.00 3560.00 3557.00 3558.00 64042.00
20170714  13:40:00 3558.00 3560.00 3555.00 3556.00 28264.00
20170714  13:41:00 3556.00 3557.00 3555.00 3555.00 20784.00
20170714  13:42:00 3555.00 3561.00 3555.00 3560.00 27702.00
20170714  13:43:00 3559.00 3560.00 3558.00 3559.00 14928.00
20170714  13:44:00 3559.00 3564.00 3558.00 3563.00 21150.00
20170714  13:45:00 3562.00 3567.00 3562.00 3564.00 57318.00
20170714  13:46:00 3564.00 3566.00 3561.00 3561.00 24766.00
20170714  13:47:00 3562.00 3564.00 3560.00 3563.00 20812.00
20170714  13:48:00 3563.00 3565.00 3562.00 3563.00 16228.00
20170714  13:49:00 3563.00 3566.00 3562.00 3566.00 13416.00
20170714  13:50:00 3566.00 3566.00 3561.00 3561.00 16918.00
20170714  13:51:00 3561.00 3562.00 3558.00 3558.00 22856.00
20170714  13:52:00 3558.00 3560.00 3555.00 3555.00 29016.00
20170714  13:53:00 3555.00 3555.00 3551.00 3553.00 29274.00
20170714  13:54:00 3553.00 3556.00 3553.00 3555.00 18014.00
20170714  13:55:00 3556.00 3558.00 3555.00 3558.00 12504.00
20170714  13:56:00 3557.00 3558.00 3555.00 3555.00 10486.00
20170714  13:57:00 3555.00 3557.00 3554.00 3557.00 8528.00
20170714  13:58:00 3557.00 3564.00 3557.00 3564.00 27628.00
20170714  13:59:00 3564.00 3566.00 3558.00 3559.00 26418.00
20170714  14:00:00 3560.00 3561.00 3556.00 3560.00 16234.00
20170714  14:01:00 3560.00 3561.00 3558.00 3561.00 8354.00
20170714  14:02:00 3561.00 3561.00 3558.00 3558.00 8112.00
20170714  14:03:00 3558.00 3559.00 3554.00 3554.00 15292.00
20170714  14:04:00 3555.00 3557.00 3554.00 3557.00 9510.00
20170714  14:05:00 3557.00 3557.00 3552.00 3555.00 15254.00
20170714  14:06:00 3555.00 3556.00 3553.00 3554.00 6900.00
20170714  14:07:00 3554.00 3555.00 3544.00 3544.00 29538.00
20170714  14:08:00 3546.00 3548.00 3545.00 3548.00 23108.00
20170714  14:09:00 3547.00 3553.00 3547.00 3551.00 17768.00
20170714  14:10:00 3550.00 3550.00 3545.00 3547.00 14778.00
20170714  14:11:00 3547.00 3550.00 3547.00 3548.00 11788.00
20170714  14:12:00 3548.00 3553.00 3548.00 3553.00 11636.00
20170714  14:13:00 3552.00 3553.00 3547.00 3548.00 12598.00
20170714  14:14:00 3548.00 3554.00 3548.00 3554.00 10450.00
20170714  14:15:00 3554.00 3554.00 3550.00 3553.00 9376.00
20170714  14:16:00 3553.00 3555.00 3551.00 3554.00 8194.00
20170714  14:17:00 3554.00 3558.00 3554.00 3556.00 15588.00
20170714  14:18:00 3556.00 3557.00 3552.00 3557.00 12638.00
20170714  14:19:00 3556.00 3557.00 3553.00 3555.00 5916.00
20170714  14:20:00 3555.00 3561.00 3554.00 3561.00 16642.00
20170714  14:21:00 3560.00 3561.00 3558.00 3561.00 13740.00
20170714  14:22:00 3561.00 3561.00 3556.00 3557.00 9548.00
20170714  14:23:00 3557.00 3558.00 3556.00 3557.00 5404.00
20170714  14:24:00 3557.00 3559.00 3557.00 3557.00 5324.00
20170714  14:25:00 3558.00 3560.00 3556.00 3560.00 9656.00
20170714  14:26:00 3560.00 3566.00 3559.00 3566.00 23958.00
20170714  14:27:00 3566.00 3566.00 3563.00 3564.00 18892.00
20170714  14:28:00 3564.00 3574.00 3563.00 3570.00 70918.00
20170714  14:29:00 3570.00 3572.00 3565.00 3566.00 28354.00
20170714  14:30:00 3565.00 3566.00 3560.00 3561.00 34112.00
20170714  14:31:00 3562.00 3562.00 3558.00 3558.00 24098.00
20170714  14:32:00 3558.00 3561.00 3558.00 3560.00 12430.00
20170714  14:33:00 3559.00 3561.00 3556.00 3561.00 19924.00
20170714  14:34:00 3562.00 3562.00 3560.00 3561.00 13634.00
20170714  14:35:00 3560.00 3563.00 3559.00 3559.00 12372.00
20170714  14:36:00 3560.00 3564.00 3559.00 3563.00 10036.00
20170714  14:37:00 3563.00 3563.00 3560.00 3562.00 13056.00
20170714  14:38:00 3562.00 3564.00 3561.00 3562.00 6162.00
20170714  14:39:00 3561.00 3562.00 3559.00 3560.00 6138.00
20170714  14:40:00 3560.00 3565.00 3560.00 3563.00 16174.00
20170714  14:41:00 3564.00 3565.00 3561.00 3563.00 5612.00
20170714  14:42:00 3562.00 3563.00 3559.00 3560.00 9876.00
20170714  14:43:00 3560.00 3562.00 3558.00 3562.00 11146.00
20170714  14:44:00 3561.00 3562.00 3560.00 3561.00 3648.00
20170714  14:45:00 3560.00 3561.00 3559.00 3560.00 5820.00
20170714  14:46:00 3560.00 3564.00 3560.00 3563.00 5922.00
20170714  14:47:00 3564.00 3566.00 3560.00 3563.00 14090.00
20170714  14:48:00 3562.00 3565.00 3562.00 3565.00 9194.00
20170714  14:49:00 3564.00 3566.00 3563.00 3563.00 7960.00
20170714  14:50:00 3563.00 3564.00 3562.00 3562.00 6762.00
20170714  14:51:00 3562.00 3564.00 3562.00 3563.00 5098.00
20170714  14:52:00 3564.00 3566.00 3563.00 3565.00 11166.00
20170714  14:53:00 3565.00 3565.00 3562.00 3564.00 11782.00
20170714  14:54:00 3563.00 3570.00 3563.00 3567.00 38700.00
20170714  14:55:00 3566.00 3569.00 3566.00 3568.00 17700.00
20170714  14:56:00 3569.00 3569.00 3563.00 3564.00 17590.00
20170714  14:57:00 3563.00 3566.00 3560.00 3560.00 23836.00
20170714  14:58:00 3560.00 3560.00 3549.00 3552.00 62886.00
20170714  14:59:00 3552.00 3555.00 3550.00 3552.00 57380.00
20170714  15:00:00 3551.00 3551.00 3551.00 3551.00 224.00
