20170308  21:00:00 3420.00 3433.00 3420.00 3432.00 35934.00
20170308  21:01:00 3432.00 3432.00 3428.00 3430.00 14384.00
20170308  21:02:00 3430.00 3431.00 3427.00 3428.00 10896.00
20170308  21:03:00 3428.00 3432.00 3428.00 3429.00 9760.00
20170308  21:04:00 3430.00 3430.00 3426.00 3427.00 8002.00
20170308  21:05:00 3427.00 3430.00 3425.00 3430.00 7628.00
20170308  21:06:00 3430.00 3431.00 3425.00 3429.00 8924.00
20170308  21:07:00 3430.00 3432.00 3426.00 3426.00 9040.00
20170308  21:08:00 3426.00 3433.00 3426.00 3432.00 8594.00
20170308  21:09:00 3432.00 3432.00 3430.00 3430.00 5118.00
20170308  21:10:00 3431.00 3431.00 3429.00 3431.00 5602.00
20170308  21:11:00 3430.00 3433.00 3430.00 3432.00 5422.00
20170308  21:12:00 3432.00 3434.00 3430.00 3434.00 5358.00
20170308  21:13:00 3434.00 3436.00 3433.00 3435.00 10152.00
20170308  21:14:00 3435.00 3438.00 3435.00 3438.00 11422.00
20170308  21:15:00 3437.00 3438.00 3435.00 3436.00 7906.00
20170308  21:16:00 3436.00 3437.00 3434.00 3434.00 4340.00
20170308  21:17:00 3434.00 3438.00 3434.00 3438.00 5960.00
20170308  21:18:00 3438.00 3439.00 3436.00 3437.00 4834.00
20170308  21:19:00 3437.00 3440.00 3436.00 3439.00 7926.00
20170308  21:20:00 3439.00 3440.00 3437.00 3437.00 6484.00
20170308  21:21:00 3438.00 3438.00 3436.00 3436.00 3272.00
20170308  21:22:00 3436.00 3437.00 3435.00 3437.00 3892.00
20170308  21:23:00 3437.00 3441.00 3437.00 3440.00 14344.00
20170308  21:24:00 3441.00 3444.00 3439.00 3442.00 13160.00
20170308  21:25:00 3442.00 3443.00 3440.00 3442.00 5840.00
20170308  21:26:00 3441.00 3441.00 3439.00 3440.00 4440.00
20170308  21:27:00 3440.00 3441.00 3438.00 3438.00 2220.00
20170308  21:28:00 3439.00 3441.00 3438.00 3439.00 3138.00
20170308  21:29:00 3440.00 3442.00 3439.00 3442.00 2700.00
20170308  21:30:00 3441.00 3444.00 3440.00 3441.00 4632.00
20170308  21:31:00 3441.00 3442.00 3439.00 3439.00 2680.00
20170308  21:32:00 3439.00 3440.00 3436.00 3437.00 4440.00
20170308  21:33:00 3437.00 3439.00 3436.00 3437.00 4372.00
20170308  21:34:00 3437.00 3441.00 3437.00 3440.00 4462.00
20170308  21:35:00 3440.00 3440.00 3435.00 3435.00 5476.00
20170308  21:36:00 3435.00 3436.00 3433.00 3434.00 7060.00
20170308  21:37:00 3433.00 3434.00 3432.00 3434.00 8174.00
20170308  21:38:00 3434.00 3436.00 3434.00 3435.00 3410.00
20170308  21:39:00 3435.00 3435.00 3434.00 3435.00 1710.00
20170308  21:40:00 3435.00 3438.00 3435.00 3438.00 3938.00
20170308  21:41:00 3438.00 3439.00 3434.00 3434.00 2808.00
20170308  21:42:00 3434.00 3435.00 3430.00 3430.00 8226.00
20170308  21:43:00 3430.00 3433.00 3430.00 3431.00 5456.00
20170308  21:44:00 3431.00 3432.00 3428.00 3429.00 9918.00
20170308  21:45:00 3428.00 3430.00 3423.00 3424.00 19960.00
20170308  21:46:00 3424.00 3427.00 3423.00 3424.00 10470.00
20170308  21:47:00 3424.00 3424.00 3417.00 3422.00 32770.00
20170308  21:48:00 3421.00 3421.00 3417.00 3418.00 14694.00
20170308  21:49:00 3418.00 3418.00 3405.00 3406.00 57164.00
20170308  21:50:00 3405.00 3408.00 3401.00 3408.00 42228.00
20170308  21:51:00 3409.00 3411.00 3407.00 3411.00 19910.00
20170308  21:52:00 3409.00 3412.00 3408.00 3410.00 10172.00
20170308  21:53:00 3409.00 3409.00 3405.00 3408.00 14178.00
20170308  21:54:00 3408.00 3418.00 3408.00 3417.00 20442.00
20170308  21:55:00 3417.00 3418.00 3414.00 3416.00 13058.00
20170308  21:56:00 3416.00 3417.00 3413.00 3413.00 9024.00
20170308  21:57:00 3414.00 3415.00 3412.00 3414.00 6708.00
20170308  21:58:00 3413.00 3413.00 3406.00 3407.00 14696.00
20170308  21:59:00 3407.00 3408.00 3403.00 3403.00 19786.00
20170308  22:00:00 3404.00 3404.00 3397.00 3401.00 46062.00
20170308  22:01:00 3401.00 3402.00 3395.00 3400.00 27312.00
20170308  22:02:00 3400.00 3407.00 3399.00 3405.00 20788.00
20170308  22:03:00 3405.00 3406.00 3396.00 3396.00 14476.00
20170308  22:04:00 3396.00 3401.00 3395.00 3400.00 15330.00
20170308  22:05:00 3400.00 3400.00 3396.00 3397.00 14932.00
20170308  22:06:00 3397.00 3405.00 3397.00 3402.00 14690.00
20170308  22:07:00 3402.00 3406.00 3402.00 3406.00 10074.00
20170308  22:08:00 3406.00 3409.00 3405.00 3407.00 13566.00
20170308  22:09:00 3407.00 3407.00 3404.00 3404.00 6006.00
20170308  22:10:00 3404.00 3405.00 3400.00 3401.00 7350.00
20170308  22:11:00 3401.00 3407.00 3400.00 3406.00 10402.00
20170308  22:12:00 3407.00 3411.00 3406.00 3408.00 14496.00
20170308  22:13:00 3408.00 3411.00 3407.00 3410.00 10166.00
20170308  22:14:00 3411.00 3411.00 3408.00 3410.00 9590.00
20170308  22:15:00 3410.00 3410.00 3407.00 3407.00 5266.00
20170308  22:16:00 3407.00 3410.00 3407.00 3409.00 5114.00
20170308  22:17:00 3409.00 3409.00 3404.00 3404.00 4184.00
20170308  22:18:00 3404.00 3405.00 3402.00 3402.00 4574.00
20170308  22:19:00 3403.00 3403.00 3399.00 3400.00 9956.00
20170308  22:20:00 3400.00 3400.00 3397.00 3399.00 9134.00
20170308  22:21:00 3399.00 3404.00 3397.00 3403.00 6382.00
20170308  22:22:00 3403.00 3403.00 3398.00 3398.00 4794.00
20170308  22:23:00 3399.00 3401.00 3398.00 3399.00 6740.00
20170308  22:24:00 3399.00 3400.00 3392.00 3392.00 19668.00
20170308  22:25:00 3392.00 3398.00 3391.00 3396.00 16390.00
20170308  22:26:00 3397.00 3397.00 3394.00 3397.00 6830.00
20170308  22:27:00 3396.00 3399.00 3396.00 3398.00 7124.00
20170308  22:28:00 3399.00 3401.00 3397.00 3401.00 6308.00
20170308  22:29:00 3400.00 3401.00 3397.00 3398.00 5988.00
20170308  22:30:00 3399.00 3401.00 3397.00 3401.00 6056.00
20170308  22:31:00 3401.00 3405.00 3400.00 3405.00 7062.00
20170308  22:32:00 3404.00 3404.00 3400.00 3402.00 4712.00
20170308  22:33:00 3403.00 3405.00 3402.00 3404.00 3702.00
20170308  22:34:00 3404.00 3406.00 3403.00 3405.00 10338.00
20170308  22:35:00 3405.00 3410.00 3403.00 3410.00 17768.00
20170308  22:36:00 3410.00 3411.00 3407.00 3409.00 9784.00
20170308  22:37:00 3409.00 3409.00 3404.00 3407.00 4082.00
20170308  22:38:00 3407.00 3408.00 3405.00 3405.00 4286.00
20170308  22:39:00 3406.00 3406.00 3402.00 3403.00 4008.00
20170308  22:40:00 3404.00 3408.00 3403.00 3407.00 3606.00
20170308  22:41:00 3407.00 3409.00 3406.00 3406.00 2916.00
20170308  22:42:00 3406.00 3408.00 3405.00 3407.00 3060.00
20170308  22:43:00 3407.00 3408.00 3404.00 3404.00 2286.00
20170308  22:44:00 3404.00 3405.00 3402.00 3404.00 7090.00
20170308  22:45:00 3405.00 3411.00 3403.00 3408.00 12794.00
20170308  22:46:00 3408.00 3413.00 3408.00 3413.00 11556.00
20170308  22:47:00 3413.00 3413.00 3409.00 3412.00 8506.00
20170308  22:48:00 3412.00 3413.00 3405.00 3408.00 6360.00
20170308  22:49:00 3408.00 3413.00 3408.00 3411.00 5590.00
20170308  22:50:00 3412.00 3412.00 3409.00 3409.00 4194.00
20170308  22:51:00 3410.00 3410.00 3408.00 3408.00 2694.00
20170308  22:52:00 3409.00 3409.00 3402.00 3404.00 5344.00
20170308  22:53:00 3405.00 3406.00 3402.00 3403.00 3924.00
20170308  22:54:00 3403.00 3404.00 3402.00 3403.00 2944.00
20170308  22:55:00 3403.00 3407.00 3403.00 3406.00 4428.00
20170308  22:56:00 3406.00 3410.00 3404.00 3404.00 6960.00
20170308  22:57:00 3404.00 3405.00 3402.00 3402.00 5430.00
20170308  22:58:00 3403.00 3403.00 3398.00 3399.00 16040.00
20170308  22:59:00 3400.00 3403.00 3398.00 3403.00 16062.00
20170308  23:00:00 3402.00 3402.00 3402.00 3402.00  70.00
20170309  09:00:00 3398.00 3399.00 3391.00 3395.00 39114.00
20170309  09:01:00 3395.00 3397.00 3387.00 3387.00 32846.00
20170309  09:02:00 3387.00 3387.00 3382.00 3386.00 37536.00
20170309  09:03:00 3386.00 3390.00 3386.00 3388.00 19520.00
20170309  09:04:00 3388.00 3389.00 3381.00 3382.00 21798.00
20170309  09:05:00 3381.00 3385.00 3379.00 3381.00 33574.00
20170309  09:06:00 3380.00 3387.00 3380.00 3386.00 13516.00
20170309  09:07:00 3386.00 3389.00 3384.00 3388.00 11136.00
20170309  09:08:00 3388.00 3390.00 3380.00 3381.00 9710.00
20170309  09:09:00 3381.00 3385.00 3380.00 3380.00 14586.00
20170309  09:10:00 3380.00 3384.00 3377.00 3383.00 20466.00
20170309  09:11:00 3383.00 3389.00 3382.00 3389.00 7734.00
20170309  09:12:00 3389.00 3390.00 3385.00 3386.00 11500.00
20170309  09:13:00 3386.00 3389.00 3385.00 3386.00 6298.00
20170309  09:14:00 3387.00 3387.00 3366.00 3367.00 41554.00
20170309  09:15:00 3368.00 3375.00 3365.00 3372.00 29092.00
20170309  09:16:00 3371.00 3371.00 3362.00 3363.00 31676.00
20170309  09:17:00 3364.00 3369.00 3363.00 3367.00 16012.00
20170309  09:18:00 3367.00 3371.00 3367.00 3368.00 17402.00
20170309  09:19:00 3368.00 3370.00 3362.00 3362.00 18058.00
20170309  09:20:00 3362.00 3365.00 3357.00 3359.00 42538.00
20170309  09:21:00 3359.00 3359.00 3352.00 3353.00 36000.00
20170309  09:22:00 3353.00 3357.00 3350.00 3352.00 26814.00
20170309  09:23:00 3353.00 3355.00 3351.00 3354.00 29512.00
20170309  09:24:00 3352.00 3354.00 3348.00 3349.00 35170.00
20170309  09:25:00 3348.00 3360.00 3348.00 3355.00 36156.00
20170309  09:26:00 3355.00 3362.00 3353.00 3357.00 14524.00
20170309  09:27:00 3357.00 3359.00 3354.00 3358.00 9364.00
20170309  09:28:00 3357.00 3357.00 3351.00 3354.00 15260.00
20170309  09:29:00 3354.00 3359.00 3352.00 3357.00 15544.00
20170309  09:30:00 3358.00 3368.00 3356.00 3366.00 29318.00
20170309  09:31:00 3367.00 3377.00 3366.00 3373.00 30954.00
20170309  09:32:00 3374.00 3375.00 3369.00 3371.00 12980.00
20170309  09:33:00 3371.00 3383.00 3370.00 3379.00 24658.00
20170309  09:34:00 3380.00 3382.00 3376.00 3378.00 16832.00
20170309  09:35:00 3378.00 3381.00 3378.00 3378.00 9732.00
20170309  09:36:00 3379.00 3379.00 3374.00 3374.00 10528.00
20170309  09:37:00 3374.00 3377.00 3374.00 3374.00 6124.00
20170309  09:38:00 3375.00 3381.00 3374.00 3381.00 7408.00
20170309  09:39:00 3381.00 3382.00 3376.00 3377.00 8710.00
20170309  09:40:00 3377.00 3380.00 3376.00 3378.00 5430.00
20170309  09:41:00 3378.00 3381.00 3376.00 3379.00 7544.00
20170309  09:42:00 3379.00 3380.00 3375.00 3375.00 5470.00
20170309  09:43:00 3376.00 3380.00 3376.00 3377.00 4790.00
20170309  09:44:00 3378.00 3382.00 3377.00 3381.00 12296.00
20170309  09:45:00 3380.00 3386.00 3380.00 3385.00 23464.00
20170309  09:46:00 3386.00 3386.00 3377.00 3377.00 7370.00
20170309  09:47:00 3377.00 3378.00 3375.00 3376.00 7002.00
20170309  09:48:00 3376.00 3378.00 3374.00 3376.00 3382.00
20170309  09:49:00 3376.00 3376.00 3372.00 3373.00 5520.00
20170309  09:50:00 3373.00 3374.00 3367.00 3369.00 13208.00
20170309  09:51:00 3369.00 3370.00 3366.00 3369.00 6990.00
20170309  09:52:00 3369.00 3371.00 3367.00 3370.00 5232.00
20170309  09:53:00 3370.00 3373.00 3370.00 3371.00 4452.00
20170309  09:54:00 3371.00 3376.00 3370.00 3375.00 4884.00
20170309  09:55:00 3376.00 3377.00 3375.00 3375.00 4056.00
20170309  09:56:00 3375.00 3375.00 3368.00 3370.00 7664.00
20170309  09:57:00 3370.00 3371.00 3368.00 3370.00 2512.00
20170309  09:58:00 3371.00 3371.00 3368.00 3369.00 3336.00
20170309  09:59:00 3369.00 3370.00 3366.00 3366.00 6180.00
20170309  10:00:00 3368.00 3374.00 3366.00 3374.00 7562.00
20170309  10:01:00 3374.00 3375.00 3369.00 3369.00 4402.00
20170309  10:02:00 3369.00 3372.00 3369.00 3371.00 1686.00
20170309  10:03:00 3371.00 3375.00 3371.00 3374.00 2720.00
20170309  10:04:00 3374.00 3376.00 3372.00 3376.00 4470.00
20170309  10:05:00 3375.00 3376.00 3374.00 3375.00 1956.00
20170309  10:06:00 3375.00 3376.00 3374.00 3375.00 1762.00
20170309  10:07:00 3375.00 3379.00 3374.00 3375.00 5666.00
20170309  10:08:00 3375.00 3376.00 3374.00 3375.00 1828.00
20170309  10:09:00 3375.00 3376.00 3372.00 3373.00 2210.00
20170309  10:10:00 3373.00 3373.00 3368.00 3370.00 6646.00
20170309  10:11:00 3369.00 3374.00 3369.00 3372.00 2108.00
20170309  10:12:00 3372.00 3374.00 3371.00 3373.00 1502.00
20170309  10:13:00 3373.00 3377.00 3372.00 3376.00 3622.00
20170309  10:14:00 3376.00 3376.00 3373.00 3374.00 1696.00
20170309  10:30:00 3377.00 3378.00 3373.00 3375.00 6878.00
20170309  10:31:00 3376.00 3379.00 3374.00 3376.00 5140.00
20170309  10:32:00 3376.00 3379.00 3375.00 3379.00 4586.00
20170309  10:33:00 3379.00 3379.00 3375.00 3376.00 3284.00
20170309  10:34:00 3376.00 3378.00 3376.00 3378.00 1256.00
20170309  10:35:00 3377.00 3378.00 3377.00 3378.00 2008.00
20170309  10:36:00 3378.00 3381.00 3377.00 3379.00 5742.00
20170309  10:37:00 3379.00 3380.00 3376.00 3376.00 2818.00
20170309  10:38:00 3376.00 3379.00 3376.00 3377.00 1864.00
20170309  10:39:00 3377.00 3378.00 3373.00 3374.00 4094.00
20170309  10:40:00 3375.00 3375.00 3371.00 3372.00 5002.00
20170309  10:41:00 3372.00 3373.00 3371.00 3371.00 2800.00
20170309  10:42:00 3371.00 3372.00 3369.00 3371.00 4634.00
20170309  10:43:00 3372.00 3372.00 3368.00 3368.00 5506.00
20170309  10:44:00 3367.00 3368.00 3366.00 3367.00 6578.00
20170309  10:45:00 3368.00 3369.00 3365.00 3365.00 5558.00
20170309  10:46:00 3366.00 3370.00 3365.00 3369.00 5130.00
20170309  10:47:00 3369.00 3371.00 3367.00 3370.00 3826.00
20170309  10:48:00 3370.00 3370.00 3366.00 3366.00 4604.00
20170309  10:49:00 3366.00 3373.00 3366.00 3373.00 3694.00
20170309  10:50:00 3372.00 3372.00 3369.00 3370.00 2360.00
20170309  10:51:00 3370.00 3371.00 3369.00 3371.00 1134.00
20170309  10:52:00 3371.00 3372.00 3366.00 3368.00 2076.00
20170309  10:53:00 3369.00 3369.00 3366.00 3368.00 1390.00
20170309  10:54:00 3367.00 3370.00 3367.00 3369.00 1594.00
20170309  10:55:00 3369.00 3369.00 3368.00 3369.00 1736.00
20170309  10:56:00 3369.00 3371.00 3369.00 3369.00 1940.00
20170309  10:57:00 3369.00 3370.00 3367.00 3367.00 2374.00
20170309  10:58:00 3367.00 3367.00 3365.00 3366.00 4108.00
20170309  10:59:00 3366.00 3367.00 3362.00 3366.00 10278.00
20170309  11:00:00 3366.00 3366.00 3362.00 3364.00 6172.00
20170309  11:01:00 3364.00 3370.00 3363.00 3368.00 5130.00
20170309  11:02:00 3369.00 3370.00 3365.00 3367.00 2026.00
20170309  11:03:00 3366.00 3369.00 3366.00 3369.00 1820.00
20170309  11:04:00 3369.00 3371.00 3368.00 3370.00 3258.00
20170309  11:05:00 3370.00 3373.00 3369.00 3372.00 4800.00
20170309  11:06:00 3371.00 3372.00 3370.00 3370.00 1916.00
20170309  11:07:00 3370.00 3371.00 3368.00 3369.00 2066.00
20170309  11:08:00 3369.00 3372.00 3369.00 3372.00 1564.00
20170309  11:09:00 3371.00 3373.00 3371.00 3371.00 2622.00
20170309  11:10:00 3371.00 3375.00 3371.00 3375.00 3700.00
20170309  11:11:00 3374.00 3377.00 3374.00 3375.00 4818.00
20170309  11:12:00 3375.00 3375.00 3372.00 3374.00 2532.00
20170309  11:13:00 3373.00 3376.00 3373.00 3376.00 2330.00
20170309  11:14:00 3375.00 3376.00 3372.00 3374.00 2422.00
20170309  11:15:00 3375.00 3376.00 3370.00 3370.00 3468.00
20170309  11:16:00 3371.00 3371.00 3368.00 3369.00 3728.00
20170309  11:17:00 3368.00 3369.00 3361.00 3361.00 13190.00
20170309  11:18:00 3361.00 3370.00 3360.00 3369.00 11096.00
20170309  11:19:00 3370.00 3385.00 3370.00 3385.00 36298.00
20170309  11:20:00 3385.00 3395.00 3385.00 3390.00 51618.00
20170309  11:21:00 3390.00 3391.00 3385.00 3389.00 15166.00
20170309  11:22:00 3388.00 3395.00 3388.00 3389.00 20090.00
20170309  11:23:00 3390.00 3393.00 3388.00 3391.00 9686.00
20170309  11:24:00 3391.00 3394.00 3385.00 3386.00 10384.00
20170309  11:25:00 3385.00 3386.00 3381.00 3386.00 11268.00
20170309  11:26:00 3386.00 3387.00 3377.00 3377.00 10420.00
20170309  11:27:00 3377.00 3384.00 3377.00 3384.00 8864.00
20170309  11:28:00 3383.00 3385.00 3381.00 3385.00 3666.00
20170309  11:29:00 3384.00 3390.00 3384.00 3390.00 13780.00
20170309  13:30:00 3388.00 3394.00 3388.00 3392.00 26048.00
20170309  13:31:00 3390.00 3392.00 3389.00 3389.00 8146.00
20170309  13:32:00 3389.00 3390.00 3386.00 3386.00 5792.00
20170309  13:33:00 3387.00 3388.00 3386.00 3386.00 4344.00
20170309  13:34:00 3386.00 3386.00 3383.00 3385.00 5886.00
20170309  13:35:00 3385.00 3385.00 3382.00 3384.00 5886.00
20170309  13:36:00 3384.00 3388.00 3382.00 3386.00 3390.00
20170309  13:37:00 3386.00 3388.00 3386.00 3388.00 3418.00
20170309  13:38:00 3388.00 3390.00 3386.00 3390.00 3682.00
20170309  13:39:00 3390.00 3408.00 3389.00 3403.00 50512.00
20170309  13:40:00 3402.00 3404.00 3398.00 3398.00 24986.00
20170309  13:41:00 3399.00 3404.00 3398.00 3402.00 16212.00
20170309  13:42:00 3403.00 3403.00 3399.00 3400.00 5982.00
20170309  13:43:00 3400.00 3400.00 3393.00 3396.00 9678.00
20170309  13:44:00 3396.00 3396.00 3391.00 3393.00 11408.00
20170309  13:45:00 3392.00 3393.00 3388.00 3389.00 15528.00
20170309  13:46:00 3389.00 3393.00 3388.00 3391.00 9034.00
20170309  13:47:00 3392.00 3392.00 3387.00 3388.00 8070.00
20170309  13:48:00 3388.00 3390.00 3385.00 3385.00 6548.00
20170309  13:49:00 3385.00 3388.00 3384.00 3385.00 9260.00
20170309  13:50:00 3385.00 3387.00 3384.00 3387.00 4974.00
20170309  13:51:00 3386.00 3387.00 3382.00 3383.00 8744.00
20170309  13:52:00 3383.00 3387.00 3381.00 3385.00 6194.00
20170309  13:53:00 3385.00 3386.00 3384.00 3386.00 2744.00
20170309  13:54:00 3386.00 3387.00 3383.00 3387.00 3170.00
20170309  13:55:00 3387.00 3388.00 3385.00 3388.00 2878.00
20170309  13:56:00 3388.00 3389.00 3384.00 3384.00 4612.00
20170309  13:57:00 3385.00 3385.00 3381.00 3382.00 8544.00
20170309  13:58:00 3382.00 3384.00 3379.00 3383.00 10046.00
20170309  13:59:00 3383.00 3383.00 3378.00 3380.00 6656.00
20170309  14:00:00 3380.00 3384.00 3378.00 3383.00 7604.00
20170309  14:01:00 3384.00 3387.00 3383.00 3385.00 5230.00
20170309  14:02:00 3385.00 3385.00 3380.00 3382.00 7904.00
20170309  14:03:00 3381.00 3384.00 3381.00 3382.00 2798.00
20170309  14:04:00 3382.00 3385.00 3381.00 3385.00 2560.00
20170309  14:05:00 3385.00 3385.00 3383.00 3384.00 2986.00
20170309  14:06:00 3384.00 3384.00 3381.00 3383.00 4924.00
20170309  14:07:00 3382.00 3384.00 3382.00 3383.00 876.00
20170309  14:08:00 3383.00 3386.00 3383.00 3386.00 1726.00
20170309  14:09:00 3386.00 3387.00 3382.00 3383.00 3518.00
20170309  14:10:00 3383.00 3386.00 3383.00 3385.00 3684.00
20170309  14:11:00 3385.00 3391.00 3385.00 3390.00 6384.00
20170309  14:12:00 3391.00 3391.00 3383.00 3383.00 5762.00
20170309  14:13:00 3383.00 3384.00 3381.00 3382.00 7314.00
20170309  14:14:00 3381.00 3384.00 3379.00 3382.00 9732.00
20170309  14:15:00 3382.00 3386.00 3382.00 3383.00 2930.00
20170309  14:16:00 3384.00 3385.00 3382.00 3384.00 2578.00
20170309  14:17:00 3383.00 3384.00 3379.00 3379.00 7320.00
20170309  14:18:00 3379.00 3382.00 3379.00 3381.00 5862.00
20170309  14:19:00 3381.00 3382.00 3377.00 3381.00 11556.00
20170309  14:20:00 3382.00 3383.00 3380.00 3381.00 7242.00
20170309  14:21:00 3381.00 3383.00 3381.00 3382.00 2878.00
20170309  14:22:00 3381.00 3385.00 3380.00 3382.00 7012.00
20170309  14:23:00 3382.00 3383.00 3381.00 3382.00 2690.00
20170309  14:24:00 3382.00 3384.00 3381.00 3382.00 1640.00
20170309  14:25:00 3382.00 3383.00 3380.00 3382.00 2452.00
20170309  14:26:00 3381.00 3381.00 3378.00 3380.00 4396.00
20170309  14:27:00 3380.00 3381.00 3376.00 3377.00 7348.00
20170309  14:28:00 3378.00 3379.00 3376.00 3377.00 7008.00
20170309  14:29:00 3377.00 3377.00 3370.00 3371.00 19608.00
20170309  14:30:00 3372.00 3378.00 3370.00 3377.00 9332.00
20170309  14:31:00 3377.00 3381.00 3375.00 3380.00 6510.00
20170309  14:32:00 3381.00 3381.00 3377.00 3380.00 2802.00
20170309  14:33:00 3380.00 3380.00 3374.00 3376.00 5014.00
20170309  14:34:00 3375.00 3379.00 3373.00 3378.00 4038.00
20170309  14:35:00 3379.00 3384.00 3378.00 3382.00 8700.00
20170309  14:36:00 3382.00 3384.00 3378.00 3380.00 5978.00
20170309  14:37:00 3381.00 3381.00 3379.00 3380.00 2230.00
20170309  14:38:00 3380.00 3381.00 3379.00 3379.00 1524.00
20170309  14:39:00 3379.00 3380.00 3376.00 3378.00 5246.00
20170309  14:40:00 3378.00 3381.00 3377.00 3380.00 2924.00
20170309  14:41:00 3380.00 3381.00 3377.00 3380.00 1692.00
20170309  14:42:00 3379.00 3380.00 3374.00 3374.00 4332.00
20170309  14:43:00 3375.00 3375.00 3371.00 3373.00 11298.00
20170309  14:44:00 3372.00 3375.00 3371.00 3373.00 5106.00
20170309  14:45:00 3373.00 3374.00 3368.00 3374.00 13590.00
20170309  14:46:00 3373.00 3379.00 3373.00 3378.00 8160.00
20170309  14:47:00 3378.00 3378.00 3375.00 3377.00 3744.00
20170309  14:48:00 3376.00 3378.00 3375.00 3378.00 2620.00
20170309  14:49:00 3377.00 3378.00 3376.00 3376.00 1808.00
20170309  14:50:00 3376.00 3380.00 3376.00 3378.00 7290.00
20170309  14:51:00 3378.00 3381.00 3378.00 3378.00 7504.00
20170309  14:52:00 3378.00 3384.00 3378.00 3383.00 8312.00
20170309  14:53:00 3383.00 3387.00 3380.00 3387.00 10760.00
20170309  14:54:00 3387.00 3391.00 3386.00 3391.00 20980.00
20170309  14:55:00 3391.00 3400.00 3390.00 3400.00 34848.00
20170309  14:56:00 3399.00 3403.00 3394.00 3397.00 33162.00
20170309  14:57:00 3396.00 3402.00 3394.00 3395.00 21170.00
20170309  14:58:00 3394.00 3397.00 3388.00 3389.00 16322.00
20170309  14:59:00 3390.00 3393.00 3386.00 3391.00 29842.00
20170309  15:00:00 3389.00 3389.00 3389.00 3389.00 378.00
