20170322  15:00:00 3405.00 3405.00 3405.00 3405.00 202.00
20170322  14:59:00 3402.00 3406.00 3400.00 3405.00 15346.00
20170322  14:58:00 3405.00 3406.00 3401.00 3402.00 8604.00
20170322  14:57:00 3407.00 3408.00 3403.00 3405.00 6260.00
20170322  14:56:00 3408.00 3409.00 3407.00 3408.00 3404.00
20170322  14:55:00 3406.00 3410.00 3406.00 3408.00 4162.00
20170322  14:54:00 3410.00 3410.00 3406.00 3406.00 3926.00
20170322  14:53:00 3407.00 3410.00 3406.00 3410.00 2360.00
20170322  14:52:00 3409.00 3409.00 3405.00 3407.00 2956.00
20170322  14:51:00 3407.00 3410.00 3406.00 3407.00 3946.00
20170322  14:50:00 3405.00 3409.00 3405.00 3409.00 4062.00
20170322  14:49:00 3409.00 3409.00 3405.00 3406.00 3318.00
20170322  14:48:00 3404.00 3409.00 3404.00 3409.00 8340.00
20170322  14:47:00 3398.00 3405.00 3395.00 3405.00 7064.00
20170322  14:46:00 3399.00 3400.00 3395.00 3397.00 9584.00
20170322  14:45:00 3403.00 3404.00 3398.00 3399.00 17094.00
20170322  14:44:00 3408.00 3408.00 3403.00 3403.00 2138.00
20170322  14:43:00 3411.00 3411.00 3406.00 3407.00 3886.00
20170322  14:42:00 3408.00 3411.00 3406.00 3410.00 6192.00
20170322  14:41:00 3409.00 3410.00 3405.00 3408.00 4962.00
20170322  14:40:00 3408.00 3409.00 3407.00 3408.00 4852.00
20170322  14:39:00 3406.00 3409.00 3405.00 3408.00 2888.00
20170322  14:38:00 3404.00 3408.00 3403.00 3407.00 2788.00
20170322  14:37:00 3405.00 3406.00 3404.00 3405.00 2014.00
20170322  14:36:00 3402.00 3406.00 3402.00 3405.00 2620.00
20170322  14:35:00 3403.00 3405.00 3403.00 3403.00 3108.00
20170322  14:34:00 3406.00 3406.00 3403.00 3404.00 2384.00
20170322  14:33:00 3405.00 3406.00 3403.00 3405.00 2772.00
20170322  14:32:00 3405.00 3407.00 3404.00 3405.00 2802.00
20170322  14:31:00 3407.00 3409.00 3405.00 3406.00 1846.00
20170322  14:30:00 3409.00 3409.00 3406.00 3408.00 1208.00
20170322  14:29:00 3410.00 3410.00 3408.00 3408.00 1194.00
20170322  14:28:00 3408.00 3410.00 3405.00 3409.00 2912.00
20170322  14:27:00 3403.00 3410.00 3402.00 3408.00 3862.00
20170322  14:26:00 3406.00 3406.00 3402.00 3403.00 6494.00
20170322  14:25:00 3405.00 3407.00 3405.00 3406.00 3172.00
20170322  14:24:00 3410.00 3411.00 3404.00 3406.00 5834.00
20170322  14:23:00 3414.00 3416.00 3410.00 3411.00 3676.00
20170322  14:22:00 3415.00 3416.00 3413.00 3414.00 3346.00
20170322  14:21:00 3417.00 3417.00 3414.00 3415.00 6230.00
20170322  14:20:00 3410.00 3416.00 3409.00 3416.00 7714.00
20170322  14:19:00 3407.00 3410.00 3405.00 3409.00 3758.00
20170322  14:18:00 3404.00 3409.00 3402.00 3407.00 5444.00
20170322  14:17:00 3403.00 3405.00 3402.00 3404.00 3038.00
20170322  14:16:00 3403.00 3406.00 3402.00 3403.00 3970.00
20170322  14:15:00 3407.00 3407.00 3401.00 3403.00 8980.00
20170322  14:14:00 3407.00 3409.00 3406.00 3407.00 3410.00
20170322  14:13:00 3405.00 3410.00 3405.00 3407.00 3098.00
20170322  14:12:00 3409.00 3410.00 3406.00 3406.00 3918.00
20170322  14:11:00 3404.00 3410.00 3403.00 3410.00 9128.00
20170322  14:10:00 3407.00 3408.00 3401.00 3404.00 18510.00
20170322  14:09:00 3415.00 3415.00 3406.00 3408.00 15548.00
20170322  14:08:00 3418.00 3419.00 3415.00 3415.00 3604.00
20170322  14:07:00 3421.00 3421.00 3418.00 3419.00 3766.00
20170322  14:06:00 3412.00 3420.00 3412.00 3420.00 6640.00
20170322  14:05:00 3416.00 3416.00 3412.00 3413.00 4438.00
20170322  14:04:00 3416.00 3418.00 3413.00 3416.00 8614.00
20170322  14:03:00 3421.00 3421.00 3415.00 3416.00 12482.00
20170322  14:02:00 3422.00 3424.00 3420.00 3421.00 4516.00
20170322  14:01:00 3422.00 3424.00 3421.00 3422.00 4300.00
20170322  14:00:00 3428.00 3428.00 3421.00 3422.00 5526.00
20170322  13:59:00 3428.00 3429.00 3426.00 3427.00 2086.00
20170322  13:58:00 3428.00 3430.00 3428.00 3428.00 1256.00
20170322  13:57:00 3431.00 3431.00 3427.00 3429.00 1632.00
20170322  13:56:00 3426.00 3432.00 3426.00 3430.00 2154.00
20170322  13:55:00 3430.00 3430.00 3425.00 3426.00 3464.00
20170322  13:54:00 3431.00 3433.00 3430.00 3430.00 2430.00
20170322  13:53:00 3433.00 3435.00 3430.00 3432.00 8830.00
20170322  13:52:00 3431.00 3433.00 3430.00 3432.00 3770.00
20170322  13:51:00 3427.00 3432.00 3427.00 3430.00 6886.00
20170322  13:50:00 3425.00 3428.00 3425.00 3426.00 2674.00
20170322  13:49:00 3425.00 3426.00 3423.00 3425.00 2592.00
20170322  13:48:00 3426.00 3426.00 3423.00 3425.00 2052.00
20170322  13:47:00 3426.00 3427.00 3424.00 3426.00 3708.00
20170322  13:46:00 3424.00 3428.00 3422.00 3427.00 4306.00
20170322  13:45:00 3425.00 3427.00 3423.00 3424.00 5986.00
20170322  13:44:00 3420.00 3428.00 3419.00 3426.00 10664.00
20170322  13:43:00 3423.00 3423.00 3418.00 3419.00 17072.00
20170322  13:42:00 3426.00 3427.00 3422.00 3423.00 12820.00
20170322  13:41:00 3430.00 3430.00 3423.00 3426.00 8438.00
20170322  13:40:00 3429.00 3434.00 3429.00 3430.00 4444.00
20170322  13:39:00 3435.00 3435.00 3426.00 3430.00 26904.00
20170322  13:38:00 3435.00 3436.00 3433.00 3433.00 4202.00
20170322  13:37:00 3435.00 3436.00 3433.00 3435.00 7944.00
20170322  13:36:00 3437.00 3439.00 3434.00 3434.00 4142.00
20170322  13:35:00 3440.00 3440.00 3437.00 3438.00 4628.00
20170322  13:34:00 3438.00 3441.00 3438.00 3440.00 8056.00
20170322  13:33:00 3436.00 3438.00 3434.00 3438.00 5100.00
20170322  13:32:00 3436.00 3438.00 3434.00 3437.00 6352.00
20170322  13:31:00 3437.00 3439.00 3435.00 3436.00 7486.00
20170322  13:30:00 3442.00 3442.00 3437.00 3437.00 12784.00
20170322  11:29:00 3444.00 3445.00 3442.00 3443.00 4954.00
20170322  11:28:00 3446.00 3447.00 3443.00 3444.00 3410.00
20170322  11:27:00 3447.00 3448.00 3445.00 3446.00 1742.00
20170322  11:26:00 3445.00 3448.00 3445.00 3447.00 3648.00
20170322  11:25:00 3445.00 3447.00 3443.00 3445.00 3198.00
20170322  11:24:00 3448.00 3449.00 3444.00 3445.00 2082.00
20170322  11:23:00 3443.00 3448.00 3443.00 3448.00 4196.00
20170322  11:22:00 3443.00 3447.00 3443.00 3444.00 3266.00
20170322  11:21:00 3445.00 3446.00 3443.00 3445.00 3662.00
20170322  11:20:00 3439.00 3445.00 3439.00 3444.00 2490.00
20170322  11:19:00 3441.00 3442.00 3439.00 3440.00 2784.00
20170322  11:18:00 3444.00 3444.00 3440.00 3441.00 1950.00
20170322  11:17:00 3441.00 3444.00 3441.00 3444.00 1862.00
20170322  11:16:00 3445.00 3446.00 3440.00 3441.00 3174.00
20170322  11:15:00 3440.00 3446.00 3439.00 3445.00 4242.00
20170322  11:14:00 3440.00 3443.00 3439.00 3440.00 2336.00
20170322  11:13:00 3441.00 3444.00 3440.00 3440.00 4630.00
20170322  11:12:00 3438.00 3445.00 3437.00 3441.00 6566.00
20170322  11:11:00 3442.00 3443.00 3438.00 3438.00 6864.00
20170322  11:10:00 3445.00 3446.00 3440.00 3444.00 5140.00
20170322  11:09:00 3446.00 3448.00 3442.00 3443.00 2218.00
20170322  11:08:00 3449.00 3449.00 3446.00 3447.00 1996.00
20170322  11:07:00 3447.00 3452.00 3446.00 3449.00 5266.00
20170322  11:06:00 3438.00 3449.00 3438.00 3446.00 6342.00
20170322  11:05:00 3441.00 3442.00 3437.00 3439.00 11312.00
20170322  11:04:00 3442.00 3442.00 3440.00 3440.00 6836.00
20170322  11:03:00 3442.00 3444.00 3441.00 3442.00 3914.00
20170322  11:02:00 3445.00 3445.00 3440.00 3441.00 6924.00
20170322  11:01:00 3446.00 3448.00 3445.00 3445.00 2164.00
20170322  11:00:00 3447.00 3448.00 3443.00 3446.00 3224.00
20170322  10:59:00 3449.00 3450.00 3447.00 3447.00 934.00
20170322  10:58:00 3447.00 3450.00 3445.00 3450.00 2004.00
20170322  10:57:00 3452.00 3452.00 3446.00 3446.00 2536.00
20170322  10:56:00 3450.00 3453.00 3450.00 3452.00 2004.00
20170322  10:55:00 3452.00 3452.00 3450.00 3451.00 1172.00
20170322  10:54:00 3452.00 3452.00 3450.00 3451.00 1528.00
20170322  10:53:00 3450.00 3453.00 3449.00 3452.00 1152.00
20170322  10:52:00 3453.00 3454.00 3449.00 3449.00 2412.00
20170322  10:51:00 3451.00 3453.00 3450.00 3453.00 1828.00
20170322  10:50:00 3448.00 3451.00 3447.00 3451.00 2150.00
20170322  10:49:00 3445.00 3449.00 3444.00 3448.00 2554.00
20170322  10:48:00 3441.00 3446.00 3440.00 3445.00 5072.00
20170322  10:47:00 3448.00 3449.00 3440.00 3441.00 5092.00
20170322  10:46:00 3452.00 3452.00 3447.00 3448.00 3324.00
20170322  10:45:00 3452.00 3453.00 3451.00 3452.00 1062.00
20170322  10:44:00 3454.00 3454.00 3452.00 3452.00 1224.00
20170322  10:43:00 3450.00 3454.00 3449.00 3453.00 2540.00
20170322  10:42:00 3450.00 3450.00 3448.00 3450.00 1640.00
20170322  10:41:00 3450.00 3452.00 3449.00 3449.00 3344.00
20170322  10:40:00 3449.00 3450.00 3448.00 3450.00 2096.00
20170322  10:39:00 3445.00 3450.00 3445.00 3449.00 2680.00
20170322  10:38:00 3445.00 3447.00 3443.00 3445.00 4376.00
20170322  10:37:00 3444.00 3446.00 3443.00 3445.00 4124.00
20170322  10:36:00 3447.00 3448.00 3444.00 3445.00 3938.00
20170322  10:35:00 3449.00 3450.00 3448.00 3448.00 2046.00
20170322  10:34:00 3451.00 3452.00 3445.00 3449.00 4798.00
20170322  10:33:00 3456.00 3456.00 3451.00 3451.00 3710.00
20170322  10:32:00 3457.00 3458.00 3454.00 3455.00 3296.00
20170322  10:31:00 3460.00 3461.00 3458.00 3458.00 4050.00
20170322  10:30:00 3462.00 3463.00 3459.00 3460.00 3270.00
20170322  10:14:00 3463.00 3464.00 3461.00 3462.00 4040.00
20170322  10:13:00 3461.00 3465.00 3460.00 3464.00 3402.00
20170322  10:12:00 3458.00 3461.00 3458.00 3460.00 1170.00
20170322  10:11:00 3460.00 3460.00 3458.00 3458.00 2540.00
20170322  10:10:00 3457.00 3460.00 3456.00 3460.00 1054.00
20170322  10:09:00 3461.00 3461.00 3456.00 3458.00 3074.00
20170322  10:08:00 3460.00 3463.00 3460.00 3461.00 3266.00
20170322  10:07:00 3462.00 3463.00 3460.00 3460.00 4464.00
20170322  10:06:00 3457.00 3462.00 3457.00 3462.00 5486.00
20170322  10:05:00 3458.00 3459.00 3456.00 3456.00 2156.00
20170322  10:04:00 3456.00 3458.00 3455.00 3457.00 5604.00
20170322  10:03:00 3452.00 3456.00 3451.00 3456.00 4350.00
20170322  10:02:00 3449.00 3452.00 3449.00 3452.00 2370.00
20170322  10:01:00 3449.00 3450.00 3446.00 3449.00 1456.00
20170322  10:00:00 3449.00 3449.00 3445.00 3449.00 4512.00
20170322  09:59:00 3450.00 3451.00 3447.00 3449.00 2796.00
20170322  09:58:00 3452.00 3452.00 3449.00 3450.00 4328.00
20170322  09:57:00 3455.00 3455.00 3451.00 3452.00 3006.00
20170322  09:56:00 3450.00 3455.00 3450.00 3455.00 3350.00
20170322  09:55:00 3451.00 3452.00 3449.00 3451.00 2540.00
20170322  09:54:00 3453.00 3453.00 3449.00 3451.00 5014.00
20170322  09:53:00 3449.00 3452.00 3447.00 3452.00 7292.00
20170322  09:52:00 3448.00 3448.00 3445.00 3448.00 5830.00
20170322  09:51:00 3444.00 3451.00 3442.00 3448.00 9126.00
20170322  09:50:00 3439.00 3444.00 3435.00 3443.00 8348.00
20170322  09:49:00 3436.00 3439.00 3433.00 3438.00 10194.00
20170322  09:48:00 3438.00 3441.00 3433.00 3436.00 19314.00
20170322  09:47:00 3448.00 3449.00 3438.00 3438.00 23250.00
20170322  09:46:00 3450.00 3452.00 3447.00 3448.00 18014.00
20170322  09:45:00 3458.00 3459.00 3450.00 3450.00 10190.00
20170322  09:44:00 3459.00 3461.00 3458.00 3458.00 4292.00
20170322  09:43:00 3461.00 3461.00 3459.00 3459.00 2354.00
20170322  09:42:00 3460.00 3461.00 3458.00 3461.00 3510.00
20170322  09:41:00 3457.00 3459.00 3457.00 3459.00 2778.00
20170322  09:40:00 3455.00 3459.00 3455.00 3457.00 3644.00
20170322  09:39:00 3460.00 3460.00 3454.00 3456.00 9984.00
20170322  09:38:00 3462.00 3462.00 3460.00 3460.00 2026.00
20170322  09:37:00 3464.00 3464.00 3462.00 3463.00 1024.00
20170322  09:36:00 3463.00 3464.00 3462.00 3464.00 1930.00
20170322  09:35:00 3465.00 3465.00 3463.00 3464.00 1738.00
20170322  09:34:00 3462.00 3464.00 3460.00 3464.00 3302.00
20170322  09:33:00 3461.00 3463.00 3460.00 3463.00 1554.00
20170322  09:32:00 3462.00 3463.00 3460.00 3461.00 2720.00
20170322  09:31:00 3460.00 3462.00 3460.00 3461.00 2440.00
20170322  09:30:00 3458.00 3464.00 3457.00 3460.00 9952.00
20170322  09:29:00 3462.00 3462.00 3458.00 3458.00 9382.00
20170322  09:28:00 3465.00 3468.00 3462.00 3462.00 3880.00
20170322  09:27:00 3460.00 3466.00 3459.00 3465.00 6294.00
20170322  09:26:00 3465.00 3465.00 3459.00 3459.00 11554.00
20170322  09:25:00 3467.00 3467.00 3464.00 3464.00 2090.00
20170322  09:24:00 3465.00 3467.00 3464.00 3466.00 4710.00
20170322  09:23:00 3464.00 3465.00 3461.00 3465.00 3866.00
20170322  09:22:00 3465.00 3465.00 3462.00 3463.00 3256.00
20170322  09:21:00 3467.00 3467.00 3464.00 3465.00 2452.00
20170322  09:20:00 3466.00 3468.00 3463.00 3467.00 3058.00
20170322  09:19:00 3469.00 3470.00 3464.00 3464.00 4516.00
20170322  09:18:00 3469.00 3470.00 3468.00 3468.00 1560.00
20170322  09:17:00 3472.00 3473.00 3469.00 3469.00 5090.00
20170322  09:16:00 3464.00 3473.00 3464.00 3473.00 7526.00
20170322  09:15:00 3464.00 3466.00 3461.00 3464.00 6290.00
20170322  09:14:00 3467.00 3471.00 3463.00 3464.00 7312.00
20170322  09:13:00 3464.00 3469.00 3463.00 3468.00 8786.00
20170322  09:12:00 3464.00 3465.00 3461.00 3463.00 2538.00
20170322  09:11:00 3458.00 3466.00 3458.00 3463.00 5364.00
20170322  09:10:00 3460.00 3462.00 3458.00 3459.00 11066.00
20170322  09:09:00 3469.00 3470.00 3460.00 3460.00 6520.00
20170322  09:08:00 3466.00 3472.00 3466.00 3470.00 7916.00
20170322  09:07:00 3463.00 3466.00 3461.00 3466.00 10390.00
20170322  09:06:00 3464.00 3464.00 3462.00 3464.00 7254.00
20170322  09:05:00 3466.00 3466.00 3460.00 3464.00 11792.00
20170322  09:04:00 3474.00 3474.00 3463.00 3466.00 16600.00
20170322  09:03:00 3474.00 3475.00 3470.00 3474.00 8774.00
20170322  09:02:00 3478.00 3478.00 3473.00 3474.00 8398.00
20170322  09:01:00 3478.00 3479.00 3474.00 3478.00 7968.00
20170322  09:00:00 3480.00 3480.00 3471.00 3478.00 19648.00
20170321  23:00:00 3488.00 3488.00 3488.00 3488.00  36.00
20170321  22:59:00 3489.00 3492.00 3488.00 3488.00 7390.00
20170321  22:58:00 3490.00 3492.00 3488.00 3490.00 3042.00
20170321  22:57:00 3494.00 3496.00 3489.00 3489.00 6188.00
20170321  22:56:00 3491.00 3493.00 3491.00 3493.00 3062.00
20170321  22:55:00 3497.00 3498.00 3491.00 3492.00 7126.00
20170321  22:54:00 3484.00 3497.00 3482.00 3496.00 13646.00
20170321  22:53:00 3482.00 3484.00 3482.00 3484.00 938.00
20170321  22:52:00 3479.00 3482.00 3477.00 3482.00 3870.00
20170321  22:51:00 3483.00 3484.00 3480.00 3480.00 2524.00
20170321  22:50:00 3486.00 3487.00 3483.00 3483.00 1882.00
20170321  22:49:00 3486.00 3487.00 3485.00 3486.00 458.00
20170321  22:48:00 3487.00 3487.00 3486.00 3486.00 660.00
20170321  22:47:00 3487.00 3488.00 3486.00 3487.00 666.00
20170321  22:46:00 3487.00 3488.00 3486.00 3487.00 1078.00
20170321  22:45:00 3488.00 3488.00 3487.00 3487.00 360.00
20170321  22:44:00 3487.00 3489.00 3487.00 3488.00 972.00
20170321  22:43:00 3486.00 3487.00 3485.00 3487.00 362.00
20170321  22:42:00 3486.00 3486.00 3485.00 3486.00 286.00
20170321  22:41:00 3485.00 3486.00 3485.00 3485.00 562.00
20170321  22:40:00 3485.00 3486.00 3484.00 3485.00 1038.00
20170321  22:39:00 3487.00 3487.00 3485.00 3485.00 774.00
20170321  22:38:00 3487.00 3488.00 3486.00 3486.00 408.00
20170321  22:37:00 3487.00 3489.00 3486.00 3487.00 594.00
20170321  22:36:00 3489.00 3489.00 3487.00 3487.00 656.00
20170321  22:35:00 3489.00 3490.00 3487.00 3489.00 1886.00
20170321  22:34:00 3488.00 3489.00 3487.00 3489.00 1282.00
20170321  22:33:00 3486.00 3488.00 3486.00 3488.00 570.00
20170321  22:32:00 3485.00 3487.00 3485.00 3487.00 442.00
20170321  22:31:00 3486.00 3486.00 3485.00 3485.00 284.00
20170321  22:30:00 3484.00 3487.00 3484.00 3485.00 824.00
20170321  22:29:00 3486.00 3486.00 3483.00 3484.00 654.00
20170321  22:28:00 3486.00 3486.00 3485.00 3486.00 324.00
20170321  22:27:00 3487.00 3487.00 3485.00 3485.00 604.00
20170321  22:26:00 3485.00 3488.00 3485.00 3487.00 724.00
20170321  22:25:00 3485.00 3486.00 3484.00 3486.00 814.00
20170321  22:24:00 3486.00 3487.00 3485.00 3486.00 500.00
20170321  22:23:00 3489.00 3489.00 3486.00 3486.00 872.00
20170321  22:22:00 3488.00 3489.00 3487.00 3488.00 2468.00
20170321  22:21:00 3485.00 3488.00 3484.00 3488.00 2026.00
20170321  22:20:00 3483.00 3485.00 3482.00 3485.00 968.00
20170321  22:19:00 3482.00 3484.00 3481.00 3482.00 1022.00
20170321  22:18:00 3484.00 3484.00 3482.00 3482.00 1526.00
20170321  22:17:00 3479.00 3485.00 3479.00 3484.00 2338.00
20170321  22:16:00 3478.00 3480.00 3478.00 3479.00 1856.00
20170321  22:15:00 3479.00 3479.00 3477.00 3479.00 4480.00
20170321  22:14:00 3481.00 3482.00 3479.00 3479.00 3822.00
20170321  22:13:00 3481.00 3483.00 3480.00 3481.00 3588.00
20170321  22:12:00 3485.00 3485.00 3480.00 3480.00 3526.00
20170321  22:11:00 3486.00 3486.00 3484.00 3485.00 2006.00
20170321  22:10:00 3485.00 3487.00 3484.00 3486.00 2102.00
20170321  22:09:00 3485.00 3487.00 3485.00 3485.00 866.00
20170321  22:08:00 3489.00 3490.00 3485.00 3485.00 1468.00
20170321  22:07:00 3490.00 3490.00 3489.00 3490.00 1568.00
20170321  22:06:00 3489.00 3490.00 3488.00 3490.00 1454.00
20170321  22:05:00 3489.00 3490.00 3487.00 3490.00 3370.00
20170321  22:04:00 3490.00 3491.00 3489.00 3489.00 1992.00
20170321  22:03:00 3488.00 3490.00 3487.00 3490.00 2200.00
20170321  22:02:00 3485.00 3488.00 3484.00 3487.00 1790.00
20170321  22:01:00 3486.00 3486.00 3484.00 3486.00 1732.00
20170321  22:00:00 3484.00 3486.00 3483.00 3486.00 3762.00
20170321  21:59:00 3488.00 3490.00 3484.00 3484.00 1948.00
20170321  21:58:00 3488.00 3490.00 3487.00 3488.00 1992.00
20170321  21:57:00 3491.00 3491.00 3488.00 3489.00 1282.00
20170321  21:56:00 3488.00 3491.00 3488.00 3491.00 2842.00
20170321  21:55:00 3487.00 3490.00 3487.00 3489.00 916.00
20170321  21:54:00 3489.00 3491.00 3487.00 3487.00 4106.00
20170321  21:53:00 3486.00 3490.00 3486.00 3489.00 2520.00
20170321  21:52:00 3483.00 3487.00 3483.00 3486.00 3438.00
20170321  21:51:00 3485.00 3485.00 3482.00 3483.00 2726.00
20170321  21:50:00 3486.00 3486.00 3484.00 3484.00 2592.00
20170321  21:49:00 3485.00 3487.00 3485.00 3485.00 1444.00
20170321  21:48:00 3485.00 3487.00 3484.00 3484.00 1850.00
20170321  21:47:00 3485.00 3486.00 3484.00 3485.00 1808.00
20170321  21:46:00 3486.00 3486.00 3484.00 3485.00 2644.00
20170321  21:45:00 3488.00 3488.00 3486.00 3486.00 5744.00
20170321  21:44:00 3487.00 3488.00 3487.00 3488.00 1996.00
20170321  21:43:00 3491.00 3491.00 3487.00 3487.00 2316.00
20170321  21:42:00 3492.00 3493.00 3489.00 3491.00 3824.00
20170321  21:41:00 3489.00 3492.00 3489.00 3492.00 4244.00
20170321  21:40:00 3489.00 3490.00 3488.00 3490.00 4172.00
20170321  21:39:00 3489.00 3490.00 3487.00 3488.00 3098.00
20170321  21:38:00 3489.00 3489.00 3488.00 3488.00 858.00
20170321  21:37:00 3488.00 3489.00 3487.00 3488.00 4222.00
20170321  21:36:00 3490.00 3491.00 3488.00 3488.00 4886.00
20170321  21:35:00 3492.00 3494.00 3489.00 3490.00 9120.00
20170321  21:34:00 3490.00 3492.00 3489.00 3491.00 7492.00
20170321  21:33:00 3485.00 3492.00 3485.00 3490.00 17832.00
20170321  21:32:00 3478.00 3483.00 3478.00 3483.00 4682.00
20170321  21:31:00 3481.00 3481.00 3478.00 3478.00 3532.00
20170321  21:30:00 3482.00 3482.00 3480.00 3481.00 2292.00
20170321  21:29:00 3480.00 3482.00 3480.00 3481.00 3650.00
20170321  21:28:00 3480.00 3482.00 3480.00 3480.00 2988.00
20170321  21:27:00 3483.00 3483.00 3480.00 3480.00 4470.00
20170321  21:26:00 3481.00 3484.00 3480.00 3483.00 7966.00
20170321  21:25:00 3479.00 3481.00 3478.00 3481.00 4484.00
20170321  21:24:00 3478.00 3479.00 3477.00 3478.00 3012.00
20170321  21:23:00 3474.00 3478.00 3474.00 3478.00 3770.00
20170321  21:22:00 3472.00 3475.00 3471.00 3475.00 3094.00
20170321  21:21:00 3473.00 3474.00 3471.00 3472.00 2448.00
20170321  21:20:00 3474.00 3474.00 3472.00 3473.00 2432.00
20170321  21:19:00 3474.00 3475.00 3473.00 3473.00 3968.00
20170321  21:18:00 3477.00 3478.00 3474.00 3475.00 3394.00
20170321  21:17:00 3476.00 3477.00 3476.00 3477.00 1528.00
20170321  21:16:00 3475.00 3477.00 3475.00 3476.00 2612.00
20170321  21:15:00 3478.00 3480.00 3475.00 3475.00 4206.00
20170321  21:14:00 3479.00 3480.00 3478.00 3479.00 5242.00
20170321  21:13:00 3474.00 3480.00 3472.00 3478.00 10988.00
20170321  21:12:00 3474.00 3475.00 3472.00 3474.00 3368.00
20170321  21:11:00 3474.00 3475.00 3472.00 3473.00 4362.00
20170321  21:10:00 3470.00 3475.00 3468.00 3474.00 8086.00
20170321  21:09:00 3465.00 3470.00 3464.00 3469.00 7794.00
20170321  21:08:00 3467.00 3468.00 3464.00 3465.00 6572.00
20170321  21:07:00 3465.00 3469.00 3464.00 3468.00 6950.00
20170321  21:06:00 3464.00 3467.00 3463.00 3465.00 7972.00
20170321  21:05:00 3471.00 3472.00 3463.00 3464.00 9254.00
20170321  21:04:00 3473.00 3473.00 3469.00 3469.00 13172.00
20170321  21:03:00 3463.00 3473.00 3463.00 3473.00 12872.00
20170321  21:02:00 3461.00 3463.00 3460.00 3463.00 7998.00
20170321  21:01:00 3459.00 3464.00 3457.00 3462.00 14860.00
20170321  21:00:00 3466.00 3467.00 3458.00 3459.00 30612.00
