20151218  21:00:00 1719.00 1722.00 1716.00 1720.00 81746.00
20151218  21:01:00 1721.00 1721.00 1719.00 1719.00 37772.00
20151218  21:02:00 1719.00 1720.00 1716.00 1717.00 40782.00
20151218  21:03:00 1716.00 1717.00 1715.00 1716.00 39268.00
20151218  21:04:00 1716.00 1716.00 1714.00 1715.00 26138.00
20151218  21:05:00 1715.00 1717.00 1714.00 1716.00 25990.00
20151218  21:06:00 1717.00 1717.00 1716.00 1717.00 15172.00
20151218  21:07:00 1717.00 1718.00 1716.00 1716.00 14920.00
20151218  21:08:00 1716.00 1717.00 1715.00 1715.00 7612.00
20151218  21:09:00 1715.00 1718.00 1715.00 1718.00 13642.00
20151218  21:10:00 1717.00 1720.00 1717.00 1719.00 28666.00
20151218  21:11:00 1719.00 1720.00 1719.00 1720.00 19118.00
20151218  21:12:00 1719.00 1721.00 1718.00 1720.00 36564.00
20151218  21:13:00 1720.00 1722.00 1720.00 1721.00 41556.00
20151218  21:14:00 1720.00 1721.00 1719.00 1720.00 30298.00
20151218  21:15:00 1719.00 1720.00 1719.00 1720.00 16386.00
20151218  21:16:00 1720.00 1721.00 1719.00 1719.00 20172.00
20151218  21:17:00 1719.00 1720.00 1719.00 1720.00 16292.00
20151218  21:18:00 1720.00 1720.00 1719.00 1719.00 10690.00
20151218  21:19:00 1720.00 1720.00 1719.00 1720.00 14232.00
20151218  21:20:00 1720.00 1720.00 1718.00 1718.00 15348.00
20151218  21:21:00 1718.00 1719.00 1716.00 1717.00 42074.00
20151218  21:22:00 1717.00 1718.00 1716.00 1718.00 19676.00
20151218  21:23:00 1717.00 1718.00 1716.00 1717.00 27762.00
20151218  21:24:00 1717.00 1719.00 1716.00 1718.00 12726.00
20151218  21:25:00 1718.00 1718.00 1717.00 1717.00 8996.00
20151218  21:26:00 1717.00 1718.00 1716.00 1718.00 11312.00
20151218  21:27:00 1717.00 1718.00 1717.00 1717.00 3360.00
20151218  21:28:00 1717.00 1718.00 1716.00 1717.00 10158.00
20151218  21:29:00 1718.00 1718.00 1716.00 1716.00 15580.00
20151218  21:30:00 1716.00 1717.00 1716.00 1716.00 12204.00
20151218  21:31:00 1716.00 1718.00 1715.00 1716.00 20036.00
20151218  21:32:00 1716.00 1717.00 1716.00 1716.00 12168.00
20151218  21:33:00 1717.00 1717.00 1716.00 1717.00 8684.00
20151218  21:34:00 1717.00 1717.00 1716.00 1716.00 2806.00
20151218  21:35:00 1716.00 1717.00 1715.00 1715.00 6646.00
20151218  21:36:00 1715.00 1716.00 1714.00 1714.00 28106.00
20151218  21:37:00 1714.00 1716.00 1714.00 1714.00 23392.00
20151218  21:38:00 1715.00 1715.00 1714.00 1715.00 20818.00
20151218  21:39:00 1715.00 1715.00 1714.00 1715.00 6768.00
20151218  21:40:00 1715.00 1715.00 1714.00 1715.00 10900.00
20151218  21:41:00 1715.00 1715.00 1714.00 1715.00 9738.00
20151218  21:42:00 1714.00 1715.00 1714.00 1714.00 7634.00
20151218  21:43:00 1714.00 1716.00 1714.00 1714.00 27582.00
20151218  21:44:00 1714.00 1715.00 1712.00 1712.00 15108.00
20151218  21:45:00 1713.00 1714.00 1712.00 1713.00 31924.00
20151218  21:46:00 1713.00 1714.00 1712.00 1714.00 14176.00
20151218  21:47:00 1714.00 1715.00 1713.00 1714.00 15496.00
20151218  21:48:00 1714.00 1715.00 1714.00 1715.00 14174.00
20151218  21:49:00 1715.00 1716.00 1715.00 1716.00 6604.00
20151218  21:50:00 1716.00 1716.00 1715.00 1715.00 1198.00
20151218  21:51:00 1715.00 1716.00 1715.00 1715.00 2830.00
20151218  21:52:00 1715.00 1716.00 1714.00 1716.00 7342.00
20151218  21:53:00 1716.00 1716.00 1715.00 1716.00 5000.00
20151218  21:54:00 1716.00 1717.00 1716.00 1717.00 15036.00
20151218  21:55:00 1717.00 1718.00 1716.00 1718.00 12442.00
20151218  21:56:00 1718.00 1719.00 1717.00 1718.00 11692.00
20151218  21:57:00 1718.00 1719.00 1718.00 1718.00 4220.00
20151218  21:58:00 1718.00 1719.00 1717.00 1717.00 10258.00
20151218  21:59:00 1717.00 1718.00 1717.00 1718.00 2576.00
20151218  22:00:00 1717.00 1718.00 1717.00 1718.00 1940.00
20151218  22:01:00 1717.00 1718.00 1717.00 1717.00 16358.00
20151218  22:02:00 1718.00 1719.00 1717.00 1717.00 18114.00
20151218  22:03:00 1718.00 1719.00 1717.00 1719.00 5610.00
20151218  22:04:00 1719.00 1719.00 1718.00 1719.00 3100.00
20151218  22:05:00 1718.00 1719.00 1718.00 1719.00 1598.00
20151218  22:06:00 1718.00 1719.00 1717.00 1718.00 10674.00
20151218  22:07:00 1718.00 1719.00 1717.00 1718.00 15574.00
20151218  22:08:00 1717.00 1718.00 1717.00 1718.00 18534.00
20151218  22:09:00 1717.00 1718.00 1717.00 1717.00 1190.00
20151218  22:10:00 1717.00 1718.00 1717.00 1717.00 2718.00
20151218  22:11:00 1717.00 1718.00 1717.00 1718.00 10738.00
20151218  22:12:00 1718.00 1720.00 1718.00 1720.00 17080.00
20151218  22:13:00 1720.00 1721.00 1719.00 1721.00 30224.00
20151218  22:14:00 1721.00 1721.00 1719.00 1719.00 15710.00
20151218  22:15:00 1720.00 1721.00 1719.00 1720.00 23780.00
20151218  22:16:00 1720.00 1721.00 1719.00 1720.00 6974.00
20151218  22:17:00 1720.00 1721.00 1720.00 1720.00 27288.00
20151218  22:18:00 1720.00 1725.00 1720.00 1724.00 67384.00
20151218  22:19:00 1724.00 1725.00 1723.00 1725.00 25400.00
20151218  22:20:00 1725.00 1726.00 1724.00 1725.00 38012.00
20151218  22:21:00 1725.00 1726.00 1724.00 1724.00 16006.00
20151218  22:22:00 1724.00 1727.00 1724.00 1727.00 33646.00
20151218  22:23:00 1726.00 1727.00 1725.00 1727.00 27258.00
20151218  22:24:00 1726.00 1726.00 1724.00 1725.00 29346.00
20151218  22:25:00 1725.00 1726.00 1724.00 1724.00 28766.00
20151218  22:26:00 1724.00 1725.00 1723.00 1723.00 28960.00
20151218  22:27:00 1723.00 1724.00 1721.00 1722.00 30626.00
20151218  22:28:00 1722.00 1723.00 1721.00 1723.00 23224.00
20151218  22:29:00 1722.00 1723.00 1722.00 1722.00 4572.00
20151218  22:30:00 1722.00 1723.00 1722.00 1722.00 11982.00
20151218  22:31:00 1722.00 1723.00 1721.00 1721.00 18608.00
20151218  22:32:00 1721.00 1723.00 1721.00 1722.00 10706.00
20151218  22:33:00 1722.00 1723.00 1722.00 1722.00 3476.00
20151218  22:34:00 1723.00 1724.00 1722.00 1723.00 13922.00
20151218  22:35:00 1724.00 1724.00 1723.00 1723.00 4606.00
20151218  22:36:00 1723.00 1724.00 1723.00 1724.00 13712.00
20151218  22:37:00 1724.00 1726.00 1723.00 1725.00 16722.00
20151218  22:38:00 1725.00 1726.00 1725.00 1725.00 5898.00
20151218  22:39:00 1725.00 1726.00 1724.00 1724.00 9772.00
20151218  22:40:00 1724.00 1725.00 1724.00 1724.00 11294.00
20151218  22:41:00 1724.00 1725.00 1724.00 1725.00 12776.00
20151218  22:42:00 1724.00 1725.00 1723.00 1724.00 16256.00
20151218  22:43:00 1724.00 1725.00 1723.00 1725.00 18880.00
20151218  22:44:00 1725.00 1725.00 1723.00 1724.00 4446.00
20151218  22:45:00 1724.00 1724.00 1723.00 1724.00 3978.00
20151218  22:46:00 1724.00 1725.00 1723.00 1723.00 3752.00
20151218  22:47:00 1723.00 1725.00 1723.00 1724.00 8538.00
20151218  22:48:00 1724.00 1724.00 1723.00 1724.00 3426.00
20151218  22:49:00 1724.00 1724.00 1723.00 1723.00 1100.00
20151218  22:50:00 1723.00 1725.00 1723.00 1725.00 4688.00
20151218  22:51:00 1724.00 1725.00 1724.00 1725.00 10356.00
20151218  22:52:00 1725.00 1725.00 1723.00 1723.00 3600.00
20151218  22:53:00 1723.00 1724.00 1723.00 1723.00 682.00
20151218  22:54:00 1723.00 1724.00 1723.00 1723.00 902.00
20151218  22:55:00 1724.00 1724.00 1723.00 1723.00 788.00
20151218  22:56:00 1723.00 1725.00 1723.00 1724.00 11444.00
20151218  22:57:00 1724.00 1726.00 1724.00 1726.00 17294.00
20151218  22:58:00 1726.00 1727.00 1725.00 1726.00 23848.00
20151218  22:59:00 1726.00 1726.00 1724.00 1725.00 11848.00
20151218  23:00:00 1725.00 1725.00 1724.00 1724.00 1154.00
20151218  23:01:00 1725.00 1725.00 1724.00 1724.00 3032.00
20151218  23:02:00 1724.00 1725.00 1724.00 1724.00 9048.00
20151218  23:03:00 1724.00 1725.00 1724.00 1724.00 1942.00
20151218  23:04:00 1724.00 1725.00 1724.00 1725.00 4824.00
20151218  23:05:00 1724.00 1725.00 1723.00 1724.00 14576.00
20151218  23:06:00 1724.00 1725.00 1723.00 1724.00 4016.00
20151218  23:07:00 1724.00 1725.00 1724.00 1724.00 1886.00
20151218  23:08:00 1724.00 1725.00 1724.00 1725.00 8506.00
20151218  23:09:00 1725.00 1726.00 1724.00 1726.00 10924.00
20151218  23:10:00 1725.00 1726.00 1725.00 1725.00 844.00
20151218  23:11:00 1725.00 1727.00 1725.00 1727.00 11286.00
20151218  23:12:00 1727.00 1727.00 1726.00 1727.00 5018.00
20151218  23:13:00 1727.00 1727.00 1726.00 1727.00 20958.00
20151218  23:14:00 1727.00 1727.00 1726.00 1726.00 12136.00
20151218  23:15:00 1726.00 1727.00 1726.00 1726.00 4190.00
20151218  23:16:00 1726.00 1727.00 1726.00 1726.00 2170.00
20151218  23:17:00 1726.00 1727.00 1725.00 1726.00 14472.00
20151218  23:18:00 1725.00 1726.00 1725.00 1725.00 8452.00
20151218  23:19:00 1725.00 1726.00 1725.00 1725.00 432.00
20151218  23:20:00 1726.00 1727.00 1725.00 1726.00 7522.00
20151218  23:21:00 1727.00 1728.00 1726.00 1728.00 32298.00
20151218  23:22:00 1728.00 1729.00 1728.00 1729.00 20658.00
20151218  23:23:00 1728.00 1729.00 1727.00 1727.00 12090.00
20151218  23:24:00 1727.00 1728.00 1726.00 1728.00 5106.00
20151218  23:25:00 1728.00 1728.00 1727.00 1727.00 9788.00
20151218  23:26:00 1726.00 1727.00 1725.00 1726.00 7114.00
20151218  23:27:00 1726.00 1727.00 1725.00 1727.00 9824.00
20151218  23:28:00 1727.00 1727.00 1724.00 1724.00 17358.00
20151218  23:29:00 1725.00 1725.00 1724.00 1725.00 21894.00
20151218  23:30:00 1725.00 1726.00 1724.00 1726.00 16816.00
20151218  23:31:00 1725.00 1726.00 1724.00 1725.00 11270.00
20151218  23:32:00 1725.00 1726.00 1724.00 1726.00 7988.00
20151218  23:33:00 1725.00 1726.00 1725.00 1726.00 680.00
20151218  23:34:00 1725.00 1726.00 1725.00 1725.00 802.00
20151218  23:35:00 1725.00 1726.00 1725.00 1725.00 1910.00
20151218  23:36:00 1725.00 1727.00 1725.00 1727.00 7864.00
20151218  23:37:00 1727.00 1727.00 1726.00 1727.00 958.00
20151218  23:38:00 1727.00 1727.00 1726.00 1727.00 964.00
20151218  23:39:00 1727.00 1727.00 1726.00 1726.00 358.00
20151218  23:40:00 1727.00 1728.00 1726.00 1727.00 10040.00
20151218  23:41:00 1728.00 1729.00 1727.00 1729.00 13686.00
20151218  23:42:00 1728.00 1729.00 1727.00 1728.00 8124.00
20151218  23:43:00 1728.00 1729.00 1728.00 1729.00 4584.00
20151218  23:44:00 1728.00 1729.00 1728.00 1729.00 4454.00
20151218  23:45:00 1728.00 1728.00 1727.00 1727.00 3970.00
20151218  23:46:00 1727.00 1729.00 1727.00 1728.00 9944.00
20151218  23:47:00 1727.00 1728.00 1726.00 1727.00 7804.00
20151218  23:48:00 1727.00 1727.00 1726.00 1727.00 9330.00
20151218  23:49:00 1727.00 1727.00 1726.00 1726.00 5112.00
20151218  23:50:00 1726.00 1727.00 1726.00 1727.00 1884.00
20151218  23:51:00 1726.00 1728.00 1726.00 1728.00 4490.00
20151218  23:52:00 1728.00 1728.00 1726.00 1728.00 3656.00
20151218  23:53:00 1728.00 1728.00 1727.00 1728.00 232.00
20151218  23:54:00 1728.00 1728.00 1727.00 1727.00 3848.00
20151218  23:55:00 1727.00 1728.00 1726.00 1727.00 7006.00
20151218  23:56:00 1727.00 1728.00 1726.00 1728.00 1992.00
20151218  23:57:00 1728.00 1728.00 1727.00 1727.00 1198.00
20151218  23:58:00 1727.00 1728.00 1727.00 1728.00 1810.00
20151218  23:59:00 1728.00 1728.00 1727.00 1728.00 1758.00
20151219  00:00:00 1728.00 1728.00 1727.00 1728.00 3112.00
20151219  00:01:00 1728.00 1728.00 1727.00 1728.00 1110.00
20151219  00:02:00 1728.00 1728.00 1727.00 1727.00 882.00
20151219  00:03:00 1727.00 1728.00 1727.00 1728.00 1190.00
20151219  00:04:00 1727.00 1728.00 1727.00 1727.00 558.00
20151219  00:05:00 1727.00 1728.00 1727.00 1728.00 826.00
20151219  00:06:00 1728.00 1728.00 1727.00 1727.00 1586.00
20151219  00:07:00 1728.00 1728.00 1727.00 1728.00 2060.00
20151219  00:08:00 1728.00 1728.00 1727.00 1727.00 496.00
20151219  00:09:00 1727.00 1728.00 1727.00 1728.00 900.00
20151219  00:10:00 1728.00 1728.00 1727.00 1728.00 2962.00
20151219  00:11:00 1728.00 1728.00 1727.00 1727.00 754.00
20151219  00:12:00 1727.00 1729.00 1727.00 1729.00 13914.00
20151219  00:13:00 1729.00 1732.00 1728.00 1731.00 77086.00
20151219  00:14:00 1732.00 1736.00 1732.00 1735.00 92016.00
20151219  00:15:00 1734.00 1735.00 1732.00 1733.00 18558.00
20151219  00:16:00 1733.00 1734.00 1732.00 1733.00 10046.00
20151219  00:17:00 1733.00 1736.00 1733.00 1735.00 18166.00
20151219  00:18:00 1735.00 1738.00 1735.00 1736.00 28190.00
20151219  00:19:00 1737.00 1737.00 1735.00 1736.00 15938.00
20151219  00:20:00 1737.00 1738.00 1736.00 1737.00 18792.00
20151219  00:21:00 1737.00 1739.00 1737.00 1739.00 20750.00
20151219  00:22:00 1739.00 1740.00 1737.00 1737.00 22588.00
20151219  00:23:00 1738.00 1739.00 1737.00 1738.00 8302.00
20151219  00:24:00 1738.00 1738.00 1736.00 1736.00 14812.00
20151219  00:25:00 1736.00 1737.00 1736.00 1737.00 3454.00
20151219  00:26:00 1736.00 1738.00 1736.00 1738.00 7098.00
20151219  00:27:00 1738.00 1738.00 1737.00 1737.00 3994.00
20151219  00:28:00 1738.00 1738.00 1737.00 1737.00 6390.00
20151219  00:29:00 1737.00 1738.00 1736.00 1738.00 12406.00
20151219  00:30:00 1738.00 1739.00 1738.00 1738.00 9370.00
20151219  00:31:00 1738.00 1740.00 1738.00 1740.00 11584.00
20151219  00:32:00 1740.00 1743.00 1739.00 1743.00 27768.00
20151219  00:33:00 1742.00 1743.00 1741.00 1741.00 18690.00
20151219  00:34:00 1741.00 1742.00 1740.00 1742.00 13588.00
20151219  00:35:00 1742.00 1742.00 1740.00 1741.00 9266.00
20151219  00:36:00 1741.00 1741.00 1739.00 1740.00 9666.00
20151219  00:37:00 1740.00 1742.00 1740.00 1741.00 10912.00
20151219  00:38:00 1741.00 1741.00 1740.00 1741.00 6814.00
20151219  00:39:00 1741.00 1742.00 1740.00 1742.00 8670.00
20151219  00:40:00 1741.00 1742.00 1740.00 1741.00 5660.00
20151219  00:41:00 1741.00 1742.00 1740.00 1741.00 8952.00
20151219  00:42:00 1741.00 1741.00 1740.00 1740.00 4192.00
20151219  00:43:00 1740.00 1741.00 1740.00 1740.00 5026.00
20151219  00:44:00 1740.00 1741.00 1740.00 1741.00 2792.00
20151219  00:45:00 1741.00 1741.00 1740.00 1741.00 2572.00
20151219  00:46:00 1741.00 1745.00 1740.00 1745.00 32130.00
20151219  00:47:00 1745.00 1746.00 1744.00 1746.00 25696.00
20151219  00:48:00 1745.00 1746.00 1745.00 1746.00 10938.00
20151219  00:49:00 1745.00 1746.00 1744.00 1745.00 10526.00
20151219  00:50:00 1746.00 1748.00 1745.00 1747.00 24888.00
20151219  00:51:00 1747.00 1748.00 1747.00 1747.00 9828.00
20151219  00:52:00 1747.00 1749.00 1747.00 1749.00 24730.00
20151219  00:53:00 1749.00 1749.00 1748.00 1748.00 13360.00
20151219  00:54:00 1749.00 1752.00 1749.00 1752.00 27054.00
20151219  00:55:00 1752.00 1755.00 1751.00 1755.00 28652.00
20151219  00:56:00 1754.00 1755.00 1752.00 1752.00 28856.00
20151219  00:57:00 1752.00 1756.00 1752.00 1754.00 25606.00
20151219  00:58:00 1754.00 1755.00 1753.00 1754.00 28878.00
20151219  00:59:00 1754.00 1757.00 1754.00 1756.00 26122.00
20151219  01:00:00 1757.00 1757.00 1757.00 1757.00  24.00
20151221  09:00:00 1741.00 1743.00 1734.00 1735.00 237860.00
20151221  09:01:00 1734.00 1742.00 1733.00 1741.00 154572.00
20151221  09:02:00 1742.00 1747.00 1741.00 1745.00 103832.00
20151221  09:03:00 1745.00 1747.00 1743.00 1747.00 72890.00
20151221  09:04:00 1747.00 1747.00 1743.00 1745.00 58734.00
20151221  09:05:00 1746.00 1746.00 1732.00 1733.00 135192.00
20151221  09:06:00 1733.00 1734.00 1730.00 1730.00 109238.00
20151221  09:07:00 1731.00 1732.00 1729.00 1732.00 73592.00
20151221  09:08:00 1732.00 1737.00 1731.00 1736.00 103234.00
20151221  09:09:00 1737.00 1738.00 1733.00 1733.00 47014.00
20151221  09:10:00 1733.00 1741.00 1732.00 1739.00 82786.00
20151221  09:11:00 1738.00 1740.00 1735.00 1739.00 61002.00
20151221  09:12:00 1738.00 1741.00 1737.00 1737.00 52034.00
20151221  09:13:00 1737.00 1738.00 1735.00 1736.00 24900.00
20151221  09:14:00 1737.00 1741.00 1736.00 1739.00 53022.00
20151221  09:15:00 1740.00 1741.00 1738.00 1740.00 41258.00
20151221  09:16:00 1739.00 1741.00 1738.00 1738.00 31078.00
20151221  09:17:00 1738.00 1739.00 1733.00 1734.00 58210.00
20151221  09:18:00 1734.00 1736.00 1732.00 1736.00 47984.00
20151221  09:19:00 1736.00 1736.00 1731.00 1732.00 54840.00
20151221  09:20:00 1732.00 1734.00 1731.00 1732.00 58966.00
20151221  09:21:00 1733.00 1733.00 1730.00 1732.00 66612.00
20151221  09:22:00 1731.00 1733.00 1731.00 1733.00 31282.00
20151221  09:23:00 1733.00 1734.00 1732.00 1734.00 17188.00
20151221  09:24:00 1733.00 1734.00 1732.00 1732.00 17054.00
20151221  09:25:00 1732.00 1735.00 1732.00 1735.00 20706.00
20151221  09:26:00 1735.00 1736.00 1734.00 1735.00 14126.00
20151221  09:27:00 1734.00 1735.00 1733.00 1734.00 11350.00
20151221  09:28:00 1734.00 1735.00 1733.00 1734.00 11384.00
20151221  09:29:00 1734.00 1734.00 1733.00 1734.00 5874.00
20151221  09:30:00 1733.00 1735.00 1733.00 1735.00 9478.00
20151221  09:31:00 1735.00 1735.00 1734.00 1734.00 13340.00
20151221  09:32:00 1734.00 1734.00 1733.00 1733.00 16856.00
20151221  09:33:00 1733.00 1734.00 1733.00 1734.00 10398.00
20151221  09:34:00 1733.00 1734.00 1732.00 1734.00 16176.00
20151221  09:35:00 1734.00 1734.00 1733.00 1733.00 7238.00
20151221  09:36:00 1733.00 1734.00 1733.00 1733.00 3686.00
20151221  09:37:00 1734.00 1734.00 1733.00 1734.00 15036.00
20151221  09:38:00 1733.00 1735.00 1733.00 1735.00 10524.00
20151221  09:39:00 1735.00 1736.00 1735.00 1736.00 11254.00
20151221  09:40:00 1736.00 1737.00 1735.00 1736.00 20960.00
20151221  09:41:00 1736.00 1738.00 1735.00 1738.00 23072.00
20151221  09:42:00 1738.00 1738.00 1735.00 1736.00 20862.00
20151221  09:43:00 1736.00 1737.00 1736.00 1736.00 5668.00
20151221  09:44:00 1736.00 1737.00 1735.00 1736.00 15248.00
20151221  09:45:00 1736.00 1738.00 1736.00 1738.00 12240.00
20151221  09:46:00 1738.00 1738.00 1736.00 1737.00 11744.00
20151221  09:47:00 1737.00 1738.00 1736.00 1738.00 8526.00
20151221  09:48:00 1738.00 1738.00 1737.00 1737.00 10442.00
20151221  09:49:00 1737.00 1738.00 1737.00 1738.00 3396.00
20151221  09:50:00 1737.00 1739.00 1737.00 1738.00 9996.00
20151221  09:51:00 1738.00 1739.00 1738.00 1739.00 20244.00
20151221  09:52:00 1739.00 1740.00 1738.00 1740.00 18088.00
20151221  09:53:00 1740.00 1742.00 1740.00 1741.00 37150.00
20151221  09:54:00 1740.00 1742.00 1740.00 1741.00 27006.00
20151221  09:55:00 1742.00 1745.00 1741.00 1744.00 50546.00
20151221  09:56:00 1745.00 1746.00 1743.00 1745.00 41498.00
20151221  09:57:00 1745.00 1746.00 1745.00 1745.00 28970.00
20151221  09:58:00 1746.00 1747.00 1745.00 1745.00 31962.00
20151221  09:59:00 1745.00 1745.00 1743.00 1743.00 59806.00
20151221  10:00:00 1744.00 1744.00 1741.00 1742.00 39676.00
20151221  10:01:00 1742.00 1743.00 1741.00 1741.00 29624.00
20151221  10:02:00 1741.00 1742.00 1738.00 1738.00 50894.00
20151221  10:03:00 1739.00 1739.00 1738.00 1738.00 19002.00
20151221  10:04:00 1739.00 1740.00 1739.00 1740.00 9542.00
20151221  10:05:00 1739.00 1741.00 1739.00 1740.00 23480.00
20151221  10:06:00 1740.00 1740.00 1738.00 1739.00 16978.00
20151221  10:07:00 1740.00 1740.00 1738.00 1739.00 20648.00
20151221  10:08:00 1739.00 1739.00 1737.00 1739.00 18836.00
20151221  10:09:00 1738.00 1739.00 1736.00 1736.00 24546.00
20151221  10:10:00 1737.00 1737.00 1735.00 1736.00 33054.00
20151221  10:11:00 1736.00 1737.00 1735.00 1737.00 8288.00
20151221  10:12:00 1737.00 1737.00 1736.00 1737.00 4792.00
20151221  10:13:00 1737.00 1739.00 1737.00 1739.00 14094.00
20151221  10:14:00 1739.00 1740.00 1738.00 1740.00 10726.00
20151221  10:30:00 1740.00 1741.00 1739.00 1740.00 21666.00
20151221  10:31:00 1740.00 1741.00 1739.00 1741.00 16646.00
20151221  10:32:00 1741.00 1744.00 1740.00 1744.00 27282.00
20151221  10:33:00 1743.00 1744.00 1742.00 1742.00 24126.00
20151221  10:34:00 1742.00 1743.00 1742.00 1743.00 2146.00
20151221  10:35:00 1743.00 1743.00 1741.00 1742.00 17782.00
20151221  10:36:00 1741.00 1742.00 1741.00 1742.00 4588.00
20151221  10:37:00 1741.00 1745.00 1741.00 1745.00 39678.00
20151221  10:38:00 1745.00 1749.00 1744.00 1746.00 75540.00
20151221  10:39:00 1745.00 1747.00 1745.00 1746.00 19512.00
20151221  10:40:00 1746.00 1747.00 1745.00 1746.00 27238.00
20151221  10:41:00 1746.00 1749.00 1746.00 1749.00 22504.00
20151221  10:42:00 1748.00 1750.00 1747.00 1748.00 42330.00
20151221  10:43:00 1749.00 1749.00 1745.00 1746.00 34808.00
20151221  10:44:00 1746.00 1747.00 1745.00 1747.00 18630.00
20151221  10:45:00 1747.00 1749.00 1746.00 1749.00 18006.00
20151221  10:46:00 1749.00 1749.00 1744.00 1746.00 30518.00
20151221  10:47:00 1745.00 1747.00 1745.00 1746.00 26664.00
20151221  10:48:00 1746.00 1747.00 1745.00 1745.00 10544.00
20151221  10:49:00 1746.00 1747.00 1745.00 1746.00 28460.00
20151221  10:50:00 1745.00 1747.00 1745.00 1746.00 12244.00
20151221  10:51:00 1746.00 1747.00 1745.00 1745.00 21670.00
20151221  10:52:00 1746.00 1750.00 1745.00 1750.00 35762.00
20151221  10:53:00 1750.00 1750.00 1748.00 1748.00 31518.00
20151221  10:54:00 1748.00 1750.00 1746.00 1746.00 27670.00
20151221  10:55:00 1746.00 1747.00 1746.00 1746.00 15476.00
20151221  10:56:00 1747.00 1747.00 1746.00 1747.00 13026.00
20151221  10:57:00 1746.00 1747.00 1745.00 1746.00 15968.00
20151221  10:58:00 1745.00 1746.00 1743.00 1743.00 34158.00
20151221  10:59:00 1743.00 1745.00 1742.00 1744.00 29242.00
20151221  11:00:00 1744.00 1745.00 1742.00 1743.00 24120.00
20151221  11:01:00 1744.00 1744.00 1742.00 1744.00 22282.00
20151221  11:02:00 1744.00 1744.00 1743.00 1744.00 17942.00
20151221  11:03:00 1744.00 1746.00 1743.00 1746.00 8228.00
20151221  11:04:00 1745.00 1747.00 1745.00 1746.00 32586.00
20151221  11:05:00 1746.00 1747.00 1745.00 1746.00 14420.00
20151221  11:06:00 1746.00 1751.00 1746.00 1749.00 59944.00
20151221  11:07:00 1750.00 1750.00 1748.00 1749.00 23216.00
20151221  11:08:00 1750.00 1754.00 1749.00 1751.00 73150.00
20151221  11:09:00 1750.00 1751.00 1749.00 1749.00 33384.00
20151221  11:10:00 1750.00 1752.00 1750.00 1750.00 44590.00
20151221  11:11:00 1751.00 1751.00 1750.00 1751.00 26328.00
20151221  11:12:00 1752.00 1752.00 1749.00 1751.00 24298.00
20151221  11:13:00 1752.00 1754.00 1751.00 1754.00 38638.00
20151221  11:14:00 1753.00 1754.00 1750.00 1751.00 61486.00
20151221  11:15:00 1750.00 1751.00 1749.00 1750.00 35284.00
20151221  11:16:00 1750.00 1750.00 1743.00 1744.00 81202.00
20151221  11:17:00 1743.00 1745.00 1743.00 1743.00 47812.00
20151221  11:18:00 1743.00 1745.00 1743.00 1745.00 49302.00
20151221  11:19:00 1744.00 1745.00 1742.00 1743.00 34906.00
20151221  11:20:00 1742.00 1743.00 1740.00 1742.00 49848.00
20151221  11:21:00 1742.00 1742.00 1740.00 1742.00 34136.00
20151221  11:22:00 1741.00 1743.00 1741.00 1741.00 24698.00
20151221  11:23:00 1741.00 1743.00 1741.00 1741.00 26046.00
20151221  11:24:00 1742.00 1742.00 1739.00 1740.00 38182.00
20151221  11:25:00 1740.00 1742.00 1740.00 1742.00 17748.00
20151221  11:26:00 1742.00 1745.00 1742.00 1744.00 24196.00
20151221  11:27:00 1745.00 1745.00 1744.00 1744.00 33232.00
20151221  11:28:00 1744.00 1745.00 1743.00 1743.00 15550.00
20151221  11:29:00 1744.00 1745.00 1743.00 1744.00 16398.00
20151221  13:30:00 1745.00 1746.00 1744.00 1745.00 29764.00
20151221  13:31:00 1745.00 1745.00 1743.00 1743.00 11838.00
20151221  13:32:00 1743.00 1744.00 1740.00 1741.00 40554.00
20151221  13:33:00 1741.00 1742.00 1740.00 1742.00 20292.00
20151221  13:34:00 1742.00 1744.00 1742.00 1744.00 17682.00
20151221  13:35:00 1744.00 1744.00 1743.00 1744.00 3386.00
20151221  13:36:00 1744.00 1744.00 1742.00 1742.00 8286.00
20151221  13:37:00 1742.00 1744.00 1742.00 1743.00 13140.00
20151221  13:38:00 1743.00 1744.00 1743.00 1743.00 5634.00
20151221  13:39:00 1743.00 1745.00 1743.00 1744.00 14992.00
20151221  13:40:00 1744.00 1745.00 1744.00 1745.00 23408.00
20151221  13:41:00 1744.00 1745.00 1743.00 1744.00 8822.00
20151221  13:42:00 1744.00 1744.00 1742.00 1742.00 15484.00
20151221  13:43:00 1742.00 1743.00 1741.00 1743.00 18698.00
20151221  13:44:00 1744.00 1746.00 1744.00 1745.00 30562.00
20151221  13:45:00 1745.00 1746.00 1744.00 1746.00 29692.00
20151221  13:46:00 1745.00 1746.00 1744.00 1744.00 26762.00
20151221  13:47:00 1745.00 1747.00 1744.00 1747.00 27052.00
20151221  13:48:00 1747.00 1748.00 1747.00 1748.00 35792.00
20151221  13:49:00 1749.00 1749.00 1747.00 1748.00 17460.00
20151221  13:50:00 1748.00 1749.00 1747.00 1747.00 26532.00
20151221  13:51:00 1747.00 1748.00 1746.00 1746.00 12690.00
20151221  13:52:00 1746.00 1748.00 1746.00 1748.00 8302.00
20151221  13:53:00 1748.00 1748.00 1746.00 1747.00 10920.00
20151221  13:54:00 1747.00 1748.00 1747.00 1748.00 15990.00
20151221  13:55:00 1748.00 1749.00 1747.00 1749.00 12720.00
20151221  13:56:00 1749.00 1749.00 1747.00 1748.00 15024.00
20151221  13:57:00 1748.00 1749.00 1748.00 1748.00 1794.00
20151221  13:58:00 1749.00 1752.00 1749.00 1752.00 67160.00
20151221  13:59:00 1752.00 1752.00 1749.00 1750.00 25774.00
20151221  14:00:00 1750.00 1751.00 1749.00 1750.00 26514.00
20151221  14:01:00 1751.00 1752.00 1750.00 1751.00 18114.00
20151221  14:02:00 1750.00 1751.00 1749.00 1750.00 28892.00
20151221  14:03:00 1750.00 1752.00 1750.00 1752.00 20764.00
20151221  14:04:00 1751.00 1752.00 1751.00 1752.00 5188.00
20151221  14:05:00 1751.00 1752.00 1750.00 1750.00 5790.00
20151221  14:06:00 1751.00 1751.00 1749.00 1750.00 22140.00
20151221  14:07:00 1750.00 1752.00 1750.00 1751.00 20594.00
20151221  14:08:00 1752.00 1752.00 1750.00 1751.00 8996.00
20151221  14:09:00 1751.00 1752.00 1751.00 1752.00 21784.00
20151221  14:10:00 1753.00 1753.00 1750.00 1750.00 28946.00
20151221  14:11:00 1751.00 1751.00 1747.00 1747.00 39648.00
20151221  14:12:00 1747.00 1748.00 1743.00 1743.00 44256.00
20151221  14:13:00 1743.00 1747.00 1743.00 1746.00 39800.00
20151221  14:14:00 1746.00 1748.00 1746.00 1748.00 15704.00
20151221  14:15:00 1748.00 1748.00 1746.00 1747.00 25006.00
20151221  14:16:00 1747.00 1749.00 1747.00 1749.00 11678.00
20151221  14:17:00 1748.00 1749.00 1748.00 1748.00 5348.00
20151221  14:18:00 1748.00 1749.00 1747.00 1747.00 9510.00
20151221  14:19:00 1747.00 1749.00 1747.00 1749.00 11900.00
20151221  14:20:00 1749.00 1750.00 1748.00 1750.00 8982.00
20151221  14:21:00 1750.00 1750.00 1748.00 1749.00 17042.00
20151221  14:22:00 1749.00 1752.00 1749.00 1751.00 28606.00
20151221  14:23:00 1752.00 1752.00 1751.00 1752.00 8952.00
20151221  14:24:00 1751.00 1752.00 1751.00 1751.00 22262.00
20151221  14:25:00 1751.00 1751.00 1749.00 1749.00 19934.00
20151221  14:26:00 1750.00 1750.00 1748.00 1749.00 15388.00
20151221  14:27:00 1749.00 1749.00 1748.00 1748.00 6404.00
20151221  14:28:00 1748.00 1752.00 1748.00 1751.00 24708.00
20151221  14:29:00 1750.00 1751.00 1750.00 1750.00 11956.00
20151221  14:30:00 1750.00 1751.00 1750.00 1751.00 23424.00
20151221  14:31:00 1751.00 1751.00 1748.00 1749.00 27360.00
20151221  14:32:00 1749.00 1750.00 1749.00 1749.00 10984.00
20151221  14:33:00 1749.00 1750.00 1747.00 1748.00 17500.00
20151221  14:34:00 1748.00 1749.00 1746.00 1747.00 12926.00
20151221  14:35:00 1746.00 1749.00 1746.00 1749.00 20326.00
20151221  14:36:00 1749.00 1750.00 1748.00 1750.00 19838.00
20151221  14:37:00 1750.00 1750.00 1749.00 1750.00 3324.00
20151221  14:38:00 1750.00 1750.00 1748.00 1749.00 13996.00
20151221  14:39:00 1749.00 1750.00 1748.00 1749.00 20832.00
20151221  14:40:00 1749.00 1750.00 1748.00 1749.00 16894.00
20151221  14:41:00 1750.00 1750.00 1747.00 1749.00 19084.00
20151221  14:42:00 1748.00 1749.00 1747.00 1747.00 22442.00
20151221  14:43:00 1748.00 1749.00 1746.00 1748.00 26112.00
20151221  14:44:00 1748.00 1749.00 1746.00 1746.00 14270.00
20151221  14:45:00 1746.00 1748.00 1746.00 1747.00 21506.00
20151221  14:46:00 1747.00 1749.00 1747.00 1749.00 8696.00
20151221  14:47:00 1748.00 1750.00 1748.00 1749.00 16794.00
20151221  14:48:00 1749.00 1750.00 1748.00 1749.00 18782.00
20151221  14:49:00 1749.00 1751.00 1749.00 1750.00 17970.00
20151221  14:50:00 1751.00 1752.00 1750.00 1751.00 32118.00
20151221  14:51:00 1751.00 1756.00 1751.00 1755.00 69264.00
20151221  14:52:00 1755.00 1755.00 1752.00 1753.00 31964.00
20151221  14:53:00 1752.00 1753.00 1748.00 1749.00 48248.00
20151221  14:54:00 1749.00 1749.00 1747.00 1749.00 39340.00
20151221  14:55:00 1748.00 1751.00 1748.00 1749.00 21482.00
20151221  14:56:00 1750.00 1750.00 1749.00 1750.00 20668.00
20151221  14:57:00 1750.00 1751.00 1749.00 1750.00 30130.00
20151221  14:58:00 1750.00 1751.00 1749.00 1750.00 38734.00
20151221  14:59:00 1751.00 1751.00 1749.00 1749.00 50182.00
20151221  15:00:00 1749.00 1749.00 1749.00 1749.00 168.00
