20150522  21:00:00 2347.00 2348.00 2345.00 2347.00 25884.00
20150522  21:01:00 2348.00 2348.00 2343.00 2344.00 19450.00
20150522  21:02:00 2344.00 2347.00 2344.00 2345.00 16644.00
20150522  21:03:00 2345.00 2346.00 2343.00 2344.00 14910.00
20150522  21:04:00 2343.00 2344.00 2341.00 2341.00 28880.00
20150522  21:05:00 2340.00 2341.00 2339.00 2340.00 28926.00
20150522  21:06:00 2341.00 2342.00 2340.00 2341.00 18144.00
20150522  21:07:00 2342.00 2342.00 2340.00 2341.00 16508.00
20150522  21:08:00 2342.00 2343.00 2342.00 2342.00 11274.00
20150522  21:09:00 2342.00 2345.00 2342.00 2343.00 17500.00
20150522  21:10:00 2343.00 2344.00 2342.00 2343.00 9380.00
20150522  21:11:00 2343.00 2344.00 2343.00 2343.00 2224.00
20150522  21:12:00 2343.00 2343.00 2341.00 2341.00 13344.00
20150522  21:13:00 2341.00 2342.00 2341.00 2342.00 5216.00
20150522  21:14:00 2342.00 2342.00 2339.00 2340.00 19400.00
20150522  21:15:00 2339.00 2341.00 2338.00 2340.00 26852.00
20150522  21:16:00 2340.00 2341.00 2340.00 2340.00 6488.00
20150522  21:17:00 2340.00 2342.00 2340.00 2342.00 10352.00
20150522  21:18:00 2342.00 2342.00 2340.00 2341.00 7156.00
20150522  21:19:00 2341.00 2342.00 2341.00 2341.00 2326.00
20150522  21:20:00 2342.00 2343.00 2341.00 2342.00 6768.00
20150522  21:21:00 2343.00 2343.00 2341.00 2343.00 5650.00
20150522  21:22:00 2342.00 2343.00 2341.00 2342.00 2856.00
20150522  21:23:00 2342.00 2343.00 2341.00 2342.00 6234.00
20150522  21:24:00 2342.00 2342.00 2341.00 2341.00 808.00
20150522  21:25:00 2342.00 2342.00 2341.00 2342.00 1464.00
20150522  21:26:00 2341.00 2342.00 2341.00 2341.00 1634.00
20150522  21:27:00 2342.00 2343.00 2341.00 2341.00 7564.00
20150522  21:28:00 2341.00 2342.00 2341.00 2342.00 1312.00
20150522  21:29:00 2342.00 2343.00 2341.00 2342.00 14476.00
20150522  21:30:00 2343.00 2344.00 2342.00 2343.00 6520.00
20150522  21:31:00 2343.00 2344.00 2342.00 2343.00 6162.00
20150522  21:32:00 2343.00 2344.00 2342.00 2343.00 5234.00
20150522  21:33:00 2343.00 2345.00 2343.00 2345.00 15474.00
20150522  21:34:00 2344.00 2345.00 2344.00 2345.00 5210.00
20150522  21:35:00 2345.00 2347.00 2344.00 2346.00 16830.00
20150522  21:36:00 2346.00 2346.00 2345.00 2345.00 3998.00
20150522  21:37:00 2345.00 2346.00 2344.00 2344.00 7212.00
20150522  21:38:00 2344.00 2345.00 2343.00 2343.00 8418.00
20150522  21:39:00 2343.00 2345.00 2343.00 2345.00 4002.00
20150522  21:40:00 2345.00 2345.00 2344.00 2344.00 910.00
20150522  21:41:00 2344.00 2345.00 2343.00 2344.00 3722.00
20150522  21:42:00 2344.00 2344.00 2343.00 2344.00 1296.00
20150522  21:43:00 2344.00 2344.00 2343.00 2344.00 262.00
20150522  21:44:00 2344.00 2345.00 2343.00 2345.00 4558.00
20150522  21:45:00 2345.00 2346.00 2344.00 2346.00 4410.00
20150522  21:46:00 2345.00 2345.00 2344.00 2344.00 6024.00
20150522  21:47:00 2343.00 2345.00 2343.00 2345.00 4216.00
20150522  21:48:00 2345.00 2345.00 2343.00 2344.00 6400.00
20150522  21:49:00 2344.00 2344.00 2343.00 2344.00 2030.00
20150522  21:50:00 2344.00 2345.00 2343.00 2344.00 4452.00
20150522  21:51:00 2344.00 2344.00 2343.00 2344.00 600.00
20150522  21:52:00 2344.00 2344.00 2343.00 2343.00 1024.00
20150522  21:53:00 2343.00 2344.00 2343.00 2344.00 1630.00
20150522  21:54:00 2344.00 2345.00 2344.00 2345.00 2198.00
20150522  21:55:00 2344.00 2345.00 2344.00 2345.00 1796.00
20150522  21:56:00 2345.00 2345.00 2344.00 2344.00 688.00
20150522  21:57:00 2345.00 2345.00 2343.00 2345.00 5446.00
20150522  21:58:00 2345.00 2345.00 2343.00 2344.00 4240.00
20150522  21:59:00 2344.00 2344.00 2343.00 2343.00 3560.00
20150522  22:00:00 2343.00 2344.00 2343.00 2344.00 2022.00
20150522  22:01:00 2344.00 2344.00 2343.00 2344.00 2988.00
20150522  22:02:00 2344.00 2344.00 2341.00 2342.00 11406.00
20150522  22:03:00 2342.00 2343.00 2341.00 2342.00 6388.00
20150522  22:04:00 2342.00 2343.00 2342.00 2342.00 342.00
20150522  22:05:00 2342.00 2344.00 2342.00 2343.00 5086.00
20150522  22:06:00 2343.00 2343.00 2342.00 2343.00 626.00
20150522  22:07:00 2343.00 2344.00 2342.00 2343.00 5822.00
20150522  22:08:00 2343.00 2344.00 2343.00 2344.00 522.00
20150522  22:09:00 2344.00 2344.00 2343.00 2344.00 776.00
20150522  22:10:00 2344.00 2344.00 2343.00 2344.00 946.00
20150522  22:11:00 2344.00 2344.00 2343.00 2344.00 5298.00
20150522  22:12:00 2343.00 2344.00 2343.00 2344.00  76.00
20150522  22:13:00 2344.00 2344.00 2343.00 2344.00 162.00
20150522  22:14:00 2344.00 2344.00 2343.00 2343.00 318.00
20150522  22:15:00 2343.00 2345.00 2343.00 2344.00 7434.00
20150522  22:16:00 2344.00 2345.00 2343.00 2345.00 2552.00
20150522  22:17:00 2345.00 2345.00 2344.00 2344.00 386.00
20150522  22:18:00 2345.00 2345.00 2344.00 2345.00 1604.00
20150522  22:19:00 2345.00 2345.00 2344.00 2345.00 1638.00
20150522  22:20:00 2345.00 2346.00 2344.00 2345.00 5860.00
20150522  22:21:00 2345.00 2345.00 2344.00 2344.00 3052.00
20150522  22:22:00 2344.00 2345.00 2344.00 2345.00 182.00
20150522  22:23:00 2344.00 2345.00 2344.00 2344.00 830.00
20150522  22:24:00 2344.00 2344.00 2343.00 2344.00 4862.00
20150522  22:25:00 2344.00 2345.00 2344.00 2344.00 176.00
20150522  22:26:00 2344.00 2345.00 2344.00 2344.00 360.00
20150522  22:27:00 2344.00 2345.00 2343.00 2344.00 2398.00
20150522  22:28:00 2344.00 2344.00 2343.00 2344.00 1276.00
20150522  22:29:00 2344.00 2345.00 2344.00 2345.00 1772.00
20150522  22:30:00 2345.00 2345.00 2344.00 2344.00 670.00
20150522  22:31:00 2345.00 2345.00 2344.00 2344.00 350.00
20150522  22:32:00 2345.00 2345.00 2344.00 2344.00 122.00
20150522  22:33:00 2344.00 2345.00 2344.00 2345.00 176.00
20150522  22:34:00 2345.00 2345.00 2344.00 2345.00 368.00
20150522  22:35:00 2345.00 2345.00 2344.00 2345.00 248.00
20150522  22:36:00 2345.00 2345.00 2344.00 2345.00 236.00
20150522  22:37:00 2345.00 2346.00 2344.00 2345.00 9794.00
20150522  22:38:00 2345.00 2346.00 2345.00 2346.00 1824.00
20150522  22:39:00 2346.00 2346.00 2344.00 2345.00 5644.00
20150522  22:40:00 2345.00 2349.00 2345.00 2348.00 25378.00
20150522  22:41:00 2348.00 2349.00 2346.00 2346.00 8388.00
20150522  22:42:00 2346.00 2347.00 2346.00 2347.00 1828.00
20150522  22:43:00 2346.00 2347.00 2346.00 2347.00 940.00
20150522  22:44:00 2346.00 2347.00 2346.00 2346.00 946.00
20150522  22:45:00 2346.00 2348.00 2346.00 2347.00 8434.00
20150522  22:46:00 2347.00 2347.00 2346.00 2347.00 622.00
20150522  22:47:00 2347.00 2347.00 2346.00 2347.00 1028.00
20150522  22:48:00 2347.00 2347.00 2346.00 2346.00 270.00
20150522  22:49:00 2346.00 2347.00 2346.00 2347.00 718.00
20150522  22:50:00 2347.00 2347.00 2346.00 2347.00 406.00
20150522  22:51:00 2347.00 2347.00 2346.00 2346.00 436.00
20150522  22:52:00 2346.00 2347.00 2346.00 2347.00 1494.00
20150522  22:53:00 2346.00 2347.00 2345.00 2345.00 9550.00
20150522  22:54:00 2344.00 2345.00 2344.00 2345.00 3488.00
20150522  22:55:00 2345.00 2345.00 2344.00 2345.00 1490.00
20150522  22:56:00 2344.00 2346.00 2344.00 2346.00 5366.00
20150522  22:57:00 2345.00 2346.00 2345.00 2345.00 340.00
20150522  22:58:00 2345.00 2346.00 2345.00 2346.00 454.00
20150522  22:59:00 2346.00 2346.00 2345.00 2346.00 758.00
20150522  23:00:00 2346.00 2346.00 2345.00 2345.00 214.00
20150522  23:01:00 2345.00 2347.00 2345.00 2346.00 6392.00
20150522  23:02:00 2345.00 2346.00 2344.00 2345.00 4036.00
20150522  23:03:00 2345.00 2345.00 2344.00 2344.00 696.00
20150522  23:04:00 2345.00 2345.00 2343.00 2344.00 6112.00
20150522  23:05:00 2344.00 2344.00 2343.00 2343.00 2544.00
20150522  23:06:00 2344.00 2344.00 2342.00 2342.00 8248.00
20150522  23:07:00 2342.00 2343.00 2342.00 2342.00 3522.00
20150522  23:08:00 2342.00 2343.00 2342.00 2342.00 5422.00
20150522  23:09:00 2342.00 2343.00 2342.00 2343.00 1244.00
20150522  23:10:00 2343.00 2343.00 2342.00 2343.00 2412.00
20150522  23:11:00 2343.00 2343.00 2342.00 2343.00 492.00
20150522  23:12:00 2343.00 2343.00 2342.00 2343.00 1204.00
20150522  23:13:00 2343.00 2343.00 2342.00 2343.00 476.00
20150522  23:14:00 2343.00 2343.00 2342.00 2343.00 688.00
20150522  23:15:00 2343.00 2343.00 2342.00 2342.00 600.00
20150522  23:16:00 2343.00 2343.00 2342.00 2343.00 206.00
20150522  23:17:00 2343.00 2343.00 2342.00 2343.00 872.00
20150522  23:18:00 2342.00 2344.00 2342.00 2344.00 4564.00
20150522  23:19:00 2344.00 2344.00 2343.00 2344.00 1132.00
20150522  23:20:00 2344.00 2344.00 2343.00 2343.00 294.00
20150522  23:21:00 2343.00 2344.00 2343.00 2344.00 230.00
20150522  23:22:00 2344.00 2345.00 2343.00 2345.00 4018.00
20150522  23:23:00 2345.00 2345.00 2343.00 2343.00 3436.00
20150522  23:24:00 2343.00 2344.00 2343.00 2343.00 298.00
20150522  23:25:00 2344.00 2344.00 2343.00 2343.00 146.00
20150522  23:26:00 2343.00 2344.00 2343.00 2343.00 498.00
20150522  23:27:00 2343.00 2344.00 2343.00 2343.00 130.00
20150522  23:28:00 2343.00 2344.00 2343.00 2343.00 594.00
20150522  23:29:00 2344.00 2345.00 2343.00 2344.00 2826.00
20150522  23:30:00 2345.00 2345.00 2344.00 2345.00 678.00
20150522  23:31:00 2345.00 2345.00 2344.00 2344.00 434.00
20150522  23:32:00 2344.00 2344.00 2343.00 2343.00 1610.00
20150522  23:33:00 2344.00 2344.00 2343.00 2344.00 1206.00
20150522  23:34:00 2344.00 2344.00 2343.00 2344.00 124.00
20150522  23:35:00 2344.00 2344.00 2343.00 2343.00 376.00
20150522  23:36:00 2343.00 2344.00 2343.00 2343.00 102.00
20150522  23:37:00 2343.00 2344.00 2342.00 2343.00 4780.00
20150522  23:38:00 2343.00 2343.00 2342.00 2343.00 286.00
20150522  23:39:00 2343.00 2343.00 2342.00 2343.00 602.00
20150522  23:40:00 2343.00 2343.00 2342.00 2342.00 352.00
20150522  23:41:00 2342.00 2343.00 2342.00 2342.00 430.00
20150522  23:42:00 2342.00 2343.00 2342.00 2342.00 330.00
20150522  23:43:00 2342.00 2343.00 2342.00 2343.00 320.00
20150522  23:44:00 2342.00 2343.00 2342.00 2342.00 382.00
20150522  23:45:00 2342.00 2343.00 2342.00 2342.00 684.00
20150522  23:46:00 2342.00 2344.00 2342.00 2343.00 4920.00
20150522  23:47:00 2343.00 2344.00 2343.00 2343.00 606.00
20150522  23:48:00 2343.00 2344.00 2343.00 2344.00 142.00
20150522  23:49:00 2344.00 2344.00 2343.00 2343.00 248.00
20150522  23:50:00 2343.00 2344.00 2342.00 2342.00 3320.00
20150522  23:51:00 2342.00 2343.00 2342.00 2342.00 144.00
20150522  23:52:00 2343.00 2343.00 2342.00 2342.00 178.00
20150522  23:53:00 2342.00 2343.00 2342.00 2342.00 110.00
20150522  23:54:00 2342.00 2343.00 2342.00 2343.00 216.00
20150522  23:55:00 2342.00 2343.00 2342.00 2343.00 338.00
20150522  23:56:00 2343.00 2343.00 2342.00 2342.00 294.00
20150522  23:57:00 2343.00 2343.00 2342.00 2343.00 352.00
20150522  23:58:00 2342.00 2343.00 2342.00 2343.00 2812.00
20150522  23:59:00 2343.00 2344.00 2342.00 2342.00 3814.00
20150523  00:00:00 2343.00 2343.00 2342.00 2342.00 570.00
20150523  00:01:00 2342.00 2343.00 2342.00 2342.00 160.00
20150523  00:02:00 2342.00 2343.00 2342.00 2342.00  82.00
20150523  00:03:00 2342.00 2343.00 2342.00 2342.00 162.00
20150523  00:04:00 2342.00 2343.00 2342.00 2343.00  28.00
20150523  00:05:00 2342.00 2343.00 2342.00 2342.00 526.00
20150523  00:06:00 2342.00 2343.00 2342.00 2343.00  22.00
20150523  00:07:00 2343.00 2343.00 2342.00 2343.00  92.00
20150523  00:08:00 2343.00 2343.00 2342.00 2343.00  60.00
20150523  00:09:00 2342.00 2343.00 2342.00 2343.00 118.00
20150523  00:10:00 2343.00 2343.00 2342.00 2343.00 346.00
20150523  00:11:00 2342.00 2343.00 2342.00 2343.00 350.00
20150523  00:12:00 2343.00 2343.00 2342.00 2342.00 792.00
20150523  00:13:00 2342.00 2343.00 2342.00 2342.00 224.00
20150523  00:14:00 2342.00 2343.00 2342.00 2342.00 1040.00
20150523  00:15:00 2343.00 2343.00 2342.00 2342.00 834.00
20150523  00:16:00 2342.00 2343.00 2342.00 2342.00 314.00
20150523  00:17:00 2342.00 2343.00 2342.00 2342.00 102.00
20150523  00:18:00 2342.00 2343.00 2342.00 2343.00  76.00
20150523  00:19:00 2343.00 2343.00 2342.00 2342.00 106.00
20150523  00:20:00 2343.00 2343.00 2342.00 2343.00 214.00
20150523  00:21:00 2342.00 2343.00 2342.00 2343.00 168.00
20150523  00:22:00 2343.00 2343.00 2342.00 2343.00  34.00
20150523  00:23:00 2343.00 2343.00 2342.00 2342.00  80.00
20150523  00:24:00 2342.00 2343.00 2342.00 2343.00 130.00
20150523  00:25:00 2343.00 2343.00 2342.00 2343.00 146.00
20150523  00:26:00 2343.00 2343.00 2342.00 2342.00  74.00
20150523  00:27:00 2342.00 2343.00 2342.00 2342.00 118.00
20150523  00:28:00 2342.00 2343.00 2342.00 2342.00  70.00
20150523  00:29:00 2342.00 2342.00 2342.00 2342.00 5288.00
20150523  00:30:00 2342.00 2342.00 2341.00 2342.00 1726.00
20150523  00:31:00 2342.00 2342.00 2341.00 2342.00 330.00
20150523  00:32:00 2342.00 2342.00 2341.00 2342.00 240.00
20150523  00:33:00 2341.00 2342.00 2341.00 2341.00 304.00
20150523  00:34:00 2342.00 2342.00 2341.00 2342.00 1884.00
20150523  00:35:00 2342.00 2343.00 2342.00 2342.00 258.00
20150523  00:36:00 2342.00 2343.00 2341.00 2342.00 1780.00
20150523  00:37:00 2342.00 2343.00 2342.00 2342.00  44.00
20150523  00:38:00 2342.00 2343.00 2341.00 2342.00 2724.00
20150523  00:39:00 2342.00 2342.00 2341.00 2342.00 1618.00
20150523  00:40:00 2342.00 2342.00 2341.00 2342.00 160.00
20150523  00:41:00 2342.00 2342.00 2342.00 2342.00 142.00
20150523  00:42:00 2341.00 2342.00 2341.00 2342.00  36.00
20150523  00:43:00 2342.00 2342.00 2341.00 2341.00 570.00
20150523  00:44:00 2341.00 2342.00 2341.00 2342.00 186.00
20150523  00:45:00 2342.00 2342.00 2341.00 2342.00 2252.00
20150523  00:46:00 2342.00 2342.00 2340.00 2341.00 7486.00
20150523  00:47:00 2341.00 2341.00 2340.00 2340.00 210.00
20150523  00:48:00 2340.00 2341.00 2340.00 2340.00 114.00
20150523  00:49:00 2340.00 2341.00 2340.00 2341.00 440.00
20150523  00:50:00 2341.00 2341.00 2340.00 2341.00 760.00
20150523  00:51:00 2340.00 2342.00 2340.00 2341.00 3932.00
20150523  00:52:00 2341.00 2341.00 2340.00 2341.00 768.00
20150523  00:53:00 2341.00 2341.00 2340.00 2341.00 352.00
20150523  00:54:00 2341.00 2341.00 2340.00 2341.00 492.00
20150523  00:55:00 2341.00 2341.00 2340.00 2340.00 3076.00
20150523  00:56:00 2341.00 2341.00 2340.00 2341.00 1554.00
20150523  00:57:00 2341.00 2341.00 2340.00 2341.00 2002.00
20150523  00:58:00 2340.00 2341.00 2340.00 2341.00 3374.00
20150523  00:59:00 2341.00 2342.00 2340.00 2340.00 4138.00
20150523  01:00:00 2340.00 2340.00 2340.00 2340.00  14.00
20150525  09:00:00 2340.00 2340.00 2334.00 2335.00 62984.00
20150525  09:01:00 2335.00 2338.00 2334.00 2335.00 33734.00
20150525  09:02:00 2336.00 2336.00 2332.00 2333.00 26294.00
20150525  09:03:00 2333.00 2336.00 2332.00 2335.00 25032.00
20150525  09:04:00 2335.00 2336.00 2334.00 2336.00 14158.00
20150525  09:05:00 2336.00 2336.00 2334.00 2335.00 15386.00
20150525  09:06:00 2335.00 2338.00 2335.00 2337.00 12062.00
20150525  09:07:00 2336.00 2340.00 2336.00 2338.00 19974.00
20150525  09:08:00 2339.00 2341.00 2339.00 2340.00 22932.00
20150525  09:09:00 2339.00 2341.00 2338.00 2339.00 14960.00
20150525  09:10:00 2338.00 2338.00 2335.00 2337.00 17550.00
20150525  09:11:00 2336.00 2337.00 2336.00 2336.00 3636.00
20150525  09:12:00 2337.00 2338.00 2336.00 2337.00 5386.00
20150525  09:13:00 2338.00 2338.00 2336.00 2336.00 3822.00
20150525  09:14:00 2336.00 2337.00 2336.00 2337.00 2532.00
20150525  09:15:00 2337.00 2337.00 2335.00 2335.00 12466.00
20150525  09:16:00 2335.00 2336.00 2334.00 2334.00 11954.00
20150525  09:17:00 2334.00 2335.00 2332.00 2334.00 21894.00
20150525  09:18:00 2335.00 2338.00 2334.00 2337.00 16056.00
20150525  09:19:00 2338.00 2338.00 2337.00 2337.00 2868.00
20150525  09:20:00 2337.00 2338.00 2335.00 2336.00 10744.00
20150525  09:21:00 2335.00 2336.00 2335.00 2335.00 2402.00
20150525  09:22:00 2336.00 2336.00 2335.00 2335.00 1262.00
20150525  09:23:00 2335.00 2337.00 2335.00 2336.00 3730.00
20150525  09:24:00 2336.00 2337.00 2335.00 2335.00 1606.00
20150525  09:25:00 2335.00 2337.00 2335.00 2337.00 2954.00
20150525  09:26:00 2337.00 2337.00 2336.00 2337.00 738.00
20150525  09:27:00 2336.00 2337.00 2335.00 2336.00 3110.00
20150525  09:28:00 2335.00 2336.00 2334.00 2335.00 7932.00
20150525  09:29:00 2335.00 2336.00 2334.00 2334.00 6264.00
20150525  09:30:00 2334.00 2335.00 2333.00 2334.00 8878.00
20150525  09:31:00 2335.00 2335.00 2334.00 2334.00 862.00
20150525  09:32:00 2334.00 2335.00 2334.00 2334.00 1762.00
20150525  09:33:00 2334.00 2336.00 2334.00 2335.00 5662.00
20150525  09:34:00 2335.00 2336.00 2334.00 2335.00 3180.00
20150525  09:35:00 2335.00 2335.00 2334.00 2335.00 758.00
20150525  09:36:00 2334.00 2335.00 2334.00 2335.00 578.00
20150525  09:37:00 2335.00 2335.00 2333.00 2333.00 7750.00
20150525  09:38:00 2334.00 2334.00 2332.00 2333.00 9490.00
20150525  09:39:00 2332.00 2333.00 2330.00 2331.00 48428.00
20150525  09:40:00 2332.00 2333.00 2329.00 2330.00 30948.00
20150525  09:41:00 2329.00 2332.00 2329.00 2331.00 17598.00
20150525  09:42:00 2331.00 2331.00 2329.00 2331.00 9876.00
20150525  09:43:00 2331.00 2331.00 2330.00 2331.00 5916.00
20150525  09:44:00 2331.00 2332.00 2328.00 2328.00 18496.00
20150525  09:45:00 2328.00 2330.00 2328.00 2330.00 22574.00
20150525  09:46:00 2329.00 2331.00 2329.00 2330.00 8914.00
20150525  09:47:00 2331.00 2332.00 2330.00 2331.00 10854.00
20150525  09:48:00 2331.00 2331.00 2330.00 2331.00 3140.00
20150525  09:49:00 2331.00 2333.00 2331.00 2332.00 12012.00
20150525  09:50:00 2332.00 2332.00 2331.00 2332.00 2058.00
20150525  09:51:00 2332.00 2333.00 2331.00 2333.00 10618.00
20150525  09:52:00 2333.00 2333.00 2332.00 2333.00 5710.00
20150525  09:53:00 2333.00 2337.00 2333.00 2336.00 30822.00
20150525  09:54:00 2336.00 2337.00 2333.00 2335.00 17710.00
20150525  09:55:00 2335.00 2335.00 2334.00 2335.00 3126.00
20150525  09:56:00 2335.00 2335.00 2334.00 2334.00 2754.00
20150525  09:57:00 2334.00 2335.00 2334.00 2335.00 9224.00
20150525  09:58:00 2335.00 2335.00 2334.00 2334.00 2666.00
20150525  09:59:00 2334.00 2335.00 2334.00 2334.00 1550.00
20150525  10:00:00 2334.00 2335.00 2333.00 2333.00 6968.00
20150525  10:01:00 2333.00 2334.00 2333.00 2333.00 3556.00
20150525  10:02:00 2333.00 2334.00 2333.00 2334.00 3640.00
20150525  10:03:00 2334.00 2334.00 2332.00 2332.00 3134.00
20150525  10:04:00 2332.00 2334.00 2332.00 2334.00 5160.00
20150525  10:05:00 2334.00 2334.00 2333.00 2334.00 3324.00
20150525  10:06:00 2335.00 2335.00 2334.00 2335.00 4868.00
20150525  10:07:00 2335.00 2335.00 2334.00 2335.00 1954.00
20150525  10:08:00 2335.00 2337.00 2334.00 2336.00 19406.00
20150525  10:09:00 2335.00 2336.00 2334.00 2335.00 9516.00
20150525  10:10:00 2335.00 2336.00 2335.00 2336.00 1790.00
20150525  10:11:00 2336.00 2336.00 2335.00 2336.00 2668.00
20150525  10:12:00 2335.00 2336.00 2335.00 2335.00 2888.00
20150525  10:13:00 2335.00 2336.00 2335.00 2336.00 1030.00
20150525  10:14:00 2336.00 2337.00 2335.00 2337.00 9426.00
20150525  10:30:00 2336.00 2337.00 2336.00 2336.00 5014.00
20150525  10:31:00 2336.00 2337.00 2335.00 2335.00 9600.00
20150525  10:32:00 2335.00 2336.00 2335.00 2335.00 2486.00
20150525  10:33:00 2335.00 2336.00 2334.00 2335.00 10758.00
20150525  10:34:00 2335.00 2337.00 2335.00 2337.00 4890.00
20150525  10:35:00 2336.00 2338.00 2336.00 2337.00 7692.00
20150525  10:36:00 2337.00 2339.00 2337.00 2338.00 24178.00
20150525  10:37:00 2339.00 2339.00 2338.00 2339.00 11394.00
20150525  10:38:00 2338.00 2342.00 2338.00 2341.00 40346.00
20150525  10:39:00 2341.00 2341.00 2339.00 2339.00 19382.00
20150525  10:40:00 2339.00 2341.00 2339.00 2341.00 12322.00
20150525  10:41:00 2341.00 2341.00 2339.00 2340.00 8890.00
20150525  10:42:00 2339.00 2340.00 2338.00 2339.00 11118.00
20150525  10:43:00 2339.00 2343.00 2339.00 2343.00 21196.00
20150525  10:44:00 2343.00 2344.00 2342.00 2344.00 25328.00
20150525  10:45:00 2343.00 2345.00 2342.00 2344.00 30160.00
20150525  10:46:00 2344.00 2344.00 2343.00 2343.00 13044.00
20150525  10:47:00 2344.00 2344.00 2341.00 2343.00 12220.00
20150525  10:48:00 2343.00 2343.00 2342.00 2342.00 2088.00
20150525  10:49:00 2342.00 2344.00 2342.00 2344.00 13620.00
20150525  10:50:00 2344.00 2346.00 2344.00 2346.00 44942.00
20150525  10:51:00 2345.00 2347.00 2343.00 2343.00 17708.00
20150525  10:52:00 2343.00 2344.00 2343.00 2344.00 8792.00
20150525  10:53:00 2344.00 2344.00 2342.00 2343.00 8122.00
20150525  10:54:00 2342.00 2345.00 2342.00 2344.00 11110.00
20150525  10:55:00 2343.00 2345.00 2343.00 2344.00 5752.00
20150525  10:56:00 2344.00 2345.00 2343.00 2344.00 6776.00
20150525  10:57:00 2344.00 2345.00 2344.00 2344.00 2574.00
20150525  10:58:00 2344.00 2345.00 2343.00 2343.00 4604.00
20150525  10:59:00 2344.00 2344.00 2343.00 2343.00 3236.00
20150525  11:00:00 2344.00 2345.00 2343.00 2344.00 5822.00
20150525  11:01:00 2344.00 2344.00 2342.00 2342.00 5656.00
20150525  11:02:00 2343.00 2343.00 2342.00 2342.00 3036.00
20150525  11:03:00 2342.00 2344.00 2342.00 2344.00 3396.00
20150525  11:04:00 2343.00 2344.00 2343.00 2343.00 5230.00
20150525  11:05:00 2343.00 2344.00 2342.00 2343.00 4828.00
20150525  11:06:00 2343.00 2344.00 2343.00 2343.00 1142.00
20150525  11:07:00 2343.00 2344.00 2343.00 2344.00 924.00
20150525  11:08:00 2344.00 2344.00 2342.00 2343.00 3552.00
20150525  11:09:00 2343.00 2343.00 2342.00 2343.00 1742.00
20150525  11:10:00 2343.00 2343.00 2342.00 2342.00 5812.00
20150525  11:11:00 2342.00 2343.00 2341.00 2341.00 5108.00
20150525  11:12:00 2341.00 2342.00 2341.00 2342.00 2692.00
20150525  11:13:00 2341.00 2342.00 2340.00 2341.00 10954.00
20150525  11:14:00 2341.00 2343.00 2340.00 2343.00 6464.00
20150525  11:15:00 2343.00 2344.00 2342.00 2344.00 7314.00
20150525  11:16:00 2344.00 2344.00 2342.00 2343.00 13206.00
20150525  11:17:00 2343.00 2343.00 2342.00 2342.00 4334.00
20150525  11:18:00 2342.00 2343.00 2341.00 2342.00 3012.00
20150525  11:19:00 2343.00 2343.00 2342.00 2342.00 2664.00
20150525  11:20:00 2342.00 2344.00 2342.00 2342.00 4958.00
20150525  11:21:00 2343.00 2343.00 2341.00 2342.00 5422.00
20150525  11:22:00 2342.00 2343.00 2342.00 2342.00 1302.00
20150525  11:23:00 2343.00 2343.00 2342.00 2343.00 1390.00
20150525  11:24:00 2343.00 2343.00 2342.00 2342.00 736.00
20150525  11:25:00 2342.00 2343.00 2342.00 2343.00 688.00
20150525  11:26:00 2342.00 2343.00 2342.00 2342.00 1728.00
20150525  11:27:00 2342.00 2343.00 2341.00 2342.00 7050.00
20150525  11:28:00 2342.00 2343.00 2342.00 2342.00 836.00
20150525  11:29:00 2343.00 2343.00 2342.00 2343.00 5104.00
20150525  13:30:00 2343.00 2344.00 2341.00 2343.00 16872.00
20150525  13:31:00 2344.00 2345.00 2343.00 2343.00 12256.00
20150525  13:32:00 2343.00 2344.00 2342.00 2343.00 4188.00
20150525  13:33:00 2344.00 2344.00 2341.00 2342.00 10260.00
20150525  13:34:00 2342.00 2342.00 2340.00 2340.00 21580.00
20150525  13:35:00 2340.00 2340.00 2337.00 2337.00 19802.00
20150525  13:36:00 2337.00 2339.00 2337.00 2337.00 13924.00
20150525  13:37:00 2337.00 2339.00 2336.00 2338.00 11650.00
20150525  13:38:00 2339.00 2339.00 2337.00 2337.00 6326.00
20150525  13:39:00 2337.00 2338.00 2337.00 2337.00 2150.00
20150525  13:40:00 2338.00 2338.00 2336.00 2337.00 5180.00
20150525  13:41:00 2337.00 2338.00 2336.00 2337.00 9318.00
20150525  13:42:00 2337.00 2338.00 2336.00 2336.00 4382.00
20150525  13:43:00 2337.00 2337.00 2334.00 2334.00 34422.00
20150525  13:44:00 2334.00 2336.00 2334.00 2334.00 22056.00
20150525  13:45:00 2335.00 2335.00 2333.00 2335.00 12034.00
20150525  13:46:00 2335.00 2335.00 2334.00 2335.00 3066.00
20150525  13:47:00 2335.00 2336.00 2334.00 2336.00 3876.00
20150525  13:48:00 2336.00 2337.00 2335.00 2337.00 6684.00
20150525  13:49:00 2337.00 2337.00 2335.00 2336.00 10746.00
20150525  13:50:00 2336.00 2337.00 2335.00 2337.00 3608.00
20150525  13:51:00 2336.00 2337.00 2335.00 2335.00 3438.00
20150525  13:52:00 2335.00 2337.00 2335.00 2336.00 4700.00
20150525  13:53:00 2336.00 2337.00 2335.00 2337.00 1960.00
20150525  13:54:00 2337.00 2337.00 2336.00 2337.00 466.00
20150525  13:55:00 2337.00 2337.00 2336.00 2336.00 862.00
20150525  13:56:00 2336.00 2338.00 2336.00 2337.00 9030.00
20150525  13:57:00 2337.00 2337.00 2335.00 2336.00 5026.00
20150525  13:58:00 2336.00 2336.00 2334.00 2334.00 9626.00
20150525  13:59:00 2335.00 2335.00 2333.00 2334.00 16882.00
20150525  14:00:00 2334.00 2337.00 2333.00 2337.00 17178.00
20150525  14:01:00 2336.00 2337.00 2335.00 2337.00 4848.00
20150525  14:02:00 2336.00 2337.00 2335.00 2336.00 7072.00
20150525  14:03:00 2336.00 2338.00 2336.00 2337.00 6846.00
20150525  14:04:00 2338.00 2338.00 2337.00 2338.00 5956.00
20150525  14:05:00 2338.00 2338.00 2336.00 2336.00 4898.00
20150525  14:06:00 2336.00 2338.00 2336.00 2337.00 4270.00
20150525  14:07:00 2338.00 2339.00 2337.00 2338.00 5106.00
20150525  14:08:00 2338.00 2339.00 2337.00 2337.00 3578.00
20150525  14:09:00 2337.00 2338.00 2337.00 2337.00 452.00
20150525  14:10:00 2337.00 2338.00 2336.00 2338.00 6320.00
20150525  14:11:00 2338.00 2338.00 2337.00 2338.00 2900.00
20150525  14:12:00 2337.00 2338.00 2337.00 2338.00 2656.00
20150525  14:13:00 2338.00 2338.00 2336.00 2337.00 3616.00
20150525  14:14:00 2336.00 2337.00 2336.00 2337.00 682.00
20150525  14:15:00 2337.00 2337.00 2336.00 2337.00 4114.00
20150525  14:16:00 2338.00 2338.00 2336.00 2337.00 3048.00
20150525  14:17:00 2337.00 2338.00 2336.00 2337.00 2880.00
20150525  14:18:00 2337.00 2339.00 2337.00 2338.00 5088.00
20150525  14:19:00 2338.00 2340.00 2338.00 2339.00 9670.00
20150525  14:20:00 2340.00 2342.00 2339.00 2342.00 19026.00
20150525  14:21:00 2342.00 2342.00 2341.00 2342.00 9192.00
20150525  14:22:00 2341.00 2342.00 2340.00 2341.00 7882.00
20150525  14:23:00 2340.00 2341.00 2339.00 2340.00 8836.00
20150525  14:24:00 2340.00 2340.00 2338.00 2338.00 5126.00
20150525  14:25:00 2338.00 2339.00 2338.00 2338.00 6408.00
20150525  14:26:00 2338.00 2339.00 2337.00 2337.00 5842.00
20150525  14:27:00 2338.00 2339.00 2337.00 2339.00 7704.00
20150525  14:28:00 2339.00 2339.00 2338.00 2338.00 1484.00
20150525  14:29:00 2338.00 2339.00 2338.00 2338.00 4036.00
20150525  14:30:00 2338.00 2339.00 2338.00 2338.00 1134.00
20150525  14:31:00 2338.00 2339.00 2337.00 2337.00 3418.00
20150525  14:32:00 2337.00 2338.00 2336.00 2337.00 9476.00
20150525  14:33:00 2338.00 2339.00 2337.00 2339.00 6676.00
20150525  14:34:00 2338.00 2339.00 2338.00 2339.00 1838.00
20150525  14:35:00 2339.00 2339.00 2337.00 2337.00 4300.00
20150525  14:36:00 2337.00 2339.00 2337.00 2339.00 2238.00
20150525  14:37:00 2338.00 2339.00 2338.00 2339.00 994.00
20150525  14:38:00 2339.00 2340.00 2338.00 2340.00 7482.00
20150525  14:39:00 2340.00 2340.00 2338.00 2338.00 2404.00
20150525  14:40:00 2339.00 2339.00 2337.00 2337.00 4664.00
20150525  14:41:00 2338.00 2338.00 2337.00 2337.00 864.00
20150525  14:42:00 2337.00 2339.00 2337.00 2339.00 4156.00
20150525  14:43:00 2339.00 2342.00 2338.00 2342.00 20430.00
20150525  14:44:00 2342.00 2344.00 2342.00 2343.00 21964.00
20150525  14:45:00 2343.00 2345.00 2343.00 2344.00 24896.00
20150525  14:46:00 2344.00 2346.00 2343.00 2346.00 43488.00
20150525  14:47:00 2346.00 2346.00 2344.00 2346.00 19880.00
20150525  14:48:00 2346.00 2349.00 2345.00 2348.00 52538.00
20150525  14:49:00 2348.00 2348.00 2345.00 2346.00 29956.00
20150525  14:50:00 2347.00 2348.00 2346.00 2347.00 21712.00
20150525  14:51:00 2347.00 2348.00 2345.00 2348.00 12180.00
20150525  14:52:00 2347.00 2348.00 2345.00 2346.00 19650.00
20150525  14:53:00 2347.00 2349.00 2346.00 2349.00 32584.00
20150525  14:54:00 2349.00 2349.00 2346.00 2348.00 16980.00
20150525  14:55:00 2348.00 2349.00 2346.00 2348.00 16094.00
20150525  14:56:00 2348.00 2349.00 2347.00 2348.00 13994.00
20150525  14:57:00 2347.00 2349.00 2347.00 2348.00 16498.00
20150525  14:58:00 2348.00 2348.00 2345.00 2345.00 28796.00
20150525  14:59:00 2345.00 2347.00 2345.00 2346.00 26878.00
20150525  15:00:00 2347.00 2347.00 2347.00 2347.00  88.00
