20151023  21:00:00 1803.00 1808.00 1803.00 1803.00 41310.00
20151023  21:01:00 1803.00 1803.00 1801.00 1802.00 17500.00
20151023  21:02:00 1802.00 1803.00 1801.00 1801.00 15632.00
20151023  21:03:00 1801.00 1802.00 1800.00 1801.00 19488.00
20151023  21:04:00 1802.00 1803.00 1801.00 1802.00 12952.00
20151023  21:05:00 1802.00 1803.00 1801.00 1801.00 5512.00
20151023  21:06:00 1801.00 1802.00 1800.00 1801.00 9566.00
20151023  21:07:00 1801.00 1802.00 1800.00 1801.00 6468.00
20151023  21:08:00 1801.00 1801.00 1799.00 1800.00 14190.00
20151023  21:09:00 1800.00 1801.00 1799.00 1799.00 6412.00
20151023  21:10:00 1800.00 1800.00 1797.00 1797.00 9076.00
20151023  21:11:00 1798.00 1798.00 1796.00 1796.00 6246.00
20151023  21:12:00 1797.00 1797.00 1796.00 1796.00 4678.00
20151023  21:13:00 1797.00 1798.00 1797.00 1797.00 10650.00
20151023  21:14:00 1797.00 1799.00 1797.00 1798.00 4738.00
20151023  21:15:00 1799.00 1799.00 1797.00 1798.00 3050.00
20151023  21:16:00 1798.00 1799.00 1797.00 1799.00 9344.00
20151023  21:17:00 1798.00 1799.00 1797.00 1798.00 4856.00
20151023  21:18:00 1798.00 1799.00 1798.00 1798.00 5470.00
20151023  21:19:00 1798.00 1799.00 1798.00 1798.00 456.00
20151023  21:20:00 1798.00 1801.00 1798.00 1801.00 17682.00
20151023  21:21:00 1801.00 1802.00 1800.00 1801.00 7540.00
20151023  21:22:00 1801.00 1803.00 1801.00 1802.00 20766.00
20151023  21:23:00 1802.00 1806.00 1802.00 1806.00 26324.00
20151023  21:24:00 1806.00 1806.00 1804.00 1805.00 22480.00
20151023  21:25:00 1804.00 1806.00 1804.00 1805.00 17472.00
20151023  21:26:00 1805.00 1806.00 1804.00 1804.00 8764.00
20151023  21:27:00 1805.00 1806.00 1804.00 1805.00 16678.00
20151023  21:28:00 1805.00 1806.00 1805.00 1805.00 4198.00
20151023  21:29:00 1806.00 1806.00 1804.00 1804.00 19598.00
20151023  21:30:00 1804.00 1806.00 1804.00 1805.00 24460.00
20151023  21:31:00 1805.00 1807.00 1805.00 1806.00 26322.00
20151023  21:32:00 1806.00 1806.00 1803.00 1804.00 17808.00
20151023  21:33:00 1803.00 1804.00 1802.00 1803.00 15604.00
20151023  21:34:00 1803.00 1804.00 1802.00 1802.00 19810.00
20151023  21:35:00 1802.00 1803.00 1801.00 1801.00 17172.00
20151023  21:36:00 1801.00 1802.00 1801.00 1802.00 2008.00
20151023  21:37:00 1802.00 1802.00 1799.00 1800.00 15618.00
20151023  21:38:00 1800.00 1802.00 1800.00 1802.00 6156.00
20151023  21:39:00 1802.00 1802.00 1801.00 1802.00 2244.00
20151023  21:40:00 1801.00 1803.00 1801.00 1802.00 6282.00
20151023  21:41:00 1802.00 1803.00 1799.00 1800.00 14530.00
20151023  21:42:00 1800.00 1801.00 1799.00 1800.00 5670.00
20151023  21:43:00 1800.00 1801.00 1800.00 1801.00 1524.00
20151023  21:44:00 1801.00 1801.00 1800.00 1800.00 2164.00
20151023  21:45:00 1800.00 1801.00 1800.00 1801.00 1454.00
20151023  21:46:00 1800.00 1800.00 1799.00 1800.00 4602.00
20151023  21:47:00 1800.00 1800.00 1799.00 1800.00 2624.00
20151023  21:48:00 1800.00 1800.00 1799.00 1800.00 1754.00
20151023  21:49:00 1800.00 1800.00 1799.00 1799.00 964.00
20151023  21:50:00 1799.00 1800.00 1798.00 1799.00 7216.00
20151023  21:51:00 1799.00 1800.00 1799.00 1799.00 2096.00
20151023  21:52:00 1799.00 1800.00 1799.00 1799.00 2568.00
20151023  21:53:00 1799.00 1800.00 1798.00 1799.00 2890.00
20151023  21:54:00 1799.00 1800.00 1799.00 1799.00 7028.00
20151023  21:55:00 1799.00 1800.00 1799.00 1800.00 2314.00
20151023  21:56:00 1800.00 1800.00 1798.00 1799.00 4662.00
20151023  21:57:00 1799.00 1800.00 1798.00 1799.00 1914.00
20151023  21:58:00 1800.00 1800.00 1799.00 1800.00 1202.00
20151023  21:59:00 1800.00 1801.00 1799.00 1801.00 6520.00
20151023  22:00:00 1801.00 1801.00 1799.00 1800.00 4544.00
20151023  22:01:00 1800.00 1801.00 1799.00 1800.00 3144.00
20151023  22:02:00 1800.00 1800.00 1799.00 1800.00 470.00
20151023  22:03:00 1800.00 1800.00 1799.00 1800.00 1116.00
20151023  22:04:00 1800.00 1800.00 1799.00 1800.00 1530.00
20151023  22:05:00 1799.00 1801.00 1799.00 1800.00 7758.00
20151023  22:06:00 1800.00 1803.00 1800.00 1802.00 11302.00
20151023  22:07:00 1803.00 1803.00 1801.00 1802.00 7696.00
20151023  22:08:00 1802.00 1803.00 1801.00 1803.00 2518.00
20151023  22:09:00 1802.00 1803.00 1802.00 1803.00 2654.00
20151023  22:10:00 1802.00 1803.00 1802.00 1803.00 2334.00
20151023  22:11:00 1802.00 1804.00 1801.00 1804.00 10446.00
20151023  22:12:00 1804.00 1805.00 1803.00 1805.00 9934.00
20151023  22:13:00 1805.00 1805.00 1803.00 1803.00 5992.00
20151023  22:14:00 1803.00 1804.00 1803.00 1803.00 3298.00
20151023  22:15:00 1803.00 1805.00 1802.00 1805.00 13958.00
20151023  22:16:00 1805.00 1806.00 1804.00 1805.00 15682.00
20151023  22:17:00 1805.00 1805.00 1804.00 1804.00 4234.00
20151023  22:18:00 1803.00 1805.00 1803.00 1804.00 764.00
20151023  22:19:00 1805.00 1805.00 1804.00 1805.00 1728.00
20151023  22:20:00 1805.00 1805.00 1804.00 1804.00 950.00
20151023  22:21:00 1804.00 1805.00 1804.00 1804.00 852.00
20151023  22:22:00 1804.00 1805.00 1804.00 1804.00 1012.00
20151023  22:23:00 1804.00 1804.00 1803.00 1803.00 4382.00
20151023  22:24:00 1803.00 1804.00 1802.00 1802.00 2198.00
20151023  22:25:00 1803.00 1803.00 1801.00 1802.00 6024.00
20151023  22:26:00 1802.00 1802.00 1800.00 1801.00 6586.00
20151023  22:27:00 1801.00 1802.00 1800.00 1801.00 6744.00
20151023  22:28:00 1800.00 1802.00 1800.00 1802.00 1132.00
20151023  22:29:00 1801.00 1802.00 1801.00 1801.00 5314.00
20151023  22:30:00 1801.00 1802.00 1801.00 1802.00 5972.00
20151023  22:31:00 1802.00 1803.00 1802.00 1802.00 718.00
20151023  22:32:00 1802.00 1803.00 1802.00 1803.00 2458.00
20151023  22:33:00 1803.00 1803.00 1802.00 1803.00 2754.00
20151023  22:34:00 1803.00 1803.00 1802.00 1802.00 2170.00
20151023  22:35:00 1803.00 1803.00 1802.00 1803.00 434.00
20151023  22:36:00 1803.00 1803.00 1802.00 1802.00 212.00
20151023  22:37:00 1802.00 1803.00 1802.00 1802.00 804.00
20151023  22:38:00 1802.00 1803.00 1801.00 1802.00 2014.00
20151023  22:39:00 1802.00 1802.00 1801.00 1801.00 3854.00
20151023  22:40:00 1800.00 1802.00 1800.00 1801.00 1936.00
20151023  22:41:00 1801.00 1802.00 1801.00 1801.00 454.00
20151023  22:42:00 1802.00 1802.00 1801.00 1802.00 112.00
20151023  22:43:00 1801.00 1802.00 1801.00 1802.00 552.00
20151023  22:44:00 1802.00 1802.00 1801.00 1801.00 324.00
20151023  22:45:00 1801.00 1802.00 1801.00 1801.00 2972.00
20151023  22:46:00 1801.00 1802.00 1801.00 1801.00 952.00
20151023  22:47:00 1802.00 1802.00 1800.00 1800.00 4068.00
20151023  22:48:00 1800.00 1802.00 1800.00 1801.00 2546.00
20151023  22:49:00 1801.00 1802.00 1801.00 1802.00 314.00
20151023  22:50:00 1802.00 1802.00 1801.00 1802.00 298.00
20151023  22:51:00 1802.00 1802.00 1801.00 1801.00 600.00
20151023  22:52:00 1801.00 1802.00 1801.00 1801.00 378.00
20151023  22:53:00 1801.00 1802.00 1801.00 1801.00 146.00
20151023  22:54:00 1801.00 1802.00 1801.00 1802.00 1574.00
20151023  22:55:00 1802.00 1803.00 1801.00 1803.00 1856.00
20151023  22:56:00 1803.00 1804.00 1802.00 1803.00 4946.00
20151023  22:57:00 1803.00 1804.00 1803.00 1804.00 2476.00
20151023  22:58:00 1803.00 1804.00 1803.00 1803.00 1632.00
20151023  22:59:00 1803.00 1804.00 1802.00 1803.00 4976.00
20151023  23:00:00 1804.00 1804.00 1802.00 1803.00 2350.00
20151023  23:01:00 1802.00 1803.00 1802.00 1802.00 1432.00
20151023  23:02:00 1802.00 1803.00 1802.00 1803.00 926.00
20151023  23:03:00 1803.00 1803.00 1802.00 1802.00 146.00
20151023  23:04:00 1802.00 1803.00 1802.00 1803.00 270.00
20151023  23:05:00 1803.00 1803.00 1802.00 1803.00 910.00
20151023  23:06:00 1803.00 1804.00 1803.00 1803.00 1136.00
20151023  23:07:00 1803.00 1804.00 1802.00 1803.00 1582.00
20151023  23:08:00 1803.00 1803.00 1802.00 1803.00 196.00
20151023  23:09:00 1803.00 1803.00 1802.00 1803.00 158.00
20151023  23:10:00 1803.00 1803.00 1802.00 1802.00 522.00
20151023  23:11:00 1803.00 1803.00 1802.00 1803.00 562.00
20151023  23:12:00 1802.00 1803.00 1802.00 1802.00 902.00
20151023  23:13:00 1802.00 1803.00 1802.00 1803.00 388.00
20151023  23:14:00 1802.00 1804.00 1802.00 1804.00 1946.00
20151023  23:15:00 1803.00 1804.00 1803.00 1804.00 1344.00
20151023  23:16:00 1803.00 1804.00 1803.00 1803.00 664.00
20151023  23:17:00 1804.00 1805.00 1803.00 1805.00 3548.00
20151023  23:18:00 1805.00 1805.00 1803.00 1804.00 2370.00
20151023  23:19:00 1804.00 1804.00 1803.00 1804.00 1266.00
20151023  23:20:00 1804.00 1805.00 1803.00 1804.00 1476.00
20151023  23:21:00 1804.00 1805.00 1804.00 1804.00 1130.00
20151023  23:22:00 1805.00 1805.00 1803.00 1804.00 4080.00
20151023  23:23:00 1804.00 1804.00 1803.00 1804.00 192.00
20151023  23:24:00 1804.00 1804.00 1803.00 1804.00 478.00
20151023  23:25:00 1804.00 1805.00 1803.00 1804.00 1318.00
20151023  23:26:00 1805.00 1805.00 1803.00 1804.00 812.00
20151023  23:27:00 1804.00 1804.00 1803.00 1804.00 472.00
20151023  23:28:00 1803.00 1805.00 1803.00 1804.00 1872.00
20151023  23:29:00 1803.00 1804.00 1803.00 1804.00 836.00
20151023  23:30:00 1804.00 1804.00 1803.00 1804.00 2574.00
20151023  23:31:00 1804.00 1804.00 1803.00 1803.00 1548.00
20151023  23:32:00 1804.00 1804.00 1803.00 1803.00 1394.00
20151023  23:33:00 1803.00 1804.00 1803.00 1803.00 1212.00
20151023  23:34:00 1803.00 1804.00 1803.00 1804.00 2664.00
20151023  23:35:00 1804.00 1804.00 1803.00 1804.00 444.00
20151023  23:36:00 1804.00 1804.00 1803.00 1803.00 3408.00
20151023  23:37:00 1803.00 1803.00 1802.00 1802.00 704.00
20151023  23:38:00 1802.00 1803.00 1802.00 1802.00 180.00
20151023  23:39:00 1802.00 1802.00 1802.00 1802.00  90.00
20151023  23:40:00 1802.00 1803.00 1802.00 1803.00 268.00
20151023  23:41:00 1803.00 1803.00 1802.00 1803.00  94.00
20151023  23:42:00 1803.00 1803.00 1802.00 1803.00 476.00
20151023  23:43:00 1802.00 1803.00 1802.00 1803.00 498.00
20151023  23:44:00 1803.00 1803.00 1802.00 1803.00  70.00
20151023  23:45:00 1803.00 1804.00 1803.00 1803.00 3240.00
20151023  23:46:00 1803.00 1804.00 1803.00 1804.00  60.00
20151023  23:47:00 1804.00 1804.00 1803.00 1804.00  54.00
20151023  23:48:00 1804.00 1804.00 1803.00 1804.00 1030.00
20151023  23:49:00 1804.00 1804.00 1803.00 1804.00 232.00
20151023  23:50:00 1804.00 1804.00 1803.00 1803.00 2410.00
20151023  23:51:00 1803.00 1804.00 1803.00 1803.00 750.00
20151023  23:52:00 1803.00 1804.00 1803.00 1804.00 646.00
20151023  23:53:00 1804.00 1804.00 1803.00 1804.00 702.00
20151023  23:54:00 1804.00 1804.00 1803.00 1804.00  54.00
20151023  23:55:00 1804.00 1805.00 1803.00 1804.00 3874.00
20151023  23:56:00 1804.00 1805.00 1804.00 1804.00 988.00
20151023  23:57:00 1804.00 1804.00 1803.00 1804.00 180.00
20151023  23:58:00 1804.00 1804.00 1803.00 1803.00  52.00
20151023  23:59:00 1804.00 1804.00 1803.00 1804.00 430.00
20151024  00:00:00 1804.00 1804.00 1803.00 1804.00 1666.00
20151024  00:01:00 1804.00 1804.00 1803.00 1804.00 196.00
20151024  00:02:00 1804.00 1804.00 1803.00 1803.00  44.00
20151024  00:03:00 1804.00 1804.00 1803.00 1803.00 154.00
20151024  00:04:00 1803.00 1804.00 1803.00 1804.00 130.00
20151024  00:05:00 1804.00 1804.00 1803.00 1804.00 142.00
20151024  00:06:00 1804.00 1804.00 1803.00 1803.00 362.00
20151024  00:07:00 1803.00 1804.00 1803.00 1803.00 218.00
20151024  00:08:00 1803.00 1804.00 1803.00 1804.00 144.00
20151024  00:09:00 1804.00 1804.00 1803.00 1804.00  44.00
20151024  00:10:00 1804.00 1804.00 1803.00 1803.00 318.00
20151024  00:11:00 1803.00 1803.00 1803.00 1803.00 1036.00
20151024  00:12:00 1803.00 1803.00 1803.00 1803.00 296.00
20151024  00:13:00 1803.00 1804.00 1803.00 1803.00 306.00
20151024  00:14:00 1803.00 1804.00 1803.00 1803.00 138.00
20151024  00:15:00 1803.00 1804.00 1803.00 1804.00 1364.00
20151024  00:16:00 1804.00 1804.00 1803.00 1804.00 104.00
20151024  00:17:00 1804.00 1804.00 1803.00 1804.00  40.00
20151024  00:18:00 1804.00 1804.00 1803.00 1804.00  46.00
20151024  00:19:00 1804.00 1804.00 1804.00 1804.00 1182.00
20151024  00:20:00 1804.00 1805.00 1803.00 1805.00 1692.00
20151024  00:21:00 1805.00 1805.00 1804.00 1805.00 140.00
20151024  00:22:00 1805.00 1805.00 1804.00 1805.00  94.00
20151024  00:23:00 1804.00 1805.00 1804.00 1804.00 470.00
20151024  00:24:00 1804.00 1805.00 1804.00 1804.00  52.00
20151024  00:25:00 1804.00 1805.00 1804.00 1804.00 824.00
20151024  00:26:00 1804.00 1804.00 1803.00 1804.00 192.00
20151024  00:27:00 1803.00 1804.00 1803.00 1803.00  44.00
20151024  00:28:00 1803.00 1804.00 1803.00 1804.00  18.00
20151024  00:29:00 1803.00 1804.00 1803.00 1803.00 1176.00
20151024  00:30:00 1803.00 1804.00 1803.00 1803.00 736.00
20151024  00:31:00 1804.00 1804.00 1803.00 1804.00 116.00
20151024  00:32:00 1804.00 1804.00 1803.00 1803.00  74.00
20151024  00:33:00 1803.00 1804.00 1803.00 1803.00 126.00
20151024  00:34:00 1803.00 1803.00 1803.00 1803.00  24.00
20151024  00:35:00 1803.00 1804.00 1803.00 1803.00  28.00
20151024  00:36:00 1803.00 1804.00 1803.00 1804.00  62.00
20151024  00:37:00 1804.00 1804.00 1803.00 1803.00  64.00
20151024  00:38:00 1803.00 1804.00 1803.00 1803.00  34.00
20151024  00:39:00 1803.00 1804.00 1803.00 1803.00  74.00
20151024  00:40:00 1803.00 1804.00 1803.00 1804.00 140.00
20151024  00:41:00 1804.00 1804.00 1803.00 1804.00 148.00
20151024  00:42:00 1804.00 1804.00 1803.00 1803.00  50.00
20151024  00:43:00 1803.00 1804.00 1803.00 1804.00 346.00
20151024  00:44:00 1804.00 1804.00 1803.00 1804.00  98.00
20151024  00:45:00 1804.00 1804.00 1804.00 1804.00 862.00
20151024  00:46:00 1804.00 1804.00 1803.00 1804.00 926.00
20151024  00:47:00 1804.00 1804.00 1804.00 1804.00 1216.00
20151024  00:48:00 1804.00 1805.00 1804.00 1804.00 456.00
20151024  00:49:00 1804.00 1805.00 1804.00 1805.00  80.00
20151024  00:50:00 1805.00 1805.00 1804.00 1805.00 738.00
20151024  00:51:00 1805.00 1805.00 1804.00 1805.00  82.00
20151024  00:52:00 1805.00 1805.00 1805.00 1805.00 318.00
20151024  00:53:00 1805.00 1805.00 1804.00 1805.00 422.00
20151024  00:54:00 1805.00 1805.00 1804.00 1804.00 348.00
20151024  00:55:00 1804.00 1805.00 1804.00 1804.00 2198.00
20151024  00:56:00 1804.00 1805.00 1804.00 1805.00 216.00
20151024  00:57:00 1804.00 1805.00 1804.00 1804.00 194.00
20151024  00:58:00 1804.00 1805.00 1804.00 1805.00 854.00
20151024  00:59:00 1805.00 1805.00 1804.00 1805.00 1994.00
20151024  01:00:00 1804.00 1804.00 1804.00 1804.00  22.00
20151026  09:00:00 1804.00 1805.00 1803.00 1805.00 28616.00
20151026  09:01:00 1805.00 1807.00 1804.00 1805.00 27362.00
20151026  09:02:00 1804.00 1807.00 1804.00 1807.00 7982.00
20151026  09:03:00 1807.00 1807.00 1805.00 1806.00 20384.00
20151026  09:04:00 1806.00 1807.00 1806.00 1806.00 9778.00
20151026  09:05:00 1807.00 1808.00 1806.00 1806.00 18076.00
20151026  09:06:00 1807.00 1807.00 1805.00 1806.00 17158.00
20151026  09:07:00 1806.00 1807.00 1805.00 1805.00 6332.00
20151026  09:08:00 1806.00 1807.00 1805.00 1805.00 13080.00
20151026  09:09:00 1805.00 1807.00 1805.00 1806.00 19608.00
20151026  09:10:00 1807.00 1807.00 1804.00 1805.00 13810.00
20151026  09:11:00 1805.00 1806.00 1805.00 1805.00 4618.00
20151026  09:12:00 1805.00 1806.00 1804.00 1804.00 4746.00
20151026  09:13:00 1804.00 1806.00 1804.00 1805.00 16130.00
20151026  09:14:00 1805.00 1806.00 1804.00 1805.00 4688.00
20151026  09:15:00 1805.00 1806.00 1804.00 1804.00 8152.00
20151026  09:16:00 1804.00 1805.00 1803.00 1803.00 11488.00
20151026  09:17:00 1802.00 1803.00 1802.00 1802.00 19426.00
20151026  09:18:00 1802.00 1802.00 1799.00 1799.00 25270.00
20151026  09:19:00 1799.00 1800.00 1798.00 1800.00 16032.00
20151026  09:20:00 1800.00 1800.00 1798.00 1799.00 10946.00
20151026  09:21:00 1799.00 1799.00 1797.00 1798.00 12592.00
20151026  09:22:00 1799.00 1799.00 1795.00 1795.00 43424.00
20151026  09:23:00 1795.00 1798.00 1795.00 1798.00 15240.00
20151026  09:24:00 1798.00 1798.00 1797.00 1797.00 5382.00
20151026  09:25:00 1798.00 1798.00 1797.00 1797.00 4534.00
20151026  09:26:00 1797.00 1799.00 1797.00 1799.00 6814.00
20151026  09:27:00 1799.00 1799.00 1797.00 1798.00 11422.00
20151026  09:28:00 1798.00 1799.00 1797.00 1799.00 4110.00
20151026  09:29:00 1799.00 1799.00 1798.00 1798.00 6670.00
20151026  09:30:00 1799.00 1799.00 1798.00 1798.00 6418.00
20151026  09:31:00 1798.00 1799.00 1797.00 1798.00 15306.00
20151026  09:32:00 1798.00 1799.00 1797.00 1798.00 4180.00
20151026  09:33:00 1798.00 1799.00 1798.00 1798.00 1152.00
20151026  09:34:00 1798.00 1799.00 1798.00 1798.00 4314.00
20151026  09:35:00 1798.00 1799.00 1798.00 1798.00 736.00
20151026  09:36:00 1798.00 1799.00 1798.00 1798.00 1936.00
20151026  09:37:00 1798.00 1799.00 1798.00 1798.00 494.00
20151026  09:38:00 1798.00 1799.00 1798.00 1799.00 346.00
20151026  09:39:00 1799.00 1799.00 1798.00 1799.00 402.00
20151026  09:40:00 1798.00 1799.00 1798.00 1798.00 812.00
20151026  09:41:00 1798.00 1799.00 1797.00 1797.00 2272.00
20151026  09:42:00 1797.00 1798.00 1797.00 1797.00 1990.00
20151026  09:43:00 1797.00 1798.00 1797.00 1798.00 690.00
20151026  09:44:00 1798.00 1798.00 1797.00 1797.00 1166.00
20151026  09:45:00 1797.00 1798.00 1796.00 1797.00 5676.00
20151026  09:46:00 1797.00 1797.00 1796.00 1797.00 2434.00
20151026  09:47:00 1796.00 1797.00 1796.00 1796.00 4198.00
20151026  09:48:00 1796.00 1796.00 1793.00 1795.00 24682.00
20151026  09:49:00 1796.00 1798.00 1796.00 1798.00 9912.00
20151026  09:50:00 1798.00 1798.00 1797.00 1798.00 1634.00
20151026  09:51:00 1798.00 1798.00 1797.00 1797.00 1122.00
20151026  09:52:00 1797.00 1798.00 1796.00 1796.00 3660.00
20151026  09:53:00 1796.00 1798.00 1796.00 1797.00 2120.00
20151026  09:54:00 1798.00 1798.00 1797.00 1798.00 742.00
20151026  09:55:00 1798.00 1799.00 1797.00 1799.00 6086.00
20151026  09:56:00 1799.00 1799.00 1798.00 1799.00 2606.00
20151026  09:57:00 1798.00 1799.00 1798.00 1798.00 3804.00
20151026  09:58:00 1798.00 1799.00 1797.00 1798.00 11858.00
20151026  09:59:00 1798.00 1800.00 1797.00 1799.00 13440.00
20151026  10:00:00 1799.00 1800.00 1798.00 1798.00 7958.00
20151026  10:01:00 1798.00 1799.00 1798.00 1798.00 486.00
20151026  10:02:00 1798.00 1800.00 1798.00 1800.00 4238.00
20151026  10:03:00 1799.00 1800.00 1799.00 1800.00 2094.00
20151026  10:04:00 1800.00 1800.00 1798.00 1799.00 6322.00
20151026  10:05:00 1800.00 1803.00 1799.00 1803.00 18342.00
20151026  10:06:00 1802.00 1803.00 1801.00 1801.00 7298.00
20151026  10:07:00 1802.00 1802.00 1800.00 1800.00 8570.00
20151026  10:08:00 1800.00 1802.00 1800.00 1802.00 2718.00
20151026  10:09:00 1802.00 1802.00 1800.00 1800.00 7584.00
20151026  10:10:00 1800.00 1801.00 1799.00 1799.00 4260.00
20151026  10:11:00 1799.00 1800.00 1799.00 1800.00 1218.00
20151026  10:12:00 1800.00 1800.00 1799.00 1799.00 1642.00
20151026  10:13:00 1799.00 1801.00 1799.00 1800.00 6790.00
20151026  10:14:00 1800.00 1801.00 1800.00 1800.00 2700.00
20151026  10:30:00 1800.00 1801.00 1800.00 1800.00 1464.00
20151026  10:31:00 1801.00 1801.00 1800.00 1800.00 666.00
20151026  10:32:00 1800.00 1801.00 1800.00 1800.00 198.00
20151026  10:33:00 1800.00 1801.00 1800.00 1800.00 164.00
20151026  10:34:00 1800.00 1801.00 1800.00 1801.00 2778.00
20151026  10:35:00 1801.00 1801.00 1799.00 1799.00 4608.00
20151026  10:36:00 1799.00 1800.00 1799.00 1800.00 3836.00
20151026  10:37:00 1800.00 1800.00 1799.00 1800.00 2322.00
20151026  10:38:00 1800.00 1800.00 1799.00 1799.00 404.00
20151026  10:39:00 1799.00 1800.00 1798.00 1798.00 3238.00
20151026  10:40:00 1799.00 1799.00 1797.00 1797.00 2816.00
20151026  10:41:00 1797.00 1798.00 1797.00 1797.00 3860.00
20151026  10:42:00 1797.00 1797.00 1795.00 1797.00 9082.00
20151026  10:43:00 1796.00 1798.00 1796.00 1797.00 4856.00
20151026  10:44:00 1797.00 1798.00 1796.00 1798.00 2274.00
20151026  10:45:00 1798.00 1798.00 1796.00 1797.00 3132.00
20151026  10:46:00 1796.00 1798.00 1796.00 1797.00 4620.00
20151026  10:47:00 1797.00 1798.00 1797.00 1798.00 1986.00
20151026  10:48:00 1798.00 1799.00 1797.00 1799.00 7512.00
20151026  10:49:00 1799.00 1800.00 1799.00 1799.00 3280.00
20151026  10:50:00 1799.00 1800.00 1799.00 1799.00 3384.00
20151026  10:51:00 1800.00 1800.00 1798.00 1798.00 1052.00
20151026  10:52:00 1798.00 1799.00 1798.00 1799.00 402.00
20151026  10:53:00 1799.00 1799.00 1798.00 1798.00  86.00
20151026  10:54:00 1798.00 1800.00 1798.00 1799.00 1790.00
20151026  10:55:00 1799.00 1800.00 1799.00 1799.00 1808.00
20151026  10:56:00 1799.00 1800.00 1798.00 1799.00 4132.00
20151026  10:57:00 1799.00 1800.00 1798.00 1798.00 4738.00
20151026  10:58:00 1798.00 1800.00 1798.00 1799.00 2684.00
20151026  10:59:00 1799.00 1801.00 1799.00 1801.00 6680.00
20151026  11:00:00 1800.00 1801.00 1800.00 1800.00 3460.00
20151026  11:01:00 1800.00 1801.00 1800.00 1800.00 2634.00
20151026  11:02:00 1800.00 1801.00 1800.00 1800.00 662.00
20151026  11:03:00 1800.00 1801.00 1800.00 1801.00 1104.00
20151026  11:04:00 1801.00 1801.00 1800.00 1800.00 1210.00
20151026  11:05:00 1800.00 1801.00 1800.00 1800.00 538.00
20151026  11:06:00 1800.00 1801.00 1800.00 1800.00 586.00
20151026  11:07:00 1800.00 1801.00 1798.00 1801.00 14128.00
20151026  11:08:00 1801.00 1801.00 1800.00 1800.00 2858.00
20151026  11:09:00 1800.00 1801.00 1800.00 1800.00 1090.00
20151026  11:10:00 1800.00 1801.00 1800.00 1800.00 6266.00
20151026  11:11:00 1800.00 1801.00 1800.00 1801.00 142.00
20151026  11:12:00 1801.00 1801.00 1799.00 1799.00 3708.00
20151026  11:13:00 1799.00 1800.00 1799.00 1799.00 180.00
20151026  11:14:00 1799.00 1801.00 1799.00 1800.00 4282.00
20151026  11:15:00 1801.00 1801.00 1800.00 1800.00 1606.00
20151026  11:16:00 1800.00 1801.00 1800.00 1800.00 512.00
20151026  11:17:00 1800.00 1801.00 1800.00 1800.00 2954.00
20151026  11:18:00 1800.00 1801.00 1799.00 1800.00 3132.00
20151026  11:19:00 1800.00 1800.00 1799.00 1799.00 242.00
20151026  11:20:00 1799.00 1800.00 1799.00 1800.00  58.00
20151026  11:21:00 1800.00 1800.00 1799.00 1799.00 2380.00
20151026  11:22:00 1799.00 1800.00 1799.00 1799.00 288.00
20151026  11:23:00 1800.00 1800.00 1799.00 1799.00 280.00
20151026  11:24:00 1799.00 1800.00 1799.00 1800.00 472.00
20151026  11:25:00 1800.00 1800.00 1799.00 1800.00 266.00
20151026  11:26:00 1800.00 1801.00 1799.00 1801.00 3952.00
20151026  11:27:00 1800.00 1801.00 1800.00 1800.00 632.00
20151026  11:28:00 1800.00 1801.00 1800.00 1801.00 752.00
20151026  11:29:00 1801.00 1801.00 1800.00 1801.00 5076.00
20151026  13:30:00 1800.00 1801.00 1799.00 1799.00 8376.00
20151026  13:31:00 1799.00 1800.00 1799.00 1799.00 1968.00
20151026  13:32:00 1799.00 1799.00 1798.00 1799.00 2224.00
20151026  13:33:00 1799.00 1799.00 1798.00 1798.00 756.00
20151026  13:34:00 1798.00 1799.00 1798.00 1798.00 284.00
20151026  13:35:00 1798.00 1799.00 1798.00 1798.00 912.00
20151026  13:36:00 1798.00 1799.00 1798.00 1798.00 382.00
20151026  13:37:00 1798.00 1799.00 1798.00 1799.00 776.00
20151026  13:38:00 1799.00 1799.00 1797.00 1798.00 4658.00
20151026  13:39:00 1798.00 1799.00 1797.00 1798.00 2292.00
20151026  13:40:00 1798.00 1799.00 1797.00 1798.00 5748.00
20151026  13:41:00 1798.00 1799.00 1798.00 1798.00 224.00
20151026  13:42:00 1798.00 1800.00 1798.00 1799.00 4398.00
20151026  13:43:00 1799.00 1800.00 1799.00 1800.00 760.00
20151026  13:44:00 1800.00 1800.00 1799.00 1799.00 314.00
20151026  13:45:00 1799.00 1800.00 1798.00 1799.00 7738.00
20151026  13:46:00 1799.00 1800.00 1798.00 1798.00 1354.00
20151026  13:47:00 1799.00 1799.00 1797.00 1797.00 2958.00
20151026  13:48:00 1797.00 1798.00 1797.00 1797.00 1804.00
20151026  13:49:00 1797.00 1798.00 1797.00 1798.00 1510.00
20151026  13:50:00 1798.00 1798.00 1797.00 1797.00 690.00
20151026  13:51:00 1797.00 1799.00 1797.00 1798.00 4794.00
20151026  13:52:00 1798.00 1799.00 1798.00 1798.00 418.00
20151026  13:53:00 1799.00 1799.00 1797.00 1797.00 2782.00
20151026  13:54:00 1797.00 1798.00 1796.00 1797.00 7470.00
20151026  13:55:00 1797.00 1797.00 1796.00 1797.00 1342.00
20151026  13:56:00 1797.00 1797.00 1795.00 1797.00 12246.00
20151026  13:57:00 1796.00 1798.00 1796.00 1798.00 2840.00
20151026  13:58:00 1797.00 1799.00 1797.00 1799.00 7242.00
20151026  13:59:00 1799.00 1799.00 1798.00 1799.00 1702.00
20151026  14:00:00 1799.00 1800.00 1798.00 1799.00 9036.00
20151026  14:01:00 1800.00 1800.00 1798.00 1798.00 2604.00
20151026  14:02:00 1798.00 1799.00 1798.00 1799.00 428.00
20151026  14:03:00 1799.00 1799.00 1798.00 1798.00 106.00
20151026  14:04:00 1798.00 1799.00 1798.00 1798.00 4522.00
20151026  14:05:00 1798.00 1798.00 1797.00 1797.00 888.00
20151026  14:06:00 1798.00 1798.00 1797.00 1798.00 920.00
20151026  14:07:00 1798.00 1798.00 1797.00 1798.00 614.00
20151026  14:08:00 1798.00 1798.00 1797.00 1797.00 334.00
20151026  14:09:00 1797.00 1798.00 1797.00 1798.00 790.00
20151026  14:10:00 1797.00 1798.00 1796.00 1796.00 4654.00
20151026  14:11:00 1796.00 1797.00 1796.00 1797.00 966.00
20151026  14:12:00 1797.00 1797.00 1795.00 1796.00 7078.00
20151026  14:13:00 1796.00 1797.00 1795.00 1796.00 8042.00
20151026  14:14:00 1796.00 1796.00 1795.00 1795.00 3748.00
20151026  14:15:00 1795.00 1796.00 1794.00 1795.00 11460.00
20151026  14:16:00 1795.00 1796.00 1794.00 1795.00 6610.00
20151026  14:17:00 1795.00 1796.00 1794.00 1795.00 3044.00
20151026  14:18:00 1794.00 1795.00 1794.00 1794.00 1746.00
20151026  14:19:00 1794.00 1797.00 1794.00 1797.00 8278.00
20151026  14:20:00 1797.00 1797.00 1796.00 1797.00 3706.00
20151026  14:21:00 1797.00 1797.00 1796.00 1797.00 798.00
20151026  14:22:00 1797.00 1797.00 1795.00 1796.00 2976.00
20151026  14:23:00 1796.00 1796.00 1795.00 1795.00 854.00
20151026  14:24:00 1795.00 1797.00 1795.00 1797.00 9020.00
20151026  14:25:00 1797.00 1798.00 1796.00 1796.00 3640.00
20151026  14:26:00 1796.00 1798.00 1796.00 1798.00 3138.00
20151026  14:27:00 1797.00 1798.00 1797.00 1797.00 1356.00
20151026  14:28:00 1797.00 1797.00 1796.00 1797.00 3252.00
20151026  14:29:00 1797.00 1797.00 1795.00 1796.00 7592.00
20151026  14:30:00 1796.00 1797.00 1795.00 1795.00 7104.00
20151026  14:31:00 1796.00 1796.00 1795.00 1796.00 4698.00
20151026  14:32:00 1797.00 1797.00 1796.00 1796.00 1814.00
20151026  14:33:00 1797.00 1797.00 1796.00 1797.00 1226.00
20151026  14:34:00 1797.00 1797.00 1796.00 1796.00 1848.00
20151026  14:35:00 1796.00 1797.00 1796.00 1796.00 366.00
20151026  14:36:00 1796.00 1799.00 1796.00 1798.00 10208.00
20151026  14:37:00 1799.00 1799.00 1798.00 1799.00 1338.00
20151026  14:38:00 1799.00 1800.00 1798.00 1800.00 6220.00
20151026  14:39:00 1800.00 1800.00 1799.00 1800.00 2986.00
20151026  14:40:00 1799.00 1800.00 1799.00 1799.00 1900.00
20151026  14:41:00 1800.00 1800.00 1799.00 1800.00 3288.00
20151026  14:42:00 1800.00 1801.00 1799.00 1801.00 8782.00
20151026  14:43:00 1801.00 1802.00 1800.00 1802.00 14104.00
20151026  14:44:00 1801.00 1802.00 1801.00 1802.00 11546.00
20151026  14:45:00 1802.00 1802.00 1800.00 1800.00 9988.00
20151026  14:46:00 1800.00 1801.00 1799.00 1800.00 7712.00
20151026  14:47:00 1800.00 1800.00 1798.00 1798.00 7836.00
20151026  14:48:00 1798.00 1801.00 1798.00 1800.00 6514.00
20151026  14:49:00 1800.00 1801.00 1800.00 1800.00 1662.00
20151026  14:50:00 1801.00 1801.00 1800.00 1801.00 2458.00
20151026  14:51:00 1800.00 1801.00 1800.00 1800.00 946.00
20151026  14:52:00 1800.00 1802.00 1800.00 1801.00 6402.00
20151026  14:53:00 1801.00 1802.00 1801.00 1802.00 4500.00
20151026  14:54:00 1802.00 1802.00 1801.00 1802.00 6142.00
20151026  14:55:00 1802.00 1802.00 1801.00 1802.00 9824.00
20151026  14:56:00 1802.00 1803.00 1801.00 1802.00 15974.00
20151026  14:57:00 1802.00 1803.00 1801.00 1801.00 6922.00
20151026  14:58:00 1802.00 1802.00 1800.00 1801.00 8088.00
20151026  14:59:00 1801.00 1802.00 1800.00 1802.00 10618.00
20151026  15:00:00 1801.00 1801.00 1801.00 1801.00 104.00
