20150202  21:00:00 2497.00 2497.00 2492.00 2495.00 24766.00
20150202  21:01:00 2495.00 2497.00 2494.00 2495.00 21274.00
20150202  21:02:00 2496.00 2497.00 2493.00 2495.00 14178.00
20150202  21:03:00 2495.00 2496.00 2495.00 2496.00 9154.00
20150202  21:04:00 2495.00 2497.00 2495.00 2496.00 7038.00
20150202  21:05:00 2495.00 2496.00 2494.00 2495.00 8808.00
20150202  21:06:00 2495.00 2495.00 2493.00 2494.00 6740.00
20150202  21:07:00 2494.00 2495.00 2493.00 2495.00 7058.00
20150202  21:08:00 2495.00 2495.00 2493.00 2493.00 2404.00
20150202  21:09:00 2493.00 2494.00 2493.00 2494.00 6064.00
20150202  21:10:00 2493.00 2494.00 2492.00 2492.00 5900.00
20150202  21:11:00 2492.00 2494.00 2492.00 2493.00 7062.00
20150202  21:12:00 2492.00 2493.00 2492.00 2492.00 6158.00
20150202  21:13:00 2493.00 2495.00 2492.00 2493.00 9348.00
20150202  21:14:00 2493.00 2495.00 2493.00 2494.00 5662.00
20150202  21:15:00 2494.00 2496.00 2493.00 2496.00 14648.00
20150202  21:16:00 2496.00 2496.00 2495.00 2495.00 6988.00
20150202  21:17:00 2496.00 2496.00 2494.00 2495.00 4490.00
20150202  21:18:00 2495.00 2496.00 2495.00 2496.00 3018.00
20150202  21:19:00 2496.00 2499.00 2495.00 2499.00 20520.00
20150202  21:20:00 2499.00 2501.00 2498.00 2501.00 31982.00
20150202  21:21:00 2501.00 2502.00 2500.00 2500.00 20368.00
20150202  21:22:00 2501.00 2502.00 2500.00 2501.00 14890.00
20150202  21:23:00 2501.00 2501.00 2498.00 2498.00 29004.00
20150202  21:24:00 2498.00 2500.00 2497.00 2499.00 11568.00
20150202  21:25:00 2500.00 2500.00 2497.00 2497.00 6582.00
20150202  21:26:00 2497.00 2498.00 2497.00 2498.00 5148.00
20150202  21:27:00 2498.00 2498.00 2495.00 2495.00 9262.00
20150202  21:28:00 2496.00 2496.00 2493.00 2493.00 11790.00
20150202  21:29:00 2493.00 2493.00 2489.00 2490.00 44070.00
20150202  21:30:00 2489.00 2490.00 2486.00 2488.00 32022.00
20150202  21:31:00 2487.00 2490.00 2487.00 2489.00 21430.00
20150202  21:32:00 2489.00 2490.00 2488.00 2489.00 7828.00
20150202  21:33:00 2490.00 2490.00 2488.00 2490.00 7618.00
20150202  21:34:00 2490.00 2490.00 2489.00 2489.00 8094.00
20150202  21:35:00 2489.00 2490.00 2488.00 2490.00 4560.00
20150202  21:36:00 2490.00 2490.00 2488.00 2489.00 4488.00
20150202  21:37:00 2489.00 2489.00 2487.00 2487.00 8714.00
20150202  21:38:00 2487.00 2489.00 2487.00 2489.00 5036.00
20150202  21:39:00 2489.00 2490.00 2488.00 2489.00 5170.00
20150202  21:40:00 2489.00 2489.00 2487.00 2487.00 6098.00
20150202  21:41:00 2487.00 2489.00 2487.00 2489.00 3768.00
20150202  21:42:00 2489.00 2489.00 2488.00 2488.00 1366.00
20150202  21:43:00 2489.00 2490.00 2488.00 2490.00 3198.00
20150202  21:44:00 2490.00 2490.00 2489.00 2489.00 782.00
20150202  21:45:00 2489.00 2491.00 2489.00 2489.00 5264.00
20150202  21:46:00 2489.00 2490.00 2489.00 2490.00 2742.00
20150202  21:47:00 2490.00 2491.00 2489.00 2489.00 3642.00
20150202  21:48:00 2490.00 2490.00 2489.00 2490.00 1250.00
20150202  21:49:00 2490.00 2490.00 2489.00 2489.00 936.00
20150202  21:50:00 2489.00 2490.00 2489.00 2490.00 3106.00
20150202  21:51:00 2490.00 2492.00 2489.00 2492.00 6996.00
20150202  21:52:00 2491.00 2492.00 2491.00 2491.00 2922.00
20150202  21:53:00 2492.00 2492.00 2491.00 2491.00 2120.00
20150202  21:54:00 2491.00 2492.00 2491.00 2492.00 2442.00
20150202  21:55:00 2492.00 2492.00 2491.00 2491.00 1576.00
20150202  21:56:00 2491.00 2492.00 2490.00 2491.00 4034.00
20150202  21:57:00 2491.00 2492.00 2491.00 2491.00 828.00
20150202  21:58:00 2491.00 2492.00 2491.00 2492.00 714.00
20150202  21:59:00 2492.00 2492.00 2491.00 2492.00 1176.00
20150202  22:00:00 2492.00 2493.00 2491.00 2492.00 5606.00
20150202  22:01:00 2492.00 2493.00 2491.00 2493.00 3070.00
20150202  22:02:00 2493.00 2493.00 2491.00 2492.00 3386.00
20150202  22:03:00 2492.00 2493.00 2492.00 2492.00 942.00
20150202  22:04:00 2492.00 2493.00 2492.00 2492.00 672.00
20150202  22:05:00 2492.00 2493.00 2492.00 2493.00 736.00
20150202  22:06:00 2493.00 2493.00 2492.00 2492.00 440.00
20150202  22:07:00 2493.00 2493.00 2491.00 2491.00 1804.00
20150202  22:08:00 2491.00 2492.00 2491.00 2492.00 1190.00
20150202  22:09:00 2492.00 2492.00 2491.00 2492.00 516.00
20150202  22:10:00 2492.00 2493.00 2491.00 2492.00 4002.00
20150202  22:11:00 2492.00 2493.00 2492.00 2493.00 532.00
20150202  22:12:00 2493.00 2494.00 2492.00 2494.00 5852.00
20150202  22:13:00 2494.00 2494.00 2493.00 2494.00 1656.00
20150202  22:14:00 2493.00 2497.00 2493.00 2497.00 26278.00
20150202  22:15:00 2497.00 2498.00 2494.00 2495.00 10676.00
20150202  22:16:00 2494.00 2495.00 2494.00 2495.00 3152.00
20150202  22:17:00 2495.00 2495.00 2494.00 2494.00 802.00
20150202  22:18:00 2494.00 2495.00 2493.00 2495.00 6296.00
20150202  22:19:00 2495.00 2497.00 2494.00 2494.00 12798.00
20150202  22:20:00 2495.00 2496.00 2494.00 2494.00 5240.00
20150202  22:21:00 2494.00 2495.00 2493.00 2493.00 2526.00
20150202  22:22:00 2493.00 2495.00 2493.00 2494.00 2346.00
20150202  22:23:00 2494.00 2496.00 2494.00 2496.00 6852.00
20150202  22:24:00 2496.00 2496.00 2495.00 2496.00 7874.00
20150202  22:25:00 2496.00 2496.00 2492.00 2493.00 17320.00
20150202  22:26:00 2493.00 2493.00 2492.00 2492.00 1998.00
20150202  22:27:00 2492.00 2493.00 2491.00 2491.00 5180.00
20150202  22:28:00 2492.00 2493.00 2491.00 2492.00 2774.00
20150202  22:29:00 2492.00 2493.00 2491.00 2492.00 2390.00
20150202  22:30:00 2492.00 2493.00 2491.00 2493.00 2250.00
20150202  22:31:00 2493.00 2494.00 2492.00 2494.00 1812.00
20150202  22:32:00 2494.00 2494.00 2492.00 2492.00 1142.00
20150202  22:33:00 2492.00 2493.00 2492.00 2493.00 704.00
20150202  22:34:00 2493.00 2494.00 2493.00 2494.00 1530.00
20150202  22:35:00 2494.00 2494.00 2493.00 2493.00 1332.00
20150202  22:36:00 2493.00 2494.00 2492.00 2493.00 2032.00
20150202  22:37:00 2493.00 2493.00 2491.00 2491.00 3182.00
20150202  22:38:00 2491.00 2493.00 2491.00 2492.00 1740.00
20150202  22:39:00 2492.00 2493.00 2492.00 2493.00 1570.00
20150202  22:40:00 2493.00 2494.00 2492.00 2493.00 2044.00
20150202  22:41:00 2493.00 2494.00 2493.00 2493.00 312.00
20150202  22:42:00 2493.00 2494.00 2493.00 2494.00 866.00
20150202  22:43:00 2494.00 2495.00 2493.00 2494.00 2176.00
20150202  22:44:00 2494.00 2495.00 2494.00 2494.00 1000.00
20150202  22:45:00 2495.00 2495.00 2493.00 2494.00 1744.00
20150202  22:46:00 2494.00 2494.00 2493.00 2494.00 1316.00
20150202  22:47:00 2494.00 2495.00 2494.00 2494.00 390.00
20150202  22:48:00 2494.00 2495.00 2494.00 2495.00 528.00
20150202  22:49:00 2495.00 2495.00 2494.00 2495.00 1280.00
20150202  22:50:00 2494.00 2495.00 2494.00 2495.00 426.00
20150202  22:51:00 2495.00 2495.00 2494.00 2494.00 840.00
20150202  22:52:00 2495.00 2495.00 2494.00 2494.00 660.00
20150202  22:53:00 2494.00 2501.00 2494.00 2500.00 32118.00
20150202  22:54:00 2500.00 2503.00 2499.00 2499.00 29192.00
20150202  22:55:00 2500.00 2501.00 2499.00 2501.00 10666.00
20150202  22:56:00 2501.00 2502.00 2499.00 2500.00 10782.00
20150202  22:57:00 2500.00 2500.00 2498.00 2499.00 8494.00
20150202  22:58:00 2499.00 2500.00 2498.00 2499.00 6018.00
20150202  22:59:00 2499.00 2502.00 2498.00 2502.00 11042.00
20150202  23:00:00 2502.00 2504.00 2502.00 2504.00 17332.00
20150202  23:01:00 2503.00 2504.00 2500.00 2501.00 9562.00
20150202  23:02:00 2501.00 2502.00 2499.00 2499.00 10632.00
20150202  23:03:00 2499.00 2500.00 2498.00 2499.00 4752.00
20150202  23:04:00 2499.00 2499.00 2496.00 2496.00 10162.00
20150202  23:05:00 2497.00 2498.00 2496.00 2498.00 4498.00
20150202  23:06:00 2498.00 2498.00 2497.00 2498.00 1982.00
20150202  23:07:00 2498.00 2498.00 2497.00 2498.00 1496.00
20150202  23:08:00 2498.00 2499.00 2497.00 2499.00 2076.00
20150202  23:09:00 2499.00 2499.00 2497.00 2497.00 2398.00
20150202  23:10:00 2497.00 2498.00 2496.00 2496.00 6138.00
20150202  23:11:00 2496.00 2497.00 2495.00 2497.00 4770.00
20150202  23:12:00 2496.00 2497.00 2496.00 2497.00 1536.00
20150202  23:13:00 2497.00 2498.00 2496.00 2497.00 5386.00
20150202  23:14:00 2497.00 2497.00 2496.00 2497.00 1012.00
20150202  23:15:00 2497.00 2497.00 2496.00 2496.00 606.00
20150202  23:16:00 2496.00 2498.00 2496.00 2497.00 2106.00
20150202  23:17:00 2497.00 2498.00 2497.00 2497.00 612.00
20150202  23:18:00 2497.00 2498.00 2495.00 2496.00 7106.00
20150202  23:19:00 2496.00 2497.00 2495.00 2496.00 1738.00
20150202  23:20:00 2496.00 2496.00 2495.00 2496.00 1614.00
20150202  23:21:00 2496.00 2497.00 2495.00 2497.00 1510.00
20150202  23:22:00 2497.00 2497.00 2495.00 2496.00 954.00
20150202  23:23:00 2496.00 2496.00 2495.00 2495.00 896.00
20150202  23:24:00 2495.00 2496.00 2495.00 2495.00 432.00
20150202  23:25:00 2496.00 2496.00 2495.00 2496.00 754.00
20150202  23:26:00 2496.00 2496.00 2495.00 2496.00 502.00
20150202  23:27:00 2496.00 2497.00 2496.00 2497.00 2058.00
20150202  23:28:00 2497.00 2497.00 2496.00 2497.00 928.00
20150202  23:29:00 2497.00 2498.00 2496.00 2497.00 3708.00
20150202  23:30:00 2497.00 2498.00 2497.00 2497.00 1580.00
20150202  23:31:00 2497.00 2498.00 2497.00 2498.00 826.00
20150202  23:32:00 2497.00 2498.00 2496.00 2497.00 1830.00
20150202  23:33:00 2496.00 2497.00 2496.00 2496.00 904.00
20150202  23:34:00 2496.00 2497.00 2496.00 2497.00 142.00
20150202  23:35:00 2497.00 2497.00 2496.00 2496.00 194.00
20150202  23:36:00 2496.00 2497.00 2496.00 2496.00 186.00
20150202  23:37:00 2496.00 2497.00 2496.00 2497.00 692.00
20150202  23:38:00 2497.00 2497.00 2496.00 2496.00 140.00
20150202  23:39:00 2496.00 2500.00 2496.00 2500.00 7882.00
20150202  23:40:00 2500.00 2500.00 2498.00 2498.00 3056.00
20150202  23:41:00 2498.00 2500.00 2498.00 2499.00 1524.00
20150202  23:42:00 2500.00 2500.00 2499.00 2500.00 1398.00
20150202  23:43:00 2500.00 2500.00 2499.00 2500.00 876.00
20150202  23:44:00 2500.00 2500.00 2499.00 2500.00 326.00
20150202  23:45:00 2500.00 2500.00 2498.00 2498.00 4314.00
20150202  23:46:00 2498.00 2499.00 2498.00 2498.00 528.00
20150202  23:47:00 2499.00 2499.00 2498.00 2499.00 598.00
20150202  23:48:00 2499.00 2500.00 2498.00 2499.00 2410.00
20150202  23:49:00 2499.00 2499.00 2498.00 2499.00 542.00
20150202  23:50:00 2499.00 2499.00 2498.00 2499.00 180.00
20150202  23:51:00 2499.00 2499.00 2498.00 2498.00 166.00
20150202  23:52:00 2498.00 2499.00 2498.00 2498.00 116.00
20150202  23:53:00 2498.00 2499.00 2498.00 2499.00 270.00
20150202  23:54:00 2498.00 2499.00 2497.00 2498.00 2910.00
20150202  23:55:00 2498.00 2498.00 2497.00 2498.00 316.00
20150202  23:56:00 2498.00 2498.00 2497.00 2497.00 228.00
20150202  23:57:00 2497.00 2498.00 2497.00 2497.00 380.00
20150202  23:58:00 2498.00 2498.00 2497.00 2497.00 764.00
20150202  23:59:00 2497.00 2498.00 2497.00 2498.00 314.00
20150203  00:00:00 2499.00 2499.00 2498.00 2498.00 1278.00
20150203  00:01:00 2498.00 2499.00 2498.00 2499.00 400.00
20150203  00:02:00 2498.00 2499.00 2498.00 2498.00 768.00
20150203  00:03:00 2498.00 2499.00 2498.00 2499.00 334.00
20150203  00:04:00 2499.00 2499.00 2498.00 2498.00  70.00
20150203  00:05:00 2498.00 2499.00 2498.00 2498.00 858.00
20150203  00:06:00 2498.00 2498.00 2497.00 2498.00 344.00
20150203  00:07:00 2498.00 2499.00 2497.00 2499.00 498.00
20150203  00:08:00 2498.00 2499.00 2498.00 2499.00 362.00
20150203  00:09:00 2498.00 2499.00 2498.00 2498.00  26.00
20150203  00:10:00 2499.00 2499.00 2498.00 2498.00 632.00
20150203  00:11:00 2498.00 2499.00 2498.00 2499.00 122.00
20150203  00:12:00 2499.00 2499.00 2497.00 2497.00 446.00
20150203  00:13:00 2497.00 2498.00 2497.00 2497.00 142.00
20150203  00:14:00 2497.00 2499.00 2497.00 2499.00 1124.00
20150203  00:15:00 2499.00 2499.00 2498.00 2499.00 336.00
20150203  00:16:00 2499.00 2499.00 2498.00 2498.00 242.00
20150203  00:17:00 2498.00 2498.00 2498.00 2498.00 368.00
20150203  00:18:00 2498.00 2498.00 2497.00 2498.00  40.00
20150203  00:19:00 2497.00 2498.00 2497.00 2498.00 108.00
20150203  00:20:00 2498.00 2498.00 2497.00 2497.00 124.00
20150203  00:21:00 2497.00 2498.00 2497.00 2498.00 174.00
20150203  00:22:00 2498.00 2498.00 2497.00 2498.00 108.00
20150203  00:23:00 2497.00 2498.00 2497.00 2498.00  88.00
20150203  00:24:00 2498.00 2498.00 2497.00 2498.00  98.00
20150203  00:25:00 2498.00 2498.00 2497.00 2497.00 134.00
20150203  00:26:00 2498.00 2498.00 2497.00 2497.00 288.00
20150203  00:27:00 2497.00 2498.00 2497.00 2498.00 608.00
20150203  00:28:00 2498.00 2498.00 2497.00 2498.00  46.00
20150203  00:29:00 2498.00 2498.00 2497.00 2497.00 134.00
20150203  00:30:00 2497.00 2498.00 2497.00 2498.00 134.00
20150203  00:31:00 2498.00 2498.00 2497.00 2498.00 330.00
20150203  00:32:00 2498.00 2498.00 2497.00 2497.00  96.00
20150203  00:33:00 2497.00 2498.00 2497.00 2497.00  42.00
20150203  00:34:00 2498.00 2498.00 2497.00 2498.00 222.00
20150203  00:35:00 2498.00 2498.00 2497.00 2498.00 146.00
20150203  00:36:00 2498.00 2498.00 2497.00 2497.00 314.00
20150203  00:37:00 2497.00 2498.00 2497.00 2497.00  56.00
20150203  00:38:00 2497.00 2498.00 2497.00 2498.00  48.00
20150203  00:39:00 2498.00 2498.00 2497.00 2497.00 666.00
20150203  00:40:00 2497.00 2498.00 2497.00 2498.00 248.00
20150203  00:41:00 2497.00 2498.00 2497.00 2497.00 112.00
20150203  00:42:00 2497.00 2498.00 2497.00 2497.00 260.00
20150203  00:43:00 2497.00 2498.00 2497.00 2497.00 454.00
20150203  00:44:00 2497.00 2498.00 2497.00 2497.00 348.00
20150203  00:45:00 2497.00 2498.00 2497.00 2497.00 1114.00
20150203  00:46:00 2496.00 2497.00 2495.00 2495.00 2874.00
20150203  00:47:00 2495.00 2496.00 2495.00 2495.00 1608.00
20150203  00:48:00 2495.00 2496.00 2494.00 2494.00 6114.00
20150203  00:49:00 2494.00 2495.00 2493.00 2494.00 3366.00
20150203  00:50:00 2494.00 2494.00 2493.00 2493.00 3362.00
20150203  00:51:00 2493.00 2493.00 2492.00 2492.00 2872.00
20150203  00:52:00 2492.00 2493.00 2492.00 2492.00 746.00
20150203  00:53:00 2492.00 2493.00 2492.00 2492.00 712.00
20150203  00:54:00 2492.00 2493.00 2492.00 2492.00 2152.00
20150203  00:55:00 2492.00 2493.00 2491.00 2492.00 3764.00
20150203  00:56:00 2492.00 2492.00 2491.00 2492.00 1772.00
20150203  00:57:00 2492.00 2492.00 2491.00 2492.00 1226.00
20150203  00:58:00 2491.00 2492.00 2491.00 2492.00 1958.00
20150203  00:59:00 2491.00 2492.00 2491.00 2491.00 3920.00
20150203  01:00:00 2491.00 2491.00 2491.00 2491.00  84.00
20150203  09:00:00 2491.00 2497.00 2491.00 2494.00 19072.00
20150203  09:01:00 2493.00 2495.00 2493.00 2494.00 8978.00
20150203  09:02:00 2494.00 2495.00 2493.00 2493.00 8192.00
20150203  09:03:00 2494.00 2494.00 2493.00 2494.00 5764.00
20150203  09:04:00 2493.00 2495.00 2493.00 2495.00 12670.00
20150203  09:05:00 2494.00 2495.00 2492.00 2492.00 4330.00
20150203  09:06:00 2493.00 2493.00 2492.00 2493.00 3352.00
20150203  09:07:00 2493.00 2493.00 2489.00 2490.00 25988.00
20150203  09:08:00 2490.00 2493.00 2490.00 2492.00 5934.00
20150203  09:09:00 2492.00 2493.00 2491.00 2492.00 5392.00
20150203  09:10:00 2492.00 2492.00 2491.00 2491.00 1968.00
20150203  09:11:00 2492.00 2493.00 2491.00 2491.00 4598.00
20150203  09:12:00 2492.00 2493.00 2490.00 2490.00 8022.00
20150203  09:13:00 2491.00 2491.00 2489.00 2490.00 8102.00
20150203  09:14:00 2489.00 2491.00 2489.00 2490.00 11376.00
20150203  09:15:00 2491.00 2491.00 2489.00 2489.00 8100.00
20150203  09:16:00 2489.00 2490.00 2489.00 2490.00 3322.00
20150203  09:17:00 2490.00 2491.00 2490.00 2491.00 2688.00
20150203  09:18:00 2491.00 2491.00 2490.00 2490.00 2338.00
20150203  09:19:00 2490.00 2492.00 2490.00 2492.00 8420.00
20150203  09:20:00 2492.00 2492.00 2491.00 2492.00 2046.00
20150203  09:21:00 2492.00 2492.00 2491.00 2491.00 910.00
20150203  09:22:00 2492.00 2492.00 2491.00 2491.00 1630.00
20150203  09:23:00 2491.00 2492.00 2491.00 2491.00 1424.00
20150203  09:24:00 2492.00 2493.00 2491.00 2493.00 4716.00
20150203  09:25:00 2493.00 2494.00 2492.00 2493.00 9024.00
20150203  09:26:00 2493.00 2493.00 2491.00 2491.00 5452.00
20150203  09:27:00 2491.00 2493.00 2491.00 2492.00 6214.00
20150203  09:28:00 2492.00 2493.00 2492.00 2493.00 1148.00
20150203  09:29:00 2493.00 2493.00 2492.00 2492.00 1470.00
20150203  09:30:00 2492.00 2493.00 2492.00 2493.00 900.00
20150203  09:31:00 2493.00 2493.00 2491.00 2492.00 1858.00
20150203  09:32:00 2492.00 2493.00 2491.00 2493.00 3820.00
20150203  09:33:00 2493.00 2493.00 2491.00 2492.00 8218.00
20150203  09:34:00 2492.00 2493.00 2492.00 2492.00 3132.00
20150203  09:35:00 2492.00 2494.00 2492.00 2493.00 7658.00
20150203  09:36:00 2494.00 2494.00 2493.00 2494.00 846.00
20150203  09:37:00 2494.00 2494.00 2493.00 2494.00 2890.00
20150203  09:38:00 2494.00 2495.00 2493.00 2495.00 3998.00
20150203  09:39:00 2495.00 2495.00 2493.00 2494.00 7472.00
20150203  09:40:00 2494.00 2496.00 2494.00 2495.00 21202.00
20150203  09:41:00 2495.00 2495.00 2493.00 2494.00 3680.00
20150203  09:42:00 2494.00 2495.00 2493.00 2495.00 14470.00
20150203  09:43:00 2495.00 2495.00 2494.00 2494.00 7010.00
20150203  09:44:00 2495.00 2496.00 2493.00 2494.00 15638.00
20150203  09:45:00 2494.00 2494.00 2493.00 2494.00 7788.00
20150203  09:46:00 2494.00 2495.00 2494.00 2494.00 1514.00
20150203  09:47:00 2495.00 2495.00 2494.00 2494.00 874.00
20150203  09:48:00 2495.00 2495.00 2493.00 2493.00 3408.00
20150203  09:49:00 2493.00 2494.00 2492.00 2493.00 9800.00
20150203  09:50:00 2493.00 2493.00 2492.00 2493.00 4308.00
20150203  09:51:00 2493.00 2493.00 2491.00 2492.00 10114.00
20150203  09:52:00 2492.00 2493.00 2491.00 2492.00 3206.00
20150203  09:53:00 2492.00 2492.00 2491.00 2492.00 712.00
20150203  09:54:00 2491.00 2492.00 2491.00 2491.00 588.00
20150203  09:55:00 2492.00 2492.00 2491.00 2491.00 1116.00
20150203  09:56:00 2491.00 2492.00 2491.00 2492.00 1236.00
20150203  09:57:00 2492.00 2492.00 2491.00 2491.00 756.00
20150203  09:58:00 2492.00 2492.00 2490.00 2490.00 6968.00
20150203  09:59:00 2490.00 2491.00 2490.00 2490.00 3760.00
20150203  10:00:00 2490.00 2491.00 2489.00 2490.00 15350.00
20150203  10:01:00 2489.00 2490.00 2488.00 2489.00 13128.00
20150203  10:02:00 2489.00 2490.00 2489.00 2490.00 2634.00
20150203  10:03:00 2490.00 2490.00 2488.00 2489.00 9752.00
20150203  10:04:00 2489.00 2490.00 2489.00 2489.00 2832.00
20150203  10:05:00 2489.00 2490.00 2488.00 2489.00 6212.00
20150203  10:06:00 2489.00 2491.00 2489.00 2491.00 6832.00
20150203  10:07:00 2491.00 2491.00 2490.00 2491.00 2364.00
20150203  10:08:00 2491.00 2491.00 2489.00 2491.00 6474.00
20150203  10:09:00 2490.00 2491.00 2489.00 2489.00 1620.00
20150203  10:10:00 2489.00 2491.00 2489.00 2489.00 2160.00
20150203  10:11:00 2489.00 2490.00 2489.00 2489.00 564.00
20150203  10:12:00 2489.00 2490.00 2489.00 2489.00 898.00
20150203  10:13:00 2490.00 2490.00 2489.00 2490.00 630.00
20150203  10:14:00 2490.00 2490.00 2489.00 2490.00 5194.00
20150203  10:30:00 2489.00 2490.00 2488.00 2489.00 4864.00
20150203  10:31:00 2490.00 2491.00 2489.00 2490.00 4048.00
20150203  10:32:00 2490.00 2491.00 2489.00 2490.00 1830.00
20150203  10:33:00 2490.00 2490.00 2489.00 2490.00 2610.00
20150203  10:34:00 2490.00 2490.00 2489.00 2490.00 430.00
20150203  10:35:00 2490.00 2491.00 2489.00 2490.00 4370.00
20150203  10:36:00 2490.00 2491.00 2489.00 2490.00 2706.00
20150203  10:37:00 2490.00 2490.00 2489.00 2489.00 1242.00
20150203  10:38:00 2490.00 2490.00 2489.00 2489.00 552.00
20150203  10:39:00 2490.00 2490.00 2489.00 2489.00 578.00
20150203  10:40:00 2489.00 2490.00 2489.00 2490.00 626.00
20150203  10:41:00 2490.00 2490.00 2489.00 2490.00 560.00
20150203  10:42:00 2490.00 2490.00 2489.00 2489.00 2206.00
20150203  10:43:00 2489.00 2489.00 2488.00 2488.00 8704.00
20150203  10:44:00 2489.00 2489.00 2485.00 2486.00 41326.00
20150203  10:45:00 2485.00 2485.00 2483.00 2483.00 32204.00
20150203  10:46:00 2483.00 2486.00 2483.00 2485.00 28018.00
20150203  10:47:00 2485.00 2487.00 2485.00 2485.00 11768.00
20150203  10:48:00 2486.00 2487.00 2485.00 2486.00 11644.00
20150203  10:49:00 2486.00 2488.00 2486.00 2488.00 6756.00
20150203  10:50:00 2487.00 2488.00 2485.00 2486.00 5552.00
20150203  10:51:00 2486.00 2486.00 2485.00 2486.00 5856.00
20150203  10:52:00 2487.00 2487.00 2486.00 2486.00 2108.00
20150203  10:53:00 2486.00 2487.00 2485.00 2487.00 8828.00
20150203  10:54:00 2487.00 2487.00 2485.00 2486.00 5340.00
20150203  10:55:00 2486.00 2486.00 2484.00 2485.00 10336.00
20150203  10:56:00 2485.00 2487.00 2484.00 2487.00 7110.00
20150203  10:57:00 2487.00 2487.00 2485.00 2486.00 3766.00
20150203  10:58:00 2486.00 2487.00 2484.00 2484.00 7350.00
20150203  10:59:00 2485.00 2485.00 2481.00 2481.00 38558.00
20150203  11:00:00 2481.00 2482.00 2479.00 2481.00 42756.00
20150203  11:01:00 2481.00 2484.00 2481.00 2483.00 14546.00
20150203  11:02:00 2483.00 2483.00 2482.00 2482.00 2094.00
20150203  11:03:00 2482.00 2482.00 2479.00 2480.00 20960.00
20150203  11:04:00 2480.00 2482.00 2480.00 2480.00 9552.00
20150203  11:05:00 2481.00 2481.00 2479.00 2479.00 16144.00
20150203  11:06:00 2479.00 2481.00 2479.00 2480.00 10868.00
20150203  11:07:00 2480.00 2481.00 2479.00 2481.00 5186.00
20150203  11:08:00 2481.00 2481.00 2480.00 2481.00 5588.00
20150203  11:09:00 2481.00 2481.00 2480.00 2480.00 1892.00
20150203  11:10:00 2480.00 2481.00 2480.00 2481.00 1882.00
20150203  11:11:00 2481.00 2482.00 2480.00 2482.00 13858.00
20150203  11:12:00 2482.00 2482.00 2481.00 2482.00 2144.00
20150203  11:13:00 2482.00 2482.00 2480.00 2481.00 9592.00
20150203  11:14:00 2481.00 2482.00 2481.00 2481.00 6436.00
20150203  11:15:00 2481.00 2482.00 2480.00 2481.00 5464.00
20150203  11:16:00 2481.00 2481.00 2478.00 2479.00 15876.00
20150203  11:17:00 2479.00 2479.00 2478.00 2479.00 10570.00
20150203  11:18:00 2479.00 2480.00 2478.00 2479.00 6438.00
20150203  11:19:00 2479.00 2481.00 2479.00 2481.00 12382.00
20150203  11:20:00 2481.00 2482.00 2480.00 2481.00 8684.00
20150203  11:21:00 2481.00 2483.00 2481.00 2483.00 12112.00
20150203  11:22:00 2483.00 2483.00 2482.00 2482.00 5040.00
20150203  11:23:00 2482.00 2482.00 2480.00 2480.00 4154.00
20150203  11:24:00 2480.00 2481.00 2480.00 2480.00 5004.00
20150203  11:25:00 2480.00 2482.00 2480.00 2481.00 4548.00
20150203  11:26:00 2481.00 2482.00 2480.00 2482.00 2274.00
20150203  11:27:00 2482.00 2482.00 2480.00 2481.00 3792.00
20150203  11:28:00 2481.00 2482.00 2481.00 2482.00 2498.00
20150203  11:29:00 2482.00 2482.00 2481.00 2482.00 6018.00
20150203  13:30:00 2482.00 2482.00 2481.00 2482.00 3412.00
20150203  13:31:00 2482.00 2483.00 2481.00 2482.00 9418.00
20150203  13:32:00 2482.00 2483.00 2482.00 2483.00 5344.00
20150203  13:33:00 2483.00 2483.00 2481.00 2482.00 5434.00
20150203  13:34:00 2482.00 2482.00 2481.00 2481.00 1882.00
20150203  13:35:00 2481.00 2482.00 2481.00 2481.00 4220.00
20150203  13:36:00 2481.00 2482.00 2480.00 2480.00 4042.00
20150203  13:37:00 2481.00 2481.00 2480.00 2481.00 2110.00
20150203  13:38:00 2481.00 2481.00 2480.00 2480.00 5098.00
20150203  13:39:00 2480.00 2481.00 2479.00 2481.00 9584.00
20150203  13:40:00 2481.00 2481.00 2480.00 2481.00 1090.00
20150203  13:41:00 2481.00 2481.00 2480.00 2480.00 1002.00
20150203  13:42:00 2480.00 2481.00 2480.00 2481.00 3212.00
20150203  13:43:00 2481.00 2481.00 2480.00 2481.00 2126.00
20150203  13:44:00 2480.00 2481.00 2480.00 2481.00 850.00
20150203  13:45:00 2480.00 2481.00 2479.00 2479.00 3882.00
20150203  13:46:00 2479.00 2480.00 2478.00 2478.00 9752.00
20150203  13:47:00 2478.00 2481.00 2478.00 2480.00 10754.00
20150203  13:48:00 2481.00 2481.00 2480.00 2480.00 2392.00
20150203  13:49:00 2481.00 2481.00 2479.00 2480.00 7584.00
20150203  13:50:00 2480.00 2481.00 2479.00 2480.00 8168.00
20150203  13:51:00 2480.00 2481.00 2480.00 2481.00 3994.00
20150203  13:52:00 2481.00 2483.00 2480.00 2483.00 15808.00
20150203  13:53:00 2483.00 2484.00 2482.00 2483.00 7738.00
20150203  13:54:00 2483.00 2483.00 2481.00 2482.00 6092.00
20150203  13:55:00 2482.00 2483.00 2481.00 2483.00 4892.00
20150203  13:56:00 2483.00 2483.00 2482.00 2483.00 3662.00
20150203  13:57:00 2483.00 2483.00 2482.00 2482.00 1684.00
20150203  13:58:00 2482.00 2483.00 2482.00 2482.00 3582.00
20150203  13:59:00 2482.00 2483.00 2482.00 2483.00 1520.00
20150203  14:00:00 2482.00 2484.00 2482.00 2483.00 6632.00
20150203  14:01:00 2483.00 2485.00 2482.00 2485.00 11556.00
20150203  14:02:00 2485.00 2485.00 2483.00 2483.00 5332.00
20150203  14:03:00 2484.00 2484.00 2483.00 2483.00 2066.00
20150203  14:04:00 2483.00 2484.00 2482.00 2482.00 4986.00
20150203  14:05:00 2482.00 2483.00 2482.00 2482.00 4548.00
20150203  14:06:00 2482.00 2483.00 2481.00 2481.00 4636.00
20150203  14:07:00 2481.00 2483.00 2481.00 2483.00 4270.00
20150203  14:08:00 2483.00 2483.00 2481.00 2481.00 4382.00
20150203  14:09:00 2482.00 2482.00 2480.00 2480.00 8852.00
20150203  14:10:00 2480.00 2482.00 2480.00 2481.00 5206.00
20150203  14:11:00 2481.00 2481.00 2480.00 2480.00 1550.00
20150203  14:12:00 2481.00 2481.00 2480.00 2481.00 2458.00
20150203  14:13:00 2482.00 2482.00 2480.00 2481.00 2306.00
20150203  14:14:00 2481.00 2481.00 2480.00 2481.00 664.00
20150203  14:15:00 2481.00 2482.00 2480.00 2481.00 6892.00
20150203  14:16:00 2481.00 2481.00 2480.00 2480.00 2746.00
20150203  14:17:00 2480.00 2481.00 2478.00 2479.00 14736.00
20150203  14:18:00 2480.00 2480.00 2479.00 2480.00 4188.00
20150203  14:19:00 2480.00 2480.00 2479.00 2479.00 1114.00
20150203  14:20:00 2479.00 2480.00 2479.00 2479.00 1114.00
20150203  14:21:00 2480.00 2481.00 2479.00 2480.00 5520.00
20150203  14:22:00 2481.00 2481.00 2480.00 2481.00 614.00
20150203  14:23:00 2481.00 2482.00 2480.00 2482.00 7144.00
20150203  14:24:00 2482.00 2482.00 2481.00 2481.00 700.00
20150203  14:25:00 2482.00 2482.00 2481.00 2481.00 1340.00
20150203  14:26:00 2481.00 2482.00 2481.00 2482.00 820.00
20150203  14:27:00 2482.00 2482.00 2480.00 2481.00 4486.00
20150203  14:28:00 2481.00 2482.00 2481.00 2481.00 2484.00
20150203  14:29:00 2481.00 2482.00 2481.00 2482.00 1508.00
20150203  14:30:00 2482.00 2482.00 2480.00 2481.00 6474.00
20150203  14:31:00 2481.00 2481.00 2480.00 2480.00 5060.00
20150203  14:32:00 2480.00 2481.00 2480.00 2480.00 982.00
20150203  14:33:00 2480.00 2481.00 2478.00 2479.00 16600.00
20150203  14:34:00 2479.00 2479.00 2476.00 2477.00 36064.00
20150203  14:35:00 2478.00 2479.00 2477.00 2477.00 11464.00
20150203  14:36:00 2478.00 2479.00 2477.00 2478.00 5836.00
20150203  14:37:00 2478.00 2480.00 2478.00 2480.00 6832.00
20150203  14:38:00 2479.00 2480.00 2478.00 2479.00 6902.00
20150203  14:39:00 2478.00 2479.00 2478.00 2478.00 2010.00
20150203  14:40:00 2478.00 2480.00 2478.00 2480.00 2478.00
20150203  14:41:00 2480.00 2480.00 2478.00 2478.00 5282.00
20150203  14:42:00 2479.00 2479.00 2478.00 2479.00 1588.00
20150203  14:43:00 2479.00 2479.00 2477.00 2478.00 4188.00
20150203  14:44:00 2478.00 2478.00 2476.00 2476.00 13132.00
20150203  14:45:00 2477.00 2477.00 2474.00 2476.00 31982.00
20150203  14:46:00 2476.00 2478.00 2475.00 2477.00 15768.00
20150203  14:47:00 2477.00 2478.00 2476.00 2477.00 5986.00
20150203  14:48:00 2476.00 2479.00 2476.00 2479.00 7226.00
20150203  14:49:00 2479.00 2479.00 2478.00 2479.00 6084.00
20150203  14:50:00 2479.00 2479.00 2477.00 2479.00 4352.00
20150203  14:51:00 2479.00 2479.00 2477.00 2478.00 5662.00
20150203  14:52:00 2478.00 2478.00 2477.00 2478.00 1316.00
20150203  14:53:00 2478.00 2478.00 2476.00 2477.00 15442.00
20150203  14:54:00 2476.00 2477.00 2476.00 2476.00 3222.00
20150203  14:55:00 2477.00 2477.00 2474.00 2474.00 19680.00
20150203  14:56:00 2475.00 2475.00 2473.00 2475.00 21698.00
20150203  14:57:00 2475.00 2476.00 2474.00 2475.00 13536.00
20150203  14:58:00 2475.00 2476.00 2474.00 2475.00 21312.00
20150203  14:59:00 2475.00 2476.00 2473.00 2474.00 27278.00
20150203  15:00:00 2474.00 2474.00 2474.00 2474.00  40.00
