20150408  21:00:00 2323.00 2325.00 2319.00 2321.00 59130.00
20150408  21:01:00 2321.00 2322.00 2317.00 2318.00 38868.00
20150408  21:02:00 2318.00 2320.00 2318.00 2320.00 26154.00
20150408  21:03:00 2320.00 2320.00 2317.00 2318.00 28878.00
20150408  21:04:00 2317.00 2319.00 2316.00 2317.00 24762.00
20150408  21:05:00 2316.00 2318.00 2316.00 2318.00 21874.00
20150408  21:06:00 2317.00 2319.00 2317.00 2318.00 20176.00
20150408  21:07:00 2317.00 2318.00 2316.00 2316.00 16922.00
20150408  21:08:00 2316.00 2317.00 2313.00 2313.00 36230.00
20150408  21:09:00 2314.00 2315.00 2313.00 2314.00 27858.00
20150408  21:10:00 2313.00 2315.00 2313.00 2315.00 19640.00
20150408  21:11:00 2315.00 2316.00 2314.00 2315.00 17838.00
20150408  21:12:00 2315.00 2317.00 2315.00 2315.00 19998.00
20150408  21:13:00 2316.00 2316.00 2315.00 2316.00 10288.00
20150408  21:14:00 2316.00 2316.00 2314.00 2316.00 7324.00
20150408  21:15:00 2316.00 2317.00 2315.00 2316.00 11154.00
20150408  21:16:00 2316.00 2318.00 2316.00 2317.00 13702.00
20150408  21:17:00 2317.00 2317.00 2315.00 2316.00 7694.00
20150408  21:18:00 2316.00 2316.00 2312.00 2313.00 27238.00
20150408  21:19:00 2313.00 2314.00 2312.00 2313.00 24536.00
20150408  21:20:00 2313.00 2313.00 2310.00 2311.00 23556.00
20150408  21:21:00 2311.00 2313.00 2310.00 2311.00 22126.00
20150408  21:22:00 2311.00 2312.00 2310.00 2311.00 16376.00
20150408  21:23:00 2311.00 2313.00 2311.00 2312.00 14604.00
20150408  21:24:00 2312.00 2313.00 2311.00 2312.00 10496.00
20150408  21:25:00 2311.00 2311.00 2309.00 2309.00 20508.00
20150408  21:26:00 2310.00 2310.00 2308.00 2310.00 25224.00
20150408  21:27:00 2309.00 2310.00 2309.00 2310.00 15360.00
20150408  21:28:00 2310.00 2311.00 2309.00 2311.00 9434.00
20150408  21:29:00 2310.00 2313.00 2310.00 2313.00 19480.00
20150408  21:30:00 2313.00 2313.00 2311.00 2311.00 13700.00
20150408  21:31:00 2312.00 2312.00 2310.00 2310.00 6748.00
20150408  21:32:00 2311.00 2312.00 2310.00 2311.00 5174.00
20150408  21:33:00 2312.00 2312.00 2311.00 2312.00 1994.00
20150408  21:34:00 2312.00 2312.00 2311.00 2311.00 5942.00
20150408  21:35:00 2311.00 2312.00 2311.00 2312.00 1896.00
20150408  21:36:00 2311.00 2312.00 2311.00 2312.00 1604.00
20150408  21:37:00 2312.00 2313.00 2311.00 2313.00 6848.00
20150408  21:38:00 2312.00 2313.00 2312.00 2312.00 9240.00
20150408  21:39:00 2312.00 2313.00 2312.00 2313.00 3548.00
20150408  21:40:00 2313.00 2314.00 2312.00 2314.00 9340.00
20150408  21:41:00 2314.00 2314.00 2313.00 2313.00 2046.00
20150408  21:42:00 2314.00 2314.00 2311.00 2311.00 15168.00
20150408  21:43:00 2312.00 2313.00 2311.00 2311.00 8988.00
20150408  21:44:00 2311.00 2312.00 2311.00 2311.00 4472.00
20150408  21:45:00 2311.00 2313.00 2311.00 2313.00 7472.00
20150408  21:46:00 2313.00 2313.00 2311.00 2311.00 4258.00
20150408  21:47:00 2312.00 2313.00 2311.00 2312.00 3270.00
20150408  21:48:00 2313.00 2313.00 2311.00 2312.00 4058.00
20150408  21:49:00 2312.00 2312.00 2311.00 2311.00 1040.00
20150408  21:50:00 2311.00 2312.00 2311.00 2312.00 534.00
20150408  21:51:00 2312.00 2312.00 2311.00 2311.00 1046.00
20150408  21:52:00 2311.00 2312.00 2311.00 2312.00 3744.00
20150408  21:53:00 2312.00 2313.00 2311.00 2312.00 4344.00
20150408  21:54:00 2312.00 2313.00 2311.00 2312.00 4790.00
20150408  21:55:00 2312.00 2313.00 2311.00 2313.00 1974.00
20150408  21:56:00 2313.00 2313.00 2312.00 2313.00 854.00
20150408  21:57:00 2312.00 2313.00 2312.00 2313.00 636.00
20150408  21:58:00 2313.00 2314.00 2312.00 2314.00 9880.00
20150408  21:59:00 2314.00 2314.00 2313.00 2314.00 6742.00
20150408  22:00:00 2314.00 2314.00 2313.00 2314.00 3766.00
20150408  22:01:00 2314.00 2314.00 2313.00 2313.00 688.00
20150408  22:02:00 2314.00 2314.00 2313.00 2313.00 1922.00
20150408  22:03:00 2313.00 2314.00 2313.00 2314.00 2084.00
20150408  22:04:00 2314.00 2315.00 2314.00 2315.00 7076.00
20150408  22:05:00 2315.00 2315.00 2313.00 2314.00 10172.00
20150408  22:06:00 2314.00 2314.00 2312.00 2312.00 6672.00
20150408  22:07:00 2312.00 2313.00 2312.00 2312.00 1948.00
20150408  22:08:00 2313.00 2313.00 2312.00 2312.00 1674.00
20150408  22:09:00 2312.00 2313.00 2312.00 2312.00 680.00
20150408  22:10:00 2313.00 2313.00 2312.00 2313.00 1790.00
20150408  22:11:00 2312.00 2313.00 2312.00 2312.00 902.00
20150408  22:12:00 2312.00 2313.00 2312.00 2313.00 1630.00
20150408  22:13:00 2312.00 2313.00 2312.00 2313.00 878.00
20150408  22:14:00 2312.00 2313.00 2311.00 2311.00 12578.00
20150408  22:15:00 2311.00 2312.00 2310.00 2310.00 10800.00
20150408  22:16:00 2310.00 2311.00 2309.00 2311.00 15988.00
20150408  22:17:00 2311.00 2311.00 2309.00 2310.00 8282.00
20150408  22:18:00 2310.00 2311.00 2309.00 2310.00 8180.00
20150408  22:19:00 2310.00 2310.00 2309.00 2310.00 3668.00
20150408  22:20:00 2310.00 2311.00 2309.00 2309.00 7232.00
20150408  22:21:00 2310.00 2311.00 2309.00 2311.00 3484.00
20150408  22:22:00 2311.00 2311.00 2310.00 2310.00 630.00
20150408  22:23:00 2310.00 2311.00 2310.00 2310.00 898.00
20150408  22:24:00 2311.00 2312.00 2310.00 2311.00 7404.00
20150408  22:25:00 2311.00 2311.00 2310.00 2311.00 3934.00
20150408  22:26:00 2311.00 2312.00 2310.00 2311.00 3782.00
20150408  22:27:00 2311.00 2311.00 2310.00 2311.00 1244.00
20150408  22:28:00 2311.00 2311.00 2310.00 2311.00 900.00
20150408  22:29:00 2310.00 2312.00 2310.00 2312.00 1366.00
20150408  22:30:00 2312.00 2312.00 2311.00 2312.00 2956.00
20150408  22:31:00 2312.00 2312.00 2311.00 2311.00 840.00
20150408  22:32:00 2311.00 2312.00 2310.00 2311.00 4322.00
20150408  22:33:00 2311.00 2312.00 2310.00 2311.00 2798.00
20150408  22:34:00 2311.00 2311.00 2310.00 2310.00 264.00
20150408  22:35:00 2310.00 2311.00 2310.00 2311.00 1844.00
20150408  22:36:00 2311.00 2311.00 2310.00 2310.00 668.00
20150408  22:37:00 2310.00 2311.00 2310.00 2311.00 532.00
20150408  22:38:00 2311.00 2311.00 2310.00 2310.00 548.00
20150408  22:39:00 2310.00 2311.00 2310.00 2311.00 326.00
20150408  22:40:00 2311.00 2312.00 2310.00 2311.00 5106.00
20150408  22:41:00 2311.00 2311.00 2310.00 2310.00 2588.00
20150408  22:42:00 2310.00 2311.00 2309.00 2309.00 10180.00
20150408  22:43:00 2310.00 2310.00 2306.00 2306.00 28212.00
20150408  22:44:00 2307.00 2308.00 2306.00 2307.00 12456.00
20150408  22:45:00 2308.00 2308.00 2304.00 2305.00 27174.00
20150408  22:46:00 2304.00 2306.00 2304.00 2305.00 11670.00
20150408  22:47:00 2305.00 2305.00 2303.00 2305.00 19612.00
20150408  22:48:00 2304.00 2304.00 2303.00 2303.00 14224.00
20150408  22:49:00 2303.00 2305.00 2303.00 2305.00 9814.00
20150408  22:50:00 2305.00 2306.00 2304.00 2305.00 8250.00
20150408  22:51:00 2305.00 2306.00 2304.00 2304.00 5616.00
20150408  22:52:00 2304.00 2305.00 2304.00 2305.00 1622.00
20150408  22:53:00 2305.00 2305.00 2303.00 2303.00 9380.00
20150408  22:54:00 2303.00 2305.00 2302.00 2303.00 10966.00
20150408  22:55:00 2303.00 2304.00 2302.00 2304.00 7226.00
20150408  22:56:00 2304.00 2304.00 2302.00 2304.00 7086.00
20150408  22:57:00 2304.00 2304.00 2303.00 2304.00 3326.00
20150408  22:58:00 2303.00 2304.00 2302.00 2303.00 4214.00
20150408  22:59:00 2303.00 2304.00 2302.00 2303.00 6320.00
20150408  23:00:00 2303.00 2303.00 2301.00 2301.00 10108.00
20150408  23:01:00 2301.00 2303.00 2301.00 2301.00 8298.00
20150408  23:02:00 2302.00 2302.00 2300.00 2300.00 19860.00
20150408  23:03:00 2300.00 2303.00 2300.00 2302.00 13758.00
20150408  23:04:00 2303.00 2305.00 2302.00 2304.00 13390.00
20150408  23:05:00 2305.00 2306.00 2304.00 2305.00 12266.00
20150408  23:06:00 2305.00 2305.00 2303.00 2303.00 5050.00
20150408  23:07:00 2303.00 2305.00 2303.00 2304.00 3632.00
20150408  23:08:00 2304.00 2306.00 2304.00 2306.00 8278.00
20150408  23:09:00 2306.00 2306.00 2304.00 2305.00 7570.00
20150408  23:10:00 2305.00 2305.00 2303.00 2303.00 4924.00
20150408  23:11:00 2303.00 2304.00 2303.00 2303.00 1242.00
20150408  23:12:00 2304.00 2305.00 2303.00 2304.00 1658.00
20150408  23:13:00 2304.00 2305.00 2304.00 2305.00 1374.00
20150408  23:14:00 2305.00 2305.00 2304.00 2304.00 1110.00
20150408  23:15:00 2304.00 2304.00 2303.00 2303.00 3260.00
20150408  23:16:00 2303.00 2304.00 2303.00 2304.00 1276.00
20150408  23:17:00 2303.00 2304.00 2303.00 2304.00 2166.00
20150408  23:18:00 2304.00 2305.00 2303.00 2304.00 8798.00
20150408  23:19:00 2304.00 2305.00 2304.00 2305.00 3742.00
20150408  23:20:00 2305.00 2305.00 2304.00 2305.00 396.00
20150408  23:21:00 2305.00 2305.00 2304.00 2305.00 3688.00
20150408  23:22:00 2305.00 2305.00 2304.00 2304.00 494.00
20150408  23:23:00 2304.00 2305.00 2304.00 2305.00 890.00
20150408  23:24:00 2305.00 2305.00 2304.00 2305.00 1376.00
20150408  23:25:00 2305.00 2305.00 2303.00 2303.00 5808.00
20150408  23:26:00 2304.00 2304.00 2303.00 2304.00 2732.00
20150408  23:27:00 2303.00 2304.00 2303.00 2304.00 4270.00
20150408  23:28:00 2304.00 2304.00 2303.00 2303.00 1388.00
20150408  23:29:00 2303.00 2304.00 2303.00 2303.00 1586.00
20150408  23:30:00 2303.00 2304.00 2303.00 2304.00 780.00
20150408  23:31:00 2304.00 2305.00 2303.00 2305.00 4400.00
20150408  23:32:00 2305.00 2306.00 2304.00 2305.00 6952.00
20150408  23:33:00 2305.00 2305.00 2304.00 2305.00 788.00
20150408  23:34:00 2305.00 2305.00 2304.00 2305.00 690.00
20150408  23:35:00 2305.00 2305.00 2304.00 2304.00 636.00
20150408  23:36:00 2304.00 2305.00 2304.00 2304.00 194.00
20150408  23:37:00 2305.00 2306.00 2304.00 2305.00 2046.00
20150408  23:38:00 2305.00 2306.00 2305.00 2306.00 1048.00
20150408  23:39:00 2306.00 2306.00 2305.00 2305.00 778.00
20150408  23:40:00 2306.00 2306.00 2305.00 2305.00 616.00
20150408  23:41:00 2306.00 2306.00 2305.00 2306.00 848.00
20150408  23:42:00 2306.00 2307.00 2305.00 2306.00 5600.00
20150408  23:43:00 2306.00 2307.00 2306.00 2307.00 5916.00
20150408  23:44:00 2306.00 2307.00 2306.00 2307.00 3674.00
20150408  23:45:00 2307.00 2307.00 2305.00 2306.00 4556.00
20150408  23:46:00 2306.00 2306.00 2305.00 2305.00 2554.00
20150408  23:47:00 2305.00 2306.00 2305.00 2306.00 330.00
20150408  23:48:00 2306.00 2306.00 2305.00 2305.00 1192.00
20150408  23:49:00 2305.00 2305.00 2304.00 2305.00 5042.00
20150408  23:50:00 2305.00 2306.00 2304.00 2305.00 3390.00
20150408  23:51:00 2305.00 2305.00 2304.00 2305.00 586.00
20150408  23:52:00 2305.00 2305.00 2304.00 2304.00 1064.00
20150408  23:53:00 2304.00 2305.00 2304.00 2305.00 318.00
20150408  23:54:00 2305.00 2305.00 2304.00 2305.00 150.00
20150408  23:55:00 2305.00 2305.00 2303.00 2303.00 3630.00
20150408  23:56:00 2303.00 2305.00 2303.00 2303.00 2096.00
20150408  23:57:00 2303.00 2304.00 2303.00 2304.00 406.00
20150408  23:58:00 2303.00 2304.00 2303.00 2304.00 646.00
20150408  23:59:00 2304.00 2305.00 2303.00 2304.00 3682.00
20150409  00:00:00 2304.00 2305.00 2303.00 2304.00 2236.00
20150409  00:01:00 2304.00 2305.00 2304.00 2305.00 236.00
20150409  00:02:00 2305.00 2305.00 2304.00 2304.00 1070.00
20150409  00:03:00 2305.00 2305.00 2303.00 2304.00 2026.00
20150409  00:04:00 2304.00 2304.00 2303.00 2304.00 550.00
20150409  00:05:00 2304.00 2305.00 2303.00 2305.00 2140.00
20150409  00:06:00 2304.00 2305.00 2304.00 2305.00  72.00
20150409  00:07:00 2305.00 2305.00 2304.00 2305.00  66.00
20150409  00:08:00 2305.00 2305.00 2305.00 2305.00 1848.00
20150409  00:09:00 2305.00 2305.00 2304.00 2305.00 186.00
20150409  00:10:00 2305.00 2305.00 2304.00 2304.00 194.00
20150409  00:11:00 2304.00 2305.00 2304.00 2304.00  82.00
20150409  00:12:00 2305.00 2305.00 2304.00 2304.00 106.00
20150409  00:13:00 2304.00 2305.00 2304.00 2305.00 282.00
20150409  00:14:00 2305.00 2305.00 2304.00 2305.00 550.00
20150409  00:15:00 2305.00 2305.00 2304.00 2305.00 478.00
20150409  00:16:00 2305.00 2305.00 2304.00 2305.00 136.00
20150409  00:17:00 2305.00 2305.00 2304.00 2305.00 2996.00
20150409  00:18:00 2305.00 2306.00 2304.00 2305.00 1282.00
20150409  00:19:00 2305.00 2306.00 2305.00 2305.00 436.00
20150409  00:20:00 2305.00 2306.00 2305.00 2306.00 1644.00
20150409  00:21:00 2306.00 2306.00 2305.00 2305.00 1644.00
20150409  00:22:00 2305.00 2305.00 2304.00 2304.00 138.00
20150409  00:23:00 2304.00 2305.00 2304.00 2305.00 160.00
20150409  00:24:00 2305.00 2305.00 2304.00 2305.00 1074.00
20150409  00:25:00 2305.00 2305.00 2304.00 2304.00 1954.00
20150409  00:26:00 2305.00 2305.00 2304.00 2305.00 1026.00
20150409  00:27:00 2305.00 2305.00 2304.00 2305.00 532.00
20150409  00:28:00 2305.00 2306.00 2305.00 2306.00 674.00
20150409  00:29:00 2306.00 2306.00 2305.00 2305.00 758.00
20150409  00:30:00 2305.00 2305.00 2304.00 2305.00 706.00
20150409  00:31:00 2305.00 2305.00 2304.00 2305.00 108.00
20150409  00:32:00 2305.00 2305.00 2304.00 2304.00  40.00
20150409  00:33:00 2304.00 2305.00 2304.00 2305.00 418.00
20150409  00:34:00 2305.00 2305.00 2303.00 2303.00 7948.00
20150409  00:35:00 2303.00 2304.00 2302.00 2303.00 4584.00
20150409  00:36:00 2303.00 2304.00 2302.00 2304.00 1166.00
20150409  00:37:00 2303.00 2304.00 2303.00 2303.00 412.00
20150409  00:38:00 2303.00 2303.00 2302.00 2303.00 1156.00
20150409  00:39:00 2303.00 2303.00 2301.00 2302.00 4642.00
20150409  00:40:00 2302.00 2303.00 2301.00 2303.00 736.00
20150409  00:41:00 2303.00 2303.00 2302.00 2302.00 258.00
20150409  00:42:00 2302.00 2303.00 2302.00 2303.00 720.00
20150409  00:43:00 2303.00 2303.00 2302.00 2303.00 782.00
20150409  00:44:00 2303.00 2303.00 2302.00 2302.00 382.00
20150409  00:45:00 2302.00 2303.00 2302.00 2302.00 850.00
20150409  00:46:00 2302.00 2303.00 2302.00 2302.00 430.00
20150409  00:47:00 2302.00 2303.00 2302.00 2303.00 262.00
20150409  00:48:00 2302.00 2303.00 2302.00 2302.00 206.00
20150409  00:49:00 2302.00 2303.00 2302.00 2302.00 274.00
20150409  00:50:00 2302.00 2303.00 2302.00 2303.00 480.00
20150409  00:51:00 2303.00 2303.00 2302.00 2303.00 552.00
20150409  00:52:00 2303.00 2303.00 2302.00 2303.00 160.00
20150409  00:53:00 2303.00 2303.00 2302.00 2302.00 394.00
20150409  00:54:00 2302.00 2303.00 2302.00 2302.00 354.00
20150409  00:55:00 2302.00 2303.00 2301.00 2301.00 3706.00
20150409  00:56:00 2302.00 2302.00 2301.00 2302.00 3450.00
20150409  00:57:00 2302.00 2303.00 2301.00 2302.00 1502.00
20150409  00:58:00 2302.00 2303.00 2301.00 2301.00 1772.00
20150409  00:59:00 2302.00 2303.00 2301.00 2302.00 3346.00
20150409  01:00:00 2302.00 2302.00 2302.00 2302.00   0.00
20150409  09:00:00 2302.00 2302.00 2295.00 2297.00 79502.00
20150409  09:01:00 2297.00 2301.00 2296.00 2301.00 39090.00
20150409  09:02:00 2301.00 2303.00 2299.00 2299.00 23044.00
20150409  09:03:00 2299.00 2300.00 2297.00 2298.00 31548.00
20150409  09:04:00 2298.00 2300.00 2295.00 2296.00 35788.00
20150409  09:05:00 2296.00 2297.00 2292.00 2292.00 52804.00
20150409  09:06:00 2293.00 2295.00 2293.00 2295.00 28930.00
20150409  09:07:00 2295.00 2295.00 2292.00 2292.00 28908.00
20150409  09:08:00 2293.00 2293.00 2291.00 2292.00 26628.00
20150409  09:09:00 2291.00 2294.00 2291.00 2293.00 22534.00
20150409  09:10:00 2293.00 2293.00 2291.00 2292.00 28948.00
20150409  09:11:00 2292.00 2294.00 2291.00 2294.00 14174.00
20150409  09:12:00 2294.00 2295.00 2293.00 2294.00 14640.00
20150409  09:13:00 2294.00 2295.00 2293.00 2294.00 12218.00
20150409  09:14:00 2294.00 2294.00 2290.00 2291.00 34274.00
20150409  09:15:00 2291.00 2293.00 2291.00 2291.00 16142.00
20150409  09:16:00 2292.00 2294.00 2291.00 2293.00 13436.00
20150409  09:17:00 2293.00 2294.00 2293.00 2293.00 9606.00
20150409  09:18:00 2293.00 2294.00 2291.00 2292.00 12822.00
20150409  09:19:00 2292.00 2294.00 2291.00 2293.00 13184.00
20150409  09:20:00 2294.00 2296.00 2293.00 2295.00 22832.00
20150409  09:21:00 2295.00 2295.00 2293.00 2294.00 6230.00
20150409  09:22:00 2294.00 2295.00 2293.00 2294.00 6302.00
20150409  09:23:00 2294.00 2294.00 2292.00 2293.00 11420.00
20150409  09:24:00 2293.00 2294.00 2293.00 2293.00 2174.00
20150409  09:25:00 2293.00 2294.00 2292.00 2294.00 11590.00
20150409  09:26:00 2294.00 2296.00 2293.00 2296.00 14888.00
20150409  09:27:00 2296.00 2296.00 2295.00 2295.00 23692.00
20150409  09:28:00 2295.00 2297.00 2294.00 2296.00 14778.00
20150409  09:29:00 2296.00 2297.00 2296.00 2297.00 12830.00
20150409  09:30:00 2296.00 2296.00 2294.00 2294.00 13470.00
20150409  09:31:00 2294.00 2295.00 2294.00 2294.00 6456.00
20150409  09:32:00 2294.00 2295.00 2293.00 2293.00 9234.00
20150409  09:33:00 2293.00 2295.00 2293.00 2294.00 5266.00
20150409  09:34:00 2295.00 2296.00 2294.00 2295.00 6786.00
20150409  09:35:00 2295.00 2296.00 2294.00 2295.00 4924.00
20150409  09:36:00 2294.00 2296.00 2294.00 2294.00 8834.00
20150409  09:37:00 2295.00 2295.00 2294.00 2295.00 1010.00
20150409  09:38:00 2295.00 2296.00 2293.00 2294.00 6754.00
20150409  09:39:00 2294.00 2294.00 2293.00 2294.00 6414.00
20150409  09:40:00 2293.00 2294.00 2293.00 2293.00 5212.00
20150409  09:41:00 2293.00 2293.00 2291.00 2293.00 13492.00
20150409  09:42:00 2292.00 2294.00 2291.00 2293.00 8912.00
20150409  09:43:00 2293.00 2294.00 2292.00 2294.00 3266.00
20150409  09:44:00 2293.00 2295.00 2292.00 2294.00 7718.00
20150409  09:45:00 2295.00 2296.00 2294.00 2295.00 15698.00
20150409  09:46:00 2295.00 2296.00 2294.00 2295.00 6928.00
20150409  09:47:00 2295.00 2296.00 2294.00 2295.00 4092.00
20150409  09:48:00 2295.00 2296.00 2294.00 2295.00 5628.00
20150409  09:49:00 2295.00 2295.00 2293.00 2294.00 16888.00
20150409  09:50:00 2294.00 2294.00 2293.00 2293.00 2422.00
20150409  09:51:00 2294.00 2294.00 2292.00 2293.00 8480.00
20150409  09:52:00 2293.00 2294.00 2292.00 2292.00 2468.00
20150409  09:53:00 2292.00 2294.00 2292.00 2294.00 2084.00
20150409  09:54:00 2294.00 2294.00 2292.00 2293.00 5188.00
20150409  09:55:00 2293.00 2294.00 2292.00 2293.00 4848.00
20150409  09:56:00 2292.00 2293.00 2291.00 2292.00 11860.00
20150409  09:57:00 2292.00 2292.00 2290.00 2292.00 27312.00
20150409  09:58:00 2292.00 2292.00 2291.00 2291.00 8730.00
20150409  09:59:00 2291.00 2293.00 2290.00 2291.00 14684.00
20150409  10:00:00 2291.00 2292.00 2290.00 2291.00 13728.00
20150409  10:01:00 2291.00 2292.00 2291.00 2291.00 5170.00
20150409  10:02:00 2291.00 2293.00 2291.00 2293.00 8382.00
20150409  10:03:00 2293.00 2293.00 2292.00 2292.00 4380.00
20150409  10:04:00 2292.00 2292.00 2291.00 2292.00 5440.00
20150409  10:05:00 2292.00 2293.00 2291.00 2293.00 5876.00
20150409  10:06:00 2293.00 2293.00 2292.00 2293.00 1984.00
20150409  10:07:00 2293.00 2294.00 2293.00 2294.00 4626.00
20150409  10:08:00 2294.00 2294.00 2292.00 2292.00 5408.00
20150409  10:09:00 2292.00 2293.00 2292.00 2293.00 3386.00
20150409  10:10:00 2293.00 2293.00 2292.00 2292.00 4316.00
20150409  10:11:00 2293.00 2293.00 2292.00 2293.00 872.00
20150409  10:12:00 2293.00 2293.00 2291.00 2291.00 3934.00
20150409  10:13:00 2291.00 2292.00 2291.00 2292.00 6666.00
20150409  10:14:00 2291.00 2293.00 2291.00 2292.00 8510.00
20150409  10:30:00 2291.00 2291.00 2287.00 2288.00 70834.00
20150409  10:31:00 2288.00 2290.00 2287.00 2288.00 21138.00
20150409  10:32:00 2288.00 2294.00 2287.00 2293.00 32004.00
20150409  10:33:00 2294.00 2302.00 2292.00 2302.00 91330.00
20150409  10:34:00 2302.00 2309.00 2300.00 2308.00 102980.00
20150409  10:35:00 2308.00 2311.00 2307.00 2307.00 105416.00
20150409  10:36:00 2306.00 2307.00 2305.00 2306.00 42350.00
20150409  10:37:00 2305.00 2308.00 2305.00 2308.00 30832.00
20150409  10:38:00 2308.00 2309.00 2305.00 2306.00 43194.00
20150409  10:39:00 2305.00 2306.00 2300.00 2301.00 59820.00
20150409  10:40:00 2300.00 2302.00 2300.00 2302.00 29578.00
20150409  10:41:00 2302.00 2303.00 2300.00 2302.00 14226.00
20150409  10:42:00 2302.00 2305.00 2302.00 2304.00 19102.00
20150409  10:43:00 2304.00 2305.00 2300.00 2301.00 23998.00
20150409  10:44:00 2301.00 2303.00 2300.00 2302.00 23272.00
20150409  10:45:00 2303.00 2306.00 2303.00 2305.00 26412.00
20150409  10:46:00 2304.00 2307.00 2304.00 2306.00 25272.00
20150409  10:47:00 2306.00 2308.00 2306.00 2307.00 27054.00
20150409  10:48:00 2307.00 2311.00 2307.00 2309.00 52812.00
20150409  10:49:00 2309.00 2309.00 2307.00 2308.00 15758.00
20150409  10:50:00 2308.00 2312.00 2308.00 2310.00 32416.00
20150409  10:51:00 2310.00 2310.00 2308.00 2308.00 20782.00
20150409  10:52:00 2309.00 2309.00 2306.00 2306.00 19112.00
20150409  10:53:00 2306.00 2308.00 2306.00 2307.00 10028.00
20150409  10:54:00 2307.00 2308.00 2305.00 2305.00 10070.00
20150409  10:55:00 2305.00 2307.00 2305.00 2305.00 10486.00
20150409  10:56:00 2306.00 2307.00 2305.00 2306.00 5910.00
20150409  10:57:00 2305.00 2308.00 2305.00 2307.00 9650.00
20150409  10:58:00 2307.00 2309.00 2306.00 2309.00 11348.00
20150409  10:59:00 2309.00 2309.00 2307.00 2308.00 11148.00
20150409  11:00:00 2308.00 2308.00 2305.00 2306.00 14240.00
20150409  11:01:00 2305.00 2307.00 2305.00 2306.00 9176.00
20150409  11:02:00 2306.00 2307.00 2305.00 2306.00 8490.00
20150409  11:03:00 2306.00 2307.00 2304.00 2305.00 17722.00
20150409  11:04:00 2305.00 2306.00 2304.00 2305.00 13716.00
20150409  11:05:00 2305.00 2306.00 2303.00 2303.00 21726.00
20150409  11:06:00 2303.00 2305.00 2303.00 2305.00 5278.00
20150409  11:07:00 2304.00 2306.00 2304.00 2305.00 6202.00
20150409  11:08:00 2306.00 2306.00 2304.00 2305.00 4344.00
20150409  11:09:00 2305.00 2306.00 2304.00 2305.00 3698.00
20150409  11:10:00 2305.00 2306.00 2304.00 2304.00 4256.00
20150409  11:11:00 2305.00 2305.00 2303.00 2304.00 11874.00
20150409  11:12:00 2303.00 2304.00 2302.00 2302.00 12088.00
20150409  11:13:00 2302.00 2304.00 2302.00 2304.00 18448.00
20150409  11:14:00 2305.00 2305.00 2303.00 2303.00 4744.00
20150409  11:15:00 2304.00 2304.00 2302.00 2302.00 4544.00
20150409  11:16:00 2302.00 2304.00 2302.00 2303.00 7294.00
20150409  11:17:00 2304.00 2306.00 2303.00 2305.00 24464.00
20150409  11:18:00 2305.00 2307.00 2304.00 2306.00 19088.00
20150409  11:19:00 2307.00 2307.00 2304.00 2305.00 11546.00
20150409  11:20:00 2305.00 2305.00 2304.00 2305.00 9188.00
20150409  11:21:00 2306.00 2306.00 2304.00 2304.00 3558.00
20150409  11:22:00 2304.00 2305.00 2304.00 2305.00 5504.00
20150409  11:23:00 2304.00 2305.00 2304.00 2305.00 2616.00
20150409  11:24:00 2305.00 2305.00 2303.00 2303.00 3062.00
20150409  11:25:00 2303.00 2306.00 2303.00 2305.00 6874.00
20150409  11:26:00 2305.00 2306.00 2303.00 2303.00 6370.00
20150409  11:27:00 2303.00 2304.00 2301.00 2302.00 22396.00
20150409  11:28:00 2302.00 2302.00 2301.00 2301.00 18740.00
20150409  11:29:00 2301.00 2301.00 2297.00 2297.00 39816.00
20150409  13:30:00 2297.00 2299.00 2295.00 2298.00 27822.00
20150409  13:31:00 2298.00 2298.00 2296.00 2298.00 14756.00
20150409  13:32:00 2297.00 2299.00 2297.00 2298.00 11082.00
20150409  13:33:00 2298.00 2298.00 2296.00 2297.00 18724.00
20150409  13:34:00 2298.00 2298.00 2295.00 2295.00 11166.00
20150409  13:35:00 2295.00 2297.00 2295.00 2297.00 13842.00
20150409  13:36:00 2296.00 2298.00 2296.00 2297.00 12766.00
20150409  13:37:00 2297.00 2298.00 2295.00 2295.00 12932.00
20150409  13:38:00 2296.00 2298.00 2295.00 2297.00 12088.00
20150409  13:39:00 2297.00 2298.00 2296.00 2296.00 5358.00
20150409  13:40:00 2297.00 2297.00 2296.00 2297.00 2734.00
20150409  13:41:00 2297.00 2297.00 2295.00 2296.00 11654.00
20150409  13:42:00 2296.00 2296.00 2292.00 2292.00 25602.00
20150409  13:43:00 2293.00 2295.00 2292.00 2293.00 15240.00
20150409  13:44:00 2293.00 2295.00 2292.00 2294.00 19188.00
20150409  13:45:00 2294.00 2295.00 2293.00 2295.00 7114.00
20150409  13:46:00 2295.00 2295.00 2293.00 2294.00 7962.00
20150409  13:47:00 2295.00 2295.00 2294.00 2294.00 5380.00
20150409  13:48:00 2295.00 2296.00 2294.00 2296.00 15590.00
20150409  13:49:00 2296.00 2296.00 2294.00 2295.00 4088.00
20150409  13:50:00 2295.00 2295.00 2294.00 2294.00 3822.00
20150409  13:51:00 2294.00 2295.00 2293.00 2295.00 2280.00
20150409  13:52:00 2295.00 2295.00 2294.00 2294.00 7112.00
20150409  13:53:00 2294.00 2295.00 2294.00 2294.00 1234.00
20150409  13:54:00 2294.00 2296.00 2294.00 2296.00 5774.00
20150409  13:55:00 2296.00 2296.00 2295.00 2295.00 4104.00
20150409  13:56:00 2295.00 2296.00 2294.00 2295.00 2976.00
20150409  13:57:00 2294.00 2296.00 2294.00 2296.00 5018.00
20150409  13:58:00 2296.00 2296.00 2294.00 2295.00 3132.00
20150409  13:59:00 2295.00 2295.00 2293.00 2294.00 13736.00
20150409  14:00:00 2294.00 2295.00 2293.00 2294.00 5786.00
20150409  14:01:00 2293.00 2294.00 2293.00 2294.00 2004.00
20150409  14:02:00 2294.00 2297.00 2293.00 2297.00 24622.00
20150409  14:03:00 2298.00 2301.00 2296.00 2301.00 34246.00
20150409  14:04:00 2301.00 2303.00 2300.00 2302.00 32406.00
20150409  14:05:00 2303.00 2303.00 2299.00 2301.00 29246.00
20150409  14:06:00 2301.00 2303.00 2299.00 2303.00 15474.00
20150409  14:07:00 2303.00 2305.00 2301.00 2305.00 36246.00
20150409  14:08:00 2305.00 2305.00 2303.00 2304.00 22742.00
20150409  14:09:00 2304.00 2304.00 2302.00 2302.00 12726.00
20150409  14:10:00 2303.00 2304.00 2302.00 2303.00 9964.00
20150409  14:11:00 2304.00 2304.00 2301.00 2302.00 8318.00
20150409  14:12:00 2302.00 2302.00 2299.00 2299.00 13976.00
20150409  14:13:00 2299.00 2300.00 2299.00 2300.00 13196.00
20150409  14:14:00 2300.00 2302.00 2299.00 2302.00 14944.00
20150409  14:15:00 2301.00 2302.00 2300.00 2301.00 6634.00
20150409  14:16:00 2301.00 2302.00 2300.00 2301.00 8440.00
20150409  14:17:00 2301.00 2302.00 2299.00 2300.00 10298.00
20150409  14:18:00 2300.00 2301.00 2300.00 2301.00 5072.00
20150409  14:19:00 2301.00 2301.00 2300.00 2301.00 1416.00
20150409  14:20:00 2301.00 2301.00 2299.00 2299.00 5312.00
20150409  14:21:00 2300.00 2301.00 2299.00 2301.00 12216.00
20150409  14:22:00 2301.00 2301.00 2299.00 2300.00 3136.00
20150409  14:23:00 2299.00 2300.00 2299.00 2300.00 4484.00
20150409  14:24:00 2300.00 2301.00 2299.00 2300.00 4574.00
20150409  14:25:00 2300.00 2302.00 2300.00 2302.00 4830.00
20150409  14:26:00 2302.00 2302.00 2300.00 2300.00 2870.00
20150409  14:27:00 2300.00 2301.00 2300.00 2301.00 630.00
20150409  14:28:00 2301.00 2301.00 2300.00 2300.00 13066.00
20150409  14:29:00 2301.00 2302.00 2300.00 2301.00 6968.00
20150409  14:30:00 2302.00 2303.00 2301.00 2302.00 8832.00
20150409  14:31:00 2302.00 2303.00 2300.00 2300.00 9972.00
20150409  14:32:00 2300.00 2301.00 2300.00 2301.00 1564.00
20150409  14:33:00 2300.00 2301.00 2299.00 2299.00 12556.00
20150409  14:34:00 2299.00 2300.00 2298.00 2298.00 9156.00
20150409  14:35:00 2299.00 2300.00 2297.00 2299.00 20470.00
20150409  14:36:00 2299.00 2299.00 2298.00 2298.00 6592.00
20150409  14:37:00 2298.00 2300.00 2298.00 2299.00 8238.00
20150409  14:38:00 2300.00 2300.00 2299.00 2300.00 1728.00
20150409  14:39:00 2300.00 2300.00 2298.00 2298.00 4772.00
20150409  14:40:00 2299.00 2299.00 2297.00 2298.00 6120.00
20150409  14:41:00 2297.00 2298.00 2295.00 2295.00 19116.00
20150409  14:42:00 2296.00 2298.00 2295.00 2298.00 12930.00
20150409  14:43:00 2297.00 2298.00 2296.00 2296.00 11642.00
20150409  14:44:00 2297.00 2298.00 2296.00 2296.00 3962.00
20150409  14:45:00 2297.00 2298.00 2297.00 2298.00 3262.00
20150409  14:46:00 2298.00 2298.00 2297.00 2297.00 4280.00
20150409  14:47:00 2297.00 2300.00 2297.00 2299.00 11390.00
20150409  14:48:00 2300.00 2300.00 2298.00 2299.00 8622.00
20150409  14:49:00 2299.00 2300.00 2299.00 2300.00 3502.00
20150409  14:50:00 2299.00 2300.00 2299.00 2300.00 1692.00
20150409  14:51:00 2299.00 2302.00 2299.00 2302.00 21032.00
20150409  14:52:00 2302.00 2302.00 2300.00 2301.00 10740.00
20150409  14:53:00 2301.00 2301.00 2299.00 2299.00 16148.00
20150409  14:54:00 2299.00 2300.00 2297.00 2299.00 12558.00
20150409  14:55:00 2298.00 2299.00 2297.00 2297.00 9544.00
20150409  14:56:00 2298.00 2298.00 2295.00 2296.00 25308.00
20150409  14:57:00 2295.00 2297.00 2293.00 2293.00 38682.00
20150409  14:58:00 2293.00 2294.00 2290.00 2292.00 44036.00
20150409  14:59:00 2291.00 2292.00 2290.00 2291.00 38166.00
20150409  15:00:00 2290.00 2290.00 2290.00 2290.00 106.00
