20150313  21:00:00 2491.00 2497.00 2491.00 2495.00 15306.00
20150313  21:01:00 2495.00 2496.00 2492.00 2494.00 11184.00
20150313  21:02:00 2493.00 2495.00 2493.00 2494.00 7044.00
20150313  21:03:00 2495.00 2495.00 2493.00 2494.00 1946.00
20150313  21:04:00 2494.00 2494.00 2493.00 2494.00 916.00
20150313  21:05:00 2493.00 2494.00 2492.00 2492.00 6290.00
20150313  21:06:00 2492.00 2496.00 2491.00 2496.00 11646.00
20150313  21:07:00 2497.00 2501.00 2496.00 2500.00 29984.00
20150313  21:08:00 2499.00 2502.00 2497.00 2498.00 19806.00
20150313  21:09:00 2499.00 2499.00 2498.00 2498.00 5858.00
20150313  21:10:00 2499.00 2499.00 2497.00 2498.00 5474.00
20150313  21:11:00 2498.00 2499.00 2498.00 2498.00 2250.00
20150313  21:12:00 2498.00 2498.00 2497.00 2498.00 1544.00
20150313  21:13:00 2498.00 2498.00 2497.00 2497.00 4242.00
20150313  21:14:00 2497.00 2497.00 2496.00 2496.00 3430.00
20150313  21:15:00 2497.00 2498.00 2495.00 2495.00 7232.00
20150313  21:16:00 2496.00 2496.00 2492.00 2494.00 10990.00
20150313  21:17:00 2494.00 2494.00 2492.00 2492.00 10556.00
20150313  21:18:00 2492.00 2494.00 2491.00 2492.00 11258.00
20150313  21:19:00 2492.00 2494.00 2492.00 2494.00 5464.00
20150313  21:20:00 2494.00 2494.00 2493.00 2494.00 694.00
20150313  21:21:00 2494.00 2494.00 2493.00 2493.00 644.00
20150313  21:22:00 2493.00 2496.00 2493.00 2496.00 7464.00
20150313  21:23:00 2496.00 2496.00 2495.00 2495.00 4142.00
20150313  21:24:00 2495.00 2496.00 2495.00 2496.00 1672.00
20150313  21:25:00 2496.00 2497.00 2494.00 2495.00 4646.00
20150313  21:26:00 2495.00 2495.00 2494.00 2494.00 326.00
20150313  21:27:00 2494.00 2495.00 2492.00 2492.00 9086.00
20150313  21:28:00 2493.00 2493.00 2492.00 2493.00 1504.00
20150313  21:29:00 2493.00 2494.00 2492.00 2493.00 3112.00
20150313  21:30:00 2494.00 2494.00 2492.00 2494.00 2964.00
20150313  21:31:00 2494.00 2495.00 2494.00 2495.00 1878.00
20150313  21:32:00 2494.00 2495.00 2493.00 2494.00 1412.00
20150313  21:33:00 2494.00 2494.00 2493.00 2494.00 342.00
20150313  21:34:00 2494.00 2494.00 2493.00 2493.00 484.00
20150313  21:35:00 2493.00 2494.00 2493.00 2494.00 388.00
20150313  21:36:00 2494.00 2494.00 2493.00 2493.00 390.00
20150313  21:37:00 2493.00 2495.00 2493.00 2494.00 2068.00
20150313  21:38:00 2494.00 2494.00 2493.00 2494.00 574.00
20150313  21:39:00 2494.00 2494.00 2492.00 2493.00 5838.00
20150313  21:40:00 2493.00 2493.00 2491.00 2491.00 8738.00
20150313  21:41:00 2491.00 2492.00 2490.00 2492.00 7056.00
20150313  21:42:00 2492.00 2492.00 2491.00 2492.00 2564.00
20150313  21:43:00 2491.00 2492.00 2491.00 2491.00 1544.00
20150313  21:44:00 2491.00 2492.00 2490.00 2490.00 2526.00
20150313  21:45:00 2490.00 2491.00 2490.00 2490.00 4594.00
20150313  21:46:00 2490.00 2490.00 2489.00 2490.00 12360.00
20150313  21:47:00 2490.00 2490.00 2488.00 2489.00 5704.00
20150313  21:48:00 2488.00 2490.00 2488.00 2489.00 7938.00
20150313  21:49:00 2489.00 2491.00 2489.00 2491.00 3702.00
20150313  21:50:00 2491.00 2491.00 2490.00 2490.00 1694.00
20150313  21:51:00 2490.00 2491.00 2490.00 2490.00 4820.00
20150313  21:52:00 2491.00 2492.00 2490.00 2491.00 4340.00
20150313  21:53:00 2491.00 2491.00 2489.00 2489.00 3026.00
20150313  21:54:00 2489.00 2490.00 2489.00 2490.00 2010.00
20150313  21:55:00 2491.00 2491.00 2490.00 2490.00 434.00
20150313  21:56:00 2490.00 2491.00 2490.00 2491.00 1412.00
20150313  21:57:00 2490.00 2492.00 2490.00 2492.00 2736.00
20150313  21:58:00 2492.00 2492.00 2490.00 2492.00 3060.00
20150313  21:59:00 2492.00 2493.00 2491.00 2492.00 4402.00
20150313  22:00:00 2491.00 2492.00 2491.00 2492.00 404.00
20150313  22:01:00 2492.00 2492.00 2491.00 2492.00 1604.00
20150313  22:02:00 2492.00 2493.00 2491.00 2492.00 3138.00
20150313  22:03:00 2492.00 2492.00 2491.00 2491.00 212.00
20150313  22:04:00 2491.00 2493.00 2491.00 2492.00 1544.00
20150313  22:05:00 2492.00 2493.00 2492.00 2493.00 3300.00
20150313  22:06:00 2493.00 2494.00 2492.00 2494.00 2440.00
20150313  22:07:00 2494.00 2494.00 2493.00 2494.00 1436.00
20150313  22:08:00 2494.00 2495.00 2493.00 2494.00 5716.00
20150313  22:09:00 2494.00 2496.00 2494.00 2494.00 9436.00
20150313  22:10:00 2494.00 2496.00 2494.00 2495.00 3198.00
20150313  22:11:00 2495.00 2496.00 2495.00 2496.00 1578.00
20150313  22:12:00 2496.00 2496.00 2494.00 2495.00 3218.00
20150313  22:13:00 2495.00 2495.00 2494.00 2495.00 460.00
20150313  22:14:00 2494.00 2495.00 2494.00 2495.00 2032.00
20150313  22:15:00 2495.00 2496.00 2493.00 2494.00 2960.00
20150313  22:16:00 2494.00 2494.00 2493.00 2493.00 438.00
20150313  22:17:00 2493.00 2495.00 2493.00 2494.00 1348.00
20150313  22:18:00 2494.00 2495.00 2494.00 2494.00 376.00
20150313  22:19:00 2494.00 2495.00 2494.00 2495.00 920.00
20150313  22:20:00 2495.00 2495.00 2494.00 2494.00 810.00
20150313  22:21:00 2494.00 2494.00 2493.00 2494.00 1612.00
20150313  22:22:00 2494.00 2494.00 2493.00 2493.00 660.00
20150313  22:23:00 2494.00 2494.00 2492.00 2493.00 3058.00
20150313  22:24:00 2493.00 2493.00 2491.00 2492.00 4160.00
20150313  22:25:00 2492.00 2492.00 2491.00 2491.00 1910.00
20150313  22:26:00 2492.00 2493.00 2491.00 2492.00 1610.00
20150313  22:27:00 2492.00 2492.00 2490.00 2491.00 8602.00
20150313  22:28:00 2491.00 2491.00 2489.00 2490.00 5460.00
20150313  22:29:00 2489.00 2490.00 2488.00 2489.00 4458.00
20150313  22:30:00 2489.00 2490.00 2489.00 2490.00 1012.00
20150313  22:31:00 2490.00 2491.00 2489.00 2490.00 3520.00
20150313  22:32:00 2491.00 2492.00 2490.00 2491.00 2440.00
20150313  22:33:00 2491.00 2492.00 2491.00 2491.00 2418.00
20150313  22:34:00 2492.00 2492.00 2491.00 2492.00 154.00
20150313  22:35:00 2491.00 2492.00 2491.00 2492.00 584.00
20150313  22:36:00 2492.00 2493.00 2491.00 2492.00 1178.00
20150313  22:37:00 2492.00 2493.00 2492.00 2493.00 134.00
20150313  22:38:00 2493.00 2493.00 2492.00 2493.00 366.00
20150313  22:39:00 2493.00 2493.00 2491.00 2492.00 4328.00
20150313  22:40:00 2492.00 2493.00 2491.00 2492.00 1864.00
20150313  22:41:00 2492.00 2492.00 2491.00 2492.00 1330.00
20150313  22:42:00 2491.00 2492.00 2491.00 2491.00  82.00
20150313  22:43:00 2491.00 2492.00 2491.00 2492.00 154.00
20150313  22:44:00 2491.00 2492.00 2491.00 2492.00 346.00
20150313  22:45:00 2492.00 2492.00 2491.00 2492.00 136.00
20150313  22:46:00 2492.00 2492.00 2491.00 2491.00 118.00
20150313  22:47:00 2491.00 2492.00 2491.00 2492.00 244.00
20150313  22:48:00 2491.00 2494.00 2491.00 2493.00 4870.00
20150313  22:49:00 2493.00 2494.00 2492.00 2493.00 4910.00
20150313  22:50:00 2493.00 2493.00 2492.00 2493.00 1664.00
20150313  22:51:00 2493.00 2493.00 2491.00 2491.00 3948.00
20150313  22:52:00 2491.00 2494.00 2491.00 2494.00 5794.00
20150313  22:53:00 2494.00 2494.00 2493.00 2493.00 1178.00
20150313  22:54:00 2493.00 2493.00 2492.00 2492.00 2188.00
20150313  22:55:00 2493.00 2493.00 2491.00 2492.00 1722.00
20150313  22:56:00 2492.00 2494.00 2492.00 2494.00 3910.00
20150313  22:57:00 2494.00 2495.00 2493.00 2494.00 6480.00
20150313  22:58:00 2494.00 2494.00 2493.00 2493.00 2414.00
20150313  22:59:00 2493.00 2493.00 2492.00 2493.00 1306.00
20150313  23:00:00 2493.00 2494.00 2493.00 2493.00 1260.00
20150313  23:01:00 2493.00 2494.00 2493.00 2494.00 2276.00
20150313  23:02:00 2493.00 2493.00 2492.00 2493.00 2658.00
20150313  23:03:00 2493.00 2493.00 2492.00 2492.00 310.00
20150313  23:04:00 2493.00 2493.00 2492.00 2492.00 102.00
20150313  23:05:00 2493.00 2493.00 2492.00 2492.00 180.00
20150313  23:06:00 2492.00 2493.00 2491.00 2492.00 1586.00
20150313  23:07:00 2492.00 2492.00 2491.00 2492.00 482.00
20150313  23:08:00 2492.00 2493.00 2491.00 2493.00 1182.00
20150313  23:09:00 2493.00 2493.00 2491.00 2491.00 4280.00
20150313  23:10:00 2491.00 2492.00 2491.00 2492.00 134.00
20150313  23:11:00 2492.00 2492.00 2491.00 2492.00 190.00
20150313  23:12:00 2492.00 2492.00 2491.00 2491.00 270.00
20150313  23:13:00 2491.00 2492.00 2491.00 2491.00 1642.00
20150313  23:14:00 2491.00 2491.00 2490.00 2490.00 2016.00
20150313  23:15:00 2490.00 2491.00 2490.00 2491.00 452.00
20150313  23:16:00 2491.00 2491.00 2490.00 2491.00 472.00
20150313  23:17:00 2491.00 2492.00 2491.00 2492.00 1322.00
20150313  23:18:00 2492.00 2493.00 2491.00 2491.00 3148.00
20150313  23:19:00 2491.00 2492.00 2491.00 2492.00 1894.00
20150313  23:20:00 2492.00 2492.00 2491.00 2492.00 184.00
20150313  23:21:00 2492.00 2492.00 2491.00 2492.00  52.00
20150313  23:22:00 2491.00 2492.00 2491.00 2492.00  52.00
20150313  23:23:00 2492.00 2492.00 2490.00 2490.00 1828.00
20150313  23:24:00 2490.00 2493.00 2490.00 2493.00 5360.00
20150313  23:25:00 2493.00 2494.00 2492.00 2493.00 4190.00
20150313  23:26:00 2493.00 2493.00 2492.00 2493.00 666.00
20150313  23:27:00 2492.00 2493.00 2492.00 2492.00 252.00
20150313  23:28:00 2492.00 2493.00 2492.00 2493.00 158.00
20150313  23:29:00 2493.00 2493.00 2492.00 2492.00 162.00
20150313  23:30:00 2493.00 2493.00 2492.00 2493.00 256.00
20150313  23:31:00 2493.00 2493.00 2492.00 2492.00  88.00
20150313  23:32:00 2492.00 2493.00 2491.00 2492.00 1078.00
20150313  23:33:00 2492.00 2493.00 2492.00 2493.00 688.00
20150313  23:34:00 2493.00 2493.00 2492.00 2492.00  54.00
20150313  23:35:00 2492.00 2492.00 2492.00 2492.00  96.00
20150313  23:36:00 2492.00 2493.00 2492.00 2492.00 122.00
20150313  23:37:00 2493.00 2493.00 2491.00 2492.00 544.00
20150313  23:38:00 2492.00 2493.00 2490.00 2491.00 2544.00
20150313  23:39:00 2491.00 2492.00 2491.00 2491.00 1758.00
20150313  23:40:00 2491.00 2492.00 2491.00 2492.00 2838.00
20150313  23:41:00 2492.00 2492.00 2491.00 2491.00 1764.00
20150313  23:42:00 2490.00 2491.00 2490.00 2491.00 3808.00
20150313  23:43:00 2491.00 2491.00 2489.00 2490.00 4872.00
20150313  23:44:00 2490.00 2491.00 2490.00 2491.00 150.00
20150313  23:45:00 2491.00 2491.00 2490.00 2491.00 1092.00
20150313  23:46:00 2491.00 2493.00 2491.00 2493.00 5054.00
20150313  23:47:00 2493.00 2493.00 2491.00 2492.00 1814.00
20150313  23:48:00 2492.00 2492.00 2491.00 2492.00  98.00
20150313  23:49:00 2492.00 2492.00 2491.00 2492.00  90.00
20150313  23:50:00 2492.00 2492.00 2491.00 2492.00  26.00
20150313  23:51:00 2492.00 2492.00 2491.00 2491.00  90.00
20150313  23:52:00 2491.00 2492.00 2491.00 2492.00 488.00
20150313  23:53:00 2492.00 2492.00 2489.00 2490.00 3478.00
20150313  23:54:00 2490.00 2491.00 2490.00 2491.00 124.00
20150313  23:55:00 2491.00 2491.00 2489.00 2490.00 3014.00
20150313  23:56:00 2490.00 2491.00 2489.00 2490.00 482.00
20150313  23:57:00 2490.00 2490.00 2489.00 2490.00 652.00
20150313  23:58:00 2490.00 2490.00 2489.00 2490.00 1050.00
20150313  23:59:00 2490.00 2492.00 2489.00 2492.00 3468.00
20150314  00:00:00 2492.00 2492.00 2489.00 2490.00 3128.00
20150314  00:01:00 2490.00 2490.00 2489.00 2490.00 1184.00
20150314  00:02:00 2490.00 2491.00 2490.00 2490.00 462.00
20150314  00:03:00 2490.00 2491.00 2490.00 2490.00 234.00
20150314  00:04:00 2490.00 2490.00 2489.00 2489.00 1054.00
20150314  00:05:00 2490.00 2492.00 2489.00 2492.00 4566.00
20150314  00:06:00 2492.00 2492.00 2491.00 2491.00 156.00
20150314  00:07:00 2491.00 2491.00 2490.00 2490.00 656.00
20150314  00:08:00 2490.00 2491.00 2489.00 2490.00 3108.00
20150314  00:09:00 2490.00 2490.00 2489.00 2490.00 652.00
20150314  00:10:00 2490.00 2490.00 2489.00 2490.00 408.00
20150314  00:11:00 2489.00 2490.00 2489.00 2490.00 184.00
20150314  00:12:00 2490.00 2490.00 2489.00 2490.00 316.00
20150314  00:13:00 2490.00 2491.00 2489.00 2490.00 360.00
20150314  00:14:00 2490.00 2490.00 2489.00 2489.00 690.00
20150314  00:15:00 2489.00 2490.00 2489.00 2490.00 314.00
20150314  00:16:00 2490.00 2491.00 2489.00 2490.00 314.00
20150314  00:17:00 2490.00 2491.00 2490.00 2490.00 164.00
20150314  00:18:00 2490.00 2491.00 2490.00 2490.00  16.00
20150314  00:19:00 2491.00 2491.00 2490.00 2491.00 144.00
20150314  00:20:00 2491.00 2491.00 2490.00 2490.00 436.00
20150314  00:21:00 2490.00 2490.00 2489.00 2490.00  66.00
20150314  00:22:00 2490.00 2490.00 2489.00 2489.00 546.00
20150314  00:23:00 2489.00 2490.00 2489.00 2489.00  12.00
20150314  00:24:00 2490.00 2490.00 2489.00 2489.00 1196.00
20150314  00:25:00 2489.00 2491.00 2489.00 2490.00 1340.00
20150314  00:26:00 2490.00 2491.00 2490.00 2490.00 432.00
20150314  00:27:00 2490.00 2490.00 2490.00 2490.00  10.00
20150314  00:28:00 2491.00 2491.00 2490.00 2490.00  36.00
20150314  00:29:00 2490.00 2490.00 2489.00 2489.00 500.00
20150314  00:30:00 2489.00 2490.00 2489.00 2490.00 646.00
20150314  00:31:00 2490.00 2490.00 2489.00 2490.00  46.00
20150314  00:32:00 2490.00 2490.00 2490.00 2490.00  22.00
20150314  00:33:00 2490.00 2491.00 2490.00 2491.00 722.00
20150314  00:34:00 2491.00 2491.00 2490.00 2490.00  52.00
20150314  00:35:00 2491.00 2491.00 2490.00 2490.00 406.00
20150314  00:36:00 2490.00 2491.00 2490.00 2490.00 188.00
20150314  00:37:00 2490.00 2490.00 2490.00 2490.00  42.00
20150314  00:38:00 2490.00 2491.00 2490.00 2490.00 292.00
20150314  00:39:00 2490.00 2491.00 2490.00 2490.00  90.00
20150314  00:40:00 2490.00 2491.00 2490.00 2490.00 310.00
20150314  00:41:00 2491.00 2491.00 2490.00 2491.00  22.00
20150314  00:42:00 2491.00 2491.00 2490.00 2490.00  34.00
20150314  00:43:00 2490.00 2490.00 2490.00 2490.00 362.00
20150314  00:44:00 2490.00 2490.00 2490.00 2490.00 510.00
20150314  00:45:00 2490.00 2491.00 2490.00 2490.00 388.00
20150314  00:46:00 2491.00 2491.00 2490.00 2490.00 100.00
20150314  00:47:00 2490.00 2490.00 2490.00 2490.00 218.00
20150314  00:48:00 2490.00 2491.00 2490.00 2490.00  64.00
20150314  00:49:00 2490.00 2491.00 2490.00 2490.00  88.00
20150314  00:50:00 2490.00 2491.00 2490.00 2490.00 108.00
20150314  00:51:00 2490.00 2491.00 2490.00 2491.00 118.00
20150314  00:52:00 2491.00 2491.00 2490.00 2490.00  58.00
20150314  00:53:00 2490.00 2491.00 2490.00 2490.00 162.00
20150314  00:54:00 2491.00 2491.00 2491.00 2491.00 406.00
20150314  00:55:00 2490.00 2490.00 2489.00 2490.00 2132.00
20150314  00:56:00 2490.00 2490.00 2489.00 2490.00 178.00
20150314  00:57:00 2490.00 2490.00 2489.00 2489.00 666.00
20150314  00:58:00 2489.00 2490.00 2489.00 2489.00 1042.00
20150314  00:59:00 2489.00 2490.00 2489.00 2489.00 1808.00
20150314  01:00:00 2490.00 2490.00 2490.00 2490.00  84.00
20150316  09:00:00 2489.00 2489.00 2482.00 2484.00 56316.00
20150316  09:01:00 2485.00 2486.00 2482.00 2482.00 20562.00
20150316  09:02:00 2483.00 2483.00 2480.00 2482.00 36348.00
20150316  09:03:00 2482.00 2482.00 2480.00 2481.00 24618.00
20150316  09:04:00 2481.00 2484.00 2480.00 2483.00 32586.00
20150316  09:05:00 2483.00 2484.00 2481.00 2481.00 12620.00
20150316  09:06:00 2481.00 2483.00 2480.00 2481.00 17984.00
20150316  09:07:00 2481.00 2485.00 2481.00 2484.00 13648.00
20150316  09:08:00 2483.00 2485.00 2483.00 2484.00 6592.00
20150316  09:09:00 2484.00 2486.00 2482.00 2482.00 15608.00
20150316  09:10:00 2482.00 2484.00 2481.00 2483.00 10794.00
20150316  09:11:00 2483.00 2483.00 2482.00 2483.00 4210.00
20150316  09:12:00 2483.00 2484.00 2483.00 2484.00 1306.00
20150316  09:13:00 2484.00 2485.00 2483.00 2484.00 7044.00
20150316  09:14:00 2485.00 2486.00 2484.00 2486.00 6730.00
20150316  09:15:00 2485.00 2486.00 2484.00 2485.00 5322.00
20150316  09:16:00 2485.00 2485.00 2484.00 2484.00 2142.00
20150316  09:17:00 2484.00 2485.00 2484.00 2484.00 1230.00
20150316  09:18:00 2484.00 2485.00 2483.00 2484.00 4414.00
20150316  09:19:00 2484.00 2485.00 2483.00 2485.00 4094.00
20150316  09:20:00 2485.00 2485.00 2482.00 2482.00 10960.00
20150316  09:21:00 2482.00 2484.00 2482.00 2484.00 4968.00
20150316  09:22:00 2483.00 2486.00 2483.00 2485.00 14846.00
20150316  09:23:00 2485.00 2486.00 2485.00 2486.00 6416.00
20150316  09:24:00 2486.00 2486.00 2485.00 2486.00 4270.00
20150316  09:25:00 2486.00 2486.00 2484.00 2484.00 3910.00
20150316  09:26:00 2484.00 2485.00 2484.00 2485.00 1116.00
20150316  09:27:00 2485.00 2487.00 2484.00 2486.00 9900.00
20150316  09:28:00 2486.00 2486.00 2485.00 2485.00 2154.00
20150316  09:29:00 2485.00 2486.00 2484.00 2485.00 9202.00
20150316  09:30:00 2485.00 2486.00 2484.00 2486.00 5416.00
20150316  09:31:00 2486.00 2486.00 2485.00 2486.00 1084.00
20150316  09:32:00 2486.00 2486.00 2484.00 2486.00 3678.00
20150316  09:33:00 2486.00 2486.00 2485.00 2485.00 586.00
20150316  09:34:00 2485.00 2486.00 2484.00 2484.00 2944.00
20150316  09:35:00 2484.00 2485.00 2484.00 2485.00 6954.00
20150316  09:36:00 2485.00 2485.00 2484.00 2484.00 9004.00
20150316  09:37:00 2484.00 2486.00 2484.00 2485.00 4396.00
20150316  09:38:00 2484.00 2485.00 2484.00 2485.00 182.00
20150316  09:39:00 2485.00 2486.00 2484.00 2485.00 2686.00
20150316  09:40:00 2485.00 2485.00 2484.00 2484.00 1106.00
20150316  09:41:00 2484.00 2486.00 2484.00 2484.00 3064.00
20150316  09:42:00 2484.00 2485.00 2484.00 2484.00 1246.00
20150316  09:43:00 2484.00 2485.00 2483.00 2484.00 5326.00
20150316  09:44:00 2484.00 2485.00 2484.00 2484.00 282.00
20150316  09:45:00 2484.00 2485.00 2484.00 2484.00 1908.00
20150316  09:46:00 2484.00 2486.00 2484.00 2485.00 7106.00
20150316  09:47:00 2485.00 2485.00 2484.00 2484.00 1270.00
20150316  09:48:00 2484.00 2486.00 2484.00 2486.00 4472.00
20150316  09:49:00 2486.00 2488.00 2485.00 2487.00 17146.00
20150316  09:50:00 2486.00 2494.00 2485.00 2494.00 41930.00
20150316  09:51:00 2494.00 2494.00 2490.00 2490.00 20348.00
20150316  09:52:00 2490.00 2492.00 2489.00 2491.00 16702.00
20150316  09:53:00 2491.00 2492.00 2489.00 2489.00 15886.00
20150316  09:54:00 2489.00 2493.00 2489.00 2492.00 18024.00
20150316  09:55:00 2492.00 2492.00 2490.00 2491.00 13300.00
20150316  09:56:00 2491.00 2491.00 2489.00 2490.00 12064.00
20150316  09:57:00 2490.00 2492.00 2489.00 2491.00 6518.00
20150316  09:58:00 2491.00 2494.00 2491.00 2492.00 19702.00
20150316  09:59:00 2492.00 2494.00 2491.00 2492.00 16102.00
20150316  10:00:00 2492.00 2493.00 2491.00 2491.00 4896.00
20150316  10:01:00 2492.00 2493.00 2491.00 2493.00 5796.00
20150316  10:02:00 2492.00 2493.00 2492.00 2493.00 2238.00
20150316  10:03:00 2492.00 2493.00 2491.00 2492.00 5058.00
20150316  10:04:00 2492.00 2492.00 2491.00 2492.00 470.00
20150316  10:05:00 2492.00 2493.00 2492.00 2493.00 1668.00
20150316  10:06:00 2493.00 2493.00 2492.00 2493.00 808.00
20150316  10:07:00 2493.00 2494.00 2492.00 2494.00 3412.00
20150316  10:08:00 2493.00 2494.00 2493.00 2494.00 2180.00
20150316  10:09:00 2494.00 2494.00 2493.00 2493.00 1072.00
20150316  10:10:00 2493.00 2495.00 2493.00 2494.00 6066.00
20150316  10:11:00 2494.00 2495.00 2493.00 2494.00 4366.00
20150316  10:12:00 2495.00 2495.00 2493.00 2493.00 4692.00
20150316  10:13:00 2493.00 2495.00 2493.00 2494.00 3602.00
20150316  10:14:00 2494.00 2495.00 2493.00 2494.00 3848.00
20150316  10:30:00 2494.00 2497.00 2494.00 2497.00 16722.00
20150316  10:31:00 2497.00 2499.00 2497.00 2498.00 15274.00
20150316  10:32:00 2498.00 2499.00 2497.00 2498.00 8594.00
20150316  10:33:00 2497.00 2498.00 2496.00 2497.00 10352.00
20150316  10:34:00 2497.00 2499.00 2497.00 2499.00 13510.00
20150316  10:35:00 2499.00 2500.00 2497.00 2500.00 15104.00
20150316  10:36:00 2500.00 2500.00 2496.00 2497.00 11270.00
20150316  10:37:00 2496.00 2497.00 2495.00 2496.00 9376.00
20150316  10:38:00 2496.00 2497.00 2496.00 2497.00 1566.00
20150316  10:39:00 2497.00 2497.00 2495.00 2496.00 3586.00
20150316  10:40:00 2496.00 2497.00 2495.00 2496.00 2274.00
20150316  10:41:00 2496.00 2497.00 2495.00 2496.00 2624.00
20150316  10:42:00 2496.00 2496.00 2494.00 2494.00 4708.00
20150316  10:43:00 2494.00 2495.00 2494.00 2494.00 5262.00
20150316  10:44:00 2494.00 2495.00 2494.00 2494.00 2014.00
20150316  10:45:00 2494.00 2495.00 2494.00 2495.00 2742.00
20150316  10:46:00 2495.00 2495.00 2494.00 2495.00 1668.00
20150316  10:47:00 2494.00 2495.00 2494.00 2494.00 1360.00
20150316  10:48:00 2495.00 2496.00 2494.00 2494.00 6058.00
20150316  10:49:00 2494.00 2495.00 2493.00 2494.00 8238.00
20150316  10:50:00 2494.00 2495.00 2494.00 2495.00 302.00
20150316  10:51:00 2494.00 2495.00 2494.00 2494.00 638.00
20150316  10:52:00 2494.00 2495.00 2493.00 2494.00 2934.00
20150316  10:53:00 2493.00 2494.00 2493.00 2493.00 896.00
20150316  10:54:00 2493.00 2494.00 2493.00 2493.00 1180.00
20150316  10:55:00 2493.00 2494.00 2493.00 2494.00 3140.00
20150316  10:56:00 2494.00 2494.00 2493.00 2494.00 366.00
20150316  10:57:00 2494.00 2494.00 2493.00 2494.00 856.00
20150316  10:58:00 2494.00 2497.00 2494.00 2497.00 12128.00
20150316  10:59:00 2497.00 2497.00 2494.00 2494.00 6392.00
20150316  11:00:00 2494.00 2496.00 2494.00 2495.00 5354.00
20150316  11:01:00 2495.00 2497.00 2494.00 2497.00 7632.00
20150316  11:02:00 2497.00 2497.00 2496.00 2496.00 1450.00
20150316  11:03:00 2497.00 2498.00 2496.00 2497.00 5162.00
20150316  11:04:00 2497.00 2499.00 2496.00 2499.00 10326.00
20150316  11:05:00 2499.00 2504.00 2499.00 2503.00 44260.00
20150316  11:06:00 2503.00 2504.00 2503.00 2503.00 16502.00
20150316  11:07:00 2504.00 2506.00 2503.00 2505.00 31524.00
20150316  11:08:00 2505.00 2505.00 2502.00 2502.00 14444.00
20150316  11:09:00 2503.00 2504.00 2502.00 2504.00 8132.00
20150316  11:10:00 2504.00 2506.00 2503.00 2506.00 24290.00
20150316  11:11:00 2506.00 2507.00 2504.00 2505.00 9152.00
20150316  11:12:00 2505.00 2505.00 2503.00 2503.00 8706.00
20150316  11:13:00 2503.00 2504.00 2503.00 2503.00 5910.00
20150316  11:14:00 2503.00 2504.00 2502.00 2503.00 8448.00
20150316  11:15:00 2503.00 2505.00 2503.00 2504.00 9580.00
20150316  11:16:00 2504.00 2505.00 2503.00 2505.00 6098.00
20150316  11:17:00 2505.00 2505.00 2503.00 2504.00 12620.00
20150316  11:18:00 2504.00 2505.00 2503.00 2505.00 3362.00
20150316  11:19:00 2505.00 2505.00 2503.00 2504.00 4082.00
20150316  11:20:00 2503.00 2504.00 2503.00 2504.00 1060.00
20150316  11:21:00 2504.00 2505.00 2503.00 2504.00 4464.00
20150316  11:22:00 2505.00 2505.00 2504.00 2505.00 4676.00
20150316  11:23:00 2504.00 2505.00 2503.00 2503.00 6206.00
20150316  11:24:00 2503.00 2505.00 2503.00 2504.00 4868.00
20150316  11:25:00 2504.00 2504.00 2503.00 2503.00 3178.00
20150316  11:26:00 2503.00 2505.00 2503.00 2504.00 4352.00
20150316  11:27:00 2504.00 2506.00 2504.00 2505.00 10622.00
20150316  11:28:00 2506.00 2507.00 2505.00 2505.00 16038.00
20150316  11:29:00 2506.00 2507.00 2505.00 2507.00 14610.00
20150316  13:30:00 2507.00 2509.00 2506.00 2508.00 28644.00
20150316  13:31:00 2507.00 2509.00 2507.00 2509.00 16910.00
20150316  13:32:00 2509.00 2509.00 2507.00 2508.00 8328.00
20150316  13:33:00 2508.00 2508.00 2506.00 2506.00 6074.00
20150316  13:34:00 2507.00 2507.00 2505.00 2505.00 6414.00
20150316  13:35:00 2506.00 2507.00 2505.00 2505.00 5956.00
20150316  13:36:00 2505.00 2511.00 2505.00 2511.00 32572.00
20150316  13:37:00 2510.00 2513.00 2510.00 2511.00 32520.00
20150316  13:38:00 2511.00 2519.00 2510.00 2517.00 77930.00
20150316  13:39:00 2516.00 2518.00 2516.00 2516.00 28328.00
20150316  13:40:00 2516.00 2518.00 2516.00 2516.00 21280.00
20150316  13:41:00 2517.00 2520.00 2517.00 2518.00 33076.00
20150316  13:42:00 2519.00 2519.00 2515.00 2516.00 21848.00
20150316  13:43:00 2516.00 2518.00 2516.00 2517.00 7208.00
20150316  13:44:00 2517.00 2518.00 2515.00 2516.00 13182.00
20150316  13:45:00 2515.00 2516.00 2515.00 2515.00 9598.00
20150316  13:46:00 2516.00 2518.00 2515.00 2518.00 11662.00
20150316  13:47:00 2518.00 2518.00 2516.00 2516.00 11096.00
20150316  13:48:00 2517.00 2518.00 2516.00 2518.00 4930.00
20150316  13:49:00 2517.00 2518.00 2516.00 2516.00 5002.00
20150316  13:50:00 2517.00 2518.00 2517.00 2518.00 6390.00
20150316  13:51:00 2518.00 2518.00 2517.00 2517.00 4824.00
20150316  13:52:00 2516.00 2517.00 2514.00 2516.00 17114.00
20150316  13:53:00 2516.00 2517.00 2514.00 2514.00 13082.00
20150316  13:54:00 2514.00 2516.00 2514.00 2515.00 7724.00
20150316  13:55:00 2515.00 2516.00 2515.00 2515.00 6088.00
20150316  13:56:00 2515.00 2517.00 2515.00 2517.00 8168.00
20150316  13:57:00 2516.00 2519.00 2516.00 2518.00 24422.00
20150316  13:58:00 2519.00 2521.00 2517.00 2517.00 39312.00
20150316  13:59:00 2518.00 2521.00 2518.00 2519.00 31490.00
20150316  14:00:00 2520.00 2523.00 2520.00 2521.00 38990.00
20150316  14:01:00 2522.00 2522.00 2521.00 2522.00 14296.00
20150316  14:02:00 2521.00 2523.00 2520.00 2523.00 13710.00
20150316  14:03:00 2523.00 2523.00 2521.00 2521.00 14264.00
20150316  14:04:00 2521.00 2522.00 2519.00 2519.00 17746.00
20150316  14:05:00 2519.00 2522.00 2519.00 2521.00 9736.00
20150316  14:06:00 2521.00 2521.00 2517.00 2517.00 14384.00
20150316  14:07:00 2517.00 2518.00 2517.00 2517.00 12672.00
20150316  14:08:00 2517.00 2518.00 2516.00 2517.00 7888.00
20150316  14:09:00 2517.00 2517.00 2516.00 2517.00 6210.00
20150316  14:10:00 2517.00 2517.00 2516.00 2516.00 14718.00
20150316  14:11:00 2516.00 2520.00 2516.00 2520.00 24520.00
20150316  14:12:00 2520.00 2520.00 2517.00 2517.00 7972.00
20150316  14:13:00 2518.00 2518.00 2516.00 2517.00 7032.00
20150316  14:14:00 2517.00 2518.00 2516.00 2518.00 9416.00
20150316  14:15:00 2518.00 2521.00 2518.00 2520.00 20612.00
20150316  14:16:00 2520.00 2521.00 2519.00 2520.00 9826.00
20150316  14:17:00 2519.00 2520.00 2517.00 2518.00 7270.00
20150316  14:18:00 2518.00 2518.00 2517.00 2517.00 1804.00
20150316  14:19:00 2517.00 2518.00 2517.00 2518.00 1822.00
20150316  14:20:00 2518.00 2518.00 2516.00 2517.00 5130.00
20150316  14:21:00 2518.00 2518.00 2517.00 2517.00 5310.00
20150316  14:22:00 2518.00 2519.00 2516.00 2519.00 6466.00
20150316  14:23:00 2519.00 2519.00 2518.00 2518.00 4208.00
20150316  14:24:00 2518.00 2519.00 2518.00 2518.00 3062.00
20150316  14:25:00 2518.00 2519.00 2518.00 2519.00 2238.00
20150316  14:26:00 2518.00 2519.00 2518.00 2518.00 2056.00
20150316  14:27:00 2518.00 2519.00 2517.00 2519.00 5022.00
20150316  14:28:00 2518.00 2519.00 2517.00 2517.00 1296.00
20150316  14:29:00 2518.00 2518.00 2517.00 2518.00 1598.00
20150316  14:30:00 2517.00 2519.00 2517.00 2518.00 6752.00
20150316  14:31:00 2518.00 2520.00 2518.00 2520.00 4454.00
20150316  14:32:00 2520.00 2520.00 2518.00 2520.00 13590.00
20150316  14:33:00 2519.00 2520.00 2518.00 2519.00 7230.00
20150316  14:34:00 2519.00 2521.00 2519.00 2521.00 15642.00
20150316  14:35:00 2521.00 2522.00 2520.00 2520.00 9264.00
20150316  14:36:00 2520.00 2521.00 2519.00 2520.00 6126.00
20150316  14:37:00 2520.00 2521.00 2519.00 2520.00 2642.00
20150316  14:38:00 2519.00 2520.00 2519.00 2519.00 892.00
20150316  14:39:00 2519.00 2520.00 2519.00 2520.00 1374.00
20150316  14:40:00 2519.00 2520.00 2519.00 2519.00 1558.00
20150316  14:41:00 2519.00 2520.00 2518.00 2519.00 7718.00
20150316  14:42:00 2519.00 2520.00 2519.00 2520.00 2712.00
20150316  14:43:00 2520.00 2522.00 2519.00 2522.00 13938.00
20150316  14:44:00 2522.00 2524.00 2522.00 2524.00 25898.00
20150316  14:45:00 2524.00 2524.00 2521.00 2522.00 14642.00
20150316  14:46:00 2522.00 2524.00 2522.00 2522.00 11260.00
20150316  14:47:00 2522.00 2524.00 2522.00 2523.00 11228.00
20150316  14:48:00 2523.00 2523.00 2521.00 2522.00 10732.00
20150316  14:49:00 2522.00 2523.00 2521.00 2522.00 6556.00
20150316  14:50:00 2523.00 2523.00 2520.00 2522.00 13826.00
20150316  14:51:00 2522.00 2522.00 2520.00 2521.00 13208.00
20150316  14:52:00 2521.00 2522.00 2521.00 2521.00 4628.00
20150316  14:53:00 2521.00 2523.00 2521.00 2523.00 17728.00
20150316  14:54:00 2523.00 2523.00 2521.00 2522.00 8036.00
20150316  14:55:00 2522.00 2523.00 2521.00 2522.00 24920.00
20150316  14:56:00 2522.00 2523.00 2521.00 2523.00 18920.00
20150316  14:57:00 2522.00 2523.00 2520.00 2520.00 25530.00
20150316  14:58:00 2520.00 2521.00 2518.00 2519.00 32218.00
20150316  14:59:00 2519.00 2521.00 2519.00 2520.00 19822.00
20150316  15:00:00 2520.00 2520.00 2520.00 2520.00 140.00
