20150713  21:00:00 2019.00 2020.00 2012.00 2017.00 17084.00
20150713  21:01:00 2018.00 2018.00 2013.00 2016.00 13712.00
20150713  21:02:00 2016.00 2025.00 2016.00 2022.00 24988.00
20150713  21:03:00 2021.00 2022.00 2018.00 2019.00 10542.00
20150713  21:04:00 2019.00 2019.00 2015.00 2016.00 8398.00
20150713  21:05:00 2016.00 2019.00 2015.00 2019.00 8448.00
20150713  21:06:00 2019.00 2019.00 2017.00 2019.00 4658.00
20150713  21:07:00 2019.00 2020.00 2017.00 2019.00 9304.00
20150713  21:08:00 2019.00 2024.00 2018.00 2021.00 24718.00
20150713  21:09:00 2021.00 2021.00 2018.00 2019.00 10636.00
20150713  21:10:00 2019.00 2020.00 2017.00 2018.00 4944.00
20150713  21:11:00 2018.00 2019.00 2015.00 2016.00 9694.00
20150713  21:12:00 2016.00 2018.00 2015.00 2016.00 7722.00
20150713  21:13:00 2017.00 2018.00 2016.00 2017.00 4524.00
20150713  21:14:00 2017.00 2017.00 2014.00 2017.00 12356.00
20150713  21:15:00 2018.00 2019.00 2016.00 2018.00 7004.00
20150713  21:16:00 2017.00 2018.00 2014.00 2015.00 8396.00
20150713  21:17:00 2015.00 2016.00 2013.00 2015.00 7892.00
20150713  21:18:00 2014.00 2014.00 2012.00 2013.00 5234.00
20150713  21:19:00 2013.00 2015.00 2013.00 2014.00 5654.00
20150713  21:20:00 2014.00 2014.00 2011.00 2013.00 7096.00
20150713  21:21:00 2013.00 2017.00 2013.00 2016.00 14558.00
20150713  21:22:00 2016.00 2017.00 2015.00 2016.00 5890.00
20150713  21:23:00 2016.00 2018.00 2015.00 2017.00 6130.00
20150713  21:24:00 2017.00 2017.00 2015.00 2015.00 4980.00
20150713  21:25:00 2015.00 2016.00 2015.00 2015.00 4896.00
20150713  21:26:00 2015.00 2015.00 2013.00 2015.00 4918.00
20150713  21:27:00 2015.00 2016.00 2014.00 2015.00 3048.00
20150713  21:28:00 2015.00 2015.00 2013.00 2014.00 2590.00
20150713  21:29:00 2014.00 2015.00 2013.00 2014.00 2520.00
20150713  21:30:00 2014.00 2016.00 2014.00 2015.00 3408.00
20150713  21:31:00 2015.00 2016.00 2014.00 2016.00 3334.00
20150713  21:32:00 2015.00 2017.00 2015.00 2017.00 4298.00
20150713  21:33:00 2016.00 2019.00 2016.00 2018.00 7124.00
20150713  21:34:00 2017.00 2018.00 2016.00 2017.00 3326.00
20150713  21:35:00 2017.00 2019.00 2017.00 2018.00 4884.00
20150713  21:36:00 2018.00 2019.00 2016.00 2018.00 4632.00
20150713  21:37:00 2018.00 2018.00 2016.00 2017.00 4346.00
20150713  21:38:00 2017.00 2019.00 2017.00 2018.00 3596.00
20150713  21:39:00 2018.00 2020.00 2018.00 2019.00 5698.00
20150713  21:40:00 2019.00 2019.00 2017.00 2018.00 6562.00
20150713  21:41:00 2018.00 2019.00 2017.00 2018.00 1832.00
20150713  21:42:00 2019.00 2019.00 2016.00 2017.00 5260.00
20150713  21:43:00 2017.00 2017.00 2016.00 2017.00 3540.00
20150713  21:44:00 2016.00 2017.00 2016.00 2017.00 692.00
20150713  21:45:00 2017.00 2017.00 2016.00 2017.00 1392.00
20150713  21:46:00 2017.00 2017.00 2016.00 2017.00 1872.00
20150713  21:47:00 2017.00 2017.00 2016.00 2017.00 1188.00
20150713  21:48:00 2017.00 2019.00 2017.00 2018.00 3150.00
20150713  21:49:00 2018.00 2019.00 2017.00 2017.00 2996.00
20150713  21:50:00 2018.00 2019.00 2017.00 2019.00 2522.00
20150713  21:51:00 2019.00 2019.00 2016.00 2017.00 6332.00
20150713  21:52:00 2017.00 2018.00 2016.00 2017.00 4244.00
20150713  21:53:00 2017.00 2017.00 2014.00 2015.00 9098.00
20150713  21:54:00 2015.00 2016.00 2014.00 2014.00 3880.00
20150713  21:55:00 2015.00 2015.00 2013.00 2015.00 9712.00
20150713  21:56:00 2015.00 2015.00 2014.00 2015.00 1596.00
20150713  21:57:00 2015.00 2016.00 2015.00 2016.00 916.00
20150713  21:58:00 2016.00 2016.00 2015.00 2015.00 506.00
20150713  21:59:00 2015.00 2017.00 2015.00 2017.00 2946.00
20150713  22:00:00 2017.00 2019.00 2017.00 2017.00 9250.00
20150713  22:01:00 2017.00 2018.00 2017.00 2017.00 1806.00
20150713  22:02:00 2017.00 2018.00 2016.00 2016.00 2082.00
20150713  22:03:00 2016.00 2017.00 2016.00 2017.00 368.00
20150713  22:04:00 2016.00 2017.00 2015.00 2016.00 1570.00
20150713  22:05:00 2015.00 2017.00 2015.00 2016.00 1506.00
20150713  22:06:00 2015.00 2017.00 2015.00 2016.00 1024.00
20150713  22:07:00 2016.00 2017.00 2016.00 2017.00 308.00
20150713  22:08:00 2017.00 2017.00 2016.00 2017.00 176.00
20150713  22:09:00 2017.00 2017.00 2016.00 2016.00 386.00
20150713  22:10:00 2016.00 2017.00 2016.00 2016.00 944.00
20150713  22:11:00 2016.00 2017.00 2014.00 2015.00 5830.00
20150713  22:12:00 2015.00 2016.00 2014.00 2015.00 4454.00
20150713  22:13:00 2015.00 2016.00 2014.00 2015.00 1834.00
20150713  22:14:00 2016.00 2016.00 2015.00 2015.00 1734.00
20150713  22:15:00 2015.00 2016.00 2015.00 2015.00 1548.00
20150713  22:16:00 2016.00 2017.00 2015.00 2017.00 3560.00
20150713  22:17:00 2017.00 2017.00 2016.00 2016.00 250.00
20150713  22:18:00 2016.00 2017.00 2016.00 2017.00 270.00
20150713  22:19:00 2017.00 2017.00 2015.00 2016.00 1318.00
20150713  22:20:00 2016.00 2016.00 2015.00 2015.00 892.00
20150713  22:21:00 2015.00 2016.00 2015.00 2016.00 966.00
20150713  22:22:00 2016.00 2017.00 2015.00 2017.00 2002.00
20150713  22:23:00 2016.00 2017.00 2015.00 2016.00 792.00
20150713  22:24:00 2015.00 2016.00 2015.00 2016.00 464.00
20150713  22:25:00 2015.00 2017.00 2015.00 2017.00 3004.00
20150713  22:26:00 2017.00 2017.00 2016.00 2016.00 646.00
20150713  22:27:00 2017.00 2017.00 2015.00 2017.00 2696.00
20150713  22:28:00 2015.00 2017.00 2015.00 2016.00 2522.00
20150713  22:29:00 2016.00 2018.00 2016.00 2017.00 4846.00
20150713  22:30:00 2017.00 2018.00 2017.00 2018.00 1302.00
20150713  22:31:00 2017.00 2018.00 2017.00 2017.00 1574.00
20150713  22:32:00 2017.00 2018.00 2017.00 2018.00 628.00
20150713  22:33:00 2018.00 2019.00 2017.00 2019.00 5556.00
20150713  22:34:00 2019.00 2019.00 2018.00 2018.00 5622.00
20150713  22:35:00 2019.00 2020.00 2018.00 2019.00 5176.00
20150713  22:36:00 2019.00 2019.00 2017.00 2017.00 4514.00
20150713  22:37:00 2017.00 2018.00 2017.00 2018.00 1554.00
20150713  22:38:00 2017.00 2018.00 2016.00 2016.00 1926.00
20150713  22:39:00 2017.00 2017.00 2016.00 2016.00 380.00
20150713  22:40:00 2016.00 2018.00 2016.00 2018.00 3274.00
20150713  22:41:00 2018.00 2018.00 2017.00 2018.00 670.00
20150713  22:42:00 2017.00 2018.00 2016.00 2017.00 1840.00
20150713  22:43:00 2017.00 2019.00 2016.00 2019.00 3684.00
20150713  22:44:00 2019.00 2019.00 2017.00 2018.00 1482.00
20150713  22:45:00 2018.00 2019.00 2018.00 2019.00 2058.00
20150713  22:46:00 2019.00 2020.00 2018.00 2020.00 3210.00
20150713  22:47:00 2020.00 2020.00 2018.00 2019.00 3144.00
20150713  22:48:00 2019.00 2019.00 2018.00 2018.00 1256.00
20150713  22:49:00 2018.00 2019.00 2018.00 2019.00 240.00
20150713  22:50:00 2019.00 2019.00 2018.00 2019.00 558.00
20150713  22:51:00 2019.00 2019.00 2018.00 2018.00 212.00
20150713  22:52:00 2018.00 2019.00 2017.00 2018.00 4916.00
20150713  22:53:00 2018.00 2019.00 2017.00 2018.00 722.00
20150713  22:54:00 2018.00 2018.00 2017.00 2018.00 504.00
20150713  22:55:00 2018.00 2018.00 2017.00 2017.00 550.00
20150713  22:56:00 2017.00 2019.00 2017.00 2018.00 3058.00
20150713  22:57:00 2018.00 2019.00 2018.00 2019.00 466.00
20150713  22:58:00 2019.00 2019.00 2018.00 2018.00 260.00
20150713  22:59:00 2018.00 2019.00 2018.00 2019.00 592.00
20150713  23:00:00 2019.00 2020.00 2018.00 2020.00 5806.00
20150713  23:01:00 2019.00 2020.00 2018.00 2019.00 1970.00
20150713  23:02:00 2019.00 2019.00 2018.00 2018.00 454.00
20150713  23:03:00 2018.00 2019.00 2018.00 2019.00 276.00
20150713  23:04:00 2019.00 2019.00 2018.00 2019.00 476.00
20150713  23:05:00 2019.00 2019.00 2018.00 2018.00 678.00
20150713  23:06:00 2018.00 2019.00 2018.00 2018.00 362.00
20150713  23:07:00 2018.00 2019.00 2018.00 2018.00 140.00
20150713  23:08:00 2019.00 2019.00 2018.00 2018.00 2856.00
20150713  23:09:00 2018.00 2018.00 2017.00 2018.00 532.00
20150713  23:10:00 2018.00 2018.00 2017.00 2017.00 158.00
20150713  23:11:00 2017.00 2018.00 2017.00 2018.00 226.00
20150713  23:12:00 2018.00 2018.00 2017.00 2017.00 204.00
20150713  23:13:00 2017.00 2018.00 2017.00 2017.00 964.00
20150713  23:14:00 2018.00 2018.00 2017.00 2018.00 742.00
20150713  23:15:00 2017.00 2019.00 2017.00 2018.00 4530.00
20150713  23:16:00 2018.00 2019.00 2018.00 2019.00 368.00
20150713  23:17:00 2019.00 2019.00 2018.00 2019.00 466.00
20150713  23:18:00 2019.00 2019.00 2018.00 2018.00 548.00
20150713  23:19:00 2018.00 2019.00 2018.00 2019.00 238.00
20150713  23:20:00 2019.00 2019.00 2018.00 2018.00 192.00
20150713  23:21:00 2018.00 2019.00 2018.00 2018.00 234.00
20150713  23:22:00 2019.00 2019.00 2018.00 2019.00 370.00
20150713  23:23:00 2019.00 2019.00 2018.00 2018.00 734.00
20150713  23:24:00 2018.00 2020.00 2018.00 2020.00 1592.00
20150713  23:25:00 2020.00 2020.00 2019.00 2020.00 704.00
20150713  23:26:00 2019.00 2020.00 2019.00 2020.00 678.00
20150713  23:27:00 2020.00 2020.00 2019.00 2020.00 1090.00
20150713  23:28:00 2019.00 2020.00 2019.00 2020.00 2738.00
20150713  23:29:00 2019.00 2020.00 2019.00 2020.00 1186.00
20150713  23:30:00 2020.00 2020.00 2019.00 2020.00 1486.00
20150713  23:31:00 2020.00 2020.00 2019.00 2020.00 1466.00
20150713  23:32:00 2020.00 2021.00 2019.00 2021.00 5050.00
20150713  23:33:00 2021.00 2021.00 2020.00 2021.00 1056.00
20150713  23:34:00 2021.00 2021.00 2020.00 2021.00 920.00
20150713  23:35:00 2021.00 2022.00 2020.00 2022.00 3676.00
20150713  23:36:00 2022.00 2022.00 2021.00 2022.00 3896.00
20150713  23:37:00 2022.00 2022.00 2021.00 2021.00 2326.00
20150713  23:38:00 2021.00 2022.00 2020.00 2021.00 3032.00
20150713  23:39:00 2021.00 2021.00 2020.00 2021.00 758.00
20150713  23:40:00 2020.00 2022.00 2020.00 2021.00 2988.00
20150713  23:41:00 2021.00 2022.00 2021.00 2022.00 466.00
20150713  23:42:00 2021.00 2022.00 2020.00 2020.00 2594.00
20150713  23:43:00 2020.00 2021.00 2020.00 2020.00 388.00
20150713  23:44:00 2020.00 2021.00 2020.00 2020.00 1176.00
20150713  23:45:00 2020.00 2022.00 2020.00 2021.00 2294.00
20150713  23:46:00 2021.00 2022.00 2020.00 2022.00 1362.00
20150713  23:47:00 2021.00 2022.00 2021.00 2021.00 1024.00
20150713  23:48:00 2021.00 2022.00 2021.00 2021.00 388.00
20150713  23:49:00 2021.00 2022.00 2021.00 2022.00 1028.00
20150713  23:50:00 2022.00 2022.00 2020.00 2020.00 1452.00
20150713  23:51:00 2020.00 2021.00 2020.00 2021.00 152.00
20150713  23:52:00 2021.00 2022.00 2020.00 2021.00 1528.00
20150713  23:53:00 2021.00 2023.00 2021.00 2022.00 4676.00
20150713  23:54:00 2022.00 2023.00 2022.00 2022.00 3580.00
20150713  23:55:00 2021.00 2023.00 2021.00 2022.00 2156.00
20150713  23:56:00 2022.00 2024.00 2022.00 2023.00 9340.00
20150713  23:57:00 2024.00 2024.00 2023.00 2024.00 2024.00
20150713  23:58:00 2024.00 2024.00 2023.00 2023.00 1400.00
20150713  23:59:00 2023.00 2024.00 2023.00 2024.00 1638.00
20150714  00:00:00 2024.00 2024.00 2023.00 2023.00 3270.00
20150714  00:01:00 2023.00 2024.00 2023.00 2024.00 1330.00
20150714  00:02:00 2024.00 2024.00 2023.00 2024.00 476.00
20150714  00:03:00 2023.00 2024.00 2022.00 2023.00 2214.00
20150714  00:04:00 2022.00 2023.00 2022.00 2022.00 536.00
20150714  00:05:00 2023.00 2023.00 2022.00 2022.00 526.00
20150714  00:06:00 2022.00 2022.00 2021.00 2022.00 2074.00
20150714  00:07:00 2022.00 2023.00 2022.00 2022.00 170.00
20150714  00:08:00 2022.00 2023.00 2022.00 2023.00 186.00
20150714  00:09:00 2023.00 2023.00 2022.00 2023.00 114.00
20150714  00:10:00 2023.00 2023.00 2022.00 2022.00 306.00
20150714  00:11:00 2022.00 2023.00 2022.00 2023.00 1756.00
20150714  00:12:00 2023.00 2024.00 2023.00 2023.00 216.00
20150714  00:13:00 2023.00 2024.00 2023.00 2023.00 466.00
20150714  00:14:00 2024.00 2024.00 2023.00 2023.00 206.00
20150714  00:15:00 2023.00 2024.00 2023.00 2023.00 204.00
20150714  00:16:00 2023.00 2024.00 2023.00 2024.00 204.00
20150714  00:17:00 2024.00 2025.00 2023.00 2025.00 9058.00
20150714  00:18:00 2024.00 2026.00 2024.00 2025.00 2946.00
20150714  00:19:00 2025.00 2026.00 2024.00 2025.00 1972.00
20150714  00:20:00 2025.00 2026.00 2025.00 2025.00 852.00
20150714  00:21:00 2025.00 2025.00 2024.00 2024.00 964.00
20150714  00:22:00 2024.00 2025.00 2024.00 2025.00 316.00
20150714  00:23:00 2025.00 2025.00 2024.00 2025.00 302.00
20150714  00:24:00 2025.00 2025.00 2024.00 2024.00 126.00
20150714  00:25:00 2024.00 2025.00 2024.00 2024.00 368.00
20150714  00:26:00 2024.00 2025.00 2024.00 2025.00 386.00
20150714  00:27:00 2025.00 2025.00 2023.00 2023.00 1140.00
20150714  00:28:00 2023.00 2024.00 2023.00 2023.00 304.00
20150714  00:29:00 2023.00 2024.00 2023.00 2024.00 128.00
20150714  00:30:00 2023.00 2024.00 2023.00 2023.00 436.00
20150714  00:31:00 2023.00 2024.00 2023.00 2023.00  56.00
20150714  00:32:00 2024.00 2024.00 2023.00 2024.00 336.00
20150714  00:33:00 2024.00 2024.00 2023.00 2023.00 284.00
20150714  00:34:00 2024.00 2024.00 2023.00 2024.00 468.00
20150714  00:35:00 2024.00 2024.00 2023.00 2024.00 606.00
20150714  00:36:00 2024.00 2025.00 2023.00 2025.00 1494.00
20150714  00:37:00 2025.00 2025.00 2024.00 2024.00 200.00
20150714  00:38:00 2024.00 2025.00 2024.00 2024.00  62.00
20150714  00:39:00 2024.00 2025.00 2024.00 2025.00  84.00
20150714  00:40:00 2024.00 2025.00 2024.00 2024.00 174.00
20150714  00:41:00 2025.00 2025.00 2024.00 2024.00 224.00
20150714  00:42:00 2024.00 2025.00 2024.00 2025.00 130.00
20150714  00:43:00 2025.00 2026.00 2024.00 2026.00 828.00
20150714  00:44:00 2025.00 2025.00 2024.00 2025.00 330.00
20150714  00:45:00 2025.00 2026.00 2025.00 2025.00 308.00
20150714  00:46:00 2025.00 2025.00 2024.00 2025.00 536.00
20150714  00:47:00 2025.00 2026.00 2024.00 2024.00 348.00
20150714  00:48:00 2024.00 2025.00 2024.00 2025.00 224.00
20150714  00:49:00 2025.00 2025.00 2024.00 2025.00  98.00
20150714  00:50:00 2025.00 2025.00 2024.00 2025.00 1130.00
20150714  00:51:00 2026.00 2026.00 2024.00 2025.00 1266.00
20150714  00:52:00 2025.00 2027.00 2025.00 2027.00 1868.00
20150714  00:53:00 2026.00 2027.00 2026.00 2027.00 808.00
20150714  00:54:00 2026.00 2027.00 2025.00 2025.00 1058.00
20150714  00:55:00 2026.00 2026.00 2025.00 2026.00 264.00
20150714  00:56:00 2026.00 2026.00 2025.00 2025.00 386.00
20150714  00:57:00 2026.00 2026.00 2024.00 2025.00 1166.00
20150714  00:58:00 2024.00 2025.00 2024.00 2024.00 2610.00
20150714  00:59:00 2024.00 2025.00 2024.00 2024.00 1624.00
20150714  01:00:00 2024.00 2024.00 2024.00 2024.00   2.00
20150714  09:00:00 2022.00 2023.00 2022.00 2023.00 21158.00
20150714  09:01:00 2023.00 2023.00 2021.00 2023.00 5546.00
20150714  09:05:00 2031.00 2031.00 2027.00 2028.00 73056.00
20150714  09:06:00 2029.00 2029.00 2026.00 2027.00 11332.00
20150714  09:07:00 2028.00 2028.00 2025.00 2026.00 5614.00
20150714  09:08:00 2027.00 2028.00 2025.00 2028.00 5050.00
20150714  09:09:00 2027.00 2030.00 2027.00 2029.00 9488.00
20150714  09:10:00 2029.00 2031.00 2029.00 2031.00 7812.00
20150714  09:11:00 2031.00 2031.00 2026.00 2028.00 9252.00
20150714  09:12:00 2027.00 2030.00 2027.00 2030.00 7416.00
20150714  09:13:00 2030.00 2030.00 2027.00 2029.00 6900.00
20150714  09:14:00 2028.00 2031.00 2028.00 2031.00 12530.00
20150714  09:15:00 2031.00 2033.00 2030.00 2031.00 18034.00
20150714  09:16:00 2030.00 2031.00 2028.00 2029.00 6358.00
20150714  09:17:00 2029.00 2031.00 2028.00 2030.00 6596.00
20150714  09:18:00 2030.00 2032.00 2030.00 2031.00 4844.00
20150714  09:19:00 2031.00 2032.00 2030.00 2030.00 5402.00
20150714  09:20:00 2030.00 2032.00 2029.00 2029.00 6512.00
20150714  09:21:00 2029.00 2029.00 2028.00 2028.00 4152.00
20150714  09:22:00 2028.00 2029.00 2025.00 2026.00 8874.00
20150714  09:23:00 2026.00 2028.00 2025.00 2028.00 4074.00
20150714  09:24:00 2027.00 2028.00 2026.00 2028.00 5002.00
20150714  09:25:00 2028.00 2029.00 2027.00 2029.00 4456.00
20150714  09:26:00 2028.00 2029.00 2024.00 2025.00 9026.00
20150714  09:27:00 2025.00 2026.00 2019.00 2020.00 17154.00
20150714  09:28:00 2020.00 2023.00 2019.00 2022.00 17708.00
20150714  09:29:00 2021.00 2024.00 2021.00 2023.00 6482.00
20150714  09:30:00 2023.00 2024.00 2022.00 2022.00 3796.00
20150714  09:31:00 2023.00 2025.00 2022.00 2024.00 3176.00
20150714  09:32:00 2024.00 2026.00 2023.00 2025.00 4754.00
20150714  09:33:00 2025.00 2028.00 2025.00 2028.00 6064.00
20150714  09:34:00 2028.00 2029.00 2027.00 2027.00 9928.00
20150714  09:35:00 2028.00 2030.00 2026.00 2026.00 7168.00
20150714  09:36:00 2027.00 2029.00 2026.00 2028.00 5610.00
20150714  09:37:00 2028.00 2028.00 2026.00 2027.00 3332.00
20150714  09:38:00 2027.00 2028.00 2025.00 2026.00 4414.00
20150714  09:39:00 2026.00 2026.00 2023.00 2024.00 6076.00
20150714  09:40:00 2024.00 2026.00 2024.00 2026.00 3234.00
20150714  09:41:00 2025.00 2026.00 2024.00 2026.00 1240.00
20150714  09:42:00 2026.00 2027.00 2025.00 2027.00 1174.00
20150714  09:43:00 2027.00 2027.00 2025.00 2026.00 3802.00
20150714  09:44:00 2026.00 2026.00 2024.00 2025.00 3214.00
20150714  09:45:00 2025.00 2025.00 2024.00 2024.00 2982.00
20150714  09:46:00 2025.00 2026.00 2024.00 2024.00 3090.00
20150714  09:47:00 2024.00 2024.00 2020.00 2022.00 13490.00
20150714  09:48:00 2021.00 2023.00 2020.00 2022.00 6118.00
20150714  09:49:00 2023.00 2024.00 2021.00 2023.00 5192.00
20150714  09:50:00 2023.00 2023.00 2021.00 2022.00 4480.00
20150714  09:51:00 2022.00 2023.00 2021.00 2023.00 3170.00
20150714  09:52:00 2022.00 2023.00 2021.00 2021.00 3548.00
20150714  09:53:00 2021.00 2022.00 2020.00 2022.00 6774.00
20150714  09:54:00 2022.00 2023.00 2020.00 2020.00 6044.00
20150714  09:55:00 2021.00 2021.00 2017.00 2019.00 17426.00
20150714  09:56:00 2019.00 2019.00 2017.00 2017.00 4754.00
20150714  09:57:00 2017.00 2019.00 2016.00 2019.00 11332.00
20150714  09:58:00 2019.00 2021.00 2018.00 2020.00 6080.00
20150714  09:59:00 2021.00 2021.00 2019.00 2019.00 4980.00
20150714  10:00:00 2020.00 2020.00 2018.00 2018.00 3570.00
20150714  10:01:00 2018.00 2019.00 2018.00 2019.00 3404.00
20150714  10:02:00 2018.00 2020.00 2018.00 2019.00 3482.00
20150714  10:03:00 2019.00 2020.00 2018.00 2020.00 5324.00
20150714  10:04:00 2019.00 2020.00 2019.00 2019.00 1744.00
20150714  10:05:00 2019.00 2020.00 2018.00 2019.00 1288.00
20150714  10:06:00 2019.00 2019.00 2016.00 2016.00 5906.00
20150714  10:07:00 2016.00 2018.00 2016.00 2018.00 5700.00
20150714  10:08:00 2018.00 2018.00 2016.00 2017.00 3572.00
20150714  10:09:00 2017.00 2020.00 2016.00 2020.00 7946.00
20150714  10:10:00 2019.00 2020.00 2018.00 2018.00 5210.00
20150714  10:11:00 2018.00 2018.00 2016.00 2018.00 9146.00
20150714  10:12:00 2018.00 2019.00 2017.00 2019.00 1900.00
20150714  10:13:00 2019.00 2019.00 2017.00 2018.00 1002.00
20150714  10:14:00 2017.00 2018.00 2015.00 2016.00 6798.00
20150714  10:30:00 2016.00 2017.00 2015.00 2017.00 6412.00
20150714  10:31:00 2017.00 2017.00 2015.00 2017.00 4368.00
20150714  10:32:00 2017.00 2018.00 2015.00 2017.00 4776.00
20150714  10:33:00 2017.00 2018.00 2016.00 2017.00 1958.00
20150714  10:34:00 2017.00 2018.00 2016.00 2017.00 1204.00
20150714  10:35:00 2017.00 2018.00 2016.00 2018.00 3182.00
20150714  10:36:00 2018.00 2019.00 2017.00 2018.00 3544.00
20150714  10:37:00 2018.00 2019.00 2017.00 2017.00 1626.00
20150714  10:38:00 2018.00 2018.00 2017.00 2018.00 1428.00
20150714  10:39:00 2018.00 2019.00 2017.00 2019.00 3280.00
20150714  10:40:00 2018.00 2019.00 2018.00 2019.00 2614.00
20150714  10:41:00 2019.00 2020.00 2018.00 2019.00 4274.00
20150714  10:42:00 2019.00 2020.00 2018.00 2019.00 4248.00
20150714  10:43:00 2019.00 2019.00 2018.00 2018.00 2588.00
20150714  10:44:00 2019.00 2020.00 2018.00 2019.00 4072.00
20150714  10:45:00 2019.00 2019.00 2018.00 2019.00 1888.00
20150714  10:46:00 2020.00 2020.00 2018.00 2019.00 2594.00
20150714  10:47:00 2019.00 2019.00 2018.00 2019.00 2572.00
20150714  10:48:00 2019.00 2019.00 2016.00 2017.00 5544.00
20150714  10:49:00 2017.00 2017.00 2016.00 2016.00 2248.00
20150714  10:50:00 2016.00 2017.00 2015.00 2017.00 4818.00
20150714  10:51:00 2017.00 2018.00 2016.00 2018.00 1682.00
20150714  10:52:00 2018.00 2018.00 2016.00 2016.00 2256.00
20150714  10:53:00 2016.00 2017.00 2014.00 2014.00 6220.00
20150714  10:54:00 2014.00 2017.00 2014.00 2017.00 3850.00
20150714  10:55:00 2017.00 2019.00 2016.00 2018.00 3566.00
20150714  10:56:00 2018.00 2021.00 2018.00 2020.00 10840.00
20150714  10:57:00 2020.00 2022.00 2020.00 2021.00 9500.00
20150714  10:58:00 2021.00 2022.00 2020.00 2022.00 8790.00
20150714  10:59:00 2021.00 2024.00 2021.00 2023.00 12622.00
20150714  11:00:00 2022.00 2024.00 2022.00 2024.00 9220.00
20150714  11:01:00 2024.00 2024.00 2022.00 2023.00 5090.00
20150714  11:02:00 2023.00 2024.00 2023.00 2023.00 1918.00
20150714  11:03:00 2023.00 2025.00 2023.00 2025.00 5558.00
20150714  11:04:00 2025.00 2025.00 2024.00 2024.00 1082.00
20150714  11:05:00 2024.00 2025.00 2023.00 2023.00 5530.00
20150714  11:06:00 2023.00 2024.00 2023.00 2023.00 1566.00
20150714  11:07:00 2023.00 2025.00 2023.00 2025.00 5666.00
20150714  11:08:00 2025.00 2026.00 2024.00 2025.00 6414.00
20150714  11:09:00 2025.00 2025.00 2024.00 2024.00 3958.00
20150714  11:10:00 2024.00 2025.00 2023.00 2023.00 1910.00
20150714  11:11:00 2023.00 2024.00 2023.00 2023.00 1152.00
20150714  11:12:00 2023.00 2024.00 2022.00 2023.00 4710.00
20150714  11:13:00 2022.00 2023.00 2022.00 2022.00 5344.00
20150714  11:14:00 2022.00 2024.00 2022.00 2023.00 4206.00
20150714  11:15:00 2024.00 2026.00 2023.00 2025.00 7018.00
20150714  11:16:00 2025.00 2026.00 2024.00 2025.00 2464.00
20150714  11:17:00 2025.00 2025.00 2024.00 2024.00 872.00
20150714  11:18:00 2024.00 2025.00 2023.00 2023.00 1376.00
20150714  11:19:00 2023.00 2024.00 2023.00 2023.00 524.00
20150714  11:20:00 2023.00 2024.00 2022.00 2023.00 3402.00
20150714  11:21:00 2023.00 2024.00 2022.00 2022.00 2220.00
20150714  11:22:00 2022.00 2024.00 2021.00 2021.00 5350.00
20150714  11:23:00 2021.00 2022.00 2019.00 2019.00 7598.00
20150714  11:24:00 2019.00 2020.00 2018.00 2018.00 5028.00
20150714  11:25:00 2019.00 2020.00 2018.00 2020.00 6524.00
20150714  11:26:00 2020.00 2022.00 2020.00 2022.00 3228.00
20150714  11:27:00 2022.00 2022.00 2020.00 2021.00 2934.00
20150714  11:28:00 2021.00 2022.00 2020.00 2021.00 1720.00
20150714  11:29:00 2020.00 2022.00 2020.00 2022.00 2874.00
20150714  13:30:00 2019.00 2020.00 2015.00 2018.00 13862.00
20150714  13:31:00 2018.00 2019.00 2015.00 2015.00 6032.00
20150714  13:32:00 2016.00 2017.00 2014.00 2016.00 8770.00
20150714  13:33:00 2016.00 2018.00 2016.00 2016.00 3846.00
20150714  13:34:00 2017.00 2018.00 2016.00 2017.00 3796.00
20150714  13:35:00 2017.00 2017.00 2016.00 2016.00 2404.00
20150714  13:36:00 2016.00 2018.00 2016.00 2016.00 4396.00
20150714  13:37:00 2017.00 2018.00 2016.00 2017.00 4670.00
20150714  13:38:00 2017.00 2018.00 2015.00 2016.00 3684.00
20150714  13:39:00 2015.00 2016.00 2011.00 2011.00 15102.00
20150714  13:40:00 2011.00 2013.00 2010.00 2013.00 7992.00
20150714  13:41:00 2013.00 2014.00 2012.00 2013.00 6552.00
20150714  13:42:00 2013.00 2015.00 2012.00 2015.00 5216.00
20150714  13:43:00 2015.00 2015.00 2014.00 2015.00 1896.00
20150714  13:44:00 2014.00 2015.00 2013.00 2014.00 2184.00
20150714  13:45:00 2013.00 2015.00 2013.00 2015.00 1820.00
20150714  13:46:00 2015.00 2016.00 2014.00 2016.00 2642.00
20150714  13:47:00 2016.00 2016.00 2015.00 2015.00 3134.00
20150714  13:48:00 2015.00 2016.00 2014.00 2015.00 4164.00
20150714  13:49:00 2015.00 2016.00 2014.00 2015.00 2954.00
20150714  13:50:00 2014.00 2015.00 2014.00 2014.00 966.00
20150714  13:51:00 2015.00 2016.00 2014.00 2015.00 1560.00
20150714  13:52:00 2015.00 2016.00 2014.00 2015.00 1816.00
20150714  13:53:00 2015.00 2016.00 2014.00 2014.00 2694.00
20150714  13:54:00 2014.00 2015.00 2013.00 2013.00 3800.00
20150714  13:55:00 2013.00 2015.00 2013.00 2014.00 1808.00
20150714  13:56:00 2014.00 2015.00 2013.00 2013.00 1350.00
20150714  13:57:00 2013.00 2015.00 2013.00 2014.00 2536.00
20150714  13:58:00 2014.00 2015.00 2013.00 2013.00 1528.00
20150714  13:59:00 2013.00 2014.00 2013.00 2013.00 1016.00
20150714  14:00:00 2014.00 2014.00 2012.00 2013.00 3426.00
20150714  14:01:00 2013.00 2015.00 2013.00 2015.00 1084.00
20150714  14:02:00 2015.00 2015.00 2013.00 2014.00 1722.00
20150714  14:03:00 2014.00 2015.00 2014.00 2014.00 966.00
20150714  14:04:00 2014.00 2015.00 2014.00 2015.00 2512.00
20150714  14:05:00 2015.00 2016.00 2014.00 2015.00 1544.00
20150714  14:06:00 2015.00 2015.00 2014.00 2015.00 452.00
20150714  14:07:00 2015.00 2018.00 2015.00 2017.00 5328.00
20150714  14:08:00 2017.00 2017.00 2015.00 2016.00 2082.00
20150714  14:09:00 2015.00 2016.00 2014.00 2014.00 1724.00
20150714  14:10:00 2014.00 2015.00 2013.00 2013.00 3382.00
20150714  14:11:00 2013.00 2014.00 2012.00 2012.00 3278.00
20150714  14:12:00 2012.00 2013.00 2011.00 2013.00 3162.00
20150714  14:13:00 2013.00 2015.00 2012.00 2014.00 2292.00
20150714  14:14:00 2014.00 2014.00 2013.00 2013.00 584.00
20150714  14:15:00 2013.00 2014.00 2012.00 2014.00 1196.00
20150714  14:16:00 2014.00 2015.00 2013.00 2015.00 1110.00
20150714  14:17:00 2015.00 2015.00 2013.00 2014.00 10066.00
20150714  14:18:00 2014.00 2015.00 2013.00 2014.00 5616.00
20150714  14:19:00 2014.00 2015.00 2013.00 2014.00 4484.00
20150714  14:20:00 2014.00 2014.00 2013.00 2013.00 1766.00
20150714  14:21:00 2013.00 2014.00 2013.00 2013.00 544.00
20150714  14:22:00 2013.00 2014.00 2013.00 2013.00 532.00
20150714  14:23:00 2013.00 2014.00 2012.00 2013.00 3024.00
20150714  14:24:00 2013.00 2015.00 2013.00 2015.00 1296.00
20150714  14:25:00 2014.00 2016.00 2014.00 2016.00 4094.00
20150714  14:26:00 2016.00 2016.00 2015.00 2016.00 1732.00
20150714  14:27:00 2016.00 2018.00 2015.00 2017.00 7750.00
20150714  14:28:00 2016.00 2018.00 2015.00 2017.00 4692.00
20150714  14:29:00 2017.00 2018.00 2016.00 2017.00 2082.00
20150714  14:30:00 2017.00 2017.00 2016.00 2016.00 2162.00
20150714  14:31:00 2016.00 2017.00 2015.00 2016.00 2274.00
20150714  14:32:00 2016.00 2016.00 2015.00 2016.00 458.00
20150714  14:33:00 2016.00 2016.00 2014.00 2015.00 2096.00
20150714  14:34:00 2014.00 2015.00 2014.00 2015.00 2120.00
20150714  14:35:00 2015.00 2015.00 2014.00 2014.00 562.00
20150714  14:36:00 2014.00 2016.00 2014.00 2016.00 916.00
20150714  14:37:00 2015.00 2016.00 2015.00 2016.00 214.00
20150714  14:38:00 2016.00 2016.00 2015.00 2016.00 390.00
20150714  14:39:00 2016.00 2016.00 2015.00 2015.00 1976.00
20150714  14:40:00 2015.00 2015.00 2014.00 2014.00 386.00
20150714  14:41:00 2014.00 2016.00 2014.00 2015.00 1172.00
20150714  14:42:00 2015.00 2016.00 2015.00 2016.00 670.00
20150714  14:43:00 2016.00 2016.00 2015.00 2016.00 642.00
20150714  14:44:00 2016.00 2016.00 2015.00 2015.00 668.00
20150714  14:45:00 2015.00 2017.00 2015.00 2016.00 3944.00
20150714  14:46:00 2016.00 2017.00 2015.00 2017.00 1616.00
20150714  14:47:00 2017.00 2017.00 2015.00 2015.00 1778.00
20150714  14:48:00 2015.00 2016.00 2015.00 2015.00 168.00
20150714  14:49:00 2015.00 2016.00 2012.00 2012.00 6838.00
20150714  14:50:00 2012.00 2013.00 2011.00 2011.00 12588.00
20150714  14:51:00 2010.00 2011.00 2009.00 2009.00 15526.00
20150714  14:52:00 2009.00 2010.00 2006.00 2007.00 9530.00
20150714  14:53:00 2007.00 2009.00 2007.00 2008.00 4188.00
20150714  14:54:00 2008.00 2008.00 2004.00 2005.00 18310.00
20150714  14:55:00 2006.00 2006.00 2000.00 2003.00 38024.00
20150714  14:56:00 2003.00 2007.00 2002.00 2005.00 15920.00
20150714  14:57:00 2005.00 2007.00 2004.00 2006.00 7230.00
20150714  14:58:00 2007.00 2008.00 2005.00 2007.00 10426.00
20150714  14:59:00 2007.00 2009.00 2006.00 2008.00 9000.00
20150714  15:00:00 2007.00 2007.00 2007.00 2007.00  24.00
