20160606  21:00:00 2065.00 2066.00 2060.00 2062.00 52554.00
20160606  21:01:00 2061.00 2062.00 2058.00 2061.00 29246.00
20160606  21:02:00 2060.00 2064.00 2060.00 2062.00 23706.00
20160606  21:03:00 2062.00 2068.00 2061.00 2065.00 41390.00
20160606  21:04:00 2065.00 2066.00 2059.00 2060.00 32348.00
20160606  21:05:00 2060.00 2062.00 2059.00 2059.00 22446.00
20160606  21:06:00 2060.00 2061.00 2058.00 2058.00 16536.00
20160606  21:07:00 2058.00 2060.00 2057.00 2059.00 23738.00
20160606  21:08:00 2059.00 2061.00 2059.00 2061.00 7122.00
20160606  21:09:00 2060.00 2064.00 2060.00 2063.00 19088.00
20160606  21:10:00 2063.00 2066.00 2061.00 2065.00 22736.00
20160606  21:11:00 2065.00 2065.00 2062.00 2064.00 13128.00
20160606  21:12:00 2063.00 2064.00 2063.00 2063.00 10554.00
20160606  21:13:00 2064.00 2068.00 2062.00 2068.00 24692.00
20160606  21:14:00 2068.00 2070.00 2066.00 2067.00 40406.00
20160606  21:15:00 2067.00 2067.00 2063.00 2064.00 27504.00
20160606  21:16:00 2064.00 2064.00 2061.00 2064.00 25084.00
20160606  21:17:00 2064.00 2065.00 2063.00 2064.00 9246.00
20160606  21:18:00 2064.00 2064.00 2060.00 2062.00 19746.00
20160606  21:19:00 2062.00 2062.00 2060.00 2061.00 20636.00
20160606  21:20:00 2061.00 2061.00 2059.00 2060.00 22484.00
20160606  21:21:00 2061.00 2064.00 2060.00 2064.00 13814.00
20160606  21:22:00 2064.00 2064.00 2062.00 2062.00 7196.00
20160606  21:23:00 2063.00 2063.00 2062.00 2062.00 2878.00
20160606  21:24:00 2062.00 2063.00 2062.00 2062.00 2840.00
20160606  21:25:00 2062.00 2064.00 2062.00 2064.00 5952.00
20160606  21:26:00 2064.00 2066.00 2062.00 2065.00 17252.00
20160606  21:27:00 2066.00 2066.00 2063.00 2064.00 8558.00
20160606  21:28:00 2064.00 2065.00 2063.00 2063.00 5136.00
20160606  21:29:00 2064.00 2066.00 2063.00 2066.00 10616.00
20160606  21:30:00 2066.00 2067.00 2062.00 2062.00 16102.00
20160606  21:31:00 2062.00 2064.00 2062.00 2063.00 8980.00
20160606  21:32:00 2064.00 2064.00 2063.00 2064.00 6400.00
20160606  21:33:00 2063.00 2066.00 2063.00 2064.00 8844.00
20160606  21:34:00 2064.00 2066.00 2064.00 2066.00 7452.00
20160606  21:35:00 2065.00 2068.00 2064.00 2068.00 28332.00
20160606  21:36:00 2068.00 2070.00 2066.00 2069.00 30952.00
20160606  21:37:00 2068.00 2069.00 2063.00 2064.00 23578.00
20160606  21:38:00 2063.00 2065.00 2063.00 2064.00 16696.00
20160606  21:39:00 2064.00 2064.00 2061.00 2062.00 25386.00
20160606  21:40:00 2062.00 2064.00 2061.00 2064.00 11442.00
20160606  21:41:00 2064.00 2066.00 2063.00 2065.00 10272.00
20160606  21:42:00 2066.00 2067.00 2065.00 2066.00 14718.00
20160606  21:43:00 2067.00 2070.00 2065.00 2066.00 42846.00
20160606  21:44:00 2066.00 2067.00 2064.00 2065.00 13490.00
20160606  21:45:00 2065.00 2067.00 2064.00 2066.00 8586.00
20160606  21:46:00 2067.00 2067.00 2065.00 2065.00 7564.00
20160606  21:47:00 2065.00 2065.00 2064.00 2065.00 7058.00
20160606  21:48:00 2066.00 2069.00 2065.00 2067.00 10772.00
20160606  21:49:00 2068.00 2068.00 2065.00 2066.00 5094.00
20160606  21:50:00 2066.00 2067.00 2066.00 2067.00 2822.00
20160606  21:51:00 2067.00 2068.00 2067.00 2068.00 6112.00
20160606  21:52:00 2067.00 2068.00 2065.00 2066.00 9290.00
20160606  21:53:00 2065.00 2067.00 2065.00 2067.00 6432.00
20160606  21:54:00 2066.00 2067.00 2066.00 2067.00 2330.00
20160606  21:55:00 2067.00 2067.00 2065.00 2065.00 5766.00
20160606  21:56:00 2065.00 2068.00 2065.00 2067.00 7956.00
20160606  21:57:00 2068.00 2069.00 2067.00 2068.00 13582.00
20160606  21:58:00 2068.00 2071.00 2067.00 2071.00 33618.00
20160606  21:59:00 2071.00 2073.00 2070.00 2071.00 35816.00
20160606  22:00:00 2070.00 2071.00 2068.00 2068.00 20564.00
20160606  22:01:00 2068.00 2068.00 2065.00 2068.00 18808.00
20160606  22:02:00 2068.00 2068.00 2066.00 2067.00 9726.00
20160606  22:03:00 2067.00 2067.00 2065.00 2067.00 11044.00
20160606  22:04:00 2066.00 2068.00 2066.00 2067.00 5764.00
20160606  22:05:00 2067.00 2069.00 2067.00 2068.00 4864.00
20160606  22:06:00 2068.00 2068.00 2066.00 2067.00 7398.00
20160606  22:07:00 2068.00 2068.00 2066.00 2067.00 5182.00
20160606  22:08:00 2067.00 2069.00 2067.00 2069.00 7866.00
20160606  22:09:00 2069.00 2069.00 2067.00 2069.00 10302.00
20160606  22:10:00 2069.00 2072.00 2068.00 2070.00 18872.00
20160606  22:11:00 2070.00 2072.00 2069.00 2072.00 17064.00
20160606  22:12:00 2071.00 2076.00 2071.00 2076.00 59620.00
20160606  22:13:00 2075.00 2076.00 2072.00 2074.00 35780.00
20160606  22:14:00 2073.00 2074.00 2072.00 2072.00 10676.00
20160606  22:15:00 2072.00 2077.00 2072.00 2077.00 32548.00
20160606  22:16:00 2077.00 2078.00 2076.00 2077.00 25674.00
20160606  22:17:00 2076.00 2078.00 2075.00 2075.00 39046.00
20160606  22:18:00 2074.00 2075.00 2073.00 2075.00 21974.00
20160606  22:19:00 2074.00 2074.00 2072.00 2073.00 14634.00
20160606  22:20:00 2073.00 2075.00 2072.00 2074.00 8242.00
20160606  22:21:00 2074.00 2077.00 2074.00 2077.00 20826.00
20160606  22:22:00 2077.00 2078.00 2074.00 2075.00 21884.00
20160606  22:23:00 2075.00 2080.00 2075.00 2079.00 32716.00
20160606  22:24:00 2079.00 2079.00 2077.00 2078.00 18148.00
20160606  22:25:00 2078.00 2081.00 2077.00 2078.00 47216.00
20160606  22:26:00 2078.00 2079.00 2076.00 2076.00 21004.00
20160606  22:27:00 2077.00 2078.00 2076.00 2076.00 10906.00
20160606  22:28:00 2077.00 2081.00 2076.00 2080.00 19372.00
20160606  22:29:00 2081.00 2081.00 2078.00 2080.00 17256.00
20160606  22:30:00 2080.00 2090.00 2080.00 2086.00 109058.00
20160606  22:31:00 2087.00 2088.00 2085.00 2088.00 30920.00
20160606  22:32:00 2088.00 2094.00 2087.00 2094.00 53896.00
20160606  22:33:00 2094.00 2098.00 2092.00 2097.00 96596.00
20160606  22:34:00 2098.00 2101.00 2091.00 2092.00 96756.00
20160606  22:35:00 2091.00 2094.00 2089.00 2092.00 56980.00
20160606  22:36:00 2091.00 2094.00 2090.00 2094.00 39476.00
20160606  22:37:00 2094.00 2094.00 2092.00 2092.00 24754.00
20160606  22:38:00 2092.00 2093.00 2092.00 2093.00 16538.00
20160606  22:39:00 2093.00 2095.00 2092.00 2092.00 14252.00
20160606  22:40:00 2093.00 2094.00 2091.00 2092.00 20174.00
20160606  22:41:00 2092.00 2097.00 2092.00 2097.00 34814.00
20160606  22:42:00 2097.00 2098.00 2095.00 2096.00 31432.00
20160606  22:43:00 2096.00 2102.00 2096.00 2100.00 55084.00
20160606  22:44:00 2099.00 2099.00 2094.00 2094.00 47066.00
20160606  22:45:00 2094.00 2095.00 2092.00 2093.00 21838.00
20160606  22:46:00 2093.00 2094.00 2087.00 2087.00 48768.00
20160606  22:47:00 2088.00 2090.00 2087.00 2090.00 26934.00
20160606  22:48:00 2090.00 2090.00 2089.00 2089.00 18804.00
20160606  22:49:00 2089.00 2091.00 2089.00 2091.00 13050.00
20160606  22:50:00 2090.00 2093.00 2090.00 2092.00 18640.00
20160606  22:51:00 2092.00 2093.00 2091.00 2092.00 10244.00
20160606  22:52:00 2092.00 2093.00 2090.00 2090.00 10524.00
20160606  22:53:00 2090.00 2094.00 2090.00 2094.00 17376.00
20160606  22:54:00 2094.00 2094.00 2092.00 2094.00 12194.00
20160606  22:55:00 2094.00 2094.00 2091.00 2091.00 15038.00
20160606  22:56:00 2091.00 2092.00 2087.00 2087.00 32078.00
20160606  22:57:00 2087.00 2091.00 2087.00 2090.00 20682.00
20160606  22:58:00 2090.00 2093.00 2090.00 2093.00 18404.00
20160606  22:59:00 2093.00 2093.00 2089.00 2089.00 40848.00
20160606  23:00:00 2090.00 2090.00 2090.00 2090.00 584.00
20160607  09:00:00 2086.00 2089.00 2082.00 2085.00 53048.00
20160607  09:01:00 2086.00 2088.00 2085.00 2088.00 23628.00
20160607  09:02:00 2088.00 2092.00 2088.00 2089.00 22054.00
20160607  09:03:00 2089.00 2090.00 2087.00 2088.00 15204.00
20160607  09:04:00 2087.00 2088.00 2084.00 2085.00 21902.00
20160607  09:05:00 2085.00 2086.00 2080.00 2080.00 35256.00
20160607  09:06:00 2081.00 2085.00 2080.00 2084.00 28824.00
20160607  09:07:00 2085.00 2085.00 2083.00 2084.00 9388.00
20160607  09:08:00 2084.00 2086.00 2083.00 2085.00 9126.00
20160607  09:09:00 2085.00 2085.00 2083.00 2084.00 12462.00
20160607  09:10:00 2084.00 2084.00 2081.00 2082.00 22474.00
20160607  09:11:00 2082.00 2083.00 2079.00 2079.00 31168.00
20160607  09:12:00 2079.00 2082.00 2079.00 2082.00 15552.00
20160607  09:13:00 2082.00 2083.00 2078.00 2080.00 24540.00
20160607  09:14:00 2080.00 2080.00 2075.00 2075.00 48496.00
20160607  09:15:00 2074.00 2076.00 2072.00 2076.00 46440.00
20160607  09:16:00 2075.00 2075.00 2072.00 2072.00 29862.00
20160607  09:17:00 2073.00 2073.00 2071.00 2073.00 29490.00
20160607  09:18:00 2073.00 2074.00 2070.00 2071.00 34680.00
20160607  09:19:00 2071.00 2072.00 2068.00 2069.00 34778.00
20160607  09:20:00 2069.00 2072.00 2068.00 2072.00 32926.00
20160607  09:21:00 2072.00 2073.00 2071.00 2072.00 22024.00
20160607  09:22:00 2072.00 2073.00 2070.00 2070.00 18246.00
20160607  09:23:00 2071.00 2074.00 2070.00 2073.00 15684.00
20160607  09:24:00 2073.00 2074.00 2072.00 2073.00 11942.00
20160607  09:25:00 2073.00 2073.00 2071.00 2073.00 11350.00
20160607  09:26:00 2073.00 2074.00 2072.00 2074.00 8976.00
20160607  09:27:00 2073.00 2074.00 2072.00 2072.00 9728.00
20160607  09:28:00 2072.00 2075.00 2072.00 2074.00 12018.00
20160607  09:29:00 2075.00 2075.00 2073.00 2073.00 10918.00
20160607  09:30:00 2074.00 2074.00 2071.00 2072.00 21836.00
20160607  09:31:00 2071.00 2072.00 2070.00 2070.00 19792.00
20160607  09:32:00 2070.00 2071.00 2069.00 2069.00 18150.00
20160607  09:33:00 2070.00 2071.00 2069.00 2071.00 13186.00
20160607  09:34:00 2071.00 2072.00 2071.00 2072.00 10582.00
20160607  09:35:00 2071.00 2072.00 2071.00 2072.00 8008.00
20160607  09:36:00 2072.00 2073.00 2071.00 2072.00 5092.00
20160607  09:37:00 2072.00 2073.00 2069.00 2069.00 11988.00
20160607  09:38:00 2069.00 2073.00 2069.00 2072.00 14112.00
20160607  09:39:00 2073.00 2074.00 2072.00 2074.00 8018.00
20160607  09:40:00 2074.00 2074.00 2073.00 2073.00 6472.00
20160607  09:41:00 2073.00 2074.00 2072.00 2074.00 10316.00
20160607  09:42:00 2074.00 2074.00 2073.00 2074.00 7450.00
20160607  09:43:00 2073.00 2074.00 2072.00 2073.00 7650.00
20160607  09:44:00 2073.00 2074.00 2073.00 2073.00 3620.00
20160607  09:45:00 2073.00 2075.00 2073.00 2074.00 8648.00
20160607  09:46:00 2074.00 2074.00 2072.00 2072.00 3530.00
20160607  09:47:00 2073.00 2073.00 2070.00 2071.00 10572.00
20160607  09:48:00 2071.00 2073.00 2071.00 2073.00 3798.00
20160607  09:49:00 2072.00 2074.00 2072.00 2073.00 2650.00
20160607  09:50:00 2073.00 2077.00 2073.00 2077.00 30770.00
20160607  09:51:00 2077.00 2078.00 2075.00 2075.00 17708.00
20160607  09:52:00 2076.00 2076.00 2070.00 2071.00 27478.00
20160607  09:53:00 2072.00 2073.00 2071.00 2073.00 13312.00
20160607  09:54:00 2073.00 2073.00 2071.00 2072.00 6192.00
20160607  09:55:00 2071.00 2072.00 2069.00 2071.00 27692.00
20160607  09:56:00 2070.00 2071.00 2067.00 2067.00 36434.00
20160607  09:57:00 2068.00 2068.00 2061.00 2062.00 66970.00
20160607  09:58:00 2061.00 2064.00 2058.00 2059.00 74118.00
20160607  09:59:00 2059.00 2059.00 2055.00 2059.00 55648.00
20160607  10:00:00 2060.00 2060.00 2055.00 2056.00 35096.00
20160607  10:01:00 2057.00 2060.00 2056.00 2060.00 31704.00
20160607  10:02:00 2060.00 2062.00 2060.00 2061.00 26378.00
20160607  10:03:00 2061.00 2064.00 2060.00 2063.00 32976.00
20160607  10:04:00 2063.00 2063.00 2061.00 2062.00 16512.00
20160607  10:05:00 2063.00 2064.00 2062.00 2063.00 15872.00
20160607  10:06:00 2063.00 2064.00 2062.00 2062.00 10670.00
20160607  10:07:00 2062.00 2066.00 2062.00 2066.00 17360.00
20160607  10:08:00 2066.00 2066.00 2063.00 2063.00 14576.00
20160607  10:09:00 2063.00 2065.00 2063.00 2064.00 5120.00
20160607  10:10:00 2064.00 2067.00 2063.00 2067.00 17332.00
20160607  10:11:00 2067.00 2068.00 2066.00 2067.00 20684.00
20160607  10:12:00 2068.00 2068.00 2065.00 2066.00 12684.00
20160607  10:13:00 2066.00 2067.00 2065.00 2067.00 8242.00
20160607  10:14:00 2066.00 2067.00 2065.00 2066.00 7160.00
20160607  10:30:00 2067.00 2068.00 2065.00 2068.00 14396.00
20160607  10:31:00 2068.00 2068.00 2065.00 2067.00 6406.00
20160607  10:32:00 2067.00 2067.00 2065.00 2066.00 2880.00
20160607  10:33:00 2065.00 2066.00 2065.00 2065.00 4484.00
20160607  10:34:00 2066.00 2068.00 2065.00 2068.00 11070.00
20160607  10:35:00 2068.00 2068.00 2067.00 2068.00 6966.00
20160607  10:36:00 2067.00 2068.00 2065.00 2067.00 7442.00
20160607  10:37:00 2066.00 2067.00 2066.00 2066.00 1668.00
20160607  10:38:00 2067.00 2068.00 2066.00 2067.00 3268.00
20160607  10:39:00 2067.00 2068.00 2065.00 2065.00 5364.00
20160607  10:40:00 2065.00 2066.00 2063.00 2064.00 18098.00
20160607  10:41:00 2064.00 2065.00 2064.00 2064.00 7596.00
20160607  10:42:00 2065.00 2065.00 2064.00 2064.00 4690.00
20160607  10:43:00 2064.00 2069.00 2064.00 2068.00 17890.00
20160607  10:44:00 2068.00 2070.00 2067.00 2070.00 17094.00
20160607  10:45:00 2070.00 2070.00 2067.00 2067.00 13304.00
20160607  10:46:00 2066.00 2068.00 2065.00 2067.00 9370.00
20160607  10:47:00 2066.00 2068.00 2066.00 2066.00 3370.00
20160607  10:48:00 2066.00 2067.00 2065.00 2066.00 3234.00
20160607  10:49:00 2065.00 2067.00 2065.00 2066.00 4516.00
20160607  10:50:00 2066.00 2067.00 2066.00 2067.00 2546.00
20160607  10:51:00 2067.00 2068.00 2066.00 2067.00 5222.00
20160607  10:52:00 2068.00 2068.00 2066.00 2067.00 4848.00
20160607  10:53:00 2067.00 2068.00 2067.00 2067.00 3294.00
20160607  10:54:00 2067.00 2071.00 2066.00 2071.00 10966.00
20160607  10:55:00 2070.00 2071.00 2069.00 2070.00 19306.00
20160607  10:56:00 2069.00 2070.00 2067.00 2069.00 7766.00
20160607  10:57:00 2069.00 2071.00 2069.00 2070.00 12410.00
20160607  10:58:00 2071.00 2073.00 2069.00 2071.00 18196.00
20160607  10:59:00 2071.00 2073.00 2071.00 2072.00 11252.00
20160607  11:00:00 2073.00 2076.00 2072.00 2076.00 31784.00
20160607  11:01:00 2075.00 2078.00 2075.00 2076.00 34934.00
20160607  11:02:00 2076.00 2077.00 2075.00 2075.00 14776.00
20160607  11:03:00 2075.00 2076.00 2074.00 2074.00 16318.00
20160607  11:04:00 2074.00 2076.00 2074.00 2074.00 8974.00
20160607  11:05:00 2075.00 2079.00 2075.00 2079.00 30828.00
20160607  11:06:00 2079.00 2080.00 2077.00 2079.00 31050.00
20160607  11:07:00 2078.00 2079.00 2077.00 2078.00 13588.00
20160607  11:08:00 2077.00 2078.00 2074.00 2076.00 21344.00
20160607  11:09:00 2075.00 2076.00 2073.00 2073.00 10822.00
20160607  11:10:00 2074.00 2074.00 2071.00 2072.00 25646.00
20160607  11:11:00 2072.00 2073.00 2072.00 2073.00 7664.00
20160607  11:12:00 2073.00 2074.00 2072.00 2072.00 5020.00
20160607  11:13:00 2073.00 2074.00 2072.00 2073.00 7982.00
20160607  11:14:00 2073.00 2077.00 2073.00 2077.00 15448.00
20160607  11:15:00 2077.00 2077.00 2075.00 2076.00 13230.00
20160607  11:16:00 2076.00 2080.00 2075.00 2080.00 28736.00
20160607  11:17:00 2080.00 2080.00 2078.00 2080.00 15412.00
20160607  11:18:00 2080.00 2086.00 2080.00 2083.00 47632.00
20160607  11:19:00 2084.00 2084.00 2080.00 2084.00 31572.00
20160607  11:20:00 2084.00 2084.00 2081.00 2083.00 18510.00
20160607  11:21:00 2083.00 2084.00 2082.00 2082.00 10934.00
20160607  11:22:00 2082.00 2083.00 2081.00 2082.00 9056.00
20160607  11:23:00 2082.00 2083.00 2080.00 2081.00 14842.00
20160607  11:24:00 2080.00 2082.00 2079.00 2079.00 13290.00
20160607  11:25:00 2079.00 2081.00 2079.00 2080.00 12684.00
20160607  11:26:00 2080.00 2081.00 2077.00 2078.00 25224.00
20160607  11:27:00 2078.00 2079.00 2077.00 2078.00 10976.00
20160607  11:28:00 2078.00 2079.00 2077.00 2077.00 15624.00
20160607  11:29:00 2077.00 2079.00 2076.00 2078.00 20940.00
20160607  13:30:00 2080.00 2081.00 2077.00 2078.00 33840.00
20160607  13:31:00 2078.00 2078.00 2074.00 2075.00 24204.00
20160607  13:32:00 2074.00 2076.00 2073.00 2073.00 18116.00
20160607  13:33:00 2074.00 2075.00 2073.00 2074.00 8472.00
20160607  13:34:00 2074.00 2075.00 2073.00 2073.00 7684.00
20160607  13:35:00 2073.00 2075.00 2073.00 2075.00 7178.00
20160607  13:36:00 2075.00 2076.00 2074.00 2075.00 9154.00
20160607  13:37:00 2075.00 2076.00 2073.00 2074.00 5490.00
20160607  13:38:00 2074.00 2074.00 2070.00 2070.00 25974.00
20160607  13:39:00 2071.00 2073.00 2070.00 2072.00 20578.00
20160607  13:40:00 2071.00 2072.00 2069.00 2070.00 24104.00
20160607  13:41:00 2070.00 2071.00 2068.00 2071.00 18726.00
20160607  13:42:00 2070.00 2072.00 2070.00 2071.00 9912.00
20160607  13:43:00 2072.00 2072.00 2070.00 2071.00 7154.00
20160607  13:44:00 2070.00 2074.00 2070.00 2073.00 16446.00
20160607  13:45:00 2073.00 2073.00 2071.00 2071.00 7198.00
20160607  13:46:00 2071.00 2073.00 2071.00 2073.00 2430.00
20160607  13:47:00 2073.00 2073.00 2072.00 2072.00 1808.00
20160607  13:48:00 2073.00 2073.00 2068.00 2068.00 24514.00
20160607  13:49:00 2068.00 2070.00 2068.00 2069.00 16222.00
20160607  13:50:00 2070.00 2070.00 2068.00 2070.00 19102.00
20160607  13:51:00 2069.00 2070.00 2068.00 2070.00 8066.00
20160607  13:52:00 2070.00 2071.00 2069.00 2071.00 10416.00
20160607  13:53:00 2071.00 2072.00 2070.00 2072.00 8336.00
20160607  13:54:00 2072.00 2072.00 2071.00 2071.00 2124.00
20160607  13:55:00 2071.00 2075.00 2071.00 2074.00 22868.00
20160607  13:56:00 2074.00 2076.00 2073.00 2075.00 14774.00
20160607  13:57:00 2075.00 2075.00 2072.00 2073.00 17012.00
20160607  13:58:00 2073.00 2076.00 2073.00 2073.00 9786.00
20160607  13:59:00 2074.00 2075.00 2074.00 2074.00 6630.00
20160607  14:00:00 2074.00 2075.00 2072.00 2073.00 9504.00
20160607  14:01:00 2073.00 2074.00 2071.00 2071.00 9146.00
20160607  14:02:00 2071.00 2073.00 2070.00 2072.00 21712.00
20160607  14:03:00 2072.00 2072.00 2070.00 2071.00 11684.00
20160607  14:04:00 2072.00 2072.00 2068.00 2068.00 15300.00
20160607  14:05:00 2069.00 2070.00 2068.00 2069.00 17680.00
20160607  14:06:00 2070.00 2072.00 2069.00 2071.00 8386.00
20160607  14:07:00 2071.00 2072.00 2071.00 2071.00 1536.00
20160607  14:08:00 2071.00 2072.00 2071.00 2072.00 6650.00
20160607  14:09:00 2072.00 2073.00 2071.00 2071.00 8876.00
20160607  14:10:00 2071.00 2072.00 2069.00 2070.00 8296.00
20160607  14:11:00 2070.00 2071.00 2070.00 2070.00 5304.00
20160607  14:12:00 2071.00 2071.00 2069.00 2071.00 4630.00
20160607  14:13:00 2070.00 2071.00 2069.00 2070.00 5660.00
20160607  14:14:00 2070.00 2070.00 2066.00 2069.00 34518.00
20160607  14:15:00 2068.00 2070.00 2067.00 2069.00 13004.00
20160607  14:16:00 2069.00 2072.00 2069.00 2071.00 18470.00
20160607  14:17:00 2071.00 2074.00 2070.00 2073.00 18688.00
20160607  14:18:00 2073.00 2073.00 2071.00 2072.00 7588.00
20160607  14:19:00 2072.00 2074.00 2071.00 2074.00 10050.00
20160607  14:20:00 2074.00 2074.00 2073.00 2074.00 9280.00
20160607  14:21:00 2074.00 2074.00 2072.00 2073.00 8688.00
20160607  14:22:00 2073.00 2074.00 2073.00 2074.00 1366.00
20160607  14:23:00 2074.00 2074.00 2072.00 2073.00 7020.00
20160607  14:24:00 2074.00 2074.00 2071.00 2071.00 7632.00
20160607  14:25:00 2071.00 2074.00 2071.00 2073.00 6264.00
20160607  14:26:00 2074.00 2075.00 2073.00 2074.00 12092.00
20160607  14:27:00 2074.00 2074.00 2073.00 2073.00 5454.00
20160607  14:28:00 2073.00 2075.00 2073.00 2075.00 8048.00
20160607  14:29:00 2074.00 2077.00 2074.00 2076.00 27048.00
20160607  14:30:00 2076.00 2076.00 2071.00 2071.00 24736.00
20160607  14:31:00 2072.00 2073.00 2071.00 2073.00 14490.00
20160607  14:32:00 2073.00 2073.00 2071.00 2071.00 3756.00
20160607  14:33:00 2071.00 2072.00 2069.00 2071.00 29614.00
20160607  14:34:00 2070.00 2072.00 2070.00 2071.00 13036.00
20160607  14:35:00 2071.00 2073.00 2070.00 2071.00 11336.00
20160607  14:36:00 2071.00 2072.00 2071.00 2071.00 4496.00
20160607  14:37:00 2071.00 2072.00 2070.00 2071.00 8364.00
20160607  14:38:00 2071.00 2072.00 2069.00 2069.00 21440.00
20160607  14:39:00 2069.00 2070.00 2066.00 2067.00 36310.00
20160607  14:40:00 2067.00 2071.00 2064.00 2071.00 48328.00
20160607  14:41:00 2071.00 2075.00 2070.00 2074.00 35642.00
20160607  14:42:00 2074.00 2075.00 2072.00 2073.00 13112.00
20160607  14:43:00 2073.00 2074.00 2073.00 2074.00 4716.00
20160607  14:44:00 2074.00 2076.00 2073.00 2076.00 35076.00
20160607  14:45:00 2075.00 2076.00 2073.00 2074.00 13828.00
20160607  14:46:00 2074.00 2075.00 2073.00 2074.00 4618.00
20160607  14:47:00 2074.00 2076.00 2073.00 2076.00 12302.00
20160607  14:48:00 2076.00 2076.00 2072.00 2072.00 16310.00
20160607  14:49:00 2072.00 2074.00 2072.00 2074.00 6856.00
20160607  14:50:00 2073.00 2076.00 2073.00 2075.00 15612.00
20160607  14:51:00 2074.00 2076.00 2074.00 2075.00 11222.00
20160607  14:52:00 2074.00 2076.00 2074.00 2076.00 7278.00
20160607  14:53:00 2075.00 2077.00 2074.00 2075.00 13318.00
20160607  14:54:00 2075.00 2080.00 2074.00 2079.00 41796.00
20160607  14:55:00 2080.00 2081.00 2078.00 2079.00 24326.00
20160607  14:56:00 2078.00 2080.00 2077.00 2079.00 15920.00
20160607  14:57:00 2079.00 2079.00 2076.00 2079.00 23384.00
20160607  14:58:00 2078.00 2079.00 2077.00 2078.00 23136.00
20160607  14:59:00 2077.00 2080.00 2076.00 2077.00 56694.00
20160607  15:00:00 2077.00 2077.00 2077.00 2077.00 228.00
