20160309  21:00:00 2113.00 2127.00 2113.00 2124.00 51704.00
20160309  21:01:00 2124.00 2131.00 2122.00 2128.00 46684.00
20160309  21:02:00 2128.00 2139.00 2127.00 2137.00 54234.00
20160309  21:03:00 2137.00 2141.00 2133.00 2141.00 47422.00
20160309  21:04:00 2140.00 2143.00 2137.00 2142.00 43302.00
20160309  21:05:00 2142.00 2142.00 2139.00 2141.00 28664.00
20160309  21:06:00 2141.00 2141.00 2137.00 2137.00 45466.00
20160309  21:07:00 2138.00 2140.00 2137.00 2140.00 41938.00
20160309  21:08:00 2140.00 2163.00 2140.00 2158.00 76040.00
20160309  21:09:00 2157.00 2169.00 2153.00 2169.00 57190.00
20160309  21:10:00 2167.00 2201.00 2166.00 2196.00 125164.00
20160309  21:11:00 2195.00 2197.00 2184.00 2194.00 85286.00
20160309  21:12:00 2194.00 2201.00 2193.00 2201.00 75726.00
20160309  21:13:00 2201.00 2201.00 2194.00 2196.00 44590.00
20160309  21:14:00 2196.00 2198.00 2185.00 2186.00 46256.00
20160309  21:15:00 2187.00 2195.00 2183.00 2194.00 47722.00
20160309  21:16:00 2194.00 2195.00 2184.00 2187.00 44178.00
20160309  21:17:00 2187.00 2187.00 2174.00 2177.00 66090.00
20160309  21:18:00 2177.00 2182.00 2176.00 2180.00 42638.00
20160309  21:19:00 2180.00 2180.00 2166.00 2169.00 50520.00
20160309  21:20:00 2168.00 2172.00 2163.00 2171.00 51170.00
20160309  21:21:00 2171.00 2173.00 2161.00 2164.00 40800.00
20160309  21:22:00 2165.00 2168.00 2159.00 2161.00 44820.00
20160309  21:23:00 2161.00 2161.00 2150.00 2150.00 62856.00
20160309  21:24:00 2149.00 2162.00 2148.00 2161.00 47058.00
20160309  21:25:00 2160.00 2162.00 2155.00 2159.00 41630.00
20160309  21:26:00 2159.00 2159.00 2147.00 2148.00 42286.00
20160309  21:27:00 2148.00 2150.00 2142.00 2143.00 55630.00
20160309  21:28:00 2143.00 2147.00 2141.00 2144.00 40864.00
20160309  21:29:00 2144.00 2152.00 2139.00 2146.00 45858.00
20160309  21:30:00 2145.00 2151.00 2144.00 2145.00 33968.00
20160309  21:31:00 2145.00 2153.00 2145.00 2151.00 27064.00
20160309  21:32:00 2150.00 2153.00 2147.00 2149.00 36826.00
20160309  21:33:00 2148.00 2149.00 2141.00 2147.00 38634.00
20160309  21:34:00 2148.00 2149.00 2144.00 2148.00 21248.00
20160309  21:35:00 2148.00 2149.00 2145.00 2146.00 15326.00
20160309  21:36:00 2146.00 2146.00 2139.00 2139.00 50162.00
20160309  21:37:00 2138.00 2142.00 2134.00 2137.00 48378.00
20160309  21:38:00 2138.00 2140.00 2133.00 2139.00 32774.00
20160309  21:39:00 2140.00 2140.00 2134.00 2139.00 28702.00
20160309  21:40:00 2138.00 2141.00 2136.00 2139.00 21724.00
20160309  21:41:00 2138.00 2143.00 2138.00 2140.00 23186.00
20160309  21:42:00 2140.00 2143.00 2138.00 2141.00 19944.00
20160309  21:43:00 2141.00 2141.00 2134.00 2135.00 24944.00
20160309  21:44:00 2134.00 2138.00 2132.00 2134.00 28266.00
20160309  21:45:00 2133.00 2138.00 2132.00 2137.00 36750.00
20160309  21:46:00 2137.00 2142.00 2137.00 2141.00 27626.00
20160309  21:47:00 2141.00 2141.00 2137.00 2140.00 13060.00
20160309  21:48:00 2141.00 2145.00 2139.00 2143.00 24610.00
20160309  21:49:00 2143.00 2147.00 2143.00 2144.00 29198.00
20160309  21:50:00 2144.00 2146.00 2142.00 2143.00 27580.00
20160309  21:51:00 2144.00 2147.00 2143.00 2144.00 18810.00
20160309  21:52:00 2145.00 2147.00 2139.00 2139.00 20110.00
20160309  21:53:00 2140.00 2142.00 2139.00 2141.00 17464.00
20160309  21:54:00 2141.00 2145.00 2140.00 2143.00 13128.00
20160309  21:55:00 2143.00 2147.00 2142.00 2146.00 17256.00
20160309  21:56:00 2147.00 2160.00 2146.00 2156.00 61456.00
20160309  21:57:00 2156.00 2160.00 2151.00 2153.00 45978.00
20160309  21:58:00 2154.00 2154.00 2145.00 2145.00 42234.00
20160309  21:59:00 2146.00 2147.00 2135.00 2137.00 46270.00
20160309  22:00:00 2137.00 2139.00 2129.00 2132.00 62586.00
20160309  22:01:00 2132.00 2136.00 2131.00 2132.00 26918.00
20160309  22:02:00 2132.00 2136.00 2128.00 2134.00 39482.00
20160309  22:03:00 2133.00 2138.00 2131.00 2137.00 27802.00
20160309  22:04:00 2137.00 2138.00 2135.00 2135.00 14254.00
20160309  22:05:00 2136.00 2139.00 2130.00 2139.00 22416.00
20160309  22:06:00 2138.00 2140.00 2136.00 2138.00 20260.00
20160309  22:07:00 2138.00 2141.00 2137.00 2140.00 19388.00
20160309  22:08:00 2140.00 2141.00 2138.00 2139.00 9528.00
20160309  22:09:00 2139.00 2140.00 2133.00 2135.00 17944.00
20160309  22:10:00 2135.00 2142.00 2134.00 2141.00 21714.00
20160309  22:11:00 2142.00 2142.00 2138.00 2139.00 13816.00
20160309  22:12:00 2139.00 2145.00 2138.00 2141.00 25668.00
20160309  22:13:00 2141.00 2142.00 2139.00 2142.00 13548.00
20160309  22:14:00 2141.00 2142.00 2136.00 2138.00 18144.00
20160309  22:15:00 2138.00 2141.00 2137.00 2138.00 10520.00
20160309  22:16:00 2138.00 2142.00 2138.00 2142.00 14340.00
20160309  22:17:00 2142.00 2143.00 2139.00 2140.00 15380.00
20160309  22:18:00 2140.00 2146.00 2140.00 2145.00 19352.00
20160309  22:19:00 2146.00 2146.00 2142.00 2145.00 18182.00
20160309  22:20:00 2145.00 2146.00 2140.00 2140.00 14696.00
20160309  22:21:00 2140.00 2144.00 2138.00 2143.00 11066.00
20160309  22:22:00 2143.00 2144.00 2141.00 2141.00 10516.00
20160309  22:23:00 2141.00 2144.00 2141.00 2141.00 4520.00
20160309  22:24:00 2142.00 2142.00 2136.00 2137.00 20230.00
20160309  22:25:00 2137.00 2138.00 2132.00 2133.00 23362.00
20160309  22:26:00 2132.00 2139.00 2132.00 2137.00 23906.00
20160309  22:27:00 2138.00 2140.00 2136.00 2136.00 11484.00
20160309  22:28:00 2137.00 2143.00 2136.00 2141.00 17368.00
20160309  22:29:00 2141.00 2142.00 2134.00 2134.00 22300.00
20160309  22:30:00 2135.00 2139.00 2133.00 2138.00 12114.00
20160309  22:31:00 2138.00 2139.00 2137.00 2139.00 6120.00
20160309  22:32:00 2138.00 2141.00 2136.00 2139.00 15048.00
20160309  22:33:00 2139.00 2145.00 2139.00 2143.00 17264.00
20160309  22:34:00 2144.00 2145.00 2138.00 2139.00 12582.00
20160309  22:35:00 2139.00 2144.00 2139.00 2141.00 12610.00
20160309  22:36:00 2141.00 2145.00 2141.00 2144.00 8814.00
20160309  22:37:00 2144.00 2146.00 2141.00 2141.00 16532.00
20160309  22:38:00 2142.00 2146.00 2142.00 2144.00 14386.00
20160309  22:39:00 2144.00 2148.00 2142.00 2148.00 14474.00
20160309  22:40:00 2147.00 2156.00 2144.00 2144.00 51422.00
20160309  22:41:00 2144.00 2145.00 2141.00 2145.00 28026.00
20160309  22:42:00 2146.00 2147.00 2145.00 2145.00 18246.00
20160309  22:43:00 2144.00 2144.00 2140.00 2143.00 23876.00
20160309  22:44:00 2143.00 2144.00 2140.00 2144.00 18564.00
20160309  22:45:00 2144.00 2144.00 2139.00 2143.00 16446.00
20160309  22:46:00 2144.00 2145.00 2142.00 2143.00 9120.00
20160309  22:47:00 2143.00 2143.00 2140.00 2141.00 12076.00
20160309  22:48:00 2141.00 2142.00 2136.00 2136.00 18158.00
20160309  22:49:00 2136.00 2139.00 2136.00 2138.00 17064.00
20160309  22:50:00 2138.00 2141.00 2136.00 2140.00 9540.00
20160309  22:51:00 2140.00 2140.00 2137.00 2138.00 6124.00
20160309  22:52:00 2138.00 2141.00 2137.00 2140.00 10296.00
20160309  22:53:00 2141.00 2141.00 2138.00 2138.00 7830.00
20160309  22:54:00 2138.00 2140.00 2138.00 2139.00 3088.00
20160309  22:55:00 2139.00 2143.00 2139.00 2142.00 10486.00
20160309  22:56:00 2142.00 2145.00 2141.00 2143.00 12826.00
20160309  22:57:00 2143.00 2144.00 2139.00 2143.00 8946.00
20160309  22:58:00 2143.00 2146.00 2143.00 2145.00 12394.00
20160309  22:59:00 2146.00 2146.00 2141.00 2143.00 11180.00
20160309  23:00:00 2143.00 2146.00 2142.00 2143.00 10292.00
20160309  23:01:00 2143.00 2149.00 2143.00 2149.00 16124.00
20160309  23:02:00 2149.00 2151.00 2144.00 2146.00 20710.00
20160309  23:03:00 2147.00 2150.00 2144.00 2150.00 13970.00
20160309  23:04:00 2149.00 2152.00 2146.00 2147.00 19950.00
20160309  23:05:00 2147.00 2156.00 2147.00 2156.00 31852.00
20160309  23:06:00 2155.00 2160.00 2152.00 2152.00 43548.00
20160309  23:07:00 2153.00 2161.00 2153.00 2155.00 37872.00
20160309  23:08:00 2154.00 2155.00 2147.00 2148.00 37574.00
20160309  23:09:00 2148.00 2151.00 2147.00 2147.00 19248.00
20160309  23:10:00 2149.00 2149.00 2145.00 2145.00 27070.00
20160309  23:11:00 2145.00 2148.00 2144.00 2146.00 23438.00
20160309  23:12:00 2146.00 2149.00 2146.00 2149.00 12390.00
20160309  23:13:00 2149.00 2150.00 2146.00 2147.00 12420.00
20160309  23:14:00 2147.00 2149.00 2145.00 2149.00 16956.00
20160309  23:15:00 2149.00 2149.00 2145.00 2145.00 9976.00
20160309  23:16:00 2145.00 2148.00 2143.00 2147.00 16902.00
20160309  23:17:00 2148.00 2149.00 2146.00 2147.00 11328.00
20160309  23:18:00 2146.00 2148.00 2145.00 2147.00 14478.00
20160309  23:19:00 2146.00 2149.00 2146.00 2147.00 11674.00
20160309  23:20:00 2147.00 2151.00 2146.00 2148.00 19090.00
20160309  23:21:00 2148.00 2150.00 2147.00 2148.00 15024.00
20160309  23:22:00 2148.00 2151.00 2146.00 2150.00 12878.00
20160309  23:23:00 2150.00 2150.00 2147.00 2149.00 11800.00
20160309  23:24:00 2150.00 2150.00 2147.00 2149.00 5862.00
20160309  23:25:00 2149.00 2150.00 2146.00 2147.00 11726.00
20160309  23:26:00 2146.00 2149.00 2146.00 2149.00 13034.00
20160309  23:27:00 2149.00 2154.00 2149.00 2153.00 22986.00
20160309  23:28:00 2152.00 2159.00 2151.00 2159.00 23900.00
20160309  23:29:00 2159.00 2160.00 2152.00 2152.00 27018.00
20160309  23:30:00 2153.00 2154.00 2149.00 2150.00 26118.00
20160309  23:31:00 2151.00 2154.00 2150.00 2152.00 20976.00
20160309  23:32:00 2152.00 2156.00 2151.00 2156.00 19430.00
20160309  23:33:00 2157.00 2158.00 2154.00 2157.00 18474.00
20160309  23:34:00 2157.00 2161.00 2156.00 2160.00 31640.00
20160309  23:35:00 2160.00 2164.00 2158.00 2160.00 29976.00
20160309  23:36:00 2160.00 2162.00 2159.00 2160.00 17742.00
20160309  23:37:00 2160.00 2163.00 2159.00 2159.00 21748.00
20160309  23:38:00 2159.00 2164.00 2159.00 2163.00 25394.00
20160309  23:39:00 2164.00 2166.00 2162.00 2163.00 25926.00
20160309  23:40:00 2163.00 2166.00 2162.00 2166.00 19374.00
20160309  23:41:00 2166.00 2166.00 2163.00 2164.00 16634.00
20160309  23:42:00 2164.00 2172.00 2164.00 2171.00 40318.00
20160309  23:43:00 2170.00 2173.00 2168.00 2170.00 31170.00
20160309  23:44:00 2170.00 2172.00 2169.00 2171.00 17764.00
20160309  23:45:00 2171.00 2173.00 2170.00 2172.00 20964.00
20160309  23:46:00 2172.00 2174.00 2170.00 2171.00 17208.00
20160309  23:47:00 2170.00 2171.00 2164.00 2164.00 29888.00
20160309  23:48:00 2165.00 2179.00 2164.00 2178.00 45048.00
20160309  23:49:00 2178.00 2183.00 2176.00 2179.00 45886.00
20160309  23:50:00 2179.00 2181.00 2174.00 2175.00 26776.00
20160309  23:51:00 2176.00 2184.00 2175.00 2181.00 28230.00
20160309  23:52:00 2181.00 2183.00 2177.00 2180.00 26532.00
20160309  23:53:00 2180.00 2181.00 2179.00 2180.00 25422.00
20160309  23:54:00 2180.00 2183.00 2174.00 2174.00 32448.00
20160309  23:55:00 2174.00 2176.00 2172.00 2175.00 25168.00
20160309  23:56:00 2174.00 2174.00 2169.00 2173.00 31968.00
20160309  23:57:00 2173.00 2176.00 2171.00 2174.00 20220.00
20160309  23:58:00 2175.00 2177.00 2174.00 2175.00 21238.00
20160309  23:59:00 2175.00 2181.00 2175.00 2181.00 27278.00
20160310  00:00:00 2182.00 2182.00 2179.00 2179.00 19516.00
20160310  00:01:00 2179.00 2186.00 2178.00 2183.00 41036.00
20160310  00:02:00 2182.00 2186.00 2181.00 2184.00 26976.00
20160310  00:03:00 2184.00 2186.00 2181.00 2182.00 21426.00
20160310  00:04:00 2181.00 2188.00 2180.00 2183.00 32200.00
20160310  00:05:00 2183.00 2184.00 2176.00 2177.00 23594.00
20160310  00:06:00 2177.00 2186.00 2177.00 2184.00 28026.00
20160310  00:07:00 2185.00 2187.00 2183.00 2185.00 21494.00
20160310  00:08:00 2185.00 2187.00 2183.00 2183.00 14960.00
20160310  00:09:00 2183.00 2187.00 2183.00 2186.00 26944.00
20160310  00:10:00 2186.00 2189.00 2184.00 2187.00 26342.00
20160310  00:11:00 2187.00 2190.00 2185.00 2188.00 25606.00
20160310  00:12:00 2188.00 2194.00 2187.00 2193.00 37722.00
20160310  00:13:00 2193.00 2196.00 2191.00 2191.00 32550.00
20160310  00:14:00 2191.00 2195.00 2190.00 2193.00 23478.00
20160310  00:15:00 2193.00 2195.00 2192.00 2193.00 18230.00
20160310  00:16:00 2193.00 2198.00 2193.00 2195.00 31806.00
20160310  00:17:00 2195.00 2198.00 2195.00 2196.00 29800.00
20160310  00:18:00 2195.00 2198.00 2191.00 2197.00 28188.00
20160310  00:19:00 2196.00 2197.00 2190.00 2192.00 29142.00
20160310  00:20:00 2193.00 2194.00 2185.00 2187.00 36192.00
20160310  00:21:00 2187.00 2192.00 2187.00 2188.00 20758.00
20160310  00:22:00 2188.00 2189.00 2182.00 2183.00 25624.00
20160310  00:23:00 2183.00 2185.00 2182.00 2184.00 22324.00
20160310  00:24:00 2184.00 2190.00 2183.00 2188.00 21590.00
20160310  00:25:00 2188.00 2189.00 2186.00 2186.00 10788.00
20160310  00:26:00 2186.00 2190.00 2186.00 2190.00 26152.00
20160310  00:27:00 2189.00 2190.00 2187.00 2189.00 15090.00
20160310  00:28:00 2190.00 2190.00 2188.00 2189.00 5810.00
20160310  00:29:00 2189.00 2189.00 2186.00 2187.00 6834.00
20160310  00:30:00 2187.00 2192.00 2187.00 2189.00 21488.00
20160310  00:31:00 2189.00 2194.00 2189.00 2192.00 15940.00
20160310  00:32:00 2192.00 2193.00 2189.00 2190.00 8334.00
20160310  00:33:00 2190.00 2191.00 2187.00 2189.00 9048.00
20160310  00:34:00 2189.00 2189.00 2184.00 2187.00 13512.00
20160310  00:35:00 2187.00 2189.00 2186.00 2186.00 7584.00
20160310  00:36:00 2186.00 2188.00 2186.00 2187.00 5376.00
20160310  00:37:00 2187.00 2188.00 2185.00 2185.00 10900.00
20160310  00:38:00 2186.00 2188.00 2185.00 2187.00 8492.00
20160310  00:39:00 2187.00 2187.00 2185.00 2185.00 7528.00
20160310  00:40:00 2185.00 2188.00 2185.00 2187.00 7174.00
20160310  00:41:00 2186.00 2187.00 2185.00 2185.00 4592.00
20160310  00:42:00 2185.00 2185.00 2175.00 2178.00 37802.00
20160310  00:43:00 2177.00 2179.00 2168.00 2169.00 47046.00
20160310  00:44:00 2170.00 2174.00 2166.00 2172.00 37502.00
20160310  00:45:00 2171.00 2171.00 2165.00 2171.00 25948.00
20160310  00:46:00 2171.00 2171.00 2166.00 2169.00 17244.00
20160310  00:47:00 2169.00 2175.00 2169.00 2173.00 20864.00
20160310  00:48:00 2174.00 2175.00 2172.00 2173.00 14628.00
20160310  00:49:00 2173.00 2177.00 2171.00 2176.00 16436.00
20160310  00:50:00 2176.00 2179.00 2174.00 2179.00 16694.00
20160310  00:51:00 2179.00 2179.00 2176.00 2177.00 14224.00
20160310  00:52:00 2177.00 2184.00 2177.00 2182.00 22548.00
20160310  00:53:00 2181.00 2184.00 2181.00 2182.00 11992.00
20160310  00:54:00 2181.00 2184.00 2180.00 2184.00 12036.00
20160310  00:55:00 2184.00 2186.00 2182.00 2185.00 16902.00
20160310  00:56:00 2185.00 2185.00 2181.00 2183.00 9784.00
20160310  00:57:00 2182.00 2184.00 2181.00 2182.00 10886.00
20160310  00:58:00 2182.00 2185.00 2181.00 2185.00 15218.00
20160310  00:59:00 2185.00 2186.00 2181.00 2183.00 21286.00
20160310  01:00:00 2183.00 2183.00 2183.00 2183.00  26.00
20160310  09:00:00 2183.00 2187.00 2167.00 2169.00 51544.00
20160310  09:01:00 2170.00 2171.00 2162.00 2162.00 41654.00
20160310  09:02:00 2156.00 2158.00 2155.00 2157.00 57298.00
20160310  09:03:00 2156.00 2163.00 2155.00 2159.00 34754.00
20160310  09:04:00 2159.00 2164.00 2154.00 2161.00 32790.00
20160310  09:05:00 2162.00 2165.00 2159.00 2164.00 20110.00
20160310  09:06:00 2163.00 2171.00 2162.00 2171.00 36008.00
20160310  09:07:00 2170.00 2178.00 2169.00 2172.00 42998.00
20160310  09:08:00 2171.00 2180.00 2171.00 2178.00 38812.00
20160310  09:09:00 2177.00 2181.00 2171.00 2172.00 43062.00
20160310  09:10:00 2173.00 2175.00 2167.00 2174.00 39246.00
20160310  09:11:00 2174.00 2176.00 2165.00 2167.00 50918.00
20160310  09:12:00 2167.00 2167.00 2160.00 2160.00 53178.00
20160310  09:13:00 2160.00 2162.00 2157.00 2160.00 62604.00
20160310  09:14:00 2160.00 2160.00 2151.00 2154.00 59258.00
20160310  09:15:00 2155.00 2157.00 2149.00 2152.00 45272.00
20160310  09:16:00 2152.00 2155.00 2147.00 2150.00 36838.00
20160310  09:17:00 2150.00 2153.00 2142.00 2144.00 47672.00
20160310  09:18:00 2144.00 2147.00 2141.00 2142.00 38136.00
20160310  09:19:00 2142.00 2148.00 2142.00 2148.00 29852.00
20160310  09:20:00 2147.00 2147.00 2134.00 2135.00 67076.00
20160310  09:21:00 2135.00 2142.00 2133.00 2141.00 31770.00
20160310  09:22:00 2141.00 2142.00 2132.00 2133.00 47752.00
20160310  09:23:00 2134.00 2137.00 2130.00 2137.00 66324.00
20160310  09:24:00 2136.00 2136.00 2120.00 2125.00 83136.00
20160310  09:25:00 2123.00 2129.00 2119.00 2129.00 48598.00
20160310  09:26:00 2129.00 2131.00 2128.00 2128.00 39000.00
20160310  09:27:00 2128.00 2131.00 2125.00 2129.00 33772.00
20160310  09:28:00 2129.00 2130.00 2125.00 2128.00 27732.00
20160310  09:29:00 2129.00 2136.00 2128.00 2136.00 43758.00
20160310  09:30:00 2135.00 2136.00 2130.00 2131.00 38004.00
20160310  09:31:00 2132.00 2137.00 2130.00 2136.00 27488.00
20160310  09:32:00 2136.00 2141.00 2135.00 2140.00 28868.00
20160310  09:33:00 2141.00 2142.00 2138.00 2141.00 40428.00
20160310  09:34:00 2141.00 2141.00 2137.00 2140.00 22004.00
20160310  09:35:00 2139.00 2140.00 2136.00 2136.00 27308.00
20160310  09:36:00 2135.00 2138.00 2135.00 2136.00 21270.00
20160310  09:37:00 2136.00 2138.00 2135.00 2138.00 8756.00
20160310  09:38:00 2138.00 2142.00 2137.00 2141.00 16374.00
20160310  09:39:00 2142.00 2142.00 2136.00 2136.00 28712.00
20160310  09:40:00 2136.00 2137.00 2132.00 2132.00 22570.00
20160310  09:41:00 2133.00 2134.00 2128.00 2129.00 37732.00
20160310  09:42:00 2129.00 2129.00 2125.00 2127.00 29528.00
20160310  09:43:00 2127.00 2130.00 2124.00 2127.00 37576.00
20160310  09:44:00 2127.00 2130.00 2126.00 2129.00 17262.00
20160310  09:45:00 2130.00 2130.00 2123.00 2123.00 26002.00
20160310  09:46:00 2123.00 2123.00 2117.00 2118.00 63550.00
20160310  09:47:00 2119.00 2123.00 2117.00 2121.00 36164.00
20160310  09:48:00 2121.00 2123.00 2117.00 2119.00 34014.00
20160310  09:49:00 2119.00 2121.00 2108.00 2111.00 73836.00
20160310  09:50:00 2111.00 2116.00 2109.00 2114.00 52048.00
20160310  09:51:00 2114.00 2118.00 2113.00 2117.00 37042.00
20160310  09:52:00 2116.00 2121.00 2114.00 2120.00 46884.00
20160310  09:53:00 2119.00 2121.00 2114.00 2114.00 27352.00
20160310  09:54:00 2115.00 2117.00 2114.00 2116.00 21506.00
20160310  09:55:00 2116.00 2121.00 2115.00 2120.00 27934.00
20160310  09:56:00 2120.00 2120.00 2116.00 2119.00 27564.00
20160310  09:57:00 2118.00 2119.00 2115.00 2119.00 20158.00
20160310  09:58:00 2119.00 2119.00 2116.00 2118.00 16074.00
20160310  09:59:00 2119.00 2121.00 2113.00 2113.00 40636.00
20160310  10:00:00 2113.00 2121.00 2111.00 2120.00 44476.00
20160310  10:01:00 2121.00 2123.00 2120.00 2122.00 31050.00
20160310  10:02:00 2122.00 2122.00 2118.00 2118.00 21352.00
20160310  10:03:00 2119.00 2124.00 2118.00 2124.00 16418.00
20160310  10:04:00 2124.00 2126.00 2121.00 2124.00 24520.00
20160310  10:05:00 2122.00 2126.00 2122.00 2123.00 13084.00
20160310  10:06:00 2123.00 2124.00 2122.00 2123.00 8712.00
20160310  10:07:00 2123.00 2124.00 2120.00 2120.00 8880.00
20160310  10:08:00 2119.00 2124.00 2119.00 2124.00 11330.00
20160310  10:09:00 2124.00 2127.00 2123.00 2127.00 18096.00
20160310  10:10:00 2127.00 2127.00 2124.00 2125.00 18048.00
20160310  10:11:00 2125.00 2128.00 2124.00 2127.00 19594.00
20160310  10:12:00 2128.00 2128.00 2126.00 2128.00 11620.00
20160310  10:13:00 2128.00 2128.00 2126.00 2128.00 10028.00
20160310  10:14:00 2128.00 2128.00 2125.00 2125.00 15628.00
20160310  10:30:00 2125.00 2127.00 2124.00 2124.00 14928.00
20160310  10:31:00 2125.00 2125.00 2119.00 2120.00 21658.00
20160310  10:32:00 2119.00 2121.00 2116.00 2116.00 21328.00
20160310  10:33:00 2116.00 2118.00 2114.00 2114.00 23256.00
20160310  10:34:00 2114.00 2116.00 2114.00 2114.00 21898.00
20160310  10:35:00 2114.00 2119.00 2113.00 2119.00 24262.00
20160310  10:36:00 2119.00 2121.00 2117.00 2119.00 17852.00
20160310  10:37:00 2118.00 2119.00 2115.00 2117.00 18610.00
20160310  10:38:00 2117.00 2118.00 2109.00 2109.00 32692.00
20160310  10:39:00 2109.00 2114.00 2109.00 2113.00 25054.00
20160310  10:40:00 2113.00 2119.00 2113.00 2118.00 16220.00
20160310  10:41:00 2118.00 2122.00 2115.00 2121.00 22926.00
20160310  10:42:00 2121.00 2121.00 2118.00 2118.00 24226.00
20160310  10:43:00 2118.00 2120.00 2118.00 2118.00 20440.00
20160310  10:44:00 2117.00 2120.00 2115.00 2116.00 10064.00
20160310  10:45:00 2116.00 2118.00 2114.00 2116.00 14530.00
20160310  10:46:00 2116.00 2120.00 2116.00 2119.00 6734.00
20160310  10:47:00 2118.00 2122.00 2117.00 2122.00 12566.00
20160310  10:48:00 2122.00 2123.00 2119.00 2120.00 18206.00
20160310  10:49:00 2121.00 2122.00 2118.00 2120.00 13976.00
20160310  10:50:00 2120.00 2120.00 2115.00 2119.00 15432.00
20160310  10:51:00 2119.00 2119.00 2117.00 2118.00 8324.00
20160310  10:52:00 2118.00 2121.00 2118.00 2121.00 9862.00
20160310  10:53:00 2121.00 2124.00 2120.00 2124.00 17334.00
20160310  10:54:00 2124.00 2125.00 2123.00 2125.00 17308.00
20160310  10:55:00 2124.00 2127.00 2124.00 2126.00 37446.00
20160310  10:56:00 2126.00 2135.00 2126.00 2134.00 67440.00
20160310  10:57:00 2133.00 2133.00 2129.00 2129.00 36928.00
20160310  10:58:00 2130.00 2131.00 2129.00 2129.00 21348.00
20160310  10:59:00 2129.00 2132.00 2128.00 2129.00 30148.00
20160310  11:00:00 2129.00 2136.00 2129.00 2135.00 37122.00
20160310  11:01:00 2135.00 2137.00 2133.00 2136.00 40954.00
20160310  11:02:00 2135.00 2136.00 2133.00 2134.00 25970.00
20160310  11:03:00 2134.00 2136.00 2133.00 2134.00 26200.00
20160310  11:04:00 2134.00 2134.00 2132.00 2132.00 25132.00
20160310  11:05:00 2132.00 2133.00 2130.00 2131.00 20426.00
20160310  11:06:00 2132.00 2134.00 2130.00 2133.00 12580.00
20160310  11:07:00 2133.00 2140.00 2132.00 2140.00 27234.00
20160310  11:08:00 2140.00 2143.00 2138.00 2141.00 44484.00
20160310  11:09:00 2141.00 2143.00 2140.00 2141.00 26516.00
20160310  11:10:00 2141.00 2143.00 2139.00 2139.00 31088.00
20160310  11:11:00 2139.00 2142.00 2138.00 2141.00 26814.00
20160310  11:12:00 2141.00 2141.00 2134.00 2134.00 24384.00
20160310  11:13:00 2135.00 2136.00 2134.00 2135.00 16524.00
20160310  11:14:00 2135.00 2139.00 2135.00 2139.00 21026.00
20160310  11:15:00 2139.00 2141.00 2135.00 2136.00 22736.00
20160310  11:16:00 2137.00 2140.00 2136.00 2139.00 11400.00
20160310  11:17:00 2139.00 2140.00 2135.00 2136.00 18002.00
20160310  11:18:00 2136.00 2137.00 2135.00 2137.00 5534.00
20160310  11:19:00 2137.00 2137.00 2134.00 2134.00 14624.00
20160310  11:20:00 2135.00 2138.00 2133.00 2133.00 20400.00
20160310  11:21:00 2134.00 2135.00 2131.00 2134.00 21086.00
20160310  11:22:00 2134.00 2136.00 2133.00 2134.00 12404.00
20160310  11:23:00 2134.00 2135.00 2133.00 2135.00 4356.00
20160310  11:24:00 2134.00 2135.00 2131.00 2134.00 24014.00
20160310  11:25:00 2134.00 2140.00 2134.00 2139.00 23096.00
20160310  11:26:00 2138.00 2141.00 2137.00 2140.00 20692.00
20160310  11:27:00 2140.00 2142.00 2138.00 2142.00 15532.00
20160310  11:28:00 2142.00 2142.00 2137.00 2138.00 14708.00
20160310  11:29:00 2138.00 2139.00 2132.00 2134.00 37472.00
20160310  13:30:00 2145.00 2145.00 2139.00 2142.00 53828.00
20160310  13:31:00 2141.00 2143.00 2141.00 2141.00 16290.00
20160310  13:32:00 2142.00 2145.00 2141.00 2143.00 16774.00
20160310  13:33:00 2143.00 2143.00 2139.00 2139.00 13570.00
20160310  13:34:00 2139.00 2141.00 2137.00 2138.00 10606.00
20160310  13:35:00 2139.00 2140.00 2136.00 2136.00 7730.00
20160310  13:36:00 2137.00 2137.00 2134.00 2135.00 13966.00
20160310  13:37:00 2135.00 2138.00 2135.00 2138.00 4676.00
20160310  13:38:00 2138.00 2139.00 2137.00 2138.00 8056.00
20160310  13:39:00 2138.00 2139.00 2138.00 2139.00 3222.00
20160310  13:40:00 2139.00 2139.00 2137.00 2138.00 5792.00
20160310  13:41:00 2138.00 2139.00 2137.00 2139.00 12082.00
20160310  13:42:00 2139.00 2141.00 2138.00 2141.00 13922.00
20160310  13:43:00 2141.00 2143.00 2140.00 2142.00 17222.00
20160310  13:44:00 2142.00 2143.00 2139.00 2139.00 12100.00
20160310  13:45:00 2139.00 2140.00 2138.00 2138.00 7576.00
20160310  13:46:00 2139.00 2140.00 2136.00 2136.00 14338.00
20160310  13:47:00 2136.00 2138.00 2133.00 2133.00 16706.00
20160310  13:48:00 2134.00 2136.00 2133.00 2134.00 10716.00
20160310  13:49:00 2133.00 2134.00 2130.00 2130.00 20142.00
20160310  13:50:00 2130.00 2132.00 2129.00 2129.00 18052.00
20160310  13:51:00 2130.00 2131.00 2128.00 2131.00 10716.00
20160310  13:52:00 2130.00 2130.00 2127.00 2127.00 17560.00
20160310  13:53:00 2127.00 2129.00 2127.00 2127.00 14056.00
20160310  13:54:00 2127.00 2128.00 2126.00 2128.00 15434.00
20160310  13:55:00 2128.00 2129.00 2125.00 2128.00 20894.00
20160310  13:56:00 2128.00 2129.00 2126.00 2126.00 7402.00
20160310  13:57:00 2126.00 2129.00 2124.00 2129.00 15256.00
20160310  13:58:00 2129.00 2129.00 2127.00 2129.00 9480.00
20160310  13:59:00 2128.00 2130.00 2127.00 2128.00 11152.00
20160310  14:00:00 2128.00 2129.00 2122.00 2122.00 27136.00
20160310  14:01:00 2122.00 2129.00 2122.00 2129.00 31730.00
20160310  14:02:00 2129.00 2130.00 2127.00 2128.00 10956.00
20160310  14:03:00 2128.00 2129.00 2127.00 2128.00 7388.00
20160310  14:04:00 2127.00 2129.00 2126.00 2127.00 8380.00
20160310  14:05:00 2127.00 2130.00 2126.00 2129.00 8868.00
20160310  14:06:00 2129.00 2130.00 2125.00 2126.00 10210.00
20160310  14:07:00 2127.00 2129.00 2126.00 2127.00 5626.00
20160310  14:08:00 2128.00 2128.00 2126.00 2127.00 4078.00
20160310  14:09:00 2127.00 2128.00 2126.00 2128.00 4792.00
20160310  14:10:00 2127.00 2128.00 2125.00 2127.00 10386.00
20160310  14:11:00 2128.00 2128.00 2127.00 2127.00 2836.00
20160310  14:12:00 2127.00 2128.00 2125.00 2125.00 3198.00
20160310  14:13:00 2125.00 2128.00 2124.00 2127.00 7224.00
20160310  14:14:00 2128.00 2132.00 2127.00 2132.00 9672.00
20160310  14:15:00 2132.00 2133.00 2130.00 2131.00 15738.00
20160310  14:16:00 2132.00 2133.00 2129.00 2129.00 10520.00
20160310  14:17:00 2129.00 2130.00 2127.00 2127.00 9926.00
20160310  14:18:00 2128.00 2129.00 2127.00 2129.00 6752.00
20160310  14:19:00 2129.00 2129.00 2123.00 2123.00 23074.00
20160310  14:20:00 2122.00 2123.00 2118.00 2118.00 35908.00
20160310  14:21:00 2118.00 2121.00 2118.00 2119.00 16386.00
20160310  14:22:00 2120.00 2122.00 2118.00 2120.00 13988.00
20160310  14:23:00 2120.00 2121.00 2117.00 2117.00 21644.00
20160310  14:24:00 2117.00 2122.00 2117.00 2121.00 19270.00
20160310  14:25:00 2121.00 2128.00 2120.00 2127.00 21722.00
20160310  14:26:00 2127.00 2131.00 2127.00 2131.00 25792.00
20160310  14:27:00 2131.00 2137.00 2129.00 2136.00 41116.00
20160310  14:28:00 2135.00 2136.00 2133.00 2133.00 14350.00
20160310  14:29:00 2133.00 2140.00 2133.00 2139.00 31226.00
20160310  14:30:00 2139.00 2139.00 2134.00 2135.00 19402.00
20160310  14:31:00 2134.00 2136.00 2133.00 2135.00 14790.00
20160310  14:32:00 2135.00 2135.00 2132.00 2134.00 15170.00
20160310  14:33:00 2134.00 2137.00 2133.00 2134.00 14646.00
20160310  14:34:00 2134.00 2136.00 2132.00 2132.00 10860.00
20160310  14:35:00 2132.00 2133.00 2129.00 2129.00 19146.00
20160310  14:36:00 2130.00 2131.00 2126.00 2130.00 18324.00
20160310  14:37:00 2130.00 2131.00 2130.00 2131.00 6378.00
20160310  14:38:00 2131.00 2133.00 2130.00 2130.00 9648.00
20160310  14:39:00 2131.00 2136.00 2130.00 2136.00 17166.00
20160310  14:40:00 2136.00 2136.00 2133.00 2135.00 11920.00
20160310  14:41:00 2134.00 2135.00 2129.00 2131.00 11634.00
20160310  14:42:00 2132.00 2132.00 2130.00 2130.00 5738.00
20160310  14:43:00 2131.00 2132.00 2129.00 2132.00 8364.00
20160310  14:44:00 2131.00 2132.00 2127.00 2127.00 12452.00
20160310  14:45:00 2127.00 2128.00 2125.00 2126.00 21322.00
20160310  14:46:00 2126.00 2127.00 2124.00 2127.00 16490.00
20160310  14:47:00 2127.00 2131.00 2126.00 2131.00 14942.00
20160310  14:48:00 2130.00 2132.00 2129.00 2130.00 15984.00
20160310  14:49:00 2129.00 2132.00 2128.00 2130.00 13962.00
20160310  14:50:00 2130.00 2131.00 2127.00 2130.00 16772.00
20160310  14:51:00 2129.00 2131.00 2129.00 2130.00 5178.00
20160310  14:52:00 2130.00 2132.00 2128.00 2128.00 13530.00
20160310  14:53:00 2127.00 2128.00 2124.00 2125.00 29252.00
20160310  14:54:00 2125.00 2126.00 2123.00 2126.00 19938.00
20160310  14:55:00 2126.00 2126.00 2124.00 2125.00 14466.00
20160310  14:56:00 2125.00 2126.00 2121.00 2124.00 21540.00
20160310  14:57:00 2125.00 2130.00 2125.00 2129.00 20708.00
20160310  14:58:00 2129.00 2130.00 2128.00 2130.00 15540.00
20160310  14:59:00 2130.00 2130.00 2128.00 2129.00 22834.00
20160310  15:00:00 2130.00 2130.00 2130.00 2130.00  10.00
