20160623  21:00:00 2152.00 2153.00 2147.00 2152.00 55968.00
20160623  21:01:00 2152.00 2152.00 2148.00 2149.00 23296.00
20160623  21:02:00 2148.00 2150.00 2145.00 2146.00 25108.00
20160623  21:03:00 2145.00 2147.00 2143.00 2145.00 25646.00
20160623  21:04:00 2146.00 2149.00 2145.00 2149.00 18208.00
20160623  21:05:00 2149.00 2150.00 2146.00 2148.00 19768.00
20160623  21:06:00 2148.00 2149.00 2147.00 2148.00 8390.00
20160623  21:07:00 2148.00 2148.00 2146.00 2146.00 5216.00
20160623  21:08:00 2147.00 2151.00 2146.00 2150.00 32458.00
20160623  21:09:00 2149.00 2150.00 2148.00 2148.00 11132.00
20160623  21:10:00 2148.00 2149.00 2147.00 2147.00 8806.00
20160623  21:11:00 2148.00 2149.00 2147.00 2147.00 7200.00
20160623  21:12:00 2147.00 2148.00 2146.00 2147.00 4432.00
20160623  21:13:00 2147.00 2149.00 2145.00 2147.00 20252.00
20160623  21:14:00 2147.00 2148.00 2147.00 2148.00 5674.00
20160623  21:15:00 2148.00 2149.00 2147.00 2148.00 10626.00
20160623  21:16:00 2149.00 2149.00 2147.00 2149.00 8314.00
20160623  21:17:00 2149.00 2150.00 2148.00 2150.00 12050.00
20160623  21:18:00 2149.00 2151.00 2148.00 2150.00 16388.00
20160623  21:19:00 2151.00 2155.00 2149.00 2154.00 53948.00
20160623  21:20:00 2154.00 2157.00 2154.00 2155.00 39872.00
20160623  21:21:00 2156.00 2168.00 2155.00 2163.00 100294.00
20160623  21:22:00 2162.00 2163.00 2161.00 2162.00 24600.00
20160623  21:23:00 2162.00 2163.00 2161.00 2162.00 19648.00
20160623  21:24:00 2162.00 2163.00 2161.00 2163.00 15870.00
20160623  21:25:00 2163.00 2166.00 2163.00 2164.00 38970.00
20160623  21:26:00 2164.00 2164.00 2160.00 2161.00 26192.00
20160623  21:27:00 2161.00 2161.00 2159.00 2159.00 23722.00
20160623  21:28:00 2160.00 2161.00 2158.00 2159.00 22832.00
20160623  21:29:00 2159.00 2160.00 2158.00 2159.00 12926.00
20160623  21:30:00 2159.00 2161.00 2159.00 2161.00 15156.00
20160623  21:31:00 2161.00 2162.00 2159.00 2159.00 11884.00
20160623  21:32:00 2159.00 2161.00 2159.00 2160.00 6458.00
20160623  21:33:00 2160.00 2161.00 2160.00 2161.00 3398.00
20160623  21:34:00 2160.00 2161.00 2158.00 2159.00 12076.00
20160623  21:35:00 2159.00 2160.00 2156.00 2157.00 27178.00
20160623  21:36:00 2156.00 2157.00 2154.00 2155.00 24812.00
20160623  21:37:00 2155.00 2157.00 2155.00 2156.00 12082.00
20160623  21:38:00 2157.00 2159.00 2156.00 2159.00 10038.00
20160623  21:39:00 2159.00 2159.00 2158.00 2159.00 5808.00
20160623  21:40:00 2158.00 2159.00 2158.00 2158.00 2812.00
20160623  21:41:00 2158.00 2160.00 2158.00 2160.00 6694.00
20160623  21:42:00 2159.00 2160.00 2158.00 2159.00 8178.00
20160623  21:43:00 2158.00 2159.00 2157.00 2158.00 3164.00
20160623  21:44:00 2158.00 2160.00 2158.00 2160.00 6316.00
20160623  21:45:00 2160.00 2162.00 2159.00 2161.00 12304.00
20160623  21:46:00 2160.00 2162.00 2160.00 2162.00 17186.00
20160623  21:47:00 2161.00 2162.00 2159.00 2159.00 13618.00
20160623  21:48:00 2160.00 2161.00 2159.00 2159.00 6608.00
20160623  21:49:00 2160.00 2160.00 2159.00 2159.00 2032.00
20160623  21:50:00 2159.00 2160.00 2158.00 2160.00 5862.00
20160623  21:51:00 2160.00 2161.00 2159.00 2159.00 6516.00
20160623  21:52:00 2159.00 2161.00 2159.00 2161.00 2834.00
20160623  21:53:00 2160.00 2161.00 2159.00 2160.00 2652.00
20160623  21:54:00 2160.00 2160.00 2159.00 2159.00 2826.00
20160623  21:55:00 2159.00 2161.00 2159.00 2160.00 5402.00
20160623  21:56:00 2160.00 2160.00 2159.00 2159.00 2166.00
20160623  21:57:00 2159.00 2161.00 2159.00 2160.00 3214.00
20160623  21:58:00 2160.00 2161.00 2159.00 2159.00 4594.00
20160623  21:59:00 2160.00 2160.00 2157.00 2158.00 12950.00
20160623  22:00:00 2158.00 2160.00 2158.00 2159.00 5838.00
20160623  22:01:00 2160.00 2161.00 2159.00 2161.00 5162.00
20160623  22:02:00 2161.00 2161.00 2159.00 2160.00 3684.00
20160623  22:03:00 2160.00 2160.00 2159.00 2160.00 1452.00
20160623  22:04:00 2160.00 2160.00 2158.00 2160.00 5446.00
20160623  22:05:00 2160.00 2161.00 2159.00 2159.00 12284.00
20160623  22:06:00 2160.00 2160.00 2159.00 2160.00 4850.00
20160623  22:07:00 2160.00 2164.00 2159.00 2164.00 27460.00
20160623  22:08:00 2163.00 2164.00 2162.00 2163.00 15742.00
20160623  22:09:00 2163.00 2165.00 2163.00 2163.00 39024.00
20160623  22:10:00 2163.00 2165.00 2163.00 2164.00 12204.00
20160623  22:11:00 2163.00 2164.00 2163.00 2164.00 8682.00
20160623  22:12:00 2163.00 2164.00 2162.00 2163.00 7316.00
20160623  22:13:00 2163.00 2164.00 2162.00 2163.00 4962.00
20160623  22:14:00 2163.00 2165.00 2162.00 2165.00 15148.00
20160623  22:15:00 2164.00 2167.00 2164.00 2166.00 37872.00
20160623  22:16:00 2166.00 2166.00 2163.00 2163.00 16916.00
20160623  22:17:00 2163.00 2165.00 2163.00 2164.00 8594.00
20160623  22:18:00 2164.00 2165.00 2163.00 2164.00 10122.00
20160623  22:19:00 2164.00 2165.00 2162.00 2162.00 7814.00
20160623  22:20:00 2162.00 2163.00 2159.00 2159.00 23448.00
20160623  22:21:00 2160.00 2161.00 2159.00 2160.00 16212.00
20160623  22:22:00 2160.00 2162.00 2160.00 2162.00 12270.00
20160623  22:23:00 2162.00 2162.00 2159.00 2160.00 11084.00
20160623  22:24:00 2160.00 2160.00 2157.00 2158.00 21892.00
20160623  22:25:00 2159.00 2159.00 2158.00 2159.00 10064.00
20160623  22:26:00 2158.00 2160.00 2158.00 2158.00 9314.00
20160623  22:27:00 2158.00 2160.00 2158.00 2160.00 6494.00
20160623  22:28:00 2160.00 2160.00 2159.00 2159.00 5046.00
20160623  22:29:00 2159.00 2160.00 2159.00 2160.00 4472.00
20160623  22:30:00 2160.00 2160.00 2155.00 2155.00 18966.00
20160623  22:31:00 2155.00 2156.00 2145.00 2150.00 72548.00
20160623  22:32:00 2149.00 2152.00 2148.00 2152.00 26250.00
20160623  22:33:00 2151.00 2152.00 2149.00 2151.00 18132.00
20160623  22:34:00 2151.00 2154.00 2151.00 2153.00 15292.00
20160623  22:35:00 2152.00 2154.00 2152.00 2153.00 14486.00
20160623  22:36:00 2153.00 2153.00 2151.00 2152.00 10392.00
20160623  22:37:00 2153.00 2154.00 2152.00 2154.00 5978.00
20160623  22:38:00 2154.00 2155.00 2153.00 2153.00 15206.00
20160623  22:39:00 2153.00 2154.00 2153.00 2154.00 2740.00
20160623  22:40:00 2154.00 2155.00 2152.00 2155.00 9126.00
20160623  22:41:00 2155.00 2155.00 2153.00 2154.00 6936.00
20160623  22:42:00 2154.00 2155.00 2153.00 2153.00 3304.00
20160623  22:43:00 2153.00 2154.00 2152.00 2152.00 7120.00
20160623  22:44:00 2152.00 2154.00 2151.00 2154.00 6398.00
20160623  22:45:00 2154.00 2154.00 2153.00 2154.00 2174.00
20160623  22:46:00 2154.00 2154.00 2152.00 2153.00 3716.00
20160623  22:47:00 2153.00 2154.00 2152.00 2152.00 8106.00
20160623  22:48:00 2152.00 2154.00 2152.00 2154.00 5926.00
20160623  22:49:00 2154.00 2154.00 2151.00 2151.00 8194.00
20160623  22:50:00 2151.00 2152.00 2149.00 2150.00 20256.00
20160623  22:51:00 2149.00 2151.00 2149.00 2150.00 17294.00
20160623  22:52:00 2151.00 2151.00 2148.00 2149.00 11958.00
20160623  22:53:00 2149.00 2152.00 2149.00 2152.00 9854.00
20160623  22:54:00 2151.00 2152.00 2149.00 2150.00 7522.00
20160623  22:55:00 2150.00 2150.00 2147.00 2147.00 21350.00
20160623  22:56:00 2148.00 2150.00 2147.00 2150.00 13842.00
20160623  22:57:00 2149.00 2150.00 2146.00 2149.00 21336.00
20160623  22:58:00 2148.00 2153.00 2148.00 2152.00 15672.00
20160623  22:59:00 2153.00 2153.00 2151.00 2153.00 23036.00
20160623  23:00:00 2152.00 2152.00 2152.00 2152.00  60.00
20160624  09:00:00 2148.00 2153.00 2147.00 2149.00 48250.00
20160624  09:01:00 2150.00 2153.00 2148.00 2152.00 17322.00
20160624  09:02:00 2153.00 2153.00 2151.00 2151.00 19636.00
20160624  09:03:00 2151.00 2151.00 2148.00 2148.00 9146.00
20160624  09:04:00 2148.00 2150.00 2147.00 2149.00 12430.00
20160624  09:05:00 2148.00 2149.00 2146.00 2146.00 13314.00
20160624  09:06:00 2140.00 2140.00 2132.00 2137.00 118100.00
20160624  09:07:00 2138.00 2140.00 2135.00 2139.00 39834.00
20160624  09:08:00 2140.00 2140.00 2138.00 2139.00 21378.00
20160624  09:09:00 2139.00 2139.00 2136.00 2137.00 16930.00
20160624  09:10:00 2137.00 2138.00 2133.00 2133.00 36638.00
20160624  09:11:00 2133.00 2135.00 2129.00 2133.00 65168.00
20160624  09:12:00 2135.00 2135.00 2133.00 2135.00 22360.00
20160624  09:13:00 2134.00 2135.00 2133.00 2135.00 15266.00
20160624  09:14:00 2135.00 2135.00 2132.00 2133.00 23812.00
20160624  09:15:00 2132.00 2137.00 2130.00 2137.00 35394.00
20160624  09:16:00 2136.00 2138.00 2136.00 2137.00 13872.00
20160624  09:17:00 2138.00 2138.00 2136.00 2137.00 11032.00
20160624  09:18:00 2138.00 2138.00 2136.00 2137.00 13298.00
20160624  09:19:00 2137.00 2138.00 2136.00 2136.00 10226.00
20160624  09:20:00 2136.00 2140.00 2136.00 2140.00 17124.00
20160624  09:21:00 2140.00 2141.00 2138.00 2140.00 20282.00
20160624  09:22:00 2141.00 2141.00 2140.00 2141.00 9296.00
20160624  09:23:00 2141.00 2143.00 2140.00 2142.00 19158.00
20160624  09:24:00 2143.00 2145.00 2142.00 2145.00 25578.00
20160624  09:25:00 2145.00 2148.00 2143.00 2148.00 34198.00
20160624  09:26:00 2147.00 2152.00 2147.00 2147.00 39670.00
20160624  09:27:00 2148.00 2150.00 2146.00 2146.00 25532.00
20160624  09:28:00 2146.00 2149.00 2146.00 2149.00 12986.00
20160624  09:29:00 2148.00 2149.00 2141.00 2142.00 46054.00
20160624  09:30:00 2142.00 2144.00 2139.00 2143.00 28414.00
20160624  09:31:00 2143.00 2146.00 2143.00 2145.00 17290.00
20160624  09:32:00 2145.00 2147.00 2143.00 2147.00 11384.00
20160624  09:33:00 2146.00 2147.00 2144.00 2145.00 7124.00
20160624  09:34:00 2145.00 2146.00 2143.00 2145.00 6160.00
20160624  09:35:00 2145.00 2145.00 2143.00 2143.00 4520.00
20160624  09:36:00 2143.00 2146.00 2134.00 2134.00 65506.00
20160624  09:37:00 2136.00 2139.00 2132.00 2138.00 43788.00
20160624  09:38:00 2138.00 2140.00 2136.00 2139.00 19360.00
20160624  09:39:00 2140.00 2140.00 2137.00 2139.00 11982.00
20160624  09:40:00 2139.00 2141.00 2139.00 2141.00 11316.00
20160624  09:41:00 2141.00 2141.00 2137.00 2138.00 11738.00
20160624  09:42:00 2138.00 2141.00 2137.00 2141.00 7248.00
20160624  09:43:00 2141.00 2142.00 2139.00 2140.00 13334.00
20160624  09:44:00 2139.00 2141.00 2139.00 2140.00 7126.00
20160624  09:45:00 2140.00 2144.00 2139.00 2144.00 11156.00
20160624  09:46:00 2144.00 2144.00 2141.00 2142.00 13716.00
20160624  09:47:00 2140.00 2142.00 2140.00 2141.00 7906.00
20160624  09:48:00 2141.00 2143.00 2141.00 2142.00 4658.00
20160624  09:49:00 2142.00 2143.00 2140.00 2142.00 8650.00
20160624  09:50:00 2142.00 2144.00 2142.00 2144.00 4496.00
20160624  09:51:00 2144.00 2144.00 2142.00 2142.00 3950.00
20160624  09:52:00 2142.00 2143.00 2140.00 2140.00 10100.00
20160624  09:53:00 2140.00 2141.00 2138.00 2141.00 15522.00
20160624  09:54:00 2140.00 2144.00 2140.00 2142.00 13062.00
20160624  09:55:00 2142.00 2143.00 2142.00 2143.00 2868.00
20160624  09:56:00 2142.00 2143.00 2140.00 2141.00 3470.00
20160624  09:57:00 2141.00 2142.00 2140.00 2142.00 2804.00
20160624  09:58:00 2142.00 2143.00 2141.00 2142.00 3238.00
20160624  09:59:00 2142.00 2143.00 2139.00 2140.00 10496.00
20160624  10:00:00 2141.00 2143.00 2138.00 2141.00 14220.00
20160624  10:01:00 2141.00 2141.00 2138.00 2139.00 10084.00
20160624  10:02:00 2139.00 2139.00 2138.00 2138.00 9546.00
20160624  10:03:00 2139.00 2142.00 2138.00 2141.00 8142.00
20160624  10:04:00 2140.00 2141.00 2138.00 2139.00 5180.00
20160624  10:05:00 2139.00 2139.00 2137.00 2138.00 8982.00
20160624  10:06:00 2138.00 2140.00 2137.00 2138.00 9894.00
20160624  10:07:00 2137.00 2138.00 2136.00 2138.00 7562.00
20160624  10:08:00 2138.00 2139.00 2137.00 2138.00 8034.00
20160624  10:09:00 2138.00 2138.00 2135.00 2136.00 20188.00
20160624  10:10:00 2136.00 2138.00 2136.00 2138.00 9682.00
20160624  10:11:00 2137.00 2139.00 2137.00 2139.00 2932.00
20160624  10:12:00 2139.00 2139.00 2137.00 2138.00 7482.00
20160624  10:13:00 2138.00 2138.00 2137.00 2138.00 2372.00
20160624  10:14:00 2138.00 2139.00 2136.00 2137.00 6190.00
20160624  10:30:00 2135.00 2136.00 2132.00 2135.00 54534.00
20160624  10:31:00 2135.00 2137.00 2134.00 2135.00 21988.00
20160624  10:32:00 2135.00 2135.00 2131.00 2134.00 26430.00
20160624  10:33:00 2133.00 2135.00 2133.00 2134.00 7430.00
20160624  10:34:00 2135.00 2137.00 2134.00 2136.00 10774.00
20160624  10:35:00 2137.00 2138.00 2135.00 2137.00 11620.00
20160624  10:36:00 2137.00 2141.00 2136.00 2140.00 28064.00
20160624  10:37:00 2140.00 2141.00 2138.00 2140.00 22748.00
20160624  10:38:00 2140.00 2141.00 2139.00 2139.00 7608.00
20160624  10:39:00 2139.00 2141.00 2137.00 2137.00 15074.00
20160624  10:40:00 2137.00 2138.00 2135.00 2135.00 15804.00
20160624  10:41:00 2135.00 2137.00 2135.00 2135.00 11408.00
20160624  10:42:00 2135.00 2136.00 2133.00 2135.00 13946.00
20160624  10:43:00 2135.00 2136.00 2131.00 2132.00 25880.00
20160624  10:44:00 2132.00 2134.00 2130.00 2131.00 26424.00
20160624  10:45:00 2131.00 2133.00 2122.00 2125.00 89508.00
20160624  10:46:00 2126.00 2134.00 2125.00 2131.00 45768.00
20160624  10:47:00 2131.00 2133.00 2130.00 2131.00 19354.00
20160624  10:48:00 2131.00 2132.00 2131.00 2132.00 11392.00
20160624  10:49:00 2132.00 2134.00 2131.00 2132.00 16984.00
20160624  10:50:00 2132.00 2134.00 2132.00 2133.00 7902.00
20160624  10:51:00 2133.00 2134.00 2132.00 2133.00 9190.00
20160624  10:52:00 2133.00 2135.00 2133.00 2135.00 10984.00
20160624  10:53:00 2134.00 2135.00 2132.00 2133.00 12586.00
20160624  10:54:00 2133.00 2136.00 2133.00 2134.00 27582.00
20160624  10:55:00 2134.00 2135.00 2133.00 2133.00 6468.00
20160624  10:56:00 2133.00 2136.00 2132.00 2136.00 18000.00
20160624  10:57:00 2136.00 2137.00 2133.00 2134.00 12390.00
20160624  10:58:00 2134.00 2135.00 2132.00 2132.00 9760.00
20160624  10:59:00 2132.00 2134.00 2130.00 2130.00 15144.00
20160624  11:00:00 2131.00 2132.00 2128.00 2130.00 21882.00
20160624  11:01:00 2130.00 2131.00 2128.00 2129.00 20586.00
20160624  11:02:00 2129.00 2133.00 2128.00 2131.00 18812.00
20160624  11:03:00 2131.00 2132.00 2129.00 2129.00 10168.00
20160624  11:04:00 2131.00 2131.00 2128.00 2129.00 12850.00
20160624  11:05:00 2128.00 2128.00 2123.00 2124.00 43426.00
20160624  11:06:00 2125.00 2129.00 2124.00 2128.00 18790.00
20160624  11:07:00 2128.00 2130.00 2126.00 2129.00 10058.00
20160624  11:08:00 2130.00 2130.00 2128.00 2129.00 13802.00
20160624  11:09:00 2130.00 2131.00 2128.00 2130.00 10202.00
20160624  11:10:00 2130.00 2130.00 2128.00 2128.00 9542.00
20160624  11:11:00 2128.00 2131.00 2127.00 2131.00 8742.00
20160624  11:12:00 2130.00 2131.00 2128.00 2129.00 6368.00
20160624  11:13:00 2128.00 2131.00 2128.00 2130.00 8204.00
20160624  11:14:00 2130.00 2134.00 2129.00 2134.00 20378.00
20160624  11:15:00 2134.00 2134.00 2131.00 2131.00 13476.00
20160624  11:16:00 2131.00 2133.00 2130.00 2132.00 7120.00
20160624  11:17:00 2132.00 2132.00 2131.00 2131.00 4052.00
20160624  11:18:00 2131.00 2132.00 2130.00 2131.00 5420.00
20160624  11:19:00 2131.00 2133.00 2131.00 2133.00 3730.00
20160624  11:20:00 2132.00 2132.00 2128.00 2129.00 12676.00
20160624  11:21:00 2130.00 2131.00 2129.00 2130.00 5884.00
20160624  11:22:00 2130.00 2131.00 2128.00 2129.00 4480.00
20160624  11:23:00 2130.00 2130.00 2128.00 2130.00 6128.00
20160624  11:24:00 2129.00 2131.00 2128.00 2129.00 6964.00
20160624  11:25:00 2128.00 2129.00 2126.00 2127.00 18820.00
20160624  11:26:00 2127.00 2130.00 2127.00 2129.00 10194.00
20160624  11:27:00 2129.00 2129.00 2127.00 2128.00 9994.00
20160624  11:28:00 2128.00 2129.00 2127.00 2128.00 9428.00
20160624  11:29:00 2128.00 2130.00 2127.00 2128.00 19286.00
20160624  13:30:00 2120.00 2120.00 2100.00 2114.00 203342.00
20160624  13:31:00 2123.00 2123.00 2119.00 2119.00 78500.00
20160624  13:32:00 2119.00 2125.00 2118.00 2123.00 51116.00
20160624  13:33:00 2124.00 2124.00 2120.00 2123.00 33574.00
20160624  13:34:00 2123.00 2126.00 2122.00 2126.00 26060.00
20160624  13:35:00 2125.00 2125.00 2121.00 2122.00 12224.00
20160624  13:36:00 2120.00 2121.00 2118.00 2119.00 24554.00
20160624  13:37:00 2119.00 2123.00 2119.00 2123.00 19558.00
20160624  13:38:00 2124.00 2125.00 2122.00 2124.00 11068.00
20160624  13:39:00 2124.00 2130.00 2124.00 2129.00 36788.00
20160624  13:40:00 2129.00 2145.00 2129.00 2145.00 94332.00
20160624  13:41:00 2146.00 2147.00 2140.00 2142.00 71366.00
20160624  13:42:00 2142.00 2145.00 2142.00 2143.00 36708.00
20160624  13:43:00 2142.00 2142.00 2138.00 2140.00 40910.00
20160624  13:44:00 2140.00 2140.00 2133.00 2135.00 47262.00
20160624  13:45:00 2136.00 2140.00 2135.00 2139.00 24018.00
20160624  13:46:00 2140.00 2140.00 2138.00 2140.00 13468.00
20160624  13:47:00 2140.00 2141.00 2138.00 2141.00 21582.00
20160624  13:48:00 2140.00 2141.00 2136.00 2137.00 17040.00
20160624  13:49:00 2138.00 2142.00 2137.00 2141.00 15488.00
20160624  13:50:00 2141.00 2142.00 2139.00 2139.00 11154.00
20160624  13:51:00 2140.00 2142.00 2138.00 2140.00 21588.00
20160624  13:52:00 2140.00 2140.00 2137.00 2138.00 10884.00
20160624  13:53:00 2138.00 2140.00 2138.00 2139.00 4366.00
20160624  13:54:00 2139.00 2139.00 2137.00 2137.00 7904.00
20160624  13:55:00 2137.00 2139.00 2137.00 2138.00 4580.00
20160624  13:56:00 2137.00 2138.00 2136.00 2136.00 11200.00
20160624  13:57:00 2136.00 2139.00 2136.00 2138.00 9674.00
20160624  13:58:00 2138.00 2138.00 2137.00 2137.00 6702.00
20160624  13:59:00 2138.00 2138.00 2137.00 2138.00 5186.00
20160624  14:00:00 2139.00 2140.00 2138.00 2138.00 8408.00
20160624  14:01:00 2138.00 2139.00 2135.00 2137.00 13230.00
20160624  14:02:00 2136.00 2138.00 2135.00 2138.00 11156.00
20160624  14:03:00 2138.00 2140.00 2137.00 2139.00 15852.00
20160624  14:04:00 2140.00 2141.00 2138.00 2139.00 26532.00
20160624  14:05:00 2139.00 2140.00 2136.00 2137.00 13724.00
20160624  14:06:00 2137.00 2139.00 2137.00 2137.00 12308.00
20160624  14:07:00 2137.00 2138.00 2136.00 2136.00 10170.00
20160624  14:08:00 2137.00 2137.00 2133.00 2133.00 27038.00
20160624  14:09:00 2133.00 2137.00 2133.00 2136.00 18332.00
20160624  14:10:00 2137.00 2138.00 2136.00 2136.00 6826.00
20160624  14:11:00 2137.00 2137.00 2135.00 2136.00 12736.00
20160624  14:12:00 2135.00 2137.00 2135.00 2137.00 7298.00
20160624  14:13:00 2137.00 2137.00 2136.00 2136.00 2084.00
20160624  14:14:00 2136.00 2138.00 2136.00 2138.00 8732.00
20160624  14:15:00 2138.00 2138.00 2135.00 2136.00 7762.00
20160624  14:16:00 2136.00 2137.00 2136.00 2137.00 2726.00
20160624  14:17:00 2136.00 2138.00 2136.00 2137.00 8658.00
20160624  14:18:00 2137.00 2137.00 2136.00 2136.00 1198.00
20160624  14:19:00 2136.00 2137.00 2135.00 2136.00 9414.00
20160624  14:20:00 2137.00 2137.00 2136.00 2137.00 2842.00
20160624  14:21:00 2136.00 2137.00 2136.00 2137.00 6108.00
20160624  14:22:00 2137.00 2138.00 2137.00 2137.00 3196.00
20160624  14:23:00 2138.00 2138.00 2136.00 2137.00 8462.00
20160624  14:24:00 2137.00 2138.00 2137.00 2137.00 1932.00
20160624  14:25:00 2137.00 2138.00 2133.00 2135.00 28940.00
20160624  14:26:00 2135.00 2136.00 2134.00 2134.00 6198.00
20160624  14:27:00 2135.00 2136.00 2132.00 2132.00 13124.00
20160624  14:28:00 2132.00 2134.00 2131.00 2132.00 13962.00
20160624  14:29:00 2132.00 2133.00 2130.00 2132.00 14044.00
20160624  14:30:00 2131.00 2133.00 2130.00 2131.00 15228.00
20160624  14:31:00 2131.00 2132.00 2127.00 2129.00 34200.00
20160624  14:32:00 2129.00 2131.00 2128.00 2128.00 18348.00
20160624  14:33:00 2128.00 2131.00 2127.00 2131.00 21554.00
20160624  14:34:00 2131.00 2131.00 2129.00 2131.00 8328.00
20160624  14:35:00 2131.00 2131.00 2130.00 2130.00 5286.00
20160624  14:36:00 2130.00 2131.00 2128.00 2129.00 10106.00
20160624  14:37:00 2129.00 2130.00 2128.00 2129.00 6944.00
20160624  14:38:00 2130.00 2130.00 2129.00 2129.00 2016.00
20160624  14:39:00 2130.00 2130.00 2128.00 2129.00 8468.00
20160624  14:40:00 2128.00 2128.00 2126.00 2128.00 20602.00
20160624  14:41:00 2127.00 2134.00 2127.00 2133.00 24264.00
20160624  14:42:00 2133.00 2133.00 2130.00 2130.00 9970.00
20160624  14:43:00 2130.00 2131.00 2127.00 2128.00 10294.00
20160624  14:44:00 2127.00 2131.00 2127.00 2129.00 9462.00
20160624  14:45:00 2130.00 2130.00 2128.00 2129.00 4460.00
20160624  14:46:00 2130.00 2130.00 2129.00 2130.00 4146.00
20160624  14:47:00 2129.00 2131.00 2129.00 2130.00 9692.00
20160624  14:48:00 2130.00 2131.00 2129.00 2130.00 7746.00
20160624  14:49:00 2130.00 2130.00 2128.00 2128.00 9458.00
20160624  14:50:00 2128.00 2128.00 2126.00 2126.00 18498.00
20160624  14:51:00 2127.00 2129.00 2126.00 2128.00 8820.00
20160624  14:52:00 2128.00 2128.00 2124.00 2126.00 32792.00
20160624  14:53:00 2125.00 2126.00 2121.00 2121.00 43276.00
20160624  14:54:00 2121.00 2125.00 2121.00 2123.00 23256.00
20160624  14:55:00 2123.00 2125.00 2122.00 2123.00 19970.00
20160624  14:56:00 2124.00 2125.00 2123.00 2124.00 10898.00
20160624  14:57:00 2124.00 2126.00 2124.00 2125.00 16662.00
20160624  14:58:00 2125.00 2128.00 2124.00 2126.00 29296.00
20160624  14:59:00 2127.00 2128.00 2124.00 2127.00 34654.00
20160624  15:00:00 2126.00 2126.00 2126.00 2126.00 672.00
