20160316  21:00:00 2010.00 2018.00 2010.00 2013.00 63484.00
20160316  21:01:00 2013.00 2016.00 2013.00 2014.00 29336.00
20160316  21:02:00 2014.00 2015.00 2012.00 2013.00 26882.00
20160316  21:03:00 2013.00 2014.00 2011.00 2011.00 18640.00
20160316  21:04:00 2012.00 2013.00 2011.00 2013.00 18270.00
20160316  21:05:00 2012.00 2015.00 2012.00 2015.00 17654.00
20160316  21:06:00 2014.00 2017.00 2014.00 2017.00 21982.00
20160316  21:07:00 2016.00 2017.00 2015.00 2016.00 14926.00
20160316  21:08:00 2017.00 2022.00 2015.00 2022.00 40068.00
20160316  21:09:00 2022.00 2023.00 2020.00 2020.00 36550.00
20160316  21:10:00 2020.00 2021.00 2017.00 2017.00 26680.00
20160316  21:11:00 2018.00 2019.00 2017.00 2018.00 21700.00
20160316  21:12:00 2018.00 2018.00 2016.00 2018.00 23826.00
20160316  21:13:00 2017.00 2019.00 2017.00 2019.00 11890.00
20160316  21:14:00 2018.00 2019.00 2015.00 2015.00 18534.00
20160316  21:15:00 2015.00 2017.00 2014.00 2015.00 22862.00
20160316  21:16:00 2014.00 2017.00 2014.00 2016.00 20170.00
20160316  21:17:00 2016.00 2017.00 2014.00 2016.00 13118.00
20160316  21:18:00 2016.00 2017.00 2014.00 2014.00 12462.00
20160316  21:19:00 2014.00 2016.00 2014.00 2016.00 10950.00
20160316  21:20:00 2015.00 2016.00 2014.00 2016.00 14882.00
20160316  21:21:00 2015.00 2016.00 2013.00 2014.00 12300.00
20160316  21:22:00 2014.00 2015.00 2011.00 2012.00 29160.00
20160316  21:23:00 2012.00 2013.00 2009.00 2012.00 42404.00
20160316  21:24:00 2011.00 2012.00 2010.00 2010.00 21066.00
20160316  21:25:00 2010.00 2011.00 2008.00 2008.00 33148.00
20160316  21:26:00 2008.00 2009.00 2006.00 2006.00 29774.00
20160316  21:27:00 2006.00 2010.00 2006.00 2009.00 21418.00
20160316  21:28:00 2010.00 2010.00 2009.00 2010.00 12304.00
20160316  21:29:00 2010.00 2011.00 2009.00 2010.00 10246.00
20160316  21:30:00 2010.00 2012.00 2010.00 2011.00 16506.00
20160316  21:31:00 2012.00 2012.00 2011.00 2012.00 11080.00
20160316  21:32:00 2012.00 2012.00 2011.00 2011.00 3128.00
20160316  21:33:00 2012.00 2014.00 2011.00 2013.00 16834.00
20160316  21:34:00 2013.00 2014.00 2012.00 2012.00 9252.00
20160316  21:35:00 2012.00 2013.00 2011.00 2012.00 7100.00
20160316  21:36:00 2012.00 2014.00 2012.00 2014.00 15248.00
20160316  21:37:00 2013.00 2014.00 2012.00 2013.00 7036.00
20160316  21:38:00 2012.00 2013.00 2011.00 2011.00 13548.00
20160316  21:39:00 2011.00 2013.00 2011.00 2012.00 5328.00
20160316  21:40:00 2013.00 2015.00 2012.00 2014.00 13212.00
20160316  21:41:00 2015.00 2016.00 2014.00 2016.00 18460.00
20160316  21:42:00 2016.00 2016.00 2014.00 2014.00 9198.00
20160316  21:43:00 2014.00 2015.00 2014.00 2015.00 7330.00
20160316  21:44:00 2015.00 2016.00 2014.00 2015.00 10050.00
20160316  21:45:00 2015.00 2016.00 2014.00 2015.00 5736.00
20160316  21:46:00 2014.00 2014.00 2012.00 2012.00 11452.00
20160316  21:47:00 2012.00 2014.00 2012.00 2014.00 7692.00
20160316  21:48:00 2013.00 2014.00 2012.00 2013.00 5204.00
20160316  21:49:00 2013.00 2014.00 2012.00 2013.00 3752.00
20160316  21:50:00 2013.00 2014.00 2012.00 2013.00 4372.00
20160316  21:51:00 2013.00 2014.00 2012.00 2012.00 3368.00
20160316  21:52:00 2012.00 2015.00 2012.00 2015.00 11894.00
20160316  21:53:00 2014.00 2015.00 2013.00 2014.00 8586.00
20160316  21:54:00 2014.00 2015.00 2013.00 2014.00 3658.00
20160316  21:55:00 2015.00 2016.00 2014.00 2015.00 8876.00
20160316  21:56:00 2015.00 2017.00 2015.00 2017.00 12824.00
20160316  21:57:00 2016.00 2018.00 2016.00 2017.00 16258.00
20160316  21:58:00 2018.00 2019.00 2017.00 2017.00 23014.00
20160316  21:59:00 2017.00 2018.00 2017.00 2017.00 12790.00
20160316  22:00:00 2018.00 2020.00 2018.00 2018.00 29024.00
20160316  22:01:00 2019.00 2019.00 2017.00 2018.00 7904.00
20160316  22:02:00 2018.00 2018.00 2017.00 2018.00 6864.00
20160316  22:03:00 2017.00 2019.00 2017.00 2018.00 11308.00
20160316  22:04:00 2017.00 2018.00 2017.00 2017.00 8606.00
20160316  22:05:00 2018.00 2019.00 2016.00 2018.00 11246.00
20160316  22:06:00 2018.00 2021.00 2018.00 2021.00 19892.00
20160316  22:07:00 2021.00 2021.00 2019.00 2019.00 20148.00
20160316  22:08:00 2019.00 2021.00 2019.00 2020.00 18664.00
20160316  22:09:00 2020.00 2022.00 2020.00 2021.00 24014.00
20160316  22:10:00 2020.00 2023.00 2020.00 2022.00 30876.00
20160316  22:11:00 2021.00 2021.00 2018.00 2018.00 17918.00
20160316  22:12:00 2019.00 2021.00 2018.00 2021.00 12828.00
20160316  22:13:00 2020.00 2021.00 2020.00 2021.00 9980.00
20160316  22:14:00 2020.00 2020.00 2018.00 2018.00 15138.00
20160316  22:15:00 2018.00 2019.00 2018.00 2019.00 11642.00
20160316  22:16:00 2019.00 2019.00 2017.00 2018.00 9712.00
20160316  22:17:00 2018.00 2018.00 2016.00 2016.00 16542.00
20160316  22:18:00 2016.00 2019.00 2016.00 2018.00 10212.00
20160316  22:19:00 2018.00 2021.00 2018.00 2021.00 16378.00
20160316  22:20:00 2021.00 2022.00 2019.00 2020.00 13132.00
20160316  22:21:00 2020.00 2020.00 2019.00 2019.00 2314.00
20160316  22:22:00 2020.00 2021.00 2019.00 2020.00 6306.00
20160316  22:23:00 2020.00 2022.00 2020.00 2021.00 10180.00
20160316  22:24:00 2022.00 2024.00 2021.00 2023.00 32408.00
20160316  22:25:00 2022.00 2024.00 2021.00 2023.00 23302.00
20160316  22:26:00 2023.00 2025.00 2022.00 2022.00 10794.00
20160316  22:27:00 2022.00 2023.00 2020.00 2020.00 10332.00
20160316  22:28:00 2021.00 2021.00 2020.00 2020.00 12062.00
20160316  22:29:00 2020.00 2021.00 2020.00 2020.00 3120.00
20160316  22:30:00 2021.00 2022.00 2019.00 2021.00 12526.00
20160316  22:31:00 2021.00 2022.00 2020.00 2020.00 6424.00
20160316  22:32:00 2020.00 2020.00 2018.00 2019.00 9902.00
20160316  22:33:00 2018.00 2019.00 2016.00 2016.00 23266.00
20160316  22:34:00 2017.00 2017.00 2015.00 2017.00 25312.00
20160316  22:35:00 2017.00 2018.00 2016.00 2018.00 8304.00
20160316  22:36:00 2018.00 2019.00 2017.00 2019.00 6464.00
20160316  22:37:00 2019.00 2019.00 2018.00 2019.00 3596.00
20160316  22:38:00 2019.00 2020.00 2018.00 2020.00 7432.00
20160316  22:39:00 2020.00 2020.00 2018.00 2018.00 7152.00
20160316  22:40:00 2019.00 2021.00 2018.00 2020.00 6212.00
20160316  22:41:00 2021.00 2022.00 2020.00 2020.00 5638.00
20160316  22:42:00 2020.00 2021.00 2020.00 2020.00 1700.00
20160316  22:43:00 2021.00 2021.00 2019.00 2020.00 7692.00
20160316  22:44:00 2019.00 2021.00 2019.00 2021.00 6136.00
20160316  22:45:00 2021.00 2022.00 2020.00 2022.00 14494.00
20160316  22:46:00 2022.00 2022.00 2020.00 2020.00 4302.00
20160316  22:47:00 2020.00 2022.00 2020.00 2022.00 3296.00
20160316  22:48:00 2022.00 2023.00 2022.00 2023.00 10806.00
20160316  22:49:00 2022.00 2023.00 2021.00 2022.00 5722.00
20160316  22:50:00 2022.00 2023.00 2021.00 2023.00 10826.00
20160316  22:51:00 2023.00 2023.00 2021.00 2021.00 10460.00
20160316  22:52:00 2021.00 2022.00 2021.00 2021.00 3912.00
20160316  22:53:00 2021.00 2022.00 2020.00 2022.00 2194.00
20160316  22:54:00 2021.00 2022.00 2021.00 2021.00 1434.00
20160316  22:55:00 2021.00 2024.00 2021.00 2024.00 10496.00
20160316  22:56:00 2024.00 2024.00 2022.00 2023.00 7840.00
20160316  22:57:00 2023.00 2025.00 2023.00 2025.00 8438.00
20160316  22:58:00 2025.00 2026.00 2023.00 2026.00 19342.00
20160316  22:59:00 2026.00 2026.00 2024.00 2025.00 14152.00
20160316  23:00:00 2024.00 2025.00 2023.00 2025.00 12114.00
20160316  23:01:00 2024.00 2025.00 2023.00 2023.00 8710.00
20160316  23:02:00 2024.00 2024.00 2021.00 2021.00 18206.00
20160316  23:03:00 2022.00 2023.00 2021.00 2022.00 4140.00
20160316  23:04:00 2022.00 2023.00 2020.00 2021.00 11382.00
20160316  23:05:00 2020.00 2021.00 2019.00 2019.00 11284.00
20160316  23:06:00 2019.00 2022.00 2019.00 2021.00 11826.00
20160316  23:07:00 2021.00 2022.00 2021.00 2022.00 5628.00
20160316  23:08:00 2022.00 2022.00 2021.00 2022.00 5900.00
20160316  23:09:00 2022.00 2023.00 2022.00 2023.00 2186.00
20160316  23:10:00 2023.00 2025.00 2023.00 2024.00 13470.00
20160316  23:11:00 2023.00 2024.00 2023.00 2023.00 862.00
20160316  23:12:00 2023.00 2024.00 2022.00 2023.00 4046.00
20160316  23:13:00 2023.00 2024.00 2022.00 2023.00 4800.00
20160316  23:14:00 2023.00 2024.00 2023.00 2024.00 1272.00
20160316  23:15:00 2024.00 2024.00 2023.00 2024.00 1872.00
20160316  23:16:00 2024.00 2025.00 2023.00 2025.00 8274.00
20160316  23:17:00 2024.00 2026.00 2023.00 2024.00 13676.00
20160316  23:18:00 2024.00 2025.00 2023.00 2023.00 8342.00
20160316  23:19:00 2024.00 2025.00 2023.00 2025.00 3024.00
20160316  23:20:00 2025.00 2028.00 2024.00 2027.00 24554.00
20160316  23:21:00 2026.00 2027.00 2025.00 2026.00 9250.00
20160316  23:22:00 2026.00 2027.00 2025.00 2026.00 4316.00
20160316  23:23:00 2026.00 2027.00 2025.00 2026.00 6916.00
20160316  23:24:00 2027.00 2027.00 2025.00 2025.00 5102.00
20160316  23:25:00 2025.00 2026.00 2024.00 2025.00 12380.00
20160316  23:26:00 2025.00 2026.00 2024.00 2025.00 4452.00
20160316  23:27:00 2025.00 2027.00 2025.00 2026.00 8178.00
20160316  23:28:00 2025.00 2026.00 2025.00 2025.00 3554.00
20160316  23:29:00 2025.00 2027.00 2025.00 2027.00 6816.00
20160316  23:30:00 2027.00 2030.00 2026.00 2029.00 43510.00
20160316  23:31:00 2030.00 2031.00 2029.00 2030.00 19718.00
20160316  23:32:00 2029.00 2031.00 2028.00 2031.00 15986.00
20160316  23:33:00 2031.00 2031.00 2030.00 2030.00 18544.00
20160316  23:34:00 2030.00 2036.00 2030.00 2035.00 64188.00
20160316  23:35:00 2035.00 2035.00 2033.00 2033.00 20394.00
20160316  23:36:00 2033.00 2034.00 2032.00 2032.00 10658.00
20160316  23:37:00 2032.00 2033.00 2031.00 2031.00 12078.00
20160316  23:38:00 2031.00 2032.00 2030.00 2031.00 11304.00
20160316  23:39:00 2031.00 2032.00 2030.00 2032.00 16648.00
20160316  23:40:00 2031.00 2033.00 2031.00 2031.00 7994.00
20160316  23:41:00 2031.00 2032.00 2029.00 2029.00 23566.00
20160316  23:42:00 2030.00 2030.00 2029.00 2029.00 8118.00
20160316  23:43:00 2029.00 2031.00 2029.00 2031.00 8202.00
20160316  23:44:00 2031.00 2032.00 2031.00 2031.00 3108.00
20160316  23:45:00 2031.00 2032.00 2030.00 2030.00 6866.00
20160316  23:46:00 2030.00 2032.00 2030.00 2031.00 4098.00
20160316  23:47:00 2031.00 2033.00 2031.00 2032.00 5292.00
20160316  23:48:00 2032.00 2033.00 2031.00 2033.00 5412.00
20160316  23:49:00 2032.00 2034.00 2032.00 2033.00 14910.00
20160316  23:50:00 2033.00 2034.00 2033.00 2033.00 3352.00
20160316  23:51:00 2033.00 2033.00 2031.00 2032.00 13084.00
20160316  23:52:00 2032.00 2033.00 2030.00 2031.00 8918.00
20160316  23:53:00 2031.00 2032.00 2031.00 2031.00 2976.00
20160316  23:54:00 2031.00 2032.00 2031.00 2032.00 898.00
20160316  23:55:00 2032.00 2035.00 2031.00 2035.00 13868.00
20160316  23:56:00 2035.00 2035.00 2032.00 2032.00 12152.00
20160316  23:57:00 2032.00 2033.00 2031.00 2031.00 6600.00
20160316  23:58:00 2031.00 2031.00 2030.00 2030.00 18320.00
20160316  23:59:00 2030.00 2032.00 2030.00 2032.00 7454.00
20160317  00:00:00 2032.00 2032.00 2029.00 2030.00 11896.00
20160317  00:01:00 2030.00 2032.00 2030.00 2031.00 6054.00
20160317  00:02:00 2031.00 2033.00 2031.00 2033.00 7246.00
20160317  00:03:00 2033.00 2034.00 2032.00 2032.00 3158.00
20160317  00:04:00 2033.00 2033.00 2031.00 2031.00 15882.00
20160317  00:05:00 2031.00 2033.00 2031.00 2032.00 3314.00
20160317  00:06:00 2033.00 2033.00 2031.00 2031.00 4916.00
20160317  00:07:00 2031.00 2033.00 2031.00 2033.00 6384.00
20160317  00:08:00 2033.00 2035.00 2032.00 2033.00 11982.00
20160317  00:09:00 2033.00 2035.00 2033.00 2035.00 4728.00
20160317  00:10:00 2035.00 2035.00 2034.00 2034.00 2734.00
20160317  00:11:00 2034.00 2035.00 2034.00 2034.00 2624.00
20160317  00:12:00 2034.00 2035.00 2033.00 2034.00 7062.00
20160317  00:13:00 2034.00 2036.00 2034.00 2036.00 15380.00
20160317  00:14:00 2036.00 2036.00 2034.00 2036.00 6656.00
20160317  00:15:00 2036.00 2036.00 2034.00 2035.00 6444.00
20160317  00:16:00 2036.00 2036.00 2035.00 2036.00 1582.00
20160317  00:17:00 2036.00 2036.00 2034.00 2035.00 5682.00
20160317  00:18:00 2035.00 2036.00 2034.00 2035.00 2734.00
20160317  00:19:00 2035.00 2036.00 2035.00 2035.00 1672.00
20160317  00:20:00 2035.00 2036.00 2034.00 2035.00 5090.00
20160317  00:21:00 2035.00 2036.00 2035.00 2035.00 2150.00
20160317  00:22:00 2035.00 2038.00 2035.00 2037.00 18038.00
20160317  00:23:00 2038.00 2039.00 2037.00 2039.00 32500.00
20160317  00:24:00 2038.00 2039.00 2037.00 2038.00 17502.00
20160317  00:25:00 2038.00 2039.00 2037.00 2038.00 8808.00
20160317  00:26:00 2038.00 2041.00 2038.00 2041.00 25064.00
20160317  00:27:00 2041.00 2044.00 2040.00 2044.00 28882.00
20160317  00:28:00 2044.00 2044.00 2041.00 2041.00 13280.00
20160317  00:29:00 2042.00 2042.00 2040.00 2042.00 7708.00
20160317  00:30:00 2042.00 2043.00 2041.00 2042.00 10958.00
20160317  00:31:00 2042.00 2042.00 2041.00 2041.00 4084.00
20160317  00:32:00 2041.00 2042.00 2040.00 2040.00 4328.00
20160317  00:33:00 2040.00 2043.00 2040.00 2043.00 9600.00
20160317  00:34:00 2043.00 2044.00 2042.00 2044.00 7484.00
20160317  00:35:00 2044.00 2044.00 2041.00 2041.00 7210.00
20160317  00:36:00 2041.00 2044.00 2041.00 2043.00 5330.00
20160317  00:37:00 2043.00 2044.00 2043.00 2043.00 2960.00
20160317  00:38:00 2044.00 2045.00 2043.00 2045.00 9568.00
20160317  00:39:00 2046.00 2049.00 2045.00 2048.00 23332.00
20160317  00:40:00 2048.00 2048.00 2045.00 2046.00 16154.00
20160317  00:41:00 2046.00 2047.00 2045.00 2046.00 6382.00
20160317  00:42:00 2046.00 2047.00 2045.00 2047.00 2300.00
20160317  00:43:00 2046.00 2047.00 2041.00 2041.00 20654.00
20160317  00:44:00 2042.00 2044.00 2041.00 2043.00 11970.00
20160317  00:45:00 2043.00 2044.00 2041.00 2042.00 10864.00
20160317  00:46:00 2042.00 2043.00 2040.00 2041.00 12068.00
20160317  00:47:00 2040.00 2040.00 2038.00 2039.00 22676.00
20160317  00:48:00 2039.00 2041.00 2038.00 2041.00 6912.00
20160317  00:49:00 2041.00 2041.00 2040.00 2041.00 1512.00
20160317  00:50:00 2041.00 2042.00 2040.00 2042.00 7010.00
20160317  00:51:00 2042.00 2043.00 2040.00 2041.00 7752.00
20160317  00:52:00 2042.00 2042.00 2040.00 2040.00 2430.00
20160317  00:53:00 2041.00 2041.00 2038.00 2039.00 10264.00
20160317  00:54:00 2038.00 2039.00 2036.00 2039.00 18472.00
20160317  00:55:00 2040.00 2041.00 2039.00 2041.00 9974.00
20160317  00:56:00 2041.00 2042.00 2040.00 2040.00 6202.00
20160317  00:57:00 2041.00 2044.00 2041.00 2043.00 9794.00
20160317  00:58:00 2043.00 2045.00 2042.00 2045.00 13690.00
20160317  00:59:00 2046.00 2046.00 2044.00 2046.00 20552.00
20160317  01:00:00 2045.00 2045.00 2045.00 2045.00  78.00
20160317  09:00:00 2049.00 2054.00 2046.00 2050.00 89330.00
20160317  09:01:00 2050.00 2052.00 2047.00 2050.00 51330.00
20160317  09:02:00 2049.00 2050.00 2047.00 2049.00 44772.00
20160317  09:03:00 2049.00 2054.00 2049.00 2053.00 33834.00
20160317  09:04:00 2054.00 2059.00 2053.00 2059.00 46008.00
20160317  09:05:00 2058.00 2059.00 2055.00 2057.00 30478.00
20160317  09:06:00 2056.00 2059.00 2056.00 2058.00 27134.00
20160317  09:07:00 2058.00 2061.00 2056.00 2060.00 44044.00
20160317  09:08:00 2060.00 2060.00 2053.00 2054.00 48822.00
20160317  09:09:00 2053.00 2054.00 2050.00 2050.00 50182.00
20160317  09:10:00 2050.00 2051.00 2049.00 2051.00 34770.00
20160317  09:11:00 2051.00 2053.00 2051.00 2052.00 17114.00
20160317  09:12:00 2053.00 2053.00 2050.00 2051.00 18470.00
20160317  09:13:00 2051.00 2054.00 2051.00 2053.00 24832.00
20160317  09:14:00 2054.00 2054.00 2051.00 2053.00 18150.00
20160317  09:15:00 2053.00 2054.00 2051.00 2052.00 15964.00
20160317  09:16:00 2052.00 2055.00 2052.00 2055.00 14338.00
20160317  09:17:00 2055.00 2057.00 2055.00 2055.00 25900.00
20160317  09:18:00 2055.00 2059.00 2055.00 2058.00 17692.00
20160317  09:19:00 2058.00 2059.00 2057.00 2059.00 15284.00
20160317  09:20:00 2059.00 2060.00 2057.00 2057.00 37958.00
20160317  09:21:00 2058.00 2059.00 2055.00 2055.00 25726.00
20160317  09:22:00 2055.00 2056.00 2053.00 2053.00 29442.00
20160317  09:23:00 2054.00 2054.00 2053.00 2054.00 18408.00
20160317  09:24:00 2054.00 2054.00 2050.00 2050.00 29760.00
20160317  09:25:00 2050.00 2051.00 2049.00 2051.00 29740.00
20160317  09:26:00 2051.00 2052.00 2051.00 2051.00 10934.00
20160317  09:27:00 2052.00 2052.00 2049.00 2049.00 18334.00
20160317  09:28:00 2050.00 2050.00 2046.00 2047.00 43446.00
20160317  09:29:00 2047.00 2049.00 2046.00 2047.00 27772.00
20160317  09:30:00 2047.00 2049.00 2046.00 2049.00 20344.00
20160317  09:31:00 2049.00 2051.00 2048.00 2050.00 13726.00
20160317  09:32:00 2049.00 2051.00 2049.00 2049.00 8694.00
20160317  09:33:00 2050.00 2050.00 2046.00 2048.00 22912.00
20160317  09:34:00 2048.00 2051.00 2047.00 2051.00 9658.00
20160317  09:35:00 2050.00 2051.00 2048.00 2049.00 12634.00
20160317  09:36:00 2049.00 2051.00 2048.00 2049.00 12786.00
20160317  09:37:00 2048.00 2050.00 2048.00 2049.00 6966.00
20160317  09:38:00 2049.00 2049.00 2047.00 2047.00 12840.00
20160317  09:39:00 2046.00 2047.00 2044.00 2045.00 17804.00
20160317  09:40:00 2044.00 2049.00 2044.00 2047.00 19488.00
20160317  09:41:00 2048.00 2048.00 2046.00 2047.00 6522.00
20160317  09:42:00 2046.00 2050.00 2046.00 2048.00 12158.00
20160317  09:43:00 2048.00 2049.00 2045.00 2045.00 12510.00
20160317  09:44:00 2045.00 2045.00 2043.00 2043.00 21134.00
20160317  09:45:00 2043.00 2044.00 2042.00 2044.00 24468.00
20160317  09:46:00 2043.00 2045.00 2043.00 2044.00 10226.00
20160317  09:47:00 2044.00 2045.00 2043.00 2044.00 7110.00
20160317  09:48:00 2044.00 2046.00 2043.00 2046.00 13418.00
20160317  09:49:00 2046.00 2046.00 2045.00 2045.00 13684.00
20160317  09:50:00 2046.00 2046.00 2045.00 2045.00 4518.00
20160317  09:51:00 2045.00 2047.00 2045.00 2047.00 7518.00
20160317  09:52:00 2047.00 2047.00 2045.00 2045.00 13252.00
20160317  09:53:00 2045.00 2046.00 2045.00 2045.00 5266.00
20160317  09:54:00 2045.00 2046.00 2044.00 2044.00 3096.00
20160317  09:55:00 2044.00 2050.00 2044.00 2049.00 21206.00
20160317  09:56:00 2049.00 2051.00 2049.00 2050.00 28908.00
20160317  09:57:00 2050.00 2051.00 2049.00 2049.00 7474.00
20160317  09:58:00 2050.00 2050.00 2049.00 2050.00 4140.00
20160317  09:59:00 2049.00 2052.00 2049.00 2051.00 17334.00
20160317  10:00:00 2051.00 2053.00 2051.00 2052.00 19342.00
20160317  10:01:00 2053.00 2054.00 2052.00 2053.00 16808.00
20160317  10:02:00 2053.00 2054.00 2051.00 2052.00 17484.00
20160317  10:03:00 2052.00 2052.00 2050.00 2050.00 7020.00
20160317  10:04:00 2050.00 2055.00 2050.00 2055.00 19874.00
20160317  10:05:00 2055.00 2056.00 2052.00 2054.00 23004.00
20160317  10:06:00 2054.00 2054.00 2051.00 2052.00 14564.00
20160317  10:07:00 2052.00 2053.00 2051.00 2052.00 11294.00
20160317  10:08:00 2052.00 2052.00 2049.00 2051.00 15838.00
20160317  10:09:00 2051.00 2052.00 2049.00 2050.00 15496.00
20160317  10:10:00 2050.00 2050.00 2046.00 2046.00 27414.00
20160317  10:11:00 2047.00 2049.00 2045.00 2048.00 22778.00
20160317  10:12:00 2048.00 2048.00 2047.00 2047.00 7234.00
20160317  10:13:00 2047.00 2051.00 2047.00 2051.00 9514.00
20160317  10:14:00 2050.00 2052.00 2049.00 2050.00 8150.00
20160317  10:30:00 2050.00 2050.00 2048.00 2049.00 8462.00
20160317  10:31:00 2049.00 2052.00 2049.00 2051.00 13620.00
20160317  10:32:00 2051.00 2052.00 2050.00 2051.00 11242.00
20160317  10:33:00 2051.00 2052.00 2051.00 2051.00 3678.00
20160317  10:34:00 2051.00 2052.00 2050.00 2050.00 6950.00
20160317  10:35:00 2050.00 2050.00 2048.00 2048.00 9956.00
20160317  10:36:00 2048.00 2049.00 2047.00 2048.00 22438.00
20160317  10:37:00 2047.00 2049.00 2046.00 2046.00 12596.00
20160317  10:38:00 2047.00 2047.00 2045.00 2047.00 16466.00
20160317  10:39:00 2047.00 2047.00 2046.00 2047.00 3336.00
20160317  10:40:00 2047.00 2049.00 2047.00 2049.00 5536.00
20160317  10:41:00 2049.00 2050.00 2048.00 2049.00 10072.00
20160317  10:42:00 2049.00 2049.00 2045.00 2046.00 11882.00
20160317  10:43:00 2045.00 2049.00 2045.00 2048.00 8118.00
20160317  10:44:00 2048.00 2052.00 2047.00 2051.00 26792.00
20160317  10:45:00 2051.00 2052.00 2050.00 2051.00 23160.00
20160317  10:46:00 2052.00 2054.00 2051.00 2054.00 23140.00
20160317  10:47:00 2054.00 2054.00 2052.00 2053.00 18226.00
20160317  10:48:00 2052.00 2054.00 2051.00 2052.00 11472.00
20160317  10:49:00 2052.00 2053.00 2051.00 2051.00 8940.00
20160317  10:50:00 2051.00 2054.00 2051.00 2054.00 23916.00
20160317  10:51:00 2053.00 2056.00 2053.00 2055.00 27944.00
20160317  10:52:00 2055.00 2056.00 2053.00 2054.00 20830.00
20160317  10:53:00 2054.00 2054.00 2052.00 2053.00 9380.00
20160317  10:54:00 2052.00 2053.00 2051.00 2052.00 18396.00
20160317  10:55:00 2052.00 2053.00 2050.00 2051.00 13470.00
20160317  10:56:00 2051.00 2051.00 2049.00 2050.00 15748.00
20160317  10:57:00 2050.00 2051.00 2049.00 2050.00 13800.00
20160317  10:58:00 2049.00 2050.00 2046.00 2049.00 31356.00
20160317  10:59:00 2049.00 2049.00 2047.00 2047.00 16742.00
20160317  11:00:00 2047.00 2049.00 2047.00 2049.00 15450.00
20160317  11:01:00 2048.00 2049.00 2043.00 2044.00 40444.00
20160317  11:02:00 2044.00 2046.00 2043.00 2045.00 23540.00
20160317  11:03:00 2045.00 2048.00 2045.00 2047.00 15854.00
20160317  11:04:00 2046.00 2048.00 2046.00 2047.00 8250.00
20160317  11:05:00 2047.00 2047.00 2045.00 2047.00 9426.00
20160317  11:06:00 2046.00 2047.00 2046.00 2047.00 4892.00
20160317  11:07:00 2047.00 2049.00 2046.00 2049.00 17100.00
20160317  11:08:00 2049.00 2049.00 2047.00 2049.00 8920.00
20160317  11:09:00 2049.00 2050.00 2048.00 2049.00 11474.00
20160317  11:10:00 2050.00 2050.00 2048.00 2049.00 14678.00
20160317  11:11:00 2049.00 2051.00 2048.00 2050.00 12758.00
20160317  11:12:00 2051.00 2051.00 2050.00 2050.00 11748.00
20160317  11:13:00 2049.00 2053.00 2049.00 2052.00 24078.00
20160317  11:14:00 2051.00 2053.00 2051.00 2052.00 8912.00
20160317  11:15:00 2051.00 2052.00 2050.00 2050.00 7434.00
20160317  11:16:00 2050.00 2051.00 2049.00 2049.00 8232.00
20160317  11:17:00 2049.00 2052.00 2049.00 2052.00 13298.00
20160317  11:18:00 2052.00 2054.00 2051.00 2053.00 23034.00
20160317  11:19:00 2052.00 2053.00 2049.00 2050.00 19454.00
20160317  11:20:00 2049.00 2051.00 2049.00 2049.00 11680.00
20160317  11:21:00 2049.00 2052.00 2049.00 2052.00 14198.00
20160317  11:22:00 2052.00 2054.00 2051.00 2053.00 16718.00
20160317  11:23:00 2054.00 2055.00 2052.00 2054.00 10870.00
20160317  11:24:00 2054.00 2057.00 2054.00 2055.00 29454.00
20160317  11:25:00 2056.00 2056.00 2053.00 2053.00 21784.00
20160317  11:26:00 2054.00 2059.00 2053.00 2058.00 36710.00
20160317  11:27:00 2059.00 2067.00 2058.00 2065.00 87360.00
20160317  11:28:00 2065.00 2072.00 2065.00 2072.00 84852.00
20160317  11:29:00 2072.00 2076.00 2071.00 2076.00 74396.00
20160317  13:30:00 2079.00 2085.00 2078.00 2081.00 144252.00
20160317  13:31:00 2081.00 2085.00 2077.00 2077.00 85572.00
20160317  13:32:00 2077.00 2083.00 2076.00 2083.00 66322.00
20160317  13:33:00 2082.00 2084.00 2078.00 2079.00 46398.00
20160317  13:34:00 2079.00 2081.00 2074.00 2074.00 72884.00
20160317  13:35:00 2074.00 2074.00 2067.00 2069.00 78012.00
20160317  13:36:00 2070.00 2072.00 2068.00 2070.00 53816.00
20160317  13:37:00 2070.00 2071.00 2066.00 2070.00 56326.00
20160317  13:38:00 2070.00 2071.00 2068.00 2069.00 47472.00
20160317  13:39:00 2069.00 2072.00 2068.00 2069.00 25826.00
20160317  13:40:00 2070.00 2070.00 2066.00 2067.00 42102.00
20160317  13:41:00 2068.00 2068.00 2066.00 2067.00 24622.00
20160317  13:42:00 2067.00 2070.00 2066.00 2070.00 23832.00
20160317  13:43:00 2070.00 2070.00 2068.00 2068.00 11724.00
20160317  13:44:00 2068.00 2069.00 2063.00 2065.00 56418.00
20160317  13:45:00 2065.00 2066.00 2062.00 2065.00 38526.00
20160317  13:46:00 2065.00 2066.00 2063.00 2065.00 18324.00
20160317  13:47:00 2065.00 2067.00 2065.00 2067.00 18654.00
20160317  13:48:00 2067.00 2067.00 2065.00 2066.00 9940.00
20160317  13:49:00 2067.00 2068.00 2066.00 2068.00 11760.00
20160317  13:50:00 2067.00 2068.00 2066.00 2066.00 13736.00
20160317  13:51:00 2066.00 2067.00 2066.00 2066.00 8806.00
20160317  13:52:00 2066.00 2068.00 2066.00 2067.00 8674.00
20160317  13:53:00 2068.00 2068.00 2065.00 2066.00 12122.00
20160317  13:54:00 2065.00 2068.00 2065.00 2066.00 19548.00
20160317  13:55:00 2065.00 2068.00 2065.00 2067.00 18166.00
20160317  13:56:00 2067.00 2068.00 2066.00 2068.00 9494.00
20160317  13:57:00 2068.00 2069.00 2067.00 2069.00 20612.00
20160317  13:58:00 2069.00 2069.00 2066.00 2066.00 21750.00
20160317  13:59:00 2066.00 2067.00 2065.00 2067.00 10706.00
20160317  14:00:00 2067.00 2069.00 2066.00 2068.00 18292.00
20160317  14:01:00 2068.00 2070.00 2068.00 2070.00 15030.00
20160317  14:02:00 2070.00 2071.00 2068.00 2069.00 12626.00
20160317  14:03:00 2069.00 2072.00 2069.00 2071.00 24034.00
20160317  14:04:00 2072.00 2072.00 2070.00 2071.00 18908.00
20160317  14:05:00 2071.00 2073.00 2071.00 2071.00 21958.00
20160317  14:06:00 2070.00 2071.00 2069.00 2070.00 13942.00
20160317  14:07:00 2071.00 2071.00 2068.00 2068.00 20972.00
20160317  14:08:00 2069.00 2069.00 2068.00 2068.00 9374.00
20160317  14:09:00 2068.00 2069.00 2068.00 2068.00 10672.00
20160317  14:10:00 2068.00 2069.00 2068.00 2068.00 1954.00
20160317  14:11:00 2069.00 2069.00 2068.00 2068.00 4874.00
20160317  14:12:00 2069.00 2073.00 2069.00 2073.00 27432.00
20160317  14:13:00 2073.00 2074.00 2073.00 2073.00 25162.00
20160317  14:14:00 2073.00 2074.00 2070.00 2071.00 18518.00
20160317  14:15:00 2071.00 2073.00 2070.00 2073.00 11662.00
20160317  14:16:00 2073.00 2074.00 2072.00 2073.00 22324.00
20160317  14:17:00 2073.00 2075.00 2072.00 2075.00 11944.00
20160317  14:18:00 2075.00 2076.00 2073.00 2073.00 26882.00
20160317  14:19:00 2073.00 2074.00 2071.00 2073.00 19832.00
20160317  14:20:00 2073.00 2074.00 2069.00 2069.00 28514.00
20160317  14:21:00 2068.00 2072.00 2068.00 2070.00 16376.00
20160317  14:22:00 2070.00 2071.00 2067.00 2067.00 29340.00
20160317  14:23:00 2066.00 2070.00 2066.00 2069.00 24000.00
20160317  14:24:00 2069.00 2069.00 2064.00 2065.00 32474.00
20160317  14:25:00 2064.00 2067.00 2064.00 2067.00 20120.00
20160317  14:26:00 2067.00 2068.00 2066.00 2068.00 11154.00
20160317  14:27:00 2068.00 2068.00 2066.00 2068.00 13232.00
20160317  14:28:00 2068.00 2068.00 2067.00 2068.00 6366.00
20160317  14:29:00 2067.00 2068.00 2065.00 2066.00 15118.00
20160317  14:30:00 2066.00 2066.00 2061.00 2061.00 35746.00
20160317  14:31:00 2061.00 2062.00 2058.00 2060.00 58064.00
20160317  14:32:00 2060.00 2061.00 2057.00 2057.00 27690.00
20160317  14:33:00 2057.00 2057.00 2054.00 2057.00 53054.00
20160317  14:34:00 2057.00 2057.00 2052.00 2056.00 46780.00
20160317  14:35:00 2055.00 2058.00 2055.00 2056.00 20208.00
20160317  14:36:00 2057.00 2058.00 2056.00 2057.00 14552.00
20160317  14:37:00 2057.00 2058.00 2054.00 2055.00 30188.00
20160317  14:38:00 2055.00 2057.00 2053.00 2053.00 17092.00
20160317  14:39:00 2053.00 2055.00 2052.00 2053.00 41976.00
20160317  14:40:00 2053.00 2053.00 2051.00 2053.00 34338.00
20160317  14:41:00 2053.00 2053.00 2049.00 2051.00 49720.00
20160317  14:42:00 2051.00 2055.00 2050.00 2055.00 30846.00
20160317  14:43:00 2055.00 2055.00 2054.00 2054.00 26938.00
20160317  14:44:00 2054.00 2057.00 2054.00 2055.00 27548.00
20160317  14:45:00 2055.00 2057.00 2054.00 2057.00 14814.00
20160317  14:46:00 2057.00 2057.00 2056.00 2056.00 17464.00
20160317  14:47:00 2056.00 2059.00 2056.00 2059.00 23984.00
20160317  14:48:00 2058.00 2059.00 2057.00 2058.00 12038.00
20160317  14:49:00 2058.00 2060.00 2058.00 2059.00 21468.00
20160317  14:50:00 2059.00 2063.00 2059.00 2063.00 28532.00
20160317  14:51:00 2063.00 2063.00 2060.00 2060.00 28060.00
20160317  14:52:00 2060.00 2066.00 2060.00 2065.00 39096.00
20160317  14:53:00 2065.00 2074.00 2064.00 2072.00 79388.00
20160317  14:54:00 2072.00 2073.00 2069.00 2069.00 52860.00
20160317  14:55:00 2069.00 2073.00 2067.00 2072.00 46512.00
20160317  14:56:00 2072.00 2078.00 2070.00 2077.00 79334.00
20160317  14:57:00 2076.00 2077.00 2073.00 2077.00 56310.00
20160317  14:58:00 2076.00 2077.00 2074.00 2077.00 37962.00
20160317  14:59:00 2076.00 2081.00 2076.00 2077.00 69966.00
20160317  15:00:00 2078.00 2078.00 2078.00 2078.00  56.00
