20160223  21:00:00 1922.00 1926.00 1922.00 1925.00 18764.00
20160223  21:01:00 1925.00 1925.00 1922.00 1923.00 18696.00
20160223  21:02:00 1923.00 1926.00 1922.00 1926.00 14564.00
20160223  21:03:00 1926.00 1927.00 1924.00 1925.00 24850.00
20160223  21:04:00 1925.00 1927.00 1924.00 1927.00 8300.00
20160223  21:05:00 1926.00 1927.00 1923.00 1924.00 14732.00
20160223  21:06:00 1924.00 1924.00 1921.00 1921.00 15084.00
20160223  21:07:00 1921.00 1922.00 1919.00 1921.00 24618.00
20160223  21:08:00 1920.00 1925.00 1920.00 1924.00 23580.00
20160223  21:09:00 1925.00 1925.00 1924.00 1924.00 4668.00
20160223  21:10:00 1924.00 1925.00 1924.00 1925.00 11684.00
20160223  21:11:00 1925.00 1926.00 1924.00 1926.00 11032.00
20160223  21:12:00 1926.00 1927.00 1924.00 1927.00 10940.00
20160223  21:13:00 1927.00 1927.00 1926.00 1927.00 2512.00
20160223  21:14:00 1926.00 1927.00 1925.00 1926.00 14334.00
20160223  21:15:00 1926.00 1928.00 1925.00 1928.00 16436.00
20160223  21:16:00 1928.00 1929.00 1927.00 1929.00 12804.00
20160223  21:17:00 1929.00 1929.00 1927.00 1928.00 15076.00
20160223  21:18:00 1927.00 1929.00 1927.00 1929.00 9180.00
20160223  21:19:00 1929.00 1929.00 1928.00 1928.00 7742.00
20160223  21:20:00 1928.00 1930.00 1928.00 1930.00 12290.00
20160223  21:21:00 1930.00 1931.00 1929.00 1930.00 19394.00
20160223  21:22:00 1930.00 1931.00 1929.00 1930.00 9988.00
20160223  21:23:00 1931.00 1932.00 1930.00 1931.00 16076.00
20160223  21:24:00 1932.00 1932.00 1930.00 1930.00 10798.00
20160223  21:25:00 1931.00 1931.00 1929.00 1930.00 17906.00
20160223  21:26:00 1931.00 1932.00 1930.00 1931.00 10086.00
20160223  21:27:00 1932.00 1932.00 1929.00 1929.00 5274.00
20160223  21:28:00 1929.00 1931.00 1929.00 1931.00 4184.00
20160223  21:29:00 1930.00 1932.00 1930.00 1932.00 10920.00
20160223  21:30:00 1932.00 1933.00 1931.00 1933.00 16628.00
20160223  21:31:00 1933.00 1936.00 1933.00 1933.00 47022.00
20160223  21:32:00 1933.00 1933.00 1931.00 1931.00 23090.00
20160223  21:33:00 1932.00 1933.00 1931.00 1932.00 10168.00
20160223  21:34:00 1932.00 1933.00 1932.00 1933.00 9930.00
20160223  21:35:00 1933.00 1934.00 1932.00 1932.00 14090.00
20160223  21:36:00 1932.00 1934.00 1931.00 1932.00 22592.00
20160223  21:37:00 1933.00 1933.00 1932.00 1932.00 7734.00
20160223  21:38:00 1932.00 1933.00 1931.00 1932.00 11074.00
20160223  21:39:00 1931.00 1932.00 1931.00 1932.00 1380.00
20160223  21:40:00 1931.00 1935.00 1931.00 1935.00 17422.00
20160223  21:41:00 1935.00 1937.00 1934.00 1935.00 24582.00
20160223  21:42:00 1936.00 1936.00 1934.00 1935.00 19820.00
20160223  21:43:00 1934.00 1937.00 1934.00 1936.00 18528.00
20160223  21:44:00 1936.00 1936.00 1935.00 1936.00 5450.00
20160223  21:45:00 1936.00 1937.00 1935.00 1935.00 11052.00
20160223  21:46:00 1935.00 1936.00 1933.00 1934.00 15536.00
20160223  21:47:00 1934.00 1935.00 1934.00 1935.00 1828.00
20160223  21:48:00 1935.00 1936.00 1934.00 1935.00 16780.00
20160223  21:49:00 1936.00 1936.00 1934.00 1936.00 7534.00
20160223  21:50:00 1936.00 1936.00 1933.00 1933.00 14400.00
20160223  21:51:00 1934.00 1934.00 1933.00 1933.00 2896.00
20160223  21:52:00 1934.00 1934.00 1933.00 1933.00 2976.00
20160223  21:53:00 1933.00 1934.00 1932.00 1932.00 5844.00
20160223  21:54:00 1932.00 1933.00 1932.00 1932.00 3240.00
20160223  21:55:00 1932.00 1934.00 1932.00 1934.00 8058.00
20160223  21:56:00 1934.00 1934.00 1932.00 1932.00 7862.00
20160223  21:57:00 1932.00 1935.00 1932.00 1934.00 21612.00
20160223  21:58:00 1934.00 1935.00 1933.00 1935.00 3168.00
20160223  21:59:00 1935.00 1935.00 1934.00 1935.00 1282.00
20160223  22:00:00 1934.00 1936.00 1934.00 1935.00 17908.00
20160223  22:01:00 1934.00 1935.00 1932.00 1932.00 6944.00
20160223  22:02:00 1933.00 1934.00 1932.00 1932.00 7208.00
20160223  22:03:00 1932.00 1933.00 1931.00 1932.00 14068.00
20160223  22:04:00 1932.00 1932.00 1929.00 1930.00 18086.00
20160223  22:05:00 1929.00 1931.00 1929.00 1930.00 10794.00
20160223  22:06:00 1930.00 1931.00 1928.00 1929.00 15114.00
20160223  22:07:00 1929.00 1930.00 1928.00 1929.00 14958.00
20160223  22:08:00 1929.00 1929.00 1927.00 1928.00 14254.00
20160223  22:09:00 1928.00 1929.00 1927.00 1929.00 4432.00
20160223  22:10:00 1928.00 1929.00 1928.00 1929.00 1978.00
20160223  22:11:00 1928.00 1930.00 1928.00 1929.00 6726.00
20160223  22:12:00 1929.00 1930.00 1928.00 1928.00 3740.00
20160223  22:13:00 1928.00 1929.00 1927.00 1927.00 10114.00
20160223  22:14:00 1927.00 1928.00 1926.00 1927.00 12934.00
20160223  22:15:00 1927.00 1928.00 1926.00 1926.00 11912.00
20160223  22:16:00 1926.00 1928.00 1926.00 1927.00 5736.00
20160223  22:17:00 1928.00 1930.00 1927.00 1929.00 8200.00
20160223  22:18:00 1929.00 1929.00 1928.00 1929.00 1638.00
20160223  22:19:00 1929.00 1929.00 1927.00 1928.00 11846.00
20160223  22:20:00 1928.00 1929.00 1927.00 1927.00 13946.00
20160223  22:21:00 1927.00 1928.00 1926.00 1928.00 10166.00
20160223  22:22:00 1927.00 1929.00 1927.00 1928.00 5888.00
20160223  22:23:00 1928.00 1929.00 1927.00 1928.00 2542.00
20160223  22:24:00 1928.00 1929.00 1928.00 1928.00 3330.00
20160223  22:25:00 1928.00 1930.00 1928.00 1930.00 6834.00
20160223  22:26:00 1929.00 1930.00 1928.00 1928.00 3786.00
20160223  22:27:00 1928.00 1929.00 1926.00 1926.00 7410.00
20160223  22:28:00 1927.00 1928.00 1926.00 1928.00 3416.00
20160223  22:29:00 1927.00 1928.00 1926.00 1926.00 8794.00
20160223  22:30:00 1926.00 1927.00 1926.00 1927.00 3692.00
20160223  22:31:00 1927.00 1928.00 1926.00 1927.00 4288.00
20160223  22:32:00 1927.00 1927.00 1925.00 1925.00 11356.00
20160223  22:33:00 1926.00 1926.00 1923.00 1923.00 21752.00
20160223  22:34:00 1924.00 1924.00 1923.00 1923.00 6968.00
20160223  22:35:00 1923.00 1925.00 1923.00 1923.00 17142.00
20160223  22:36:00 1923.00 1925.00 1923.00 1924.00 7616.00
20160223  22:37:00 1924.00 1925.00 1923.00 1924.00 8808.00
20160223  22:38:00 1924.00 1925.00 1923.00 1924.00 7408.00
20160223  22:39:00 1924.00 1925.00 1923.00 1924.00 3840.00
20160223  22:40:00 1924.00 1925.00 1923.00 1924.00 5822.00
20160223  22:41:00 1923.00 1925.00 1923.00 1924.00 5148.00
20160223  22:42:00 1924.00 1924.00 1923.00 1924.00 1702.00
20160223  22:43:00 1924.00 1925.00 1924.00 1924.00 11720.00
20160223  22:44:00 1924.00 1925.00 1924.00 1924.00 5056.00
20160223  22:45:00 1924.00 1925.00 1924.00 1925.00 2178.00
20160223  22:46:00 1925.00 1925.00 1924.00 1925.00 2988.00
20160223  22:47:00 1925.00 1925.00 1923.00 1923.00 6540.00
20160223  22:48:00 1923.00 1924.00 1922.00 1922.00 5822.00
20160223  22:49:00 1922.00 1923.00 1921.00 1922.00 11952.00
20160223  22:50:00 1921.00 1921.00 1920.00 1921.00 8542.00
20160223  22:51:00 1920.00 1922.00 1920.00 1922.00 7022.00
20160223  22:52:00 1922.00 1923.00 1921.00 1923.00 4888.00
20160223  22:53:00 1923.00 1923.00 1921.00 1922.00 4832.00
20160223  22:54:00 1922.00 1923.00 1921.00 1922.00 2724.00
20160223  22:55:00 1923.00 1923.00 1922.00 1923.00 904.00
20160223  22:56:00 1923.00 1923.00 1922.00 1922.00 1156.00
20160223  22:57:00 1922.00 1923.00 1921.00 1922.00 5636.00
20160223  22:58:00 1922.00 1922.00 1921.00 1922.00 1572.00
20160223  22:59:00 1922.00 1923.00 1921.00 1921.00 2926.00
20160223  23:00:00 1921.00 1922.00 1920.00 1922.00 9064.00
20160223  23:01:00 1921.00 1922.00 1921.00 1921.00 1536.00
20160223  23:02:00 1921.00 1923.00 1921.00 1922.00 6332.00
20160223  23:03:00 1922.00 1922.00 1921.00 1922.00 1220.00
20160223  23:04:00 1922.00 1923.00 1921.00 1923.00 3376.00
20160223  23:05:00 1923.00 1923.00 1922.00 1923.00 1056.00
20160223  23:06:00 1923.00 1923.00 1922.00 1923.00 1232.00
20160223  23:07:00 1923.00 1923.00 1922.00 1923.00 402.00
20160223  23:08:00 1923.00 1923.00 1922.00 1922.00 3122.00
20160223  23:09:00 1922.00 1923.00 1921.00 1922.00 3318.00
20160223  23:10:00 1922.00 1922.00 1919.00 1920.00 15884.00
20160223  23:11:00 1919.00 1920.00 1918.00 1919.00 17684.00
20160223  23:12:00 1918.00 1919.00 1918.00 1919.00 7860.00
20160223  23:13:00 1919.00 1920.00 1918.00 1918.00 4942.00
20160223  23:14:00 1918.00 1920.00 1918.00 1919.00 6048.00
20160223  23:15:00 1919.00 1920.00 1918.00 1920.00 6462.00
20160223  23:16:00 1919.00 1920.00 1919.00 1920.00 2970.00
20160223  23:17:00 1920.00 1920.00 1919.00 1919.00 1024.00
20160223  23:18:00 1919.00 1921.00 1919.00 1920.00 3152.00
20160223  23:19:00 1921.00 1923.00 1920.00 1923.00 12488.00
20160223  23:20:00 1922.00 1923.00 1921.00 1922.00 4490.00
20160223  23:21:00 1922.00 1923.00 1922.00 1923.00 1572.00
20160223  23:22:00 1923.00 1923.00 1922.00 1923.00 792.00
20160223  23:23:00 1923.00 1923.00 1922.00 1922.00 582.00
20160223  23:24:00 1922.00 1924.00 1922.00 1924.00 3608.00
20160223  23:25:00 1924.00 1924.00 1923.00 1924.00 1880.00
20160223  23:26:00 1924.00 1924.00 1923.00 1923.00 2210.00
20160223  23:27:00 1923.00 1924.00 1923.00 1923.00 1476.00
20160223  23:28:00 1923.00 1923.00 1922.00 1922.00 3172.00
20160223  23:29:00 1922.00 1923.00 1921.00 1922.00 6182.00
20160223  23:30:00 1922.00 1923.00 1921.00 1922.00 3726.00
20160223  23:31:00 1922.00 1923.00 1922.00 1922.00 748.00
20160223  23:32:00 1923.00 1924.00 1922.00 1924.00 3592.00
20160223  23:33:00 1923.00 1923.00 1921.00 1923.00 7226.00
20160223  23:34:00 1922.00 1922.00 1920.00 1920.00 6056.00
20160223  23:35:00 1920.00 1922.00 1920.00 1921.00 2850.00
20160223  23:36:00 1921.00 1922.00 1921.00 1921.00 728.00
20160223  23:37:00 1922.00 1922.00 1920.00 1921.00 2714.00
20160223  23:38:00 1921.00 1922.00 1921.00 1922.00 2672.00
20160223  23:39:00 1922.00 1922.00 1921.00 1921.00 466.00
20160223  23:40:00 1921.00 1922.00 1921.00 1921.00 130.00
20160223  23:41:00 1921.00 1922.00 1921.00 1922.00 124.00
20160223  23:42:00 1921.00 1922.00 1921.00 1921.00 150.00
20160223  23:43:00 1922.00 1922.00 1921.00 1922.00 270.00
20160223  23:44:00 1922.00 1922.00 1921.00 1921.00 192.00
20160223  23:45:00 1922.00 1922.00 1921.00 1921.00 804.00
20160223  23:46:00 1921.00 1922.00 1921.00 1921.00 304.00
20160223  23:47:00 1921.00 1922.00 1921.00 1921.00 694.00
20160223  23:48:00 1921.00 1922.00 1920.00 1921.00 4968.00
20160223  23:49:00 1921.00 1922.00 1921.00 1921.00 694.00
20160223  23:50:00 1922.00 1922.00 1921.00 1922.00 336.00
20160223  23:51:00 1921.00 1922.00 1921.00 1921.00 426.00
20160223  23:52:00 1921.00 1922.00 1921.00 1921.00 1200.00
20160223  23:53:00 1921.00 1922.00 1921.00 1922.00 2040.00
20160223  23:54:00 1922.00 1922.00 1921.00 1921.00 1324.00
20160223  23:55:00 1921.00 1921.00 1920.00 1920.00 1210.00
20160223  23:56:00 1920.00 1921.00 1920.00 1920.00 784.00
20160223  23:57:00 1920.00 1921.00 1920.00 1921.00 1692.00
20160223  23:58:00 1920.00 1922.00 1920.00 1921.00 1364.00
20160223  23:59:00 1921.00 1922.00 1920.00 1920.00 2446.00
20160224  00:00:00 1921.00 1921.00 1920.00 1920.00 514.00
20160224  00:01:00 1920.00 1921.00 1920.00 1920.00 1560.00
20160224  00:02:00 1921.00 1921.00 1920.00 1920.00 298.00
20160224  00:03:00 1920.00 1921.00 1920.00 1920.00 446.00
20160224  00:04:00 1921.00 1921.00 1920.00 1921.00 1046.00
20160224  00:05:00 1920.00 1921.00 1920.00 1921.00 670.00
20160224  00:06:00 1921.00 1921.00 1920.00 1921.00 322.00
20160224  00:07:00 1921.00 1921.00 1921.00 1921.00  50.00
20160224  00:08:00 1921.00 1921.00 1920.00 1920.00 584.00
20160224  00:09:00 1920.00 1921.00 1920.00 1921.00 158.00
20160224  00:10:00 1921.00 1921.00 1920.00 1921.00 354.00
20160224  00:11:00 1921.00 1922.00 1920.00 1920.00 3740.00
20160224  00:12:00 1920.00 1921.00 1920.00 1920.00 162.00
20160224  00:13:00 1920.00 1921.00 1920.00 1920.00 284.00
20160224  00:14:00 1920.00 1921.00 1920.00 1921.00 290.00
20160224  00:15:00 1921.00 1921.00 1920.00 1921.00  82.00
20160224  00:16:00 1921.00 1921.00 1920.00 1921.00  82.00
20160224  00:17:00 1921.00 1922.00 1921.00 1921.00 4596.00
20160224  00:18:00 1921.00 1922.00 1921.00 1922.00 316.00
20160224  00:19:00 1922.00 1922.00 1921.00 1922.00 1366.00
20160224  00:20:00 1922.00 1923.00 1921.00 1923.00 2458.00
20160224  00:21:00 1923.00 1923.00 1922.00 1923.00 744.00
20160224  00:22:00 1923.00 1923.00 1922.00 1922.00 146.00
20160224  00:23:00 1922.00 1923.00 1922.00 1922.00 1380.00
20160224  00:24:00 1922.00 1922.00 1921.00 1922.00 1348.00
20160224  00:25:00 1922.00 1922.00 1921.00 1922.00 942.00
20160224  00:26:00 1922.00 1922.00 1921.00 1922.00 128.00
20160224  00:27:00 1921.00 1922.00 1921.00 1922.00  60.00
20160224  00:28:00 1921.00 1922.00 1921.00 1921.00 256.00
20160224  00:29:00 1922.00 1922.00 1921.00 1921.00 196.00
20160224  00:30:00 1921.00 1922.00 1921.00 1922.00 216.00
20160224  00:31:00 1922.00 1922.00 1922.00 1922.00  40.00
20160224  00:32:00 1922.00 1922.00 1922.00 1922.00 308.00
20160224  00:33:00 1922.00 1922.00 1921.00 1922.00 168.00
20160224  00:34:00 1921.00 1922.00 1921.00 1922.00 232.00
20160224  00:35:00 1921.00 1923.00 1921.00 1923.00 934.00
20160224  00:36:00 1923.00 1923.00 1922.00 1923.00 308.00
20160224  00:37:00 1923.00 1923.00 1922.00 1922.00 334.00
20160224  00:38:00 1922.00 1923.00 1922.00 1922.00  76.00
20160224  00:39:00 1923.00 1923.00 1922.00 1922.00 480.00
20160224  00:40:00 1922.00 1923.00 1922.00 1923.00  52.00
20160224  00:41:00 1923.00 1923.00 1922.00 1923.00  66.00
20160224  00:42:00 1922.00 1923.00 1922.00 1922.00  64.00
20160224  00:43:00 1922.00 1923.00 1922.00 1922.00  38.00
20160224  00:44:00 1922.00 1923.00 1922.00 1923.00 194.00
20160224  00:45:00 1923.00 1923.00 1922.00 1923.00 338.00
20160224  00:46:00 1923.00 1923.00 1922.00 1923.00 854.00
20160224  00:47:00 1923.00 1923.00 1922.00 1923.00 334.00
20160224  00:48:00 1923.00 1923.00 1922.00 1923.00 102.00
20160224  00:49:00 1923.00 1923.00 1922.00 1923.00 114.00
20160224  00:50:00 1922.00 1923.00 1921.00 1922.00 2904.00
20160224  00:51:00 1921.00 1922.00 1921.00 1922.00 840.00
20160224  00:52:00 1922.00 1922.00 1921.00 1921.00  38.00
20160224  00:53:00 1921.00 1922.00 1921.00 1921.00  90.00
20160224  00:54:00 1921.00 1922.00 1921.00 1921.00 2946.00
20160224  00:55:00 1921.00 1922.00 1920.00 1920.00 3724.00
20160224  00:56:00 1920.00 1921.00 1920.00 1920.00 390.00
20160224  00:57:00 1920.00 1921.00 1920.00 1920.00 1410.00
20160224  00:58:00 1920.00 1921.00 1920.00 1921.00 1500.00
20160224  00:59:00 1920.00 1921.00 1919.00 1920.00 2352.00
20160224  01:00:00 1919.00 1919.00 1919.00 1919.00  12.00
20160224  09:00:00 1919.00 1921.00 1917.00 1920.00 21402.00
20160224  09:01:00 1919.00 1922.00 1919.00 1922.00 8874.00
20160224  09:02:00 1921.00 1924.00 1921.00 1924.00 8524.00
20160224  09:03:00 1924.00 1925.00 1923.00 1924.00 22278.00
20160224  09:04:00 1925.00 1926.00 1923.00 1926.00 11746.00
20160224  09:05:00 1926.00 1926.00 1924.00 1926.00 11524.00
20160224  09:06:00 1925.00 1926.00 1924.00 1925.00 9966.00
20160224  09:07:00 1925.00 1927.00 1925.00 1927.00 8670.00
20160224  09:08:00 1926.00 1927.00 1924.00 1925.00 13404.00
20160224  09:09:00 1924.00 1925.00 1924.00 1924.00 9860.00
20160224  09:10:00 1925.00 1925.00 1924.00 1924.00 2008.00
20160224  09:11:00 1924.00 1925.00 1924.00 1924.00 1698.00
20160224  09:12:00 1925.00 1925.00 1923.00 1923.00 4938.00
20160224  09:13:00 1923.00 1924.00 1920.00 1921.00 18242.00
20160224  09:14:00 1921.00 1922.00 1921.00 1921.00 2368.00
20160224  09:15:00 1921.00 1922.00 1921.00 1922.00 2432.00
20160224  09:16:00 1922.00 1922.00 1921.00 1921.00 4994.00
20160224  09:17:00 1921.00 1925.00 1921.00 1924.00 18378.00
20160224  09:18:00 1925.00 1926.00 1924.00 1924.00 15382.00
20160224  09:19:00 1924.00 1925.00 1924.00 1924.00 492.00
20160224  09:20:00 1924.00 1925.00 1924.00 1924.00 866.00
20160224  09:21:00 1925.00 1925.00 1924.00 1924.00 2810.00
20160224  09:22:00 1924.00 1925.00 1924.00 1925.00 860.00
20160224  09:23:00 1924.00 1925.00 1924.00 1925.00 2146.00
20160224  09:24:00 1925.00 1927.00 1925.00 1926.00 16056.00
20160224  09:25:00 1926.00 1926.00 1925.00 1925.00 3872.00
20160224  09:26:00 1925.00 1927.00 1925.00 1926.00 5068.00
20160224  09:27:00 1926.00 1927.00 1925.00 1927.00 5428.00
20160224  09:28:00 1927.00 1930.00 1926.00 1929.00 42232.00
20160224  09:29:00 1930.00 1930.00 1927.00 1928.00 21004.00
20160224  09:30:00 1928.00 1930.00 1927.00 1929.00 23548.00
20160224  09:31:00 1929.00 1929.00 1927.00 1928.00 14740.00
20160224  09:32:00 1928.00 1930.00 1928.00 1930.00 6376.00
20160224  09:33:00 1929.00 1930.00 1928.00 1929.00 16012.00
20160224  09:34:00 1929.00 1930.00 1927.00 1927.00 16280.00
20160224  09:35:00 1928.00 1928.00 1926.00 1928.00 7194.00
20160224  09:36:00 1927.00 1929.00 1927.00 1929.00 11044.00
20160224  09:37:00 1929.00 1930.00 1929.00 1929.00 2922.00
20160224  09:38:00 1930.00 1933.00 1929.00 1933.00 46842.00
20160224  09:39:00 1934.00 1934.00 1932.00 1933.00 20160.00
20160224  09:40:00 1932.00 1934.00 1931.00 1933.00 17148.00
20160224  09:41:00 1933.00 1933.00 1931.00 1931.00 5068.00
20160224  09:42:00 1931.00 1934.00 1931.00 1933.00 9358.00
20160224  09:43:00 1933.00 1934.00 1932.00 1932.00 11244.00
20160224  09:44:00 1933.00 1933.00 1931.00 1932.00 7370.00
20160224  09:45:00 1931.00 1933.00 1931.00 1932.00 9634.00
20160224  09:46:00 1932.00 1933.00 1929.00 1929.00 19082.00
20160224  09:47:00 1929.00 1931.00 1929.00 1930.00 16146.00
20160224  09:48:00 1930.00 1931.00 1929.00 1929.00 15268.00
20160224  09:49:00 1929.00 1930.00 1928.00 1929.00 10902.00
20160224  09:50:00 1929.00 1930.00 1928.00 1930.00 5436.00
20160224  09:51:00 1930.00 1930.00 1929.00 1930.00 8002.00
20160224  09:52:00 1930.00 1930.00 1929.00 1929.00 492.00
20160224  09:53:00 1929.00 1930.00 1929.00 1929.00 4286.00
20160224  09:54:00 1930.00 1930.00 1928.00 1930.00 3186.00
20160224  09:55:00 1929.00 1931.00 1929.00 1931.00 3092.00
20160224  09:56:00 1931.00 1932.00 1930.00 1932.00 2804.00
20160224  09:57:00 1931.00 1932.00 1931.00 1931.00 7630.00
20160224  09:58:00 1931.00 1932.00 1930.00 1931.00 12394.00
20160224  09:59:00 1931.00 1932.00 1929.00 1930.00 6390.00
20160224  10:00:00 1930.00 1932.00 1929.00 1930.00 9454.00
20160224  10:01:00 1930.00 1930.00 1926.00 1927.00 20790.00
20160224  10:02:00 1927.00 1928.00 1927.00 1927.00 8460.00
20160224  10:03:00 1927.00 1928.00 1927.00 1927.00 1676.00
20160224  10:04:00 1927.00 1928.00 1927.00 1928.00 3832.00
20160224  10:05:00 1928.00 1928.00 1927.00 1928.00 1212.00
20160224  10:06:00 1927.00 1928.00 1927.00 1928.00 7934.00
20160224  10:07:00 1928.00 1928.00 1927.00 1928.00 3180.00
20160224  10:08:00 1928.00 1930.00 1928.00 1930.00 5354.00
20160224  10:09:00 1929.00 1930.00 1929.00 1930.00 4328.00
20160224  10:10:00 1930.00 1930.00 1929.00 1930.00 3694.00
20160224  10:11:00 1930.00 1930.00 1929.00 1929.00 2276.00
20160224  10:12:00 1929.00 1930.00 1928.00 1929.00 6932.00
20160224  10:13:00 1930.00 1930.00 1929.00 1929.00 540.00
20160224  10:14:00 1929.00 1930.00 1929.00 1929.00 1448.00
20160224  10:30:00 1929.00 1930.00 1928.00 1928.00 3830.00
20160224  10:31:00 1928.00 1929.00 1927.00 1927.00 5092.00
20160224  10:32:00 1927.00 1928.00 1926.00 1926.00 8708.00
20160224  10:33:00 1926.00 1927.00 1926.00 1926.00 2358.00
20160224  10:34:00 1926.00 1928.00 1926.00 1928.00 3708.00
20160224  10:35:00 1928.00 1928.00 1926.00 1927.00 5476.00
20160224  10:36:00 1927.00 1929.00 1927.00 1929.00 4438.00
20160224  10:37:00 1929.00 1929.00 1927.00 1927.00 6112.00
20160224  10:38:00 1928.00 1928.00 1927.00 1928.00 442.00
20160224  10:39:00 1928.00 1929.00 1927.00 1928.00 4404.00
20160224  10:40:00 1928.00 1928.00 1926.00 1926.00 5818.00
20160224  10:41:00 1927.00 1928.00 1926.00 1927.00 2574.00
20160224  10:42:00 1927.00 1929.00 1926.00 1928.00 5462.00
20160224  10:43:00 1928.00 1930.00 1928.00 1929.00 7326.00
20160224  10:44:00 1929.00 1929.00 1927.00 1928.00 3800.00
20160224  10:45:00 1927.00 1929.00 1927.00 1929.00 4654.00
20160224  10:46:00 1929.00 1929.00 1927.00 1929.00 9884.00
20160224  10:47:00 1929.00 1929.00 1928.00 1928.00 1002.00
20160224  10:48:00 1928.00 1929.00 1928.00 1929.00 524.00
20160224  10:49:00 1928.00 1929.00 1928.00 1929.00 1302.00
20160224  10:50:00 1929.00 1929.00 1927.00 1928.00 4078.00
20160224  10:51:00 1928.00 1928.00 1927.00 1928.00 5036.00
20160224  10:52:00 1928.00 1928.00 1927.00 1928.00 4516.00
20160224  10:53:00 1928.00 1929.00 1927.00 1928.00 2608.00
20160224  10:54:00 1928.00 1930.00 1928.00 1929.00 5744.00
20160224  10:55:00 1929.00 1929.00 1928.00 1928.00 436.00
20160224  10:56:00 1928.00 1929.00 1927.00 1928.00 2798.00
20160224  10:57:00 1928.00 1928.00 1927.00 1928.00 306.00
20160224  10:58:00 1928.00 1928.00 1926.00 1927.00 5352.00
20160224  10:59:00 1927.00 1928.00 1926.00 1927.00 5776.00
20160224  11:00:00 1927.00 1928.00 1926.00 1927.00 6370.00
20160224  11:01:00 1927.00 1929.00 1927.00 1928.00 7634.00
20160224  11:02:00 1928.00 1929.00 1928.00 1929.00 11216.00
20160224  11:03:00 1929.00 1929.00 1927.00 1928.00 18358.00
20160224  11:04:00 1928.00 1929.00 1928.00 1928.00 344.00
20160224  11:05:00 1928.00 1930.00 1928.00 1930.00 7066.00
20160224  11:06:00 1930.00 1932.00 1930.00 1932.00 26818.00
20160224  11:07:00 1931.00 1932.00 1928.00 1929.00 11370.00
20160224  11:08:00 1929.00 1929.00 1927.00 1927.00 6166.00
20160224  11:09:00 1927.00 1929.00 1926.00 1928.00 11702.00
20160224  11:10:00 1928.00 1929.00 1927.00 1929.00 3860.00
20160224  11:11:00 1929.00 1929.00 1927.00 1928.00 14468.00
20160224  11:12:00 1928.00 1928.00 1927.00 1927.00 650.00
20160224  11:13:00 1928.00 1928.00 1927.00 1928.00 10530.00
20160224  11:14:00 1928.00 1928.00 1927.00 1928.00 788.00
20160224  11:15:00 1928.00 1928.00 1926.00 1926.00 13596.00
20160224  11:16:00 1926.00 1928.00 1926.00 1928.00 16536.00
20160224  11:17:00 1927.00 1928.00 1927.00 1928.00 8320.00
20160224  11:18:00 1928.00 1930.00 1928.00 1929.00 12486.00
20160224  11:19:00 1929.00 1930.00 1928.00 1928.00 4166.00
20160224  11:20:00 1928.00 1929.00 1928.00 1929.00 1654.00
20160224  11:21:00 1929.00 1929.00 1928.00 1929.00 6704.00
20160224  11:22:00 1929.00 1929.00 1928.00 1928.00 454.00
20160224  11:23:00 1928.00 1929.00 1928.00 1928.00 2782.00
20160224  11:24:00 1928.00 1929.00 1927.00 1928.00 3470.00
20160224  11:25:00 1928.00 1929.00 1928.00 1929.00 304.00
20160224  11:26:00 1929.00 1929.00 1928.00 1929.00 230.00
20160224  11:27:00 1928.00 1929.00 1927.00 1929.00 5170.00
20160224  11:28:00 1928.00 1929.00 1927.00 1928.00 8788.00
20160224  11:29:00 1928.00 1930.00 1928.00 1929.00 5308.00
20160224  13:30:00 1929.00 1929.00 1923.00 1924.00 46778.00
20160224  13:31:00 1924.00 1926.00 1924.00 1926.00 12710.00
20160224  13:32:00 1925.00 1927.00 1924.00 1926.00 15394.00
20160224  13:33:00 1926.00 1926.00 1924.00 1925.00 9930.00
20160224  13:34:00 1925.00 1925.00 1924.00 1925.00 14074.00
20160224  13:35:00 1925.00 1925.00 1923.00 1924.00 15608.00
20160224  13:36:00 1924.00 1926.00 1923.00 1924.00 11804.00
20160224  13:37:00 1925.00 1926.00 1924.00 1925.00 4976.00
20160224  13:38:00 1925.00 1927.00 1925.00 1926.00 8538.00
20160224  13:39:00 1927.00 1927.00 1925.00 1927.00 8020.00
20160224  13:40:00 1927.00 1927.00 1926.00 1926.00 1038.00
20160224  13:41:00 1926.00 1927.00 1926.00 1927.00 2792.00
20160224  13:42:00 1927.00 1928.00 1926.00 1928.00 2530.00
20160224  13:43:00 1927.00 1928.00 1926.00 1927.00 7760.00
20160224  13:44:00 1927.00 1928.00 1926.00 1926.00 6776.00
20160224  13:45:00 1926.00 1926.00 1924.00 1924.00 9836.00
20160224  13:46:00 1924.00 1925.00 1924.00 1924.00 5260.00
20160224  13:47:00 1925.00 1925.00 1922.00 1923.00 16596.00
20160224  13:48:00 1922.00 1923.00 1922.00 1922.00 10016.00
20160224  13:49:00 1922.00 1923.00 1920.00 1920.00 15776.00
20160224  13:50:00 1920.00 1921.00 1919.00 1920.00 26992.00
20160224  13:51:00 1920.00 1921.00 1919.00 1920.00 7556.00
20160224  13:52:00 1921.00 1922.00 1920.00 1921.00 6960.00
20160224  13:53:00 1920.00 1923.00 1920.00 1922.00 9890.00
20160224  13:54:00 1922.00 1922.00 1920.00 1921.00 17682.00
20160224  13:55:00 1921.00 1921.00 1920.00 1921.00 2944.00
20160224  13:56:00 1921.00 1922.00 1920.00 1921.00 6052.00
20160224  13:57:00 1921.00 1923.00 1920.00 1922.00 9426.00
20160224  13:58:00 1922.00 1923.00 1921.00 1922.00 6354.00
20160224  13:59:00 1921.00 1923.00 1921.00 1922.00 6834.00
20160224  14:00:00 1922.00 1922.00 1920.00 1921.00 4580.00
20160224  14:01:00 1921.00 1921.00 1920.00 1920.00 744.00
20160224  14:02:00 1921.00 1922.00 1920.00 1922.00 8170.00
20160224  14:03:00 1922.00 1922.00 1921.00 1922.00 2696.00
20160224  14:04:00 1922.00 1924.00 1922.00 1923.00 12256.00
20160224  14:05:00 1923.00 1925.00 1923.00 1923.00 8988.00
20160224  14:06:00 1924.00 1924.00 1922.00 1923.00 4172.00
20160224  14:07:00 1923.00 1923.00 1922.00 1923.00 5288.00
20160224  14:08:00 1923.00 1923.00 1921.00 1922.00 8408.00
20160224  14:09:00 1922.00 1923.00 1921.00 1922.00 9788.00
20160224  14:10:00 1921.00 1922.00 1921.00 1922.00 11606.00
20160224  14:11:00 1922.00 1922.00 1920.00 1921.00 12642.00
20160224  14:12:00 1921.00 1921.00 1920.00 1920.00 5726.00
20160224  14:13:00 1921.00 1922.00 1920.00 1921.00 9894.00
20160224  14:14:00 1921.00 1922.00 1921.00 1922.00 2432.00
20160224  14:15:00 1922.00 1922.00 1919.00 1920.00 13414.00
20160224  14:16:00 1919.00 1920.00 1916.00 1917.00 57860.00
20160224  14:17:00 1918.00 1919.00 1917.00 1918.00 22512.00
20160224  14:18:00 1918.00 1921.00 1918.00 1921.00 21388.00
20160224  14:19:00 1921.00 1922.00 1921.00 1922.00 10598.00
20160224  14:20:00 1922.00 1922.00 1920.00 1922.00 9072.00
20160224  14:21:00 1922.00 1924.00 1921.00 1923.00 12756.00
20160224  14:22:00 1923.00 1923.00 1922.00 1923.00 4478.00
20160224  14:23:00 1923.00 1924.00 1922.00 1924.00 5524.00
20160224  14:24:00 1923.00 1927.00 1923.00 1927.00 34616.00
20160224  14:25:00 1927.00 1927.00 1925.00 1925.00 13494.00
20160224  14:26:00 1926.00 1926.00 1924.00 1924.00 9846.00
20160224  14:27:00 1924.00 1927.00 1924.00 1925.00 14180.00
20160224  14:28:00 1926.00 1926.00 1924.00 1925.00 9732.00
20160224  14:29:00 1925.00 1925.00 1924.00 1924.00 3342.00
20160224  14:30:00 1924.00 1926.00 1923.00 1925.00 10512.00
20160224  14:31:00 1924.00 1925.00 1924.00 1924.00 4966.00
20160224  14:32:00 1924.00 1925.00 1924.00 1925.00 2698.00
20160224  14:33:00 1925.00 1925.00 1922.00 1922.00 9142.00
20160224  14:34:00 1922.00 1924.00 1922.00 1924.00 4566.00
20160224  14:35:00 1924.00 1925.00 1923.00 1925.00 3634.00
20160224  14:36:00 1924.00 1925.00 1922.00 1923.00 8420.00
20160224  14:37:00 1923.00 1927.00 1923.00 1926.00 12530.00
20160224  14:38:00 1927.00 1927.00 1926.00 1927.00 10782.00
20160224  14:39:00 1926.00 1927.00 1925.00 1926.00 4814.00
20160224  14:40:00 1926.00 1927.00 1925.00 1927.00 9550.00
20160224  14:41:00 1926.00 1927.00 1926.00 1927.00 4502.00
20160224  14:42:00 1927.00 1930.00 1927.00 1930.00 46896.00
20160224  14:43:00 1929.00 1930.00 1927.00 1927.00 22750.00
20160224  14:44:00 1928.00 1928.00 1927.00 1927.00 6198.00
20160224  14:45:00 1928.00 1929.00 1926.00 1927.00 14310.00
20160224  14:46:00 1927.00 1929.00 1927.00 1928.00 7328.00
20160224  14:47:00 1928.00 1928.00 1927.00 1928.00 4832.00
20160224  14:48:00 1928.00 1929.00 1928.00 1929.00 1822.00
20160224  14:49:00 1928.00 1929.00 1927.00 1929.00 8838.00
20160224  14:50:00 1928.00 1929.00 1927.00 1927.00 4274.00
20160224  14:51:00 1928.00 1929.00 1927.00 1928.00 3544.00
20160224  14:52:00 1929.00 1930.00 1928.00 1929.00 15786.00
20160224  14:53:00 1929.00 1930.00 1929.00 1929.00 5004.00
20160224  14:54:00 1929.00 1930.00 1928.00 1929.00 16412.00
20160224  14:55:00 1929.00 1930.00 1929.00 1930.00 9314.00
20160224  14:56:00 1930.00 1930.00 1928.00 1929.00 9188.00
20160224  14:57:00 1929.00 1929.00 1928.00 1929.00 10126.00
20160224  14:58:00 1929.00 1929.00 1928.00 1929.00 7624.00
20160224  14:59:00 1928.00 1930.00 1928.00 1930.00 14402.00
20160224  15:00:00 1929.00 1929.00 1929.00 1929.00  10.00
