20160201  21:00:00 1820.00 1820.00 1818.00 1819.00 17996.00
20160201  21:01:00 1819.00 1820.00 1818.00 1819.00 9510.00
20160201  21:02:00 1819.00 1819.00 1818.00 1819.00 7704.00
20160201  21:03:00 1819.00 1822.00 1819.00 1821.00 16170.00
20160201  21:04:00 1821.00 1822.00 1821.00 1822.00 8664.00
20160201  21:05:00 1822.00 1823.00 1821.00 1822.00 14430.00
20160201  21:06:00 1822.00 1822.00 1820.00 1821.00 10738.00
20160201  21:07:00 1821.00 1821.00 1820.00 1820.00 2644.00
20160201  21:08:00 1820.00 1821.00 1820.00 1820.00 3808.00
20160201  21:09:00 1820.00 1821.00 1819.00 1819.00 11286.00
20160201  21:10:00 1820.00 1820.00 1818.00 1818.00 21128.00
20160201  21:11:00 1818.00 1819.00 1815.00 1816.00 40122.00
20160201  21:12:00 1816.00 1816.00 1813.00 1813.00 29348.00
20160201  21:13:00 1814.00 1815.00 1813.00 1814.00 19024.00
20160201  21:14:00 1814.00 1815.00 1813.00 1813.00 16434.00
20160201  21:15:00 1813.00 1814.00 1812.00 1814.00 26908.00
20160201  21:16:00 1814.00 1814.00 1812.00 1813.00 7908.00
20160201  21:17:00 1814.00 1814.00 1812.00 1813.00 7246.00
20160201  21:18:00 1813.00 1813.00 1810.00 1810.00 27420.00
20160201  21:19:00 1811.00 1811.00 1808.00 1808.00 40722.00
20160201  21:20:00 1808.00 1810.00 1807.00 1809.00 41438.00
20160201  21:21:00 1809.00 1810.00 1808.00 1810.00 20272.00
20160201  21:22:00 1810.00 1810.00 1809.00 1809.00 5804.00
20160201  21:23:00 1809.00 1810.00 1808.00 1809.00 11578.00
20160201  21:24:00 1809.00 1809.00 1807.00 1808.00 19532.00
20160201  21:25:00 1807.00 1810.00 1807.00 1810.00 17018.00
20160201  21:26:00 1810.00 1811.00 1809.00 1811.00 12732.00
20160201  21:27:00 1811.00 1811.00 1810.00 1811.00 4456.00
20160201  21:28:00 1810.00 1811.00 1810.00 1811.00 5026.00
20160201  21:29:00 1811.00 1811.00 1809.00 1809.00 7290.00
20160201  21:30:00 1810.00 1810.00 1808.00 1809.00 11808.00
20160201  21:31:00 1808.00 1810.00 1808.00 1809.00 8888.00
20160201  21:32:00 1810.00 1810.00 1809.00 1810.00 2402.00
20160201  21:33:00 1809.00 1810.00 1808.00 1810.00 10158.00
20160201  21:34:00 1810.00 1810.00 1809.00 1809.00 2590.00
20160201  21:35:00 1809.00 1810.00 1809.00 1809.00 7208.00
20160201  21:36:00 1809.00 1810.00 1809.00 1810.00 2252.00
20160201  21:37:00 1810.00 1811.00 1809.00 1811.00 7498.00
20160201  21:38:00 1810.00 1812.00 1810.00 1811.00 11602.00
20160201  21:39:00 1811.00 1812.00 1811.00 1812.00 1662.00
20160201  21:40:00 1812.00 1812.00 1811.00 1811.00 2114.00
20160201  21:41:00 1812.00 1812.00 1810.00 1811.00 8652.00
20160201  21:42:00 1811.00 1812.00 1810.00 1810.00 6698.00
20160201  21:43:00 1810.00 1811.00 1810.00 1810.00 1718.00
20160201  21:44:00 1810.00 1811.00 1810.00 1811.00 1812.00
20160201  21:45:00 1811.00 1812.00 1810.00 1811.00 8590.00
20160201  21:46:00 1811.00 1811.00 1810.00 1811.00 7164.00
20160201  21:47:00 1810.00 1811.00 1809.00 1809.00 6498.00
20160201  21:48:00 1809.00 1810.00 1809.00 1809.00 1566.00
20160201  21:49:00 1809.00 1811.00 1809.00 1810.00 9186.00
20160201  21:50:00 1810.00 1811.00 1809.00 1810.00 7842.00
20160201  21:51:00 1811.00 1811.00 1810.00 1810.00 5488.00
20160201  21:52:00 1810.00 1811.00 1810.00 1810.00 6230.00
20160201  21:53:00 1810.00 1811.00 1810.00 1810.00 1002.00
20160201  21:54:00 1811.00 1811.00 1810.00 1810.00 1016.00
20160201  21:55:00 1811.00 1812.00 1810.00 1812.00 7324.00
20160201  21:56:00 1812.00 1812.00 1811.00 1812.00 12234.00
20160201  21:57:00 1812.00 1813.00 1811.00 1811.00 18280.00
20160201  21:58:00 1811.00 1812.00 1810.00 1811.00 10180.00
20160201  21:59:00 1811.00 1812.00 1810.00 1811.00 5742.00
20160201  22:00:00 1811.00 1811.00 1809.00 1810.00 9106.00
20160201  22:01:00 1810.00 1810.00 1809.00 1810.00 7876.00
20160201  22:02:00 1810.00 1811.00 1810.00 1811.00 1006.00
20160201  22:03:00 1811.00 1811.00 1810.00 1810.00 2972.00
20160201  22:04:00 1811.00 1811.00 1810.00 1811.00 1368.00
20160201  22:05:00 1811.00 1812.00 1810.00 1812.00 5160.00
20160201  22:06:00 1812.00 1812.00 1811.00 1812.00 1734.00
20160201  22:07:00 1811.00 1812.00 1811.00 1812.00 1306.00
20160201  22:08:00 1812.00 1812.00 1811.00 1811.00 554.00
20160201  22:09:00 1811.00 1812.00 1811.00 1811.00 1564.00
20160201  22:10:00 1811.00 1812.00 1811.00 1812.00 1120.00
20160201  22:11:00 1812.00 1813.00 1811.00 1813.00 4582.00
20160201  22:12:00 1813.00 1813.00 1812.00 1813.00 3876.00
20160201  22:13:00 1812.00 1814.00 1812.00 1814.00 8324.00
20160201  22:14:00 1814.00 1815.00 1813.00 1814.00 9612.00
20160201  22:15:00 1815.00 1815.00 1813.00 1814.00 9680.00
20160201  22:16:00 1813.00 1815.00 1813.00 1814.00 8048.00
20160201  22:17:00 1814.00 1815.00 1814.00 1814.00 3626.00
20160201  22:18:00 1815.00 1816.00 1814.00 1816.00 12034.00
20160201  22:19:00 1816.00 1816.00 1815.00 1815.00 4992.00
20160201  22:20:00 1815.00 1817.00 1815.00 1816.00 12066.00
20160201  22:21:00 1816.00 1816.00 1815.00 1816.00 7686.00
20160201  22:22:00 1816.00 1817.00 1815.00 1815.00 16388.00
20160201  22:23:00 1815.00 1816.00 1815.00 1815.00 4296.00
20160201  22:24:00 1815.00 1815.00 1814.00 1814.00 12278.00
20160201  22:25:00 1814.00 1815.00 1813.00 1814.00 8580.00
20160201  22:26:00 1814.00 1815.00 1814.00 1815.00 972.00
20160201  22:27:00 1815.00 1815.00 1814.00 1815.00 1390.00
20160201  22:28:00 1814.00 1815.00 1814.00 1815.00 1198.00
20160201  22:29:00 1815.00 1815.00 1814.00 1815.00 964.00
20160201  22:30:00 1815.00 1815.00 1814.00 1815.00 2416.00
20160201  22:31:00 1814.00 1817.00 1814.00 1816.00 15766.00
20160201  22:32:00 1816.00 1818.00 1816.00 1817.00 11582.00
20160201  22:33:00 1818.00 1818.00 1816.00 1818.00 12718.00
20160201  22:34:00 1818.00 1818.00 1817.00 1817.00 3526.00
20160201  22:35:00 1817.00 1818.00 1817.00 1817.00 4136.00
20160201  22:36:00 1817.00 1818.00 1817.00 1817.00 3812.00
20160201  22:37:00 1818.00 1819.00 1817.00 1818.00 9870.00
20160201  22:38:00 1818.00 1822.00 1818.00 1822.00 28626.00
20160201  22:39:00 1821.00 1822.00 1820.00 1820.00 18928.00
20160201  22:40:00 1821.00 1821.00 1818.00 1819.00 23766.00
20160201  22:41:00 1819.00 1820.00 1819.00 1819.00 4392.00
20160201  22:42:00 1819.00 1820.00 1818.00 1818.00 4044.00
20160201  22:43:00 1818.00 1819.00 1818.00 1819.00 716.00
20160201  22:44:00 1819.00 1819.00 1818.00 1818.00 984.00
20160201  22:45:00 1818.00 1820.00 1818.00 1819.00 5762.00
20160201  22:46:00 1819.00 1820.00 1818.00 1818.00 4062.00
20160201  22:47:00 1819.00 1819.00 1818.00 1818.00 1782.00
20160201  22:48:00 1818.00 1819.00 1818.00 1818.00 640.00
20160201  22:49:00 1818.00 1819.00 1818.00 1818.00 1118.00
20160201  22:50:00 1819.00 1819.00 1818.00 1819.00 700.00
20160201  22:51:00 1819.00 1819.00 1817.00 1817.00 6744.00
20160201  22:52:00 1817.00 1818.00 1816.00 1816.00 6120.00
20160201  22:53:00 1816.00 1817.00 1816.00 1817.00 3256.00
20160201  22:54:00 1817.00 1817.00 1816.00 1817.00 1070.00
20160201  22:55:00 1817.00 1819.00 1816.00 1819.00 10744.00
20160201  22:56:00 1819.00 1819.00 1818.00 1818.00 1384.00
20160201  22:57:00 1818.00 1819.00 1817.00 1818.00 3144.00
20160201  22:58:00 1817.00 1818.00 1817.00 1818.00 5042.00
20160201  22:59:00 1818.00 1818.00 1817.00 1818.00 2762.00
20160201  23:00:00 1818.00 1818.00 1817.00 1817.00 1054.00
20160201  23:01:00 1817.00 1818.00 1816.00 1816.00 4384.00
20160201  23:02:00 1816.00 1817.00 1815.00 1815.00 7898.00
20160201  23:03:00 1816.00 1816.00 1815.00 1816.00 1520.00
20160201  23:04:00 1816.00 1816.00 1815.00 1816.00 1112.00
20160201  23:05:00 1816.00 1817.00 1816.00 1816.00 4992.00
20160201  23:06:00 1816.00 1817.00 1816.00 1817.00 3040.00
20160201  23:07:00 1816.00 1817.00 1815.00 1817.00 7330.00
20160201  23:08:00 1816.00 1817.00 1816.00 1816.00 5622.00
20160201  23:09:00 1816.00 1817.00 1815.00 1816.00 4254.00
20160201  23:10:00 1816.00 1819.00 1816.00 1818.00 12144.00
20160201  23:11:00 1819.00 1820.00 1818.00 1818.00 10538.00
20160201  23:12:00 1818.00 1819.00 1818.00 1819.00 1684.00
20160201  23:13:00 1819.00 1819.00 1817.00 1818.00 2876.00
20160201  23:14:00 1818.00 1818.00 1817.00 1817.00 2040.00
20160201  23:15:00 1817.00 1818.00 1817.00 1817.00 730.00
20160201  23:16:00 1817.00 1818.00 1817.00 1817.00 360.00
20160201  23:17:00 1817.00 1818.00 1817.00 1818.00 948.00
20160201  23:18:00 1818.00 1819.00 1817.00 1818.00 8452.00
20160201  23:19:00 1818.00 1819.00 1818.00 1819.00 314.00
20160201  23:20:00 1818.00 1819.00 1818.00 1818.00 704.00
20160201  23:21:00 1818.00 1819.00 1818.00 1818.00 1154.00
20160201  23:22:00 1818.00 1819.00 1818.00 1818.00 610.00
20160201  23:23:00 1819.00 1819.00 1818.00 1818.00 1518.00
20160201  23:24:00 1818.00 1819.00 1818.00 1819.00 472.00
20160201  23:25:00 1818.00 1819.00 1818.00 1819.00 1034.00
20160201  23:26:00 1819.00 1820.00 1818.00 1819.00 7958.00
20160201  23:27:00 1820.00 1822.00 1819.00 1822.00 23566.00
20160201  23:28:00 1821.00 1822.00 1819.00 1820.00 14736.00
20160201  23:29:00 1820.00 1820.00 1818.00 1819.00 5276.00
20160201  23:30:00 1818.00 1820.00 1818.00 1819.00 5988.00
20160201  23:31:00 1820.00 1820.00 1818.00 1819.00 5254.00
20160201  23:32:00 1819.00 1819.00 1817.00 1818.00 7708.00
20160201  23:33:00 1818.00 1818.00 1817.00 1818.00 1470.00
20160201  23:34:00 1817.00 1818.00 1816.00 1817.00 8680.00
20160201  23:35:00 1817.00 1817.00 1816.00 1816.00 3182.00
20160201  23:36:00 1816.00 1818.00 1816.00 1817.00 5630.00
20160201  23:37:00 1818.00 1818.00 1817.00 1817.00 390.00
20160201  23:38:00 1817.00 1817.00 1816.00 1816.00 4860.00
20160201  23:39:00 1816.00 1818.00 1816.00 1817.00 5210.00
20160201  23:40:00 1817.00 1817.00 1815.00 1816.00 11890.00
20160201  23:41:00 1816.00 1817.00 1816.00 1817.00 2458.00
20160201  23:42:00 1817.00 1818.00 1817.00 1817.00 1182.00
20160201  23:43:00 1817.00 1818.00 1817.00 1818.00 100.00
20160201  23:44:00 1818.00 1818.00 1817.00 1817.00 208.00
20160201  23:45:00 1818.00 1818.00 1816.00 1817.00 4670.00
20160201  23:46:00 1817.00 1817.00 1816.00 1817.00 3954.00
20160201  23:47:00 1816.00 1817.00 1816.00 1816.00 724.00
20160201  23:48:00 1816.00 1817.00 1815.00 1816.00 14788.00
20160201  23:49:00 1816.00 1817.00 1816.00 1816.00 496.00
20160201  23:50:00 1816.00 1817.00 1816.00 1816.00 4278.00
20160201  23:51:00 1816.00 1817.00 1816.00 1816.00 3222.00
20160201  23:52:00 1816.00 1817.00 1816.00 1816.00 1514.00
20160201  23:53:00 1816.00 1817.00 1816.00 1816.00 374.00
20160201  23:54:00 1816.00 1817.00 1816.00 1816.00 1526.00
20160201  23:55:00 1816.00 1817.00 1816.00 1816.00 4692.00
20160201  23:56:00 1816.00 1817.00 1816.00 1817.00 2326.00
20160201  23:57:00 1817.00 1818.00 1816.00 1818.00 3014.00
20160201  23:58:00 1818.00 1818.00 1817.00 1818.00 382.00
20160201  23:59:00 1818.00 1818.00 1817.00 1817.00 278.00
20160202  00:00:00 1817.00 1818.00 1817.00 1817.00 3110.00
20160202  00:01:00 1817.00 1817.00 1816.00 1816.00 560.00
20160202  00:02:00 1816.00 1817.00 1816.00 1817.00 750.00
20160202  00:03:00 1817.00 1817.00 1816.00 1817.00 120.00
20160202  00:04:00 1817.00 1817.00 1816.00 1817.00 102.00
20160202  00:05:00 1817.00 1817.00 1816.00 1816.00 740.00
20160202  00:06:00 1816.00 1817.00 1816.00 1817.00 152.00
20160202  00:07:00 1817.00 1817.00 1816.00 1816.00 114.00
20160202  00:08:00 1816.00 1817.00 1816.00 1817.00  54.00
20160202  00:09:00 1817.00 1817.00 1816.00 1817.00 200.00
20160202  00:10:00 1817.00 1817.00 1816.00 1817.00 364.00
20160202  00:11:00 1817.00 1817.00 1816.00 1816.00 466.00
20160202  00:12:00 1816.00 1817.00 1816.00 1817.00 404.00
20160202  00:13:00 1817.00 1817.00 1816.00 1817.00 156.00
20160202  00:14:00 1817.00 1818.00 1816.00 1818.00 2522.00
20160202  00:15:00 1818.00 1818.00 1817.00 1818.00 354.00
20160202  00:16:00 1817.00 1818.00 1816.00 1817.00 2552.00
20160202  00:17:00 1817.00 1817.00 1816.00 1817.00 578.00
20160202  00:18:00 1816.00 1817.00 1816.00 1817.00 150.00
20160202  00:19:00 1817.00 1817.00 1816.00 1816.00  62.00
20160202  00:20:00 1816.00 1817.00 1816.00 1816.00 460.00
20160202  00:21:00 1816.00 1817.00 1816.00 1816.00 344.00
20160202  00:22:00 1816.00 1817.00 1816.00 1816.00 706.00
20160202  00:23:00 1816.00 1817.00 1815.00 1815.00 3958.00
20160202  00:24:00 1815.00 1816.00 1815.00 1815.00 558.00
20160202  00:25:00 1815.00 1816.00 1815.00 1816.00 598.00
20160202  00:26:00 1816.00 1816.00 1815.00 1815.00 248.00
20160202  00:27:00 1815.00 1816.00 1815.00 1816.00 262.00
20160202  00:28:00 1815.00 1817.00 1815.00 1816.00 2350.00
20160202  00:29:00 1816.00 1817.00 1816.00 1817.00 196.00
20160202  00:30:00 1817.00 1817.00 1816.00 1816.00 904.00
20160202  00:31:00 1816.00 1817.00 1816.00 1816.00 132.00
20160202  00:32:00 1816.00 1817.00 1816.00 1816.00 230.00
20160202  00:33:00 1816.00 1817.00 1816.00 1817.00  90.00
20160202  00:34:00 1816.00 1817.00 1816.00 1816.00 262.00
20160202  00:35:00 1816.00 1817.00 1816.00 1817.00 232.00
20160202  00:36:00 1817.00 1817.00 1816.00 1817.00 692.00
20160202  00:37:00 1817.00 1818.00 1816.00 1817.00 4568.00
20160202  00:38:00 1817.00 1818.00 1817.00 1817.00 1008.00
20160202  00:39:00 1817.00 1818.00 1817.00 1818.00 668.00
20160202  00:40:00 1818.00 1818.00 1816.00 1817.00 3800.00
20160202  00:41:00 1817.00 1817.00 1815.00 1816.00 4712.00
20160202  00:42:00 1816.00 1816.00 1815.00 1816.00 320.00
20160202  00:43:00 1816.00 1816.00 1815.00 1816.00 1798.00
20160202  00:44:00 1816.00 1816.00 1815.00 1816.00 1622.00
20160202  00:45:00 1816.00 1817.00 1815.00 1816.00 3386.00
20160202  00:46:00 1816.00 1816.00 1815.00 1816.00 1420.00
20160202  00:47:00 1816.00 1817.00 1815.00 1816.00 2170.00
20160202  00:48:00 1816.00 1816.00 1815.00 1816.00 934.00
20160202  00:49:00 1815.00 1816.00 1815.00 1816.00 224.00
20160202  00:50:00 1816.00 1816.00 1815.00 1816.00 542.00
20160202  00:51:00 1816.00 1816.00 1815.00 1815.00 384.00
20160202  00:52:00 1815.00 1816.00 1815.00 1815.00 228.00
20160202  00:53:00 1815.00 1817.00 1815.00 1816.00 1676.00
20160202  00:54:00 1816.00 1817.00 1816.00 1816.00 350.00
20160202  00:55:00 1816.00 1816.00 1815.00 1816.00 4218.00
20160202  00:56:00 1816.00 1817.00 1816.00 1816.00 558.00
20160202  00:57:00 1816.00 1817.00 1816.00 1817.00 836.00
20160202  00:58:00 1816.00 1817.00 1816.00 1817.00 1528.00
20160202  00:59:00 1817.00 1818.00 1816.00 1817.00 2678.00
20160202  01:00:00 1818.00 1818.00 1818.00 1818.00  60.00
20160202  09:00:00 1818.00 1819.00 1816.00 1819.00 11830.00
20160202  09:01:00 1819.00 1819.00 1817.00 1818.00 6900.00
20160202  09:02:00 1818.00 1818.00 1816.00 1816.00 5850.00
20160202  09:03:00 1817.00 1817.00 1816.00 1816.00 1910.00
20160202  09:04:00 1817.00 1821.00 1816.00 1821.00 19706.00
20160202  09:05:00 1821.00 1821.00 1819.00 1819.00 8322.00
20160202  09:06:00 1820.00 1822.00 1819.00 1822.00 18100.00
20160202  09:07:00 1822.00 1822.00 1821.00 1821.00 14628.00
20160202  09:08:00 1821.00 1822.00 1821.00 1821.00 4564.00
20160202  09:09:00 1822.00 1822.00 1820.00 1821.00 15676.00
20160202  09:10:00 1821.00 1822.00 1821.00 1821.00 3882.00
20160202  09:11:00 1821.00 1822.00 1821.00 1822.00 1178.00
20160202  09:12:00 1822.00 1822.00 1820.00 1821.00 17976.00
20160202  09:13:00 1821.00 1822.00 1820.00 1820.00 21700.00
20160202  09:14:00 1821.00 1821.00 1819.00 1820.00 4190.00
20160202  09:15:00 1820.00 1820.00 1819.00 1819.00 6418.00
20160202  09:16:00 1819.00 1821.00 1819.00 1821.00 11126.00
20160202  09:17:00 1821.00 1822.00 1820.00 1821.00 13284.00
20160202  09:18:00 1821.00 1821.00 1820.00 1821.00 440.00
20160202  09:19:00 1821.00 1822.00 1820.00 1821.00 11790.00
20160202  09:20:00 1821.00 1823.00 1821.00 1823.00 19110.00
20160202  09:21:00 1823.00 1824.00 1822.00 1822.00 19424.00
20160202  09:22:00 1822.00 1823.00 1821.00 1821.00 5516.00
20160202  09:23:00 1822.00 1822.00 1821.00 1821.00 4932.00
20160202  09:24:00 1821.00 1823.00 1819.00 1820.00 29286.00
20160202  09:25:00 1820.00 1821.00 1819.00 1820.00 7262.00
20160202  09:26:00 1820.00 1821.00 1820.00 1821.00 988.00
20160202  09:27:00 1821.00 1821.00 1819.00 1820.00 7782.00
20160202  09:28:00 1820.00 1820.00 1819.00 1819.00 3062.00
20160202  09:29:00 1819.00 1820.00 1819.00 1819.00 5304.00
20160202  09:30:00 1819.00 1820.00 1819.00 1819.00 2320.00
20160202  09:31:00 1819.00 1820.00 1818.00 1818.00 5326.00
20160202  09:32:00 1819.00 1820.00 1818.00 1820.00 6218.00
20160202  09:33:00 1820.00 1820.00 1819.00 1820.00 1060.00
20160202  09:34:00 1819.00 1820.00 1819.00 1820.00 3896.00
20160202  09:35:00 1819.00 1820.00 1819.00 1820.00 1276.00
20160202  09:36:00 1820.00 1820.00 1819.00 1819.00 800.00
20160202  09:37:00 1819.00 1820.00 1818.00 1818.00 3348.00
20160202  09:38:00 1818.00 1819.00 1818.00 1818.00 4150.00
20160202  09:39:00 1818.00 1819.00 1817.00 1817.00 8318.00
20160202  09:40:00 1817.00 1817.00 1815.00 1815.00 26162.00
20160202  09:41:00 1815.00 1817.00 1815.00 1816.00 7560.00
20160202  09:42:00 1816.00 1816.00 1812.00 1812.00 26872.00
20160202  09:43:00 1812.00 1814.00 1812.00 1813.00 16442.00
20160202  09:44:00 1814.00 1814.00 1812.00 1813.00 14486.00
20160202  09:45:00 1813.00 1814.00 1812.00 1814.00 12900.00
20160202  09:46:00 1813.00 1814.00 1813.00 1814.00 5296.00
20160202  09:47:00 1814.00 1814.00 1813.00 1814.00 4542.00
20160202  09:48:00 1814.00 1814.00 1812.00 1813.00 7724.00
20160202  09:49:00 1812.00 1813.00 1812.00 1812.00 4288.00
20160202  09:50:00 1812.00 1812.00 1811.00 1811.00 13726.00
20160202  09:51:00 1811.00 1812.00 1811.00 1812.00 6266.00
20160202  09:52:00 1811.00 1812.00 1810.00 1811.00 17226.00
20160202  09:53:00 1811.00 1812.00 1810.00 1811.00 9222.00
20160202  09:54:00 1811.00 1812.00 1811.00 1812.00 2038.00
20160202  09:55:00 1812.00 1812.00 1811.00 1812.00 3360.00
20160202  09:56:00 1812.00 1813.00 1811.00 1813.00 11200.00
20160202  09:57:00 1813.00 1813.00 1812.00 1813.00 3428.00
20160202  09:58:00 1812.00 1813.00 1811.00 1812.00 7190.00
20160202  09:59:00 1812.00 1812.00 1811.00 1811.00 2086.00
20160202  10:00:00 1811.00 1811.00 1810.00 1810.00 13222.00
20160202  10:01:00 1810.00 1811.00 1810.00 1810.00 6344.00
20160202  10:02:00 1810.00 1811.00 1808.00 1808.00 21920.00
20160202  10:03:00 1809.00 1810.00 1808.00 1809.00 22294.00
20160202  10:04:00 1809.00 1810.00 1809.00 1809.00 5458.00
20160202  10:05:00 1809.00 1810.00 1807.00 1807.00 34846.00
20160202  10:06:00 1807.00 1809.00 1806.00 1809.00 32298.00
20160202  10:07:00 1809.00 1809.00 1806.00 1806.00 35536.00
20160202  10:08:00 1806.00 1807.00 1805.00 1806.00 42786.00
20160202  10:09:00 1806.00 1807.00 1801.00 1803.00 109916.00
20160202  10:10:00 1803.00 1804.00 1802.00 1804.00 41490.00
20160202  10:11:00 1804.00 1805.00 1803.00 1805.00 15886.00
20160202  10:12:00 1805.00 1805.00 1804.00 1805.00 8576.00
20160202  10:13:00 1805.00 1806.00 1804.00 1805.00 13248.00
20160202  10:14:00 1806.00 1806.00 1804.00 1804.00 14872.00
20160202  10:30:00 1803.00 1806.00 1802.00 1805.00 28274.00
20160202  10:31:00 1805.00 1806.00 1805.00 1806.00 9918.00
20160202  10:32:00 1806.00 1808.00 1805.00 1808.00 18970.00
20160202  10:33:00 1808.00 1808.00 1806.00 1807.00 14998.00
20160202  10:34:00 1807.00 1810.00 1807.00 1809.00 23734.00
20160202  10:35:00 1810.00 1811.00 1809.00 1810.00 28574.00
20160202  10:36:00 1809.00 1810.00 1809.00 1809.00 4750.00
20160202  10:37:00 1810.00 1810.00 1808.00 1810.00 17154.00
20160202  10:38:00 1810.00 1811.00 1809.00 1809.00 12722.00
20160202  10:39:00 1809.00 1811.00 1809.00 1811.00 17960.00
20160202  10:40:00 1811.00 1812.00 1810.00 1811.00 17362.00
20160202  10:41:00 1810.00 1811.00 1809.00 1810.00 16986.00
20160202  10:42:00 1810.00 1812.00 1810.00 1812.00 11384.00
20160202  10:43:00 1812.00 1812.00 1810.00 1811.00 7902.00
20160202  10:44:00 1811.00 1811.00 1810.00 1811.00 9262.00
20160202  10:45:00 1811.00 1813.00 1810.00 1812.00 18500.00
20160202  10:46:00 1812.00 1814.00 1812.00 1814.00 18724.00
20160202  10:47:00 1813.00 1814.00 1812.00 1813.00 11318.00
20160202  10:48:00 1813.00 1814.00 1813.00 1814.00 6476.00
20160202  10:49:00 1814.00 1814.00 1813.00 1813.00 3894.00
20160202  10:50:00 1814.00 1814.00 1812.00 1813.00 9114.00
20160202  10:51:00 1812.00 1813.00 1812.00 1812.00 3200.00
20160202  10:52:00 1812.00 1813.00 1811.00 1812.00 15460.00
20160202  10:53:00 1812.00 1813.00 1811.00 1811.00 5536.00
20160202  10:54:00 1811.00 1812.00 1811.00 1812.00 3120.00
20160202  10:55:00 1811.00 1812.00 1811.00 1811.00 2684.00
20160202  10:56:00 1812.00 1813.00 1811.00 1813.00 12002.00
20160202  10:57:00 1812.00 1814.00 1812.00 1813.00 8190.00
20160202  10:58:00 1813.00 1813.00 1812.00 1813.00 2012.00
20160202  10:59:00 1813.00 1813.00 1812.00 1812.00 1742.00
20160202  11:00:00 1813.00 1814.00 1812.00 1814.00 5534.00
20160202  11:01:00 1814.00 1814.00 1812.00 1813.00 6448.00
20160202  11:02:00 1813.00 1813.00 1811.00 1812.00 5904.00
20160202  11:03:00 1812.00 1812.00 1810.00 1810.00 6632.00
20160202  11:04:00 1810.00 1812.00 1810.00 1811.00 16492.00
20160202  11:05:00 1811.00 1812.00 1810.00 1811.00 3470.00
20160202  11:06:00 1811.00 1812.00 1810.00 1810.00 14004.00
20160202  11:07:00 1810.00 1811.00 1809.00 1810.00 19344.00
20160202  11:08:00 1810.00 1810.00 1808.00 1808.00 15732.00
20160202  11:09:00 1808.00 1809.00 1808.00 1808.00 10812.00
20160202  11:10:00 1808.00 1809.00 1807.00 1809.00 12758.00
20160202  11:11:00 1809.00 1810.00 1808.00 1809.00 5268.00
20160202  11:12:00 1809.00 1809.00 1808.00 1809.00 4392.00
20160202  11:13:00 1809.00 1809.00 1808.00 1809.00 2134.00
20160202  11:14:00 1808.00 1809.00 1808.00 1809.00 1536.00
20160202  11:15:00 1808.00 1809.00 1808.00 1809.00 5876.00
20160202  11:16:00 1809.00 1810.00 1808.00 1809.00 7846.00
20160202  11:17:00 1810.00 1811.00 1809.00 1809.00 39098.00
20160202  11:18:00 1809.00 1811.00 1809.00 1810.00 27536.00
20160202  11:19:00 1811.00 1811.00 1809.00 1809.00 3384.00
20160202  11:20:00 1810.00 1810.00 1809.00 1810.00 274.00
20160202  11:21:00 1810.00 1810.00 1809.00 1809.00 306.00
20160202  11:22:00 1810.00 1810.00 1809.00 1809.00 1078.00
20160202  11:23:00 1810.00 1810.00 1808.00 1809.00 6434.00
20160202  11:24:00 1809.00 1809.00 1807.00 1807.00 10166.00
20160202  11:25:00 1808.00 1808.00 1807.00 1807.00 6684.00
20160202  11:26:00 1807.00 1807.00 1805.00 1806.00 32866.00
20160202  11:27:00 1806.00 1807.00 1806.00 1807.00 10214.00
20160202  11:28:00 1807.00 1809.00 1807.00 1809.00 6382.00
20160202  11:29:00 1809.00 1809.00 1808.00 1808.00 9048.00
20160202  13:30:00 1808.00 1808.00 1807.00 1808.00 12024.00
20160202  13:31:00 1807.00 1809.00 1807.00 1809.00 5288.00
20160202  13:32:00 1809.00 1811.00 1808.00 1810.00 20000.00
20160202  13:33:00 1810.00 1811.00 1809.00 1810.00 9514.00
20160202  13:34:00 1810.00 1810.00 1809.00 1810.00 966.00
20160202  13:35:00 1810.00 1810.00 1809.00 1810.00 5080.00
20160202  13:36:00 1810.00 1811.00 1809.00 1810.00 7226.00
20160202  13:37:00 1810.00 1810.00 1809.00 1810.00 5630.00
20160202  13:38:00 1810.00 1810.00 1809.00 1809.00 1030.00
20160202  13:39:00 1810.00 1810.00 1809.00 1810.00 3586.00
20160202  13:40:00 1809.00 1810.00 1808.00 1808.00 8976.00
20160202  13:41:00 1808.00 1809.00 1806.00 1806.00 17538.00
20160202  13:42:00 1806.00 1807.00 1805.00 1807.00 21986.00
20160202  13:43:00 1806.00 1807.00 1805.00 1806.00 19946.00
20160202  13:44:00 1806.00 1807.00 1805.00 1805.00 15214.00
20160202  13:45:00 1805.00 1806.00 1804.00 1805.00 19428.00
20160202  13:46:00 1805.00 1806.00 1804.00 1804.00 6522.00
20160202  13:47:00 1805.00 1807.00 1804.00 1807.00 18568.00
20160202  13:48:00 1807.00 1807.00 1805.00 1806.00 13314.00
20160202  13:49:00 1806.00 1806.00 1805.00 1806.00 3786.00
20160202  13:50:00 1806.00 1807.00 1806.00 1807.00 16270.00
20160202  13:51:00 1807.00 1808.00 1806.00 1807.00 7936.00
20160202  13:52:00 1808.00 1808.00 1807.00 1808.00 1080.00
20160202  13:53:00 1808.00 1808.00 1805.00 1806.00 13220.00
20160202  13:54:00 1806.00 1807.00 1806.00 1806.00 15568.00
20160202  13:55:00 1806.00 1807.00 1805.00 1806.00 3980.00
20160202  13:56:00 1806.00 1806.00 1804.00 1805.00 12886.00
20160202  13:57:00 1805.00 1806.00 1804.00 1805.00 12858.00
20160202  13:58:00 1805.00 1806.00 1804.00 1805.00 35586.00
20160202  13:59:00 1805.00 1806.00 1804.00 1805.00 16426.00
20160202  14:00:00 1805.00 1806.00 1804.00 1805.00 13710.00
20160202  14:01:00 1805.00 1807.00 1805.00 1807.00 8770.00
20160202  14:02:00 1807.00 1808.00 1806.00 1807.00 10760.00
20160202  14:03:00 1807.00 1808.00 1807.00 1808.00 7640.00
20160202  14:04:00 1808.00 1810.00 1808.00 1809.00 24234.00
20160202  14:05:00 1809.00 1810.00 1808.00 1808.00 6582.00
20160202  14:06:00 1808.00 1810.00 1808.00 1810.00 12242.00
20160202  14:07:00 1810.00 1810.00 1809.00 1809.00 2888.00
20160202  14:08:00 1810.00 1810.00 1808.00 1808.00 14706.00
20160202  14:09:00 1808.00 1809.00 1808.00 1808.00 4168.00
20160202  14:10:00 1808.00 1809.00 1807.00 1808.00 15086.00
20160202  14:11:00 1808.00 1810.00 1808.00 1810.00 23118.00
20160202  14:12:00 1809.00 1810.00 1808.00 1809.00 9906.00
20160202  14:13:00 1809.00 1810.00 1809.00 1810.00 8872.00
20160202  14:14:00 1810.00 1811.00 1809.00 1810.00 16508.00
20160202  14:15:00 1810.00 1810.00 1807.00 1808.00 12966.00
20160202  14:16:00 1807.00 1809.00 1807.00 1808.00 7990.00
20160202  14:17:00 1808.00 1809.00 1808.00 1808.00 1026.00
20160202  14:18:00 1809.00 1809.00 1808.00 1808.00 626.00
20160202  14:19:00 1809.00 1809.00 1808.00 1808.00 800.00
20160202  14:20:00 1809.00 1809.00 1808.00 1809.00 196.00
20160202  14:21:00 1808.00 1810.00 1808.00 1810.00 6142.00
20160202  14:22:00 1810.00 1812.00 1809.00 1812.00 23906.00
20160202  14:23:00 1812.00 1812.00 1810.00 1811.00 12404.00
20160202  14:24:00 1811.00 1812.00 1811.00 1812.00 14888.00
20160202  14:25:00 1812.00 1813.00 1811.00 1812.00 21316.00
20160202  14:26:00 1812.00 1812.00 1811.00 1812.00 1868.00
20160202  14:27:00 1812.00 1812.00 1811.00 1811.00 2108.00
20160202  14:28:00 1811.00 1812.00 1810.00 1811.00 12042.00
20160202  14:29:00 1811.00 1812.00 1811.00 1812.00 3860.00
20160202  14:30:00 1812.00 1812.00 1810.00 1811.00 21522.00
20160202  14:31:00 1811.00 1812.00 1810.00 1811.00 16788.00
20160202  14:32:00 1811.00 1812.00 1810.00 1810.00 9464.00
20160202  14:33:00 1810.00 1811.00 1810.00 1810.00 1586.00
20160202  14:34:00 1811.00 1811.00 1810.00 1810.00 2150.00
20160202  14:35:00 1810.00 1811.00 1809.00 1809.00 13874.00
20160202  14:36:00 1809.00 1810.00 1808.00 1810.00 13614.00
20160202  14:37:00 1809.00 1810.00 1809.00 1810.00 1738.00
20160202  14:38:00 1810.00 1810.00 1809.00 1809.00 1204.00
20160202  14:39:00 1809.00 1811.00 1809.00 1811.00 5490.00
20160202  14:40:00 1811.00 1811.00 1810.00 1811.00 1048.00
20160202  14:41:00 1811.00 1813.00 1810.00 1812.00 19566.00
20160202  14:42:00 1813.00 1813.00 1812.00 1813.00 19090.00
20160202  14:43:00 1813.00 1813.00 1812.00 1813.00 10778.00
20160202  14:44:00 1812.00 1813.00 1812.00 1813.00 4196.00
20160202  14:45:00 1813.00 1815.00 1812.00 1815.00 26310.00
20160202  14:46:00 1815.00 1816.00 1813.00 1815.00 42872.00
20160202  14:47:00 1815.00 1815.00 1813.00 1814.00 17830.00
20160202  14:48:00 1814.00 1814.00 1813.00 1814.00 6400.00
20160202  14:49:00 1813.00 1815.00 1813.00 1814.00 11476.00
20160202  14:50:00 1815.00 1816.00 1814.00 1815.00 21094.00
20160202  14:51:00 1814.00 1815.00 1813.00 1814.00 12676.00
20160202  14:52:00 1815.00 1816.00 1814.00 1814.00 24906.00
20160202  14:53:00 1814.00 1816.00 1813.00 1813.00 21920.00
20160202  14:54:00 1813.00 1815.00 1812.00 1815.00 16268.00
20160202  14:55:00 1814.00 1816.00 1814.00 1815.00 36756.00
20160202  14:56:00 1815.00 1816.00 1815.00 1815.00 11070.00
20160202  14:57:00 1815.00 1816.00 1814.00 1815.00 15704.00
20160202  14:58:00 1815.00 1816.00 1814.00 1815.00 31232.00
20160202  14:59:00 1815.00 1816.00 1814.00 1815.00 18742.00
20160202  15:00:00 1815.00 1815.00 1815.00 1815.00 120.00
