20160624  21:00:00 2126.00 2134.00 2126.00 2133.00 33886.00
20160624  21:01:00 2132.00 2133.00 2126.00 2131.00 17706.00
20160624  21:02:00 2130.00 2134.00 2130.00 2134.00 16020.00
20160624  21:03:00 2133.00 2137.00 2133.00 2136.00 26280.00
20160624  21:04:00 2136.00 2137.00 2134.00 2134.00 11794.00
20160624  21:05:00 2134.00 2136.00 2134.00 2135.00 10790.00
20160624  21:06:00 2136.00 2137.00 2134.00 2135.00 9440.00
20160624  21:07:00 2134.00 2136.00 2134.00 2134.00 6664.00
20160624  21:08:00 2134.00 2135.00 2133.00 2133.00 9192.00
20160624  21:09:00 2133.00 2135.00 2133.00 2135.00 4634.00
20160624  21:10:00 2135.00 2140.00 2135.00 2139.00 49264.00
20160624  21:11:00 2139.00 2144.00 2139.00 2142.00 48118.00
20160624  21:12:00 2142.00 2143.00 2140.00 2141.00 26848.00
20160624  21:13:00 2141.00 2142.00 2140.00 2141.00 12696.00
20160624  21:14:00 2140.00 2142.00 2140.00 2142.00 9248.00
20160624  21:15:00 2142.00 2145.00 2142.00 2143.00 28328.00
20160624  21:16:00 2143.00 2144.00 2142.00 2142.00 22614.00
20160624  21:17:00 2142.00 2143.00 2142.00 2143.00 6134.00
20160624  21:18:00 2142.00 2143.00 2140.00 2142.00 11958.00
20160624  21:19:00 2142.00 2142.00 2140.00 2140.00 6500.00
20160624  21:20:00 2140.00 2143.00 2140.00 2143.00 9080.00
20160624  21:21:00 2143.00 2144.00 2142.00 2144.00 11228.00
20160624  21:22:00 2144.00 2144.00 2142.00 2143.00 11254.00
20160624  21:23:00 2143.00 2144.00 2142.00 2144.00 3846.00
20160624  21:24:00 2143.00 2144.00 2142.00 2142.00 5336.00
20160624  21:25:00 2142.00 2145.00 2142.00 2144.00 13240.00
20160624  21:26:00 2145.00 2148.00 2144.00 2146.00 46974.00
20160624  21:27:00 2147.00 2147.00 2145.00 2147.00 19638.00
20160624  21:28:00 2147.00 2147.00 2145.00 2145.00 12202.00
20160624  21:29:00 2145.00 2148.00 2145.00 2147.00 13662.00
20160624  21:30:00 2148.00 2149.00 2145.00 2147.00 27430.00
20160624  21:31:00 2147.00 2147.00 2146.00 2147.00 6526.00
20160624  21:32:00 2146.00 2153.00 2146.00 2151.00 48728.00
20160624  21:33:00 2152.00 2153.00 2150.00 2153.00 27956.00
20160624  21:34:00 2152.00 2153.00 2151.00 2153.00 17736.00
20160624  21:35:00 2152.00 2153.00 2151.00 2152.00 14782.00
20160624  21:36:00 2152.00 2154.00 2151.00 2152.00 19626.00
20160624  21:37:00 2152.00 2153.00 2149.00 2150.00 17536.00
20160624  21:38:00 2149.00 2152.00 2149.00 2151.00 12024.00
20160624  21:39:00 2151.00 2151.00 2149.00 2149.00 7868.00
20160624  21:40:00 2150.00 2150.00 2149.00 2149.00 6266.00
20160624  21:41:00 2150.00 2150.00 2149.00 2149.00 6572.00
20160624  21:42:00 2149.00 2150.00 2149.00 2150.00 3216.00
20160624  21:43:00 2150.00 2150.00 2148.00 2148.00 9222.00
20160624  21:44:00 2148.00 2150.00 2148.00 2149.00 8348.00
20160624  21:45:00 2150.00 2151.00 2149.00 2151.00 15818.00
20160624  21:46:00 2150.00 2151.00 2149.00 2149.00 6344.00
20160624  21:47:00 2150.00 2150.00 2149.00 2149.00 5016.00
20160624  21:48:00 2149.00 2150.00 2148.00 2148.00 4566.00
20160624  21:49:00 2148.00 2149.00 2148.00 2148.00 2006.00
20160624  21:50:00 2149.00 2149.00 2146.00 2147.00 20354.00
20160624  21:51:00 2147.00 2148.00 2147.00 2147.00 5768.00
20160624  21:52:00 2147.00 2150.00 2147.00 2149.00 8374.00
20160624  21:53:00 2150.00 2151.00 2149.00 2150.00 18400.00
20160624  21:54:00 2149.00 2150.00 2148.00 2149.00 6170.00
20160624  21:55:00 2149.00 2149.00 2147.00 2147.00 5556.00
20160624  21:56:00 2148.00 2149.00 2147.00 2148.00 3616.00
20160624  21:57:00 2148.00 2149.00 2147.00 2147.00 2456.00
20160624  21:58:00 2147.00 2148.00 2147.00 2147.00 6926.00
20160624  21:59:00 2147.00 2149.00 2147.00 2147.00 8870.00
20160624  22:00:00 2148.00 2149.00 2148.00 2149.00 3042.00
20160624  22:01:00 2149.00 2150.00 2148.00 2149.00 4874.00
20160624  22:02:00 2149.00 2150.00 2149.00 2149.00 5266.00
20160624  22:03:00 2149.00 2151.00 2149.00 2150.00 11710.00
20160624  22:04:00 2151.00 2152.00 2150.00 2151.00 14062.00
20160624  22:05:00 2150.00 2151.00 2148.00 2149.00 8888.00
20160624  22:06:00 2149.00 2149.00 2148.00 2149.00 3342.00
20160624  22:07:00 2149.00 2150.00 2148.00 2148.00 3978.00
20160624  22:08:00 2148.00 2149.00 2147.00 2148.00 12112.00
20160624  22:09:00 2147.00 2149.00 2147.00 2149.00 4518.00
20160624  22:10:00 2149.00 2150.00 2148.00 2149.00 4700.00
20160624  22:11:00 2149.00 2150.00 2148.00 2149.00 1850.00
20160624  22:12:00 2149.00 2150.00 2148.00 2149.00 3912.00
20160624  22:13:00 2150.00 2152.00 2149.00 2151.00 12954.00
20160624  22:14:00 2151.00 2151.00 2150.00 2150.00 3758.00
20160624  22:15:00 2151.00 2155.00 2150.00 2153.00 38960.00
20160624  22:16:00 2153.00 2153.00 2151.00 2152.00 4986.00
20160624  22:17:00 2152.00 2152.00 2150.00 2151.00 8186.00
20160624  22:18:00 2150.00 2152.00 2150.00 2151.00 5904.00
20160624  22:19:00 2151.00 2151.00 2150.00 2151.00 5924.00
20160624  22:20:00 2151.00 2152.00 2150.00 2151.00 7004.00
20160624  22:21:00 2151.00 2152.00 2151.00 2151.00 2092.00
20160624  22:22:00 2152.00 2152.00 2151.00 2151.00 1760.00
20160624  22:23:00 2151.00 2152.00 2149.00 2150.00 7900.00
20160624  22:24:00 2150.00 2151.00 2149.00 2150.00 2942.00
20160624  22:25:00 2150.00 2150.00 2148.00 2148.00 8340.00
20160624  22:26:00 2148.00 2149.00 2147.00 2148.00 13918.00
20160624  22:27:00 2148.00 2148.00 2146.00 2147.00 13984.00
20160624  22:28:00 2147.00 2148.00 2147.00 2148.00 4802.00
20160624  22:29:00 2148.00 2148.00 2147.00 2147.00 3100.00
20160624  22:30:00 2148.00 2149.00 2148.00 2149.00 10180.00
20160624  22:31:00 2149.00 2149.00 2148.00 2149.00 1884.00
20160624  22:32:00 2148.00 2149.00 2147.00 2148.00 5580.00
20160624  22:33:00 2149.00 2151.00 2148.00 2150.00 6096.00
20160624  22:34:00 2150.00 2152.00 2149.00 2151.00 10848.00
20160624  22:35:00 2152.00 2152.00 2150.00 2151.00 6794.00
20160624  22:36:00 2150.00 2152.00 2150.00 2151.00 9112.00
20160624  22:37:00 2151.00 2154.00 2151.00 2153.00 22862.00
20160624  22:38:00 2153.00 2156.00 2152.00 2156.00 26834.00
20160624  22:39:00 2155.00 2156.00 2153.00 2155.00 20556.00
20160624  22:40:00 2154.00 2156.00 2153.00 2154.00 10644.00
20160624  22:41:00 2154.00 2156.00 2154.00 2155.00 9984.00
20160624  22:42:00 2155.00 2155.00 2153.00 2153.00 7608.00
20160624  22:43:00 2153.00 2154.00 2152.00 2152.00 5104.00
20160624  22:44:00 2152.00 2155.00 2152.00 2155.00 6148.00
20160624  22:45:00 2155.00 2156.00 2154.00 2154.00 10190.00
20160624  22:46:00 2155.00 2155.00 2153.00 2154.00 4884.00
20160624  22:47:00 2154.00 2155.00 2153.00 2154.00 6146.00
20160624  22:48:00 2154.00 2156.00 2154.00 2156.00 5438.00
20160624  22:49:00 2156.00 2156.00 2153.00 2155.00 4476.00
20160624  22:50:00 2154.00 2157.00 2154.00 2156.00 15610.00
20160624  22:51:00 2157.00 2157.00 2154.00 2155.00 8326.00
20160624  22:52:00 2155.00 2157.00 2154.00 2154.00 10904.00
20160624  22:53:00 2154.00 2154.00 2151.00 2152.00 21290.00
20160624  22:54:00 2151.00 2152.00 2151.00 2152.00 10848.00
20160624  22:55:00 2153.00 2153.00 2151.00 2151.00 8524.00
20160624  22:56:00 2151.00 2154.00 2151.00 2153.00 8256.00
20160624  22:57:00 2154.00 2155.00 2153.00 2154.00 8212.00
20160624  22:58:00 2153.00 2155.00 2152.00 2155.00 12324.00
20160624  22:59:00 2155.00 2156.00 2154.00 2156.00 24800.00
20160624  23:00:00 2155.00 2155.00 2155.00 2155.00 250.00
20160627  09:00:00 2171.00 2180.00 2169.00 2175.00 212938.00
20160627  09:01:00 2177.00 2199.00 2176.00 2187.00 146062.00
20160627  09:02:00 2186.00 2186.00 2181.00 2183.00 50490.00
20160627  09:03:00 2184.00 2189.00 2183.00 2188.00 45008.00
20160627  09:04:00 2188.00 2200.00 2188.00 2197.00 108512.00
20160627  09:05:00 2197.00 2202.00 2194.00 2194.00 78266.00
20160627  09:06:00 2194.00 2199.00 2194.00 2196.00 39864.00
20160627  09:07:00 2197.00 2197.00 2191.00 2191.00 30712.00
20160627  09:08:00 2192.00 2194.00 2191.00 2193.00 18864.00
20160627  09:09:00 2193.00 2194.00 2191.00 2191.00 27628.00
20160627  09:10:00 2191.00 2195.00 2191.00 2194.00 17028.00
20160627  09:11:00 2194.00 2194.00 2191.00 2192.00 19172.00
20160627  09:12:00 2192.00 2193.00 2190.00 2191.00 21936.00
20160627  09:13:00 2190.00 2193.00 2190.00 2191.00 24482.00
20160627  09:14:00 2191.00 2193.00 2190.00 2193.00 18814.00
20160627  09:15:00 2193.00 2195.00 2178.00 2184.00 109590.00
20160627  09:16:00 2185.00 2188.00 2182.00 2187.00 43440.00
20160627  09:17:00 2187.00 2190.00 2174.00 2174.00 84830.00
20160627  09:18:00 2174.00 2183.00 2171.00 2182.00 62794.00
20160627  09:19:00 2181.00 2187.00 2181.00 2185.00 38176.00
20160627  09:20:00 2184.00 2187.00 2183.00 2185.00 31974.00
20160627  09:21:00 2185.00 2189.00 2185.00 2188.00 29302.00
20160627  09:22:00 2188.00 2190.00 2186.00 2190.00 35732.00
20160627  09:23:00 2189.00 2190.00 2185.00 2187.00 29932.00
20160627  09:24:00 2187.00 2188.00 2184.00 2186.00 13698.00
20160627  09:25:00 2186.00 2188.00 2186.00 2186.00 10096.00
20160627  09:26:00 2186.00 2188.00 2186.00 2187.00 9684.00
20160627  09:27:00 2187.00 2187.00 2186.00 2186.00 5262.00
20160627  09:28:00 2186.00 2189.00 2185.00 2188.00 12998.00
20160627  09:29:00 2188.00 2192.00 2186.00 2191.00 18782.00
20160627  09:30:00 2191.00 2196.00 2188.00 2191.00 48042.00
20160627  09:31:00 2190.00 2194.00 2190.00 2194.00 15364.00
20160627  09:32:00 2194.00 2195.00 2192.00 2193.00 17028.00
20160627  09:33:00 2193.00 2194.00 2191.00 2191.00 15860.00
20160627  09:34:00 2192.00 2195.00 2191.00 2195.00 18200.00
20160627  09:35:00 2194.00 2196.00 2194.00 2196.00 25532.00
20160627  09:36:00 2196.00 2197.00 2194.00 2196.00 19316.00
20160627  09:37:00 2195.00 2208.00 2195.00 2208.00 109368.00
20160627  09:38:00 2208.00 2209.00 2203.00 2207.00 72896.00
20160627  09:39:00 2207.00 2209.00 2200.00 2206.00 52620.00
20160627  09:40:00 2205.00 2210.00 2205.00 2206.00 44244.00
20160627  09:41:00 2206.00 2206.00 2202.00 2203.00 26094.00
20160627  09:42:00 2203.00 2205.00 2203.00 2204.00 17812.00
20160627  09:43:00 2204.00 2210.00 2203.00 2208.00 33110.00
20160627  09:44:00 2209.00 2215.00 2208.00 2213.00 66078.00
20160627  09:45:00 2214.00 2217.00 2212.00 2213.00 59404.00
20160627  09:46:00 2213.00 2214.00 2209.00 2213.00 38488.00
20160627  09:47:00 2213.00 2217.00 2212.00 2216.00 35940.00
20160627  09:48:00 2217.00 2220.00 2216.00 2217.00 47992.00
20160627  09:49:00 2217.00 2220.00 2216.00 2220.00 27954.00
20160627  09:50:00 2220.00 2224.00 2220.00 2222.00 59570.00
20160627  09:51:00 2222.00 2231.00 2222.00 2231.00 78806.00
20160627  09:52:00 2231.00 2232.00 2214.00 2222.00 125146.00
20160627  09:53:00 2221.00 2227.00 2220.00 2222.00 50318.00
20160627  09:54:00 2223.00 2227.00 2223.00 2224.00 27130.00
20160627  09:55:00 2224.00 2229.00 2223.00 2225.00 34528.00
20160627  09:56:00 2224.00 2227.00 2222.00 2226.00 25794.00
20160627  09:57:00 2227.00 2231.00 2226.00 2228.00 38830.00
20160627  09:58:00 2228.00 2232.00 2227.00 2227.00 29810.00
20160627  09:59:00 2226.00 2228.00 2222.00 2225.00 42846.00
20160627  10:00:00 2226.00 2234.00 2226.00 2230.00 53282.00
20160627  10:01:00 2230.00 2231.00 2226.00 2228.00 28458.00
20160627  10:02:00 2228.00 2229.00 2225.00 2227.00 29296.00
20160627  10:03:00 2228.00 2228.00 2221.00 2222.00 47924.00
20160627  10:04:00 2221.00 2223.00 2219.00 2222.00 37980.00
20160627  10:05:00 2222.00 2223.00 2221.00 2223.00 25514.00
20160627  10:06:00 2222.00 2223.00 2217.00 2220.00 32802.00
20160627  10:07:00 2221.00 2228.00 2219.00 2226.00 33632.00
20160627  10:08:00 2225.00 2226.00 2219.00 2219.00 24556.00
20160627  10:09:00 2219.00 2223.00 2219.00 2222.00 17154.00
20160627  10:10:00 2222.00 2222.00 2216.00 2217.00 24018.00
20160627  10:11:00 2217.00 2219.00 2215.00 2216.00 25920.00
20160627  10:12:00 2216.00 2221.00 2215.00 2220.00 16920.00
20160627  10:13:00 2220.00 2225.00 2218.00 2225.00 18800.00
20160627  10:14:00 2225.00 2225.00 2222.00 2224.00 13204.00
20160627  10:30:00 2223.00 2224.00 2221.00 2222.00 17024.00
20160627  10:31:00 2222.00 2222.00 2220.00 2221.00 14424.00
20160627  10:32:00 2221.00 2223.00 2220.00 2221.00 7506.00
20160627  10:33:00 2221.00 2223.00 2221.00 2222.00 6082.00
20160627  10:34:00 2222.00 2224.00 2222.00 2224.00 5462.00
20160627  10:35:00 2224.00 2227.00 2223.00 2227.00 14644.00
20160627  10:36:00 2226.00 2228.00 2225.00 2227.00 14118.00
20160627  10:37:00 2226.00 2228.00 2222.00 2224.00 25998.00
20160627  10:38:00 2223.00 2225.00 2223.00 2224.00 4042.00
20160627  10:39:00 2224.00 2226.00 2223.00 2225.00 13608.00
20160627  10:40:00 2226.00 2226.00 2221.00 2223.00 15790.00
20160627  10:41:00 2223.00 2224.00 2219.00 2220.00 23356.00
20160627  10:42:00 2221.00 2222.00 2219.00 2219.00 25612.00
20160627  10:43:00 2220.00 2224.00 2220.00 2222.00 14814.00
20160627  10:44:00 2222.00 2223.00 2221.00 2222.00 6462.00
20160627  10:45:00 2222.00 2223.00 2221.00 2222.00 10716.00
20160627  10:46:00 2222.00 2225.00 2222.00 2223.00 12950.00
20160627  10:47:00 2222.00 2224.00 2221.00 2222.00 11166.00
20160627  10:48:00 2222.00 2224.00 2221.00 2222.00 9218.00
20160627  10:49:00 2222.00 2224.00 2222.00 2222.00 8548.00
20160627  10:50:00 2223.00 2226.00 2222.00 2224.00 11682.00
20160627  10:51:00 2224.00 2225.00 2223.00 2224.00 4456.00
20160627  10:52:00 2223.00 2226.00 2223.00 2225.00 5876.00
20160627  10:53:00 2226.00 2226.00 2224.00 2225.00 6944.00
20160627  10:54:00 2224.00 2227.00 2224.00 2227.00 8538.00
20160627  10:55:00 2227.00 2231.00 2226.00 2230.00 39200.00
20160627  10:56:00 2230.00 2232.00 2228.00 2230.00 21340.00
20160627  10:57:00 2230.00 2231.00 2228.00 2229.00 11960.00
20160627  10:58:00 2228.00 2230.00 2227.00 2229.00 16316.00
20160627  10:59:00 2229.00 2235.00 2228.00 2232.00 52142.00
20160627  11:00:00 2231.00 2233.00 2228.00 2230.00 16498.00
20160627  11:01:00 2229.00 2231.00 2228.00 2228.00 14568.00
20160627  11:02:00 2228.00 2228.00 2224.00 2226.00 27344.00
20160627  11:03:00 2226.00 2229.00 2226.00 2228.00 7800.00
20160627  11:04:00 2228.00 2228.00 2226.00 2228.00 12000.00
20160627  11:05:00 2228.00 2230.00 2228.00 2229.00 9400.00
20160627  11:06:00 2230.00 2230.00 2228.00 2230.00 6774.00
20160627  11:07:00 2229.00 2234.00 2229.00 2232.00 18214.00
20160627  11:08:00 2232.00 2237.00 2231.00 2237.00 44502.00
20160627  11:09:00 2236.00 2242.00 2236.00 2241.00 59194.00
20160627  11:10:00 2241.00 2243.00 2238.00 2240.00 43240.00
20160627  11:11:00 2240.00 2245.00 2240.00 2244.00 51782.00
20160627  11:12:00 2243.00 2245.00 2241.00 2243.00 26198.00
20160627  11:13:00 2243.00 2243.00 2240.00 2241.00 24864.00
20160627  11:14:00 2242.00 2244.00 2241.00 2242.00 23312.00
20160627  11:15:00 2241.00 2242.00 2239.00 2239.00 19810.00
20160627  11:16:00 2239.00 2241.00 2238.00 2239.00 18756.00
20160627  11:17:00 2239.00 2244.00 2239.00 2244.00 19992.00
20160627  11:18:00 2243.00 2244.00 2241.00 2242.00 19036.00
20160627  11:19:00 2243.00 2243.00 2240.00 2241.00 8180.00
20160627  11:20:00 2241.00 2242.00 2239.00 2242.00 15898.00
20160627  11:21:00 2243.00 2245.00 2242.00 2244.00 24524.00
20160627  11:22:00 2244.00 2250.00 2244.00 2249.00 73594.00
20160627  11:23:00 2249.00 2253.00 2246.00 2251.00 87710.00
20160627  11:24:00 2250.00 2259.00 2249.00 2259.00 98168.00
20160627  11:25:00 2258.00 2262.00 2254.00 2260.00 118260.00
20160627  11:26:00 2260.00 2263.00 2258.00 2262.00 70896.00
20160627  11:27:00 2262.00 2262.00 2256.00 2258.00 54588.00
20160627  11:28:00 2257.00 2257.00 2247.00 2251.00 82662.00
20160627  11:29:00 2251.00 2256.00 2250.00 2253.00 48988.00
20160627  13:30:00 2255.00 2260.00 2248.00 2248.00 84980.00
20160627  13:31:00 2248.00 2250.00 2246.00 2250.00 49836.00
20160627  13:32:00 2250.00 2250.00 2247.00 2247.00 29602.00
20160627  13:33:00 2247.00 2249.00 2245.00 2248.00 29998.00
20160627  13:34:00 2248.00 2251.00 2248.00 2251.00 26466.00
20160627  13:35:00 2251.00 2252.00 2248.00 2249.00 23628.00
20160627  13:36:00 2249.00 2252.00 2249.00 2250.00 21678.00
20160627  13:37:00 2250.00 2250.00 2248.00 2249.00 10236.00
20160627  13:38:00 2249.00 2253.00 2249.00 2253.00 25268.00
20160627  13:39:00 2252.00 2253.00 2250.00 2251.00 12852.00
20160627  13:40:00 2251.00 2254.00 2250.00 2253.00 15334.00
20160627  13:41:00 2254.00 2254.00 2252.00 2253.00 9810.00
20160627  13:42:00 2252.00 2257.00 2252.00 2255.00 23178.00
20160627  13:43:00 2255.00 2256.00 2252.00 2254.00 14156.00
20160627  13:44:00 2253.00 2256.00 2253.00 2254.00 15426.00
20160627  13:45:00 2254.00 2255.00 2253.00 2254.00 10472.00
20160627  13:46:00 2254.00 2254.00 2251.00 2253.00 19332.00
20160627  13:47:00 2252.00 2253.00 2251.00 2251.00 9240.00
20160627  13:48:00 2251.00 2252.00 2249.00 2251.00 22774.00
20160627  13:49:00 2251.00 2252.00 2251.00 2252.00 5296.00
20160627  13:50:00 2252.00 2254.00 2251.00 2254.00 13044.00
20160627  13:51:00 2253.00 2255.00 2253.00 2255.00 8346.00
20160627  13:52:00 2255.00 2255.00 2253.00 2253.00 5528.00
20160627  13:53:00 2253.00 2257.00 2253.00 2254.00 20988.00
20160627  13:54:00 2255.00 2256.00 2253.00 2254.00 15528.00
20160627  13:55:00 2254.00 2255.00 2254.00 2254.00 9330.00
20160627  13:56:00 2254.00 2255.00 2253.00 2254.00 7622.00
20160627  13:57:00 2254.00 2257.00 2254.00 2256.00 21292.00
20160627  13:58:00 2255.00 2255.00 2250.00 2252.00 30424.00
20160627  13:59:00 2252.00 2253.00 2249.00 2250.00 20830.00
20160627  14:00:00 2250.00 2252.00 2249.00 2250.00 15526.00
20160627  14:01:00 2251.00 2251.00 2249.00 2250.00 9950.00
20160627  14:02:00 2250.00 2251.00 2250.00 2250.00 2240.00
20160627  14:03:00 2251.00 2252.00 2250.00 2252.00 5936.00
20160627  14:04:00 2251.00 2253.00 2251.00 2251.00 7650.00
20160627  14:05:00 2251.00 2253.00 2251.00 2252.00 7132.00
20160627  14:06:00 2252.00 2253.00 2252.00 2253.00 3788.00
20160627  14:07:00 2252.00 2254.00 2252.00 2254.00 7586.00
20160627  14:08:00 2254.00 2254.00 2252.00 2253.00 5220.00
20160627  14:09:00 2254.00 2254.00 2253.00 2253.00 3450.00
20160627  14:10:00 2254.00 2254.00 2252.00 2252.00 4252.00
20160627  14:11:00 2252.00 2253.00 2252.00 2253.00 1618.00
20160627  14:12:00 2252.00 2254.00 2252.00 2254.00 8194.00
20160627  14:13:00 2254.00 2256.00 2253.00 2254.00 20830.00
20160627  14:14:00 2254.00 2256.00 2253.00 2255.00 7894.00
20160627  14:15:00 2255.00 2255.00 2252.00 2253.00 17798.00
20160627  14:16:00 2254.00 2256.00 2252.00 2256.00 23118.00
20160627  14:17:00 2255.00 2257.00 2254.00 2256.00 21974.00
20160627  14:18:00 2256.00 2261.00 2255.00 2259.00 41160.00
20160627  14:19:00 2260.00 2260.00 2258.00 2259.00 11160.00
20160627  14:20:00 2259.00 2260.00 2256.00 2256.00 19478.00
20160627  14:21:00 2256.00 2258.00 2255.00 2256.00 11924.00
20160627  14:22:00 2256.00 2258.00 2256.00 2258.00 9012.00
20160627  14:23:00 2258.00 2258.00 2257.00 2258.00 4898.00
20160627  14:24:00 2257.00 2258.00 2256.00 2258.00 5948.00
20160627  14:25:00 2258.00 2260.00 2257.00 2259.00 6602.00
20160627  14:26:00 2259.00 2260.00 2256.00 2256.00 12090.00
20160627  14:27:00 2256.00 2258.00 2256.00 2257.00 3424.00
20160627  14:28:00 2257.00 2259.00 2257.00 2258.00 7732.00
20160627  14:29:00 2259.00 2259.00 2257.00 2257.00 5734.00
20160627  14:30:00 2257.00 2257.00 2252.00 2253.00 35076.00
20160627  14:31:00 2252.00 2255.00 2252.00 2253.00 18574.00
20160627  14:32:00 2254.00 2254.00 2252.00 2254.00 11924.00
20160627  14:33:00 2253.00 2255.00 2253.00 2255.00 6654.00
20160627  14:34:00 2254.00 2255.00 2254.00 2254.00 3012.00
20160627  14:35:00 2254.00 2258.00 2254.00 2257.00 11518.00
20160627  14:36:00 2257.00 2257.00 2256.00 2256.00 3820.00
20160627  14:37:00 2256.00 2259.00 2256.00 2258.00 11548.00
20160627  14:38:00 2259.00 2259.00 2256.00 2257.00 9994.00
20160627  14:39:00 2257.00 2259.00 2256.00 2259.00 6080.00
20160627  14:40:00 2259.00 2259.00 2257.00 2258.00 6226.00
20160627  14:41:00 2258.00 2259.00 2257.00 2258.00 5442.00
20160627  14:42:00 2258.00 2265.00 2258.00 2265.00 56438.00
20160627  14:43:00 2265.00 2265.00 2261.00 2262.00 31182.00
20160627  14:44:00 2263.00 2266.00 2262.00 2266.00 32340.00
20160627  14:45:00 2266.00 2268.00 2265.00 2268.00 79512.00
20160627  14:46:00 2268.00 2268.00 2268.00 2268.00 3972.00
20160627  14:47:00 2268.00 2268.00 2268.00 2268.00 2432.00
20160627  14:48:00 2268.00 2268.00 2268.00 2268.00 3762.00
20160627  14:49:00 2268.00 2268.00 2268.00 2268.00 6580.00
20160627  14:50:00 2268.00 2268.00 2262.00 2266.00 91654.00
20160627  14:51:00 2266.00 2268.00 2266.00 2268.00 34428.00
20160627  14:52:00 2268.00 2268.00 2267.00 2267.00 19556.00
20160627  14:53:00 2268.00 2268.00 2266.00 2268.00 23946.00
20160627  14:54:00 2267.00 2268.00 2267.00 2268.00 9720.00
20160627  14:55:00 2268.00 2268.00 2268.00 2268.00 3518.00
20160627  14:56:00 2268.00 2268.00 2268.00 2268.00 1244.00
20160627  14:57:00 2268.00 2268.00 2268.00 2268.00 1548.00
20160627  14:58:00 2268.00 2268.00 2268.00 2268.00 1750.00
20160627  14:59:00 2268.00 2268.00 2268.00 2268.00 3782.00
20160627  15:00:00 2268.00 2268.00 2268.00 2268.00  10.00
