20160415  21:00:00 2289.00 2295.00 2288.00 2293.00 94238.00
20160415  21:01:00 2293.00 2293.00 2289.00 2291.00 56456.00
20160415  21:02:00 2291.00 2298.00 2291.00 2296.00 57192.00
20160415  21:03:00 2296.00 2298.00 2295.00 2296.00 49636.00
20160415  21:04:00 2296.00 2297.00 2294.00 2296.00 30744.00
20160415  21:05:00 2296.00 2296.00 2293.00 2293.00 23224.00
20160415  21:06:00 2294.00 2294.00 2290.00 2293.00 41058.00
20160415  21:07:00 2292.00 2294.00 2292.00 2294.00 32664.00
20160415  21:08:00 2294.00 2296.00 2293.00 2295.00 32510.00
20160415  21:09:00 2295.00 2296.00 2293.00 2296.00 37778.00
20160415  21:10:00 2296.00 2297.00 2293.00 2293.00 23504.00
20160415  21:11:00 2294.00 2296.00 2293.00 2294.00 15084.00
20160415  21:12:00 2294.00 2297.00 2294.00 2296.00 16058.00
20160415  21:13:00 2295.00 2298.00 2295.00 2297.00 33096.00
20160415  21:14:00 2298.00 2298.00 2296.00 2297.00 27470.00
20160415  21:15:00 2296.00 2301.00 2296.00 2298.00 54536.00
20160415  21:16:00 2298.00 2300.00 2298.00 2299.00 25110.00
20160415  21:17:00 2299.00 2300.00 2297.00 2298.00 19286.00
20160415  21:18:00 2298.00 2302.00 2297.00 2301.00 33996.00
20160415  21:19:00 2300.00 2301.00 2299.00 2300.00 20398.00
20160415  21:20:00 2300.00 2302.00 2300.00 2301.00 14774.00
20160415  21:21:00 2301.00 2302.00 2299.00 2300.00 23216.00
20160415  21:22:00 2299.00 2300.00 2298.00 2299.00 18320.00
20160415  21:23:00 2299.00 2300.00 2297.00 2298.00 17702.00
20160415  21:24:00 2298.00 2299.00 2298.00 2299.00 4920.00
20160415  21:25:00 2299.00 2301.00 2298.00 2300.00 23264.00
20160415  21:26:00 2300.00 2303.00 2300.00 2303.00 19648.00
20160415  21:27:00 2303.00 2305.00 2302.00 2305.00 49768.00
20160415  21:28:00 2304.00 2307.00 2304.00 2305.00 54148.00
20160415  21:29:00 2305.00 2306.00 2303.00 2304.00 31340.00
20160415  21:30:00 2305.00 2306.00 2303.00 2304.00 34108.00
20160415  21:31:00 2303.00 2306.00 2303.00 2304.00 29258.00
20160415  21:32:00 2305.00 2305.00 2303.00 2303.00 18138.00
20160415  21:33:00 2304.00 2304.00 2301.00 2302.00 35318.00
20160415  21:34:00 2301.00 2302.00 2299.00 2300.00 50488.00
20160415  21:35:00 2299.00 2301.00 2298.00 2300.00 35674.00
20160415  21:36:00 2301.00 2302.00 2300.00 2302.00 13268.00
20160415  21:37:00 2302.00 2302.00 2301.00 2302.00 5602.00
20160415  21:38:00 2302.00 2302.00 2300.00 2301.00 10470.00
20160415  21:39:00 2301.00 2302.00 2299.00 2300.00 33698.00
20160415  21:40:00 2300.00 2301.00 2300.00 2300.00 8692.00
20160415  21:41:00 2300.00 2303.00 2300.00 2303.00 22944.00
20160415  21:42:00 2303.00 2303.00 2301.00 2302.00 13432.00
20160415  21:43:00 2302.00 2303.00 2301.00 2301.00 8474.00
20160415  21:44:00 2301.00 2302.00 2301.00 2302.00 3622.00
20160415  21:45:00 2302.00 2304.00 2302.00 2304.00 15458.00
20160415  21:46:00 2303.00 2304.00 2302.00 2303.00 17202.00
20160415  21:47:00 2303.00 2303.00 2299.00 2299.00 26782.00
20160415  21:48:00 2300.00 2304.00 2299.00 2303.00 24688.00
20160415  21:49:00 2303.00 2304.00 2302.00 2302.00 25386.00
20160415  21:50:00 2303.00 2304.00 2302.00 2303.00 9520.00
20160415  21:51:00 2304.00 2307.00 2303.00 2305.00 35216.00
20160415  21:52:00 2305.00 2307.00 2304.00 2305.00 29398.00
20160415  21:53:00 2304.00 2305.00 2303.00 2304.00 15872.00
20160415  21:54:00 2304.00 2306.00 2303.00 2305.00 12496.00
20160415  21:55:00 2306.00 2306.00 2303.00 2304.00 21390.00
20160415  21:56:00 2304.00 2304.00 2302.00 2303.00 13778.00
20160415  21:57:00 2303.00 2304.00 2302.00 2303.00 13280.00
20160415  21:58:00 2303.00 2305.00 2302.00 2304.00 18746.00
20160415  21:59:00 2304.00 2305.00 2301.00 2302.00 20646.00
20160415  22:00:00 2301.00 2305.00 2300.00 2304.00 36592.00
20160415  22:01:00 2305.00 2305.00 2303.00 2303.00 17722.00
20160415  22:02:00 2303.00 2306.00 2303.00 2305.00 19180.00
20160415  22:03:00 2305.00 2309.00 2305.00 2309.00 63708.00
20160415  22:04:00 2309.00 2309.00 2306.00 2307.00 36868.00
20160415  22:05:00 2307.00 2308.00 2306.00 2307.00 13414.00
20160415  22:06:00 2307.00 2307.00 2305.00 2306.00 9658.00
20160415  22:07:00 2306.00 2307.00 2305.00 2307.00 8666.00
20160415  22:08:00 2307.00 2308.00 2306.00 2306.00 13306.00
20160415  22:09:00 2306.00 2307.00 2306.00 2306.00 4782.00
20160415  22:10:00 2306.00 2308.00 2305.00 2307.00 19338.00
20160415  22:11:00 2307.00 2308.00 2306.00 2307.00 10168.00
20160415  22:12:00 2307.00 2308.00 2306.00 2306.00 10396.00
20160415  22:13:00 2305.00 2307.00 2305.00 2306.00 7354.00
20160415  22:14:00 2307.00 2307.00 2306.00 2306.00 5240.00
20160415  22:15:00 2306.00 2307.00 2303.00 2303.00 30276.00
20160415  22:16:00 2303.00 2307.00 2303.00 2305.00 23822.00
20160415  22:17:00 2306.00 2307.00 2305.00 2306.00 11972.00
20160415  22:18:00 2306.00 2307.00 2305.00 2305.00 5696.00
20160415  22:19:00 2305.00 2306.00 2304.00 2304.00 11288.00
20160415  22:20:00 2304.00 2306.00 2304.00 2304.00 10478.00
20160415  22:21:00 2305.00 2305.00 2303.00 2304.00 21894.00
20160415  22:22:00 2304.00 2306.00 2303.00 2305.00 14606.00
20160415  22:23:00 2305.00 2309.00 2305.00 2309.00 48246.00
20160415  22:24:00 2308.00 2309.00 2305.00 2307.00 31546.00
20160415  22:25:00 2306.00 2308.00 2306.00 2307.00 14696.00
20160415  22:26:00 2306.00 2308.00 2305.00 2306.00 17420.00
20160415  22:27:00 2306.00 2307.00 2306.00 2306.00 8356.00
20160415  22:28:00 2306.00 2307.00 2305.00 2306.00 6266.00
20160415  22:29:00 2306.00 2306.00 2304.00 2305.00 15148.00
20160415  22:30:00 2305.00 2308.00 2304.00 2306.00 25414.00
20160415  22:31:00 2306.00 2307.00 2305.00 2307.00 8430.00
20160415  22:32:00 2307.00 2309.00 2306.00 2308.00 32306.00
20160415  22:33:00 2308.00 2308.00 2305.00 2307.00 26534.00
20160415  22:34:00 2307.00 2308.00 2306.00 2307.00 5478.00
20160415  22:35:00 2307.00 2308.00 2305.00 2306.00 11862.00
20160415  22:36:00 2306.00 2306.00 2305.00 2306.00 2860.00
20160415  22:37:00 2306.00 2306.00 2305.00 2306.00 4446.00
20160415  22:38:00 2306.00 2307.00 2305.00 2306.00 4110.00
20160415  22:39:00 2307.00 2307.00 2306.00 2306.00 3226.00
20160415  22:40:00 2307.00 2308.00 2306.00 2307.00 11466.00
20160415  22:41:00 2308.00 2308.00 2306.00 2306.00 8836.00
20160415  22:42:00 2306.00 2307.00 2306.00 2306.00 2550.00
20160415  22:43:00 2307.00 2307.00 2305.00 2305.00 12086.00
20160415  22:44:00 2305.00 2307.00 2305.00 2306.00 4972.00
20160415  22:45:00 2306.00 2309.00 2306.00 2308.00 36678.00
20160415  22:46:00 2308.00 2308.00 2307.00 2308.00 3758.00
20160415  22:47:00 2308.00 2308.00 2306.00 2307.00 7272.00
20160415  22:48:00 2307.00 2307.00 2305.00 2306.00 28958.00
20160415  22:49:00 2307.00 2307.00 2304.00 2305.00 16272.00
20160415  22:50:00 2305.00 2305.00 2302.00 2303.00 37280.00
20160415  22:51:00 2303.00 2304.00 2301.00 2303.00 37536.00
20160415  22:52:00 2302.00 2304.00 2302.00 2304.00 16488.00
20160415  22:53:00 2304.00 2306.00 2303.00 2306.00 9746.00
20160415  22:54:00 2305.00 2307.00 2305.00 2306.00 14012.00
20160415  22:55:00 2306.00 2306.00 2304.00 2304.00 10646.00
20160415  22:56:00 2305.00 2306.00 2305.00 2306.00 6964.00
20160415  22:57:00 2306.00 2306.00 2304.00 2306.00 6374.00
20160415  22:58:00 2306.00 2307.00 2305.00 2307.00 8520.00
20160415  22:59:00 2307.00 2307.00 2305.00 2306.00 19726.00
20160415  23:00:00 2305.00 2306.00 2305.00 2305.00 2264.00
20160415  23:01:00 2306.00 2306.00 2305.00 2306.00 2466.00
20160415  23:02:00 2306.00 2307.00 2305.00 2306.00 5192.00
20160415  23:03:00 2306.00 2307.00 2306.00 2306.00 9584.00
20160415  23:04:00 2307.00 2307.00 2305.00 2306.00 9370.00
20160415  23:05:00 2306.00 2306.00 2305.00 2305.00 1622.00
20160415  23:06:00 2305.00 2306.00 2304.00 2305.00 8354.00
20160415  23:07:00 2305.00 2306.00 2305.00 2306.00 580.00
20160415  23:08:00 2305.00 2306.00 2305.00 2305.00 2420.00
20160415  23:09:00 2306.00 2306.00 2305.00 2306.00 1176.00
20160415  23:10:00 2306.00 2307.00 2305.00 2307.00 13276.00
20160415  23:11:00 2307.00 2307.00 2306.00 2306.00 4656.00
20160415  23:12:00 2306.00 2308.00 2306.00 2307.00 5758.00
20160415  23:13:00 2308.00 2310.00 2307.00 2310.00 38824.00
20160415  23:14:00 2310.00 2312.00 2309.00 2311.00 75894.00
20160415  23:15:00 2311.00 2312.00 2310.00 2311.00 25360.00
20160415  23:16:00 2312.00 2312.00 2310.00 2310.00 14422.00
20160415  23:17:00 2310.00 2312.00 2310.00 2312.00 19976.00
20160415  23:18:00 2311.00 2312.00 2310.00 2312.00 13464.00
20160415  23:19:00 2312.00 2314.00 2311.00 2313.00 25612.00
20160415  23:20:00 2313.00 2315.00 2313.00 2314.00 41788.00
20160415  23:21:00 2313.00 2314.00 2313.00 2314.00 18056.00
20160415  23:22:00 2314.00 2315.00 2313.00 2314.00 12756.00
20160415  23:23:00 2313.00 2314.00 2311.00 2311.00 11504.00
20160415  23:24:00 2311.00 2314.00 2311.00 2314.00 12810.00
20160415  23:25:00 2313.00 2315.00 2313.00 2315.00 12790.00
20160415  23:26:00 2314.00 2317.00 2314.00 2317.00 34084.00
20160415  23:27:00 2316.00 2318.00 2316.00 2316.00 34040.00
20160415  23:28:00 2316.00 2318.00 2316.00 2316.00 22518.00
20160415  23:29:00 2315.00 2317.00 2315.00 2315.00 13878.00
20160415  23:30:00 2315.00 2316.00 2314.00 2315.00 20892.00
20160415  23:31:00 2315.00 2317.00 2315.00 2317.00 14468.00
20160415  23:32:00 2317.00 2320.00 2316.00 2320.00 43768.00
20160415  23:33:00 2320.00 2320.00 2318.00 2320.00 55272.00
20160415  23:34:00 2320.00 2320.00 2318.00 2318.00 27832.00
20160415  23:35:00 2318.00 2320.00 2318.00 2320.00 21484.00
20160415  23:36:00 2319.00 2322.00 2319.00 2321.00 41824.00
20160415  23:37:00 2322.00 2322.00 2319.00 2319.00 20378.00
20160415  23:38:00 2320.00 2320.00 2319.00 2319.00 23640.00
20160415  23:39:00 2319.00 2320.00 2317.00 2317.00 25028.00
20160415  23:40:00 2317.00 2319.00 2317.00 2319.00 16706.00
20160415  23:41:00 2319.00 2321.00 2318.00 2321.00 24262.00
20160415  23:42:00 2321.00 2322.00 2320.00 2321.00 21830.00
20160415  23:43:00 2322.00 2322.00 2319.00 2319.00 31424.00
20160415  23:44:00 2319.00 2320.00 2319.00 2319.00 10064.00
20160415  23:45:00 2320.00 2322.00 2320.00 2321.00 40974.00
20160415  23:46:00 2322.00 2323.00 2321.00 2322.00 22132.00
20160415  23:47:00 2322.00 2322.00 2319.00 2319.00 14188.00
20160415  23:48:00 2320.00 2321.00 2319.00 2320.00 15286.00
20160415  23:49:00 2320.00 2321.00 2319.00 2320.00 6942.00
20160415  23:50:00 2320.00 2321.00 2319.00 2321.00 10372.00
20160415  23:51:00 2320.00 2322.00 2320.00 2321.00 13250.00
20160415  23:52:00 2321.00 2322.00 2321.00 2322.00 18058.00
20160415  23:53:00 2322.00 2323.00 2321.00 2321.00 11900.00
20160415  23:54:00 2321.00 2322.00 2320.00 2321.00 6510.00
20160415  23:55:00 2321.00 2321.00 2319.00 2320.00 19520.00
20160415  23:56:00 2320.00 2321.00 2319.00 2321.00 6196.00
20160415  23:57:00 2321.00 2321.00 2320.00 2321.00 8364.00
20160415  23:58:00 2320.00 2321.00 2320.00 2320.00 9846.00
20160415  23:59:00 2321.00 2321.00 2319.00 2320.00 11266.00
20160416  00:00:00 2321.00 2321.00 2320.00 2320.00 2928.00
20160416  00:01:00 2320.00 2321.00 2319.00 2320.00 9660.00
20160416  00:02:00 2320.00 2320.00 2319.00 2319.00 7576.00
20160416  00:03:00 2320.00 2320.00 2318.00 2319.00 13070.00
20160416  00:04:00 2319.00 2320.00 2318.00 2318.00 6458.00
20160416  00:05:00 2318.00 2320.00 2318.00 2319.00 8192.00
20160416  00:06:00 2319.00 2319.00 2317.00 2317.00 24058.00
20160416  00:07:00 2317.00 2318.00 2316.00 2316.00 17152.00
20160416  00:08:00 2316.00 2318.00 2316.00 2318.00 15014.00
20160416  00:09:00 2317.00 2319.00 2317.00 2319.00 9626.00
20160416  00:10:00 2319.00 2319.00 2318.00 2319.00 2140.00
20160416  00:11:00 2318.00 2319.00 2317.00 2317.00 5090.00
20160416  00:12:00 2317.00 2319.00 2317.00 2318.00 3750.00
20160416  00:13:00 2319.00 2320.00 2318.00 2320.00 10302.00
20160416  00:14:00 2320.00 2321.00 2319.00 2320.00 14486.00
20160416  00:15:00 2320.00 2321.00 2320.00 2321.00 2396.00
20160416  00:16:00 2321.00 2321.00 2319.00 2319.00 7482.00
20160416  00:17:00 2320.00 2320.00 2317.00 2318.00 13242.00
20160416  00:18:00 2318.00 2319.00 2318.00 2319.00 6498.00
20160416  00:19:00 2319.00 2319.00 2318.00 2319.00 1232.00
20160416  00:20:00 2319.00 2319.00 2318.00 2318.00 930.00
20160416  00:21:00 2318.00 2319.00 2317.00 2318.00 7802.00
20160416  00:22:00 2318.00 2319.00 2318.00 2319.00 772.00
20160416  00:23:00 2318.00 2320.00 2318.00 2319.00 5720.00
20160416  00:24:00 2319.00 2320.00 2319.00 2320.00 6446.00
20160416  00:25:00 2320.00 2321.00 2319.00 2320.00 5834.00
20160416  00:26:00 2320.00 2321.00 2320.00 2321.00 6974.00
20160416  00:27:00 2321.00 2321.00 2320.00 2320.00 1966.00
20160416  00:28:00 2320.00 2321.00 2319.00 2319.00 9032.00
20160416  00:29:00 2320.00 2322.00 2320.00 2320.00 19728.00
20160416  00:30:00 2320.00 2322.00 2320.00 2322.00 3984.00
20160416  00:31:00 2322.00 2323.00 2321.00 2323.00 11768.00
20160416  00:32:00 2323.00 2323.00 2321.00 2322.00 8186.00
20160416  00:33:00 2323.00 2323.00 2321.00 2322.00 9056.00
20160416  00:34:00 2322.00 2324.00 2322.00 2323.00 23534.00
20160416  00:35:00 2323.00 2324.00 2322.00 2322.00 5598.00
20160416  00:36:00 2322.00 2323.00 2322.00 2323.00 2150.00
20160416  00:37:00 2322.00 2323.00 2322.00 2323.00 17390.00
20160416  00:38:00 2323.00 2323.00 2322.00 2322.00 3646.00
20160416  00:39:00 2322.00 2323.00 2321.00 2322.00 17534.00
20160416  00:40:00 2322.00 2322.00 2321.00 2321.00 2160.00
20160416  00:41:00 2321.00 2322.00 2320.00 2321.00 11158.00
20160416  00:42:00 2321.00 2322.00 2321.00 2321.00 2174.00
20160416  00:43:00 2321.00 2322.00 2321.00 2322.00 2690.00
20160416  00:44:00 2322.00 2323.00 2321.00 2323.00 8902.00
20160416  00:45:00 2323.00 2324.00 2323.00 2324.00 9264.00
20160416  00:46:00 2324.00 2324.00 2320.00 2320.00 21066.00
20160416  00:47:00 2321.00 2321.00 2319.00 2321.00 15470.00
20160416  00:48:00 2321.00 2321.00 2319.00 2319.00 6824.00
20160416  00:49:00 2320.00 2320.00 2319.00 2320.00 12046.00
20160416  00:50:00 2320.00 2321.00 2319.00 2321.00 6336.00
20160416  00:51:00 2321.00 2321.00 2320.00 2321.00 1868.00
20160416  00:52:00 2321.00 2321.00 2320.00 2321.00 5440.00
20160416  00:53:00 2321.00 2322.00 2320.00 2321.00 6418.00
20160416  00:54:00 2322.00 2322.00 2321.00 2321.00 5454.00
20160416  00:55:00 2322.00 2323.00 2320.00 2320.00 15694.00
20160416  00:56:00 2320.00 2322.00 2320.00 2320.00 10344.00
20160416  00:57:00 2321.00 2321.00 2319.00 2320.00 17568.00
20160416  00:58:00 2320.00 2322.00 2319.00 2321.00 17270.00
20160416  00:59:00 2321.00 2324.00 2321.00 2323.00 36202.00
20160416  01:00:00 2323.00 2323.00 2323.00 2323.00  30.00
20160418  09:00:00 2339.00 2358.00 2339.00 2357.00 319316.00
20160418  09:01:00 2357.00 2357.00 2348.00 2351.00 128410.00
20160418  09:02:00 2350.00 2351.00 2339.00 2343.00 97842.00
20160418  09:03:00 2344.00 2352.00 2344.00 2351.00 89106.00
20160418  09:04:00 2351.00 2363.00 2351.00 2357.00 112472.00
20160418  09:05:00 2357.00 2361.00 2350.00 2361.00 87432.00
20160418  09:06:00 2361.00 2364.00 2355.00 2360.00 80160.00
20160418  09:07:00 2361.00 2361.00 2356.00 2360.00 51352.00
20160418  09:08:00 2359.00 2363.00 2359.00 2363.00 51268.00
20160418  09:09:00 2363.00 2364.00 2359.00 2361.00 51042.00
20160418  09:10:00 2361.00 2365.00 2356.00 2358.00 79770.00
20160418  09:11:00 2358.00 2360.00 2356.00 2357.00 48484.00
20160418  09:12:00 2357.00 2361.00 2355.00 2359.00 37946.00
20160418  09:13:00 2358.00 2358.00 2355.00 2356.00 25862.00
20160418  09:14:00 2356.00 2359.00 2354.00 2358.00 51938.00
20160418  09:15:00 2359.00 2361.00 2358.00 2361.00 27592.00
20160418  09:16:00 2361.00 2363.00 2358.00 2362.00 33848.00
20160418  09:17:00 2362.00 2364.00 2360.00 2361.00 24376.00
20160418  09:18:00 2360.00 2363.00 2359.00 2362.00 36794.00
20160418  09:19:00 2362.00 2363.00 2360.00 2363.00 17768.00
20160418  09:20:00 2363.00 2366.00 2361.00 2363.00 57932.00
20160418  09:21:00 2362.00 2366.00 2362.00 2365.00 31832.00
20160418  09:22:00 2364.00 2366.00 2361.00 2361.00 24098.00
20160418  09:23:00 2361.00 2364.00 2361.00 2363.00 14776.00
20160418  09:24:00 2363.00 2365.00 2361.00 2362.00 37026.00
20160418  09:25:00 2362.00 2366.00 2362.00 2365.00 17244.00
20160418  09:26:00 2364.00 2366.00 2363.00 2365.00 22722.00
20160418  09:27:00 2365.00 2368.00 2365.00 2367.00 37670.00
20160418  09:28:00 2367.00 2368.00 2365.00 2366.00 34496.00
20160418  09:29:00 2366.00 2370.00 2366.00 2370.00 43898.00
20160418  09:30:00 2369.00 2374.00 2369.00 2370.00 84652.00
20160418  09:31:00 2370.00 2370.00 2367.00 2368.00 53244.00
20160418  09:32:00 2368.00 2369.00 2364.00 2366.00 40868.00
20160418  09:33:00 2366.00 2368.00 2364.00 2365.00 38624.00
20160418  09:34:00 2365.00 2367.00 2364.00 2365.00 24594.00
20160418  09:35:00 2364.00 2366.00 2364.00 2364.00 18772.00
20160418  09:36:00 2365.00 2365.00 2362.00 2362.00 36126.00
20160418  09:37:00 2362.00 2365.00 2361.00 2363.00 32984.00
20160418  09:38:00 2363.00 2364.00 2361.00 2362.00 29876.00
20160418  09:39:00 2362.00 2363.00 2360.00 2360.00 23216.00
20160418  09:40:00 2360.00 2362.00 2360.00 2361.00 23034.00
20160418  09:41:00 2361.00 2362.00 2359.00 2360.00 25826.00
20160418  09:42:00 2361.00 2363.00 2360.00 2363.00 17836.00
20160418  09:43:00 2363.00 2363.00 2361.00 2362.00 15616.00
20160418  09:44:00 2362.00 2363.00 2361.00 2362.00 24470.00
20160418  09:45:00 2362.00 2363.00 2360.00 2361.00 23170.00
20160418  09:46:00 2360.00 2361.00 2360.00 2361.00 8798.00
20160418  09:47:00 2361.00 2363.00 2361.00 2361.00 12122.00
20160418  09:48:00 2362.00 2363.00 2361.00 2362.00 11166.00
20160418  09:49:00 2362.00 2364.00 2361.00 2364.00 9092.00
20160418  09:50:00 2364.00 2366.00 2363.00 2366.00 21168.00
20160418  09:51:00 2366.00 2366.00 2364.00 2365.00 13412.00
20160418  09:52:00 2366.00 2366.00 2365.00 2365.00 9924.00
20160418  09:53:00 2365.00 2367.00 2365.00 2367.00 16964.00
20160418  09:54:00 2367.00 2368.00 2366.00 2367.00 19464.00
20160418  09:55:00 2367.00 2369.00 2365.00 2366.00 22868.00
20160418  09:56:00 2366.00 2369.00 2366.00 2368.00 19686.00
20160418  09:57:00 2368.00 2368.00 2366.00 2368.00 8716.00
20160418  09:58:00 2367.00 2369.00 2366.00 2368.00 14052.00
20160418  09:59:00 2368.00 2370.00 2367.00 2370.00 23760.00
20160418  10:00:00 2370.00 2374.00 2370.00 2370.00 62264.00
20160418  10:01:00 2371.00 2371.00 2369.00 2370.00 19156.00
20160418  10:02:00 2369.00 2372.00 2369.00 2369.00 34258.00
20160418  10:03:00 2370.00 2371.00 2368.00 2370.00 21380.00
20160418  10:04:00 2370.00 2372.00 2369.00 2372.00 16398.00
20160418  10:05:00 2371.00 2372.00 2368.00 2368.00 20672.00
20160418  10:06:00 2368.00 2371.00 2367.00 2371.00 25906.00
20160418  10:07:00 2371.00 2372.00 2369.00 2371.00 24264.00
20160418  10:08:00 2371.00 2374.00 2370.00 2373.00 42126.00
20160418  10:09:00 2373.00 2375.00 2372.00 2373.00 26816.00
20160418  10:10:00 2374.00 2379.00 2373.00 2378.00 64316.00
20160418  10:11:00 2378.00 2381.00 2377.00 2377.00 66752.00
20160418  10:12:00 2377.00 2378.00 2376.00 2378.00 30048.00
20160418  10:13:00 2377.00 2378.00 2374.00 2375.00 26268.00
20160418  10:14:00 2374.00 2377.00 2374.00 2375.00 20912.00
20160418  10:30:00 2376.00 2377.00 2372.00 2374.00 27726.00
20160418  10:31:00 2374.00 2376.00 2374.00 2376.00 10562.00
20160418  10:32:00 2376.00 2380.00 2376.00 2376.00 25256.00
20160418  10:33:00 2376.00 2379.00 2375.00 2375.00 14038.00
20160418  10:34:00 2376.00 2378.00 2374.00 2377.00 21226.00
20160418  10:35:00 2377.00 2378.00 2375.00 2378.00 16664.00
20160418  10:36:00 2379.00 2380.00 2375.00 2377.00 24316.00
20160418  10:37:00 2376.00 2377.00 2374.00 2377.00 24364.00
20160418  10:38:00 2376.00 2378.00 2376.00 2376.00 19398.00
20160418  10:39:00 2376.00 2377.00 2375.00 2377.00 15184.00
20160418  10:40:00 2377.00 2377.00 2373.00 2373.00 23952.00
20160418  10:41:00 2373.00 2375.00 2372.00 2375.00 18036.00
20160418  10:42:00 2375.00 2375.00 2372.00 2373.00 15780.00
20160418  10:43:00 2373.00 2374.00 2372.00 2373.00 13442.00
20160418  10:44:00 2373.00 2374.00 2373.00 2373.00 6060.00
20160418  10:45:00 2373.00 2373.00 2371.00 2372.00 18146.00
20160418  10:46:00 2372.00 2373.00 2369.00 2369.00 34686.00
20160418  10:47:00 2369.00 2370.00 2365.00 2368.00 65540.00
20160418  10:48:00 2368.00 2370.00 2367.00 2368.00 23554.00
20160418  10:49:00 2367.00 2369.00 2367.00 2369.00 15430.00
20160418  10:50:00 2369.00 2369.00 2367.00 2368.00 8752.00
20160418  10:51:00 2368.00 2370.00 2366.00 2369.00 26708.00
20160418  10:52:00 2369.00 2372.00 2368.00 2372.00 16264.00
20160418  10:53:00 2372.00 2372.00 2369.00 2369.00 11268.00
20160418  10:54:00 2370.00 2372.00 2369.00 2371.00 11358.00
20160418  10:55:00 2371.00 2371.00 2369.00 2369.00 7546.00
20160418  10:56:00 2369.00 2374.00 2369.00 2374.00 20326.00
20160418  10:57:00 2373.00 2373.00 2371.00 2372.00 16090.00
20160418  10:58:00 2372.00 2373.00 2371.00 2371.00 14642.00
20160418  10:59:00 2372.00 2374.00 2371.00 2373.00 20832.00
20160418  11:00:00 2373.00 2374.00 2372.00 2372.00 13452.00
20160418  11:01:00 2373.00 2375.00 2372.00 2374.00 8506.00
20160418  11:02:00 2374.00 2374.00 2371.00 2373.00 22294.00
20160418  11:03:00 2374.00 2375.00 2372.00 2373.00 11722.00
20160418  11:04:00 2373.00 2375.00 2373.00 2375.00 21346.00
20160418  11:05:00 2375.00 2376.00 2374.00 2375.00 20680.00
20160418  11:06:00 2375.00 2376.00 2374.00 2374.00 24252.00
20160418  11:07:00 2374.00 2376.00 2374.00 2375.00 14504.00
20160418  11:08:00 2376.00 2378.00 2375.00 2378.00 20994.00
20160418  11:09:00 2378.00 2381.00 2377.00 2380.00 59404.00
20160418  11:10:00 2380.00 2381.00 2378.00 2378.00 25064.00
20160418  11:11:00 2378.00 2378.00 2377.00 2377.00 14210.00
20160418  11:12:00 2377.00 2381.00 2377.00 2378.00 37508.00
20160418  11:13:00 2378.00 2381.00 2378.00 2378.00 30202.00
20160418  11:14:00 2378.00 2379.00 2376.00 2378.00 28244.00
20160418  11:15:00 2377.00 2378.00 2374.00 2375.00 21752.00
20160418  11:16:00 2374.00 2377.00 2374.00 2377.00 15054.00
20160418  11:17:00 2376.00 2378.00 2375.00 2376.00 17262.00
20160418  11:18:00 2376.00 2376.00 2374.00 2374.00 11392.00
20160418  11:19:00 2374.00 2377.00 2374.00 2376.00 8246.00
20160418  11:20:00 2376.00 2379.00 2376.00 2377.00 13914.00
20160418  11:21:00 2378.00 2378.00 2370.00 2372.00 49418.00
20160418  11:22:00 2373.00 2373.00 2371.00 2373.00 21000.00
20160418  11:23:00 2372.00 2374.00 2371.00 2372.00 10900.00
20160418  11:24:00 2372.00 2374.00 2371.00 2374.00 8034.00
20160418  11:25:00 2374.00 2375.00 2373.00 2375.00 8866.00
20160418  11:26:00 2375.00 2377.00 2374.00 2377.00 27656.00
20160418  11:27:00 2377.00 2378.00 2376.00 2377.00 22126.00
20160418  11:28:00 2378.00 2379.00 2376.00 2379.00 14792.00
20160418  11:29:00 2379.00 2381.00 2378.00 2381.00 33242.00
20160418  13:30:00 2381.00 2389.00 2381.00 2388.00 119104.00
20160418  13:31:00 2389.00 2391.00 2387.00 2390.00 71884.00
20160418  13:32:00 2390.00 2390.00 2387.00 2389.00 36788.00
20160418  13:33:00 2388.00 2389.00 2387.00 2388.00 36702.00
20160418  13:34:00 2388.00 2389.00 2386.00 2388.00 32352.00
20160418  13:35:00 2387.00 2391.00 2387.00 2391.00 31032.00
20160418  13:36:00 2390.00 2393.00 2390.00 2392.00 53164.00
20160418  13:37:00 2392.00 2394.00 2391.00 2394.00 44782.00
20160418  13:38:00 2394.00 2396.00 2392.00 2395.00 71824.00
20160418  13:39:00 2395.00 2397.00 2395.00 2397.00 49726.00
20160418  13:40:00 2397.00 2401.00 2397.00 2398.00 89168.00
20160418  13:41:00 2398.00 2398.00 2394.00 2396.00 53764.00
20160418  13:42:00 2395.00 2396.00 2394.00 2395.00 22488.00
20160418  13:43:00 2395.00 2396.00 2394.00 2396.00 18438.00
20160418  13:44:00 2395.00 2397.00 2395.00 2395.00 34828.00
20160418  13:45:00 2395.00 2397.00 2394.00 2396.00 31400.00
20160418  13:46:00 2396.00 2397.00 2394.00 2396.00 23848.00
20160418  13:47:00 2395.00 2396.00 2392.00 2393.00 28468.00
20160418  13:48:00 2392.00 2395.00 2392.00 2394.00 35708.00
20160418  13:49:00 2393.00 2396.00 2393.00 2395.00 32072.00
20160418  13:50:00 2395.00 2399.00 2395.00 2398.00 43280.00
20160418  13:51:00 2398.00 2399.00 2398.00 2399.00 42744.00
20160418  13:52:00 2400.00 2401.00 2395.00 2395.00 54200.00
20160418  13:53:00 2396.00 2398.00 2395.00 2396.00 19926.00
20160418  13:54:00 2396.00 2396.00 2393.00 2393.00 23922.00
20160418  13:55:00 2393.00 2396.00 2393.00 2395.00 35718.00
20160418  13:56:00 2396.00 2396.00 2392.00 2393.00 23474.00
20160418  13:57:00 2393.00 2395.00 2393.00 2395.00 14398.00
20160418  13:58:00 2394.00 2395.00 2393.00 2393.00 8624.00
20160418  13:59:00 2394.00 2396.00 2393.00 2395.00 16298.00
20160418  14:00:00 2396.00 2397.00 2394.00 2394.00 24268.00
20160418  14:01:00 2394.00 2396.00 2393.00 2394.00 19950.00
20160418  14:02:00 2394.00 2398.00 2394.00 2398.00 23468.00
20160418  14:03:00 2398.00 2399.00 2396.00 2399.00 18156.00
20160418  14:04:00 2398.00 2399.00 2396.00 2398.00 15690.00
20160418  14:05:00 2397.00 2398.00 2394.00 2396.00 19772.00
20160418  14:06:00 2397.00 2397.00 2395.00 2395.00 13546.00
20160418  14:07:00 2395.00 2397.00 2395.00 2397.00 10290.00
20160418  14:08:00 2397.00 2398.00 2395.00 2396.00 12372.00
20160418  14:09:00 2396.00 2397.00 2395.00 2397.00 10186.00
20160418  14:10:00 2396.00 2398.00 2396.00 2396.00 6760.00
20160418  14:11:00 2396.00 2397.00 2395.00 2396.00 9638.00
20160418  14:12:00 2397.00 2398.00 2396.00 2396.00 9514.00
20160418  14:13:00 2397.00 2397.00 2395.00 2395.00 5648.00
20160418  14:14:00 2396.00 2398.00 2395.00 2398.00 7476.00
20160418  14:15:00 2398.00 2400.00 2397.00 2399.00 51582.00
20160418  14:16:00 2398.00 2401.00 2397.00 2400.00 54834.00
20160418  14:17:00 2400.00 2400.00 2394.00 2395.00 37480.00
20160418  14:18:00 2394.00 2395.00 2393.00 2394.00 36080.00
20160418  14:19:00 2394.00 2397.00 2394.00 2395.00 23434.00
20160418  14:20:00 2394.00 2395.00 2393.00 2394.00 18696.00
20160418  14:21:00 2394.00 2395.00 2394.00 2395.00 12806.00
20160418  14:22:00 2394.00 2396.00 2393.00 2393.00 17630.00
20160418  14:23:00 2393.00 2396.00 2393.00 2395.00 11986.00
20160418  14:24:00 2396.00 2398.00 2395.00 2398.00 23878.00
20160418  14:25:00 2398.00 2399.00 2396.00 2397.00 41266.00
20160418  14:26:00 2396.00 2397.00 2394.00 2397.00 26232.00
20160418  14:27:00 2397.00 2398.00 2397.00 2398.00 14868.00
20160418  14:28:00 2398.00 2401.00 2396.00 2400.00 39424.00
20160418  14:29:00 2400.00 2401.00 2397.00 2399.00 26694.00
20160418  14:30:00 2399.00 2402.00 2398.00 2402.00 33014.00
20160418  14:31:00 2402.00 2403.00 2400.00 2400.00 43502.00
20160418  14:32:00 2401.00 2402.00 2400.00 2401.00 30604.00
20160418  14:33:00 2401.00 2402.00 2398.00 2398.00 37566.00
20160418  14:34:00 2399.00 2400.00 2396.00 2396.00 36930.00
20160418  14:35:00 2397.00 2400.00 2396.00 2399.00 23846.00
20160418  14:36:00 2399.00 2400.00 2398.00 2398.00 19354.00
20160418  14:37:00 2398.00 2404.00 2398.00 2402.00 56414.00
20160418  14:38:00 2402.00 2405.00 2401.00 2402.00 42142.00
20160418  14:39:00 2402.00 2404.00 2402.00 2402.00 19388.00
20160418  14:40:00 2402.00 2405.00 2402.00 2404.00 21040.00
20160418  14:41:00 2404.00 2407.00 2404.00 2405.00 36648.00
20160418  14:42:00 2404.00 2405.00 2403.00 2404.00 14760.00
20160418  14:43:00 2403.00 2406.00 2403.00 2405.00 18596.00
20160418  14:44:00 2405.00 2406.00 2404.00 2405.00 16230.00
20160418  14:45:00 2405.00 2407.00 2404.00 2406.00 26620.00
20160418  14:46:00 2406.00 2412.00 2405.00 2412.00 80246.00
20160418  14:47:00 2412.00 2413.00 2408.00 2411.00 58934.00
20160418  14:48:00 2411.00 2417.00 2409.00 2416.00 70118.00
20160418  14:49:00 2415.00 2416.00 2413.00 2415.00 50030.00
20160418  14:50:00 2415.00 2415.00 2410.00 2412.00 60302.00
20160418  14:51:00 2411.00 2412.00 2398.00 2398.00 108330.00
20160418  14:52:00 2397.00 2402.00 2396.00 2402.00 82284.00
20160418  14:53:00 2401.00 2402.00 2396.00 2396.00 75772.00
20160418  14:54:00 2396.00 2396.00 2389.00 2390.00 116582.00
20160418  14:55:00 2390.00 2393.00 2386.00 2386.00 92920.00
20160418  14:56:00 2386.00 2391.00 2385.00 2391.00 58748.00
20160418  14:57:00 2391.00 2391.00 2388.00 2389.00 40498.00
20160418  14:58:00 2389.00 2393.00 2389.00 2391.00 54482.00
20160418  14:59:00 2392.00 2394.00 2391.00 2392.00 65416.00
20160418  15:00:00 2391.00 2391.00 2391.00 2391.00 906.00
