20160122  21:00:00 1828.00 1828.00 1826.00 1828.00 58988.00
20160122  21:01:00 1827.00 1828.00 1825.00 1827.00 27378.00
20160122  21:02:00 1826.00 1829.00 1826.00 1829.00 34908.00
20160122  21:03:00 1828.00 1830.00 1828.00 1830.00 22574.00
20160122  21:04:00 1829.00 1830.00 1826.00 1827.00 30946.00
20160122  21:05:00 1827.00 1828.00 1827.00 1828.00 6920.00
20160122  21:06:00 1827.00 1829.00 1827.00 1828.00 8714.00
20160122  21:07:00 1828.00 1829.00 1827.00 1828.00 6838.00
20160122  21:08:00 1828.00 1828.00 1827.00 1827.00 2816.00
20160122  21:09:00 1827.00 1828.00 1826.00 1826.00 15094.00
20160122  21:10:00 1826.00 1827.00 1826.00 1826.00 22820.00
20160122  21:11:00 1826.00 1827.00 1826.00 1826.00 4418.00
20160122  21:12:00 1827.00 1828.00 1826.00 1826.00 11854.00
20160122  21:13:00 1826.00 1827.00 1825.00 1825.00 11002.00
20160122  21:14:00 1825.00 1826.00 1824.00 1824.00 23514.00
20160122  21:15:00 1825.00 1825.00 1824.00 1825.00 7230.00
20160122  21:16:00 1824.00 1826.00 1823.00 1825.00 25854.00
20160122  21:17:00 1826.00 1826.00 1824.00 1825.00 12556.00
20160122  21:18:00 1825.00 1825.00 1823.00 1823.00 8414.00
20160122  21:19:00 1823.00 1825.00 1823.00 1824.00 9594.00
20160122  21:20:00 1824.00 1825.00 1823.00 1825.00 22210.00
20160122  21:21:00 1825.00 1825.00 1824.00 1825.00 3002.00
20160122  21:22:00 1825.00 1826.00 1824.00 1825.00 26724.00
20160122  21:23:00 1826.00 1826.00 1825.00 1826.00 6170.00
20160122  21:24:00 1826.00 1826.00 1825.00 1825.00 1178.00
20160122  21:25:00 1825.00 1826.00 1825.00 1826.00 1550.00
20160122  21:26:00 1826.00 1826.00 1825.00 1826.00 3498.00
20160122  21:27:00 1826.00 1826.00 1825.00 1826.00 768.00
20160122  21:28:00 1826.00 1826.00 1825.00 1825.00 1750.00
20160122  21:29:00 1825.00 1826.00 1825.00 1825.00 874.00
20160122  21:30:00 1826.00 1826.00 1825.00 1825.00 12772.00
20160122  21:31:00 1825.00 1826.00 1825.00 1825.00 1274.00
20160122  21:32:00 1825.00 1828.00 1825.00 1828.00 27788.00
20160122  21:33:00 1828.00 1828.00 1827.00 1828.00 10544.00
20160122  21:34:00 1828.00 1828.00 1827.00 1828.00 2720.00
20160122  21:35:00 1828.00 1828.00 1827.00 1827.00 1532.00
20160122  21:36:00 1828.00 1828.00 1827.00 1828.00 2130.00
20160122  21:37:00 1828.00 1828.00 1827.00 1827.00 14898.00
20160122  21:38:00 1827.00 1828.00 1826.00 1826.00 14374.00
20160122  21:39:00 1826.00 1827.00 1826.00 1826.00 12488.00
20160122  21:40:00 1826.00 1827.00 1826.00 1826.00 1934.00
20160122  21:41:00 1826.00 1827.00 1826.00 1827.00 2004.00
20160122  21:42:00 1826.00 1827.00 1825.00 1825.00 13326.00
20160122  21:43:00 1824.00 1825.00 1823.00 1824.00 28724.00
20160122  21:44:00 1824.00 1824.00 1823.00 1824.00 2562.00
20160122  21:45:00 1824.00 1825.00 1823.00 1824.00 16638.00
20160122  21:46:00 1824.00 1825.00 1823.00 1825.00 6538.00
20160122  21:47:00 1825.00 1825.00 1824.00 1824.00 376.00
20160122  21:48:00 1825.00 1825.00 1823.00 1824.00 20552.00
20160122  21:49:00 1824.00 1824.00 1823.00 1824.00 35858.00
20160122  21:50:00 1824.00 1825.00 1824.00 1825.00 1782.00
20160122  21:51:00 1824.00 1825.00 1824.00 1825.00 738.00
20160122  21:52:00 1825.00 1826.00 1824.00 1826.00 6662.00
20160122  21:53:00 1826.00 1826.00 1825.00 1825.00 1054.00
20160122  21:54:00 1826.00 1826.00 1824.00 1825.00 12126.00
20160122  21:55:00 1825.00 1826.00 1825.00 1825.00 322.00
20160122  21:56:00 1825.00 1827.00 1825.00 1826.00 8656.00
20160122  21:57:00 1826.00 1827.00 1825.00 1826.00 13298.00
20160122  21:58:00 1826.00 1826.00 1825.00 1825.00 5376.00
20160122  21:59:00 1825.00 1826.00 1824.00 1825.00 13352.00
20160122  22:00:00 1825.00 1826.00 1824.00 1824.00 13992.00
20160122  22:01:00 1825.00 1826.00 1824.00 1825.00 4178.00
20160122  22:02:00 1825.00 1826.00 1825.00 1825.00 17546.00
20160122  22:03:00 1825.00 1826.00 1825.00 1825.00 824.00
20160122  22:04:00 1825.00 1826.00 1825.00 1825.00 258.00
20160122  22:05:00 1825.00 1826.00 1825.00 1826.00 1036.00
20160122  22:06:00 1826.00 1826.00 1825.00 1826.00 1792.00
20160122  22:07:00 1826.00 1826.00 1825.00 1825.00 16110.00
20160122  22:08:00 1825.00 1827.00 1825.00 1826.00 6322.00
20160122  22:09:00 1826.00 1827.00 1826.00 1827.00 1950.00
20160122  22:10:00 1827.00 1827.00 1826.00 1827.00 826.00
20160122  22:11:00 1826.00 1827.00 1826.00 1827.00 526.00
20160122  22:12:00 1827.00 1827.00 1826.00 1827.00 982.00
20160122  22:13:00 1827.00 1829.00 1826.00 1829.00 21818.00
20160122  22:14:00 1829.00 1833.00 1828.00 1831.00 90696.00
20160122  22:15:00 1831.00 1832.00 1830.00 1832.00 21862.00
20160122  22:16:00 1832.00 1835.00 1831.00 1835.00 46900.00
20160122  22:17:00 1834.00 1835.00 1832.00 1833.00 22218.00
20160122  22:18:00 1832.00 1834.00 1832.00 1833.00 22742.00
20160122  22:19:00 1832.00 1833.00 1832.00 1832.00 3272.00
20160122  22:20:00 1833.00 1835.00 1832.00 1835.00 31196.00
20160122  22:21:00 1835.00 1835.00 1834.00 1834.00 29226.00
20160122  22:22:00 1834.00 1836.00 1834.00 1835.00 12884.00
20160122  22:23:00 1836.00 1836.00 1834.00 1836.00 19298.00
20160122  22:24:00 1835.00 1838.00 1835.00 1838.00 38914.00
20160122  22:25:00 1837.00 1839.00 1836.00 1837.00 41306.00
20160122  22:26:00 1837.00 1838.00 1836.00 1836.00 22798.00
20160122  22:27:00 1836.00 1838.00 1836.00 1836.00 11932.00
20160122  22:28:00 1837.00 1837.00 1835.00 1836.00 18138.00
20160122  22:29:00 1836.00 1837.00 1836.00 1837.00 3680.00
20160122  22:30:00 1837.00 1837.00 1835.00 1835.00 25168.00
20160122  22:31:00 1836.00 1837.00 1835.00 1835.00 23320.00
20160122  22:32:00 1835.00 1836.00 1835.00 1836.00 2550.00
20160122  22:33:00 1836.00 1836.00 1835.00 1836.00 5262.00
20160122  22:34:00 1836.00 1836.00 1834.00 1834.00 18334.00
20160122  22:35:00 1834.00 1835.00 1834.00 1835.00 6610.00
20160122  22:36:00 1835.00 1835.00 1832.00 1832.00 40478.00
20160122  22:37:00 1832.00 1834.00 1832.00 1834.00 18494.00
20160122  22:38:00 1833.00 1834.00 1833.00 1834.00 3778.00
20160122  22:39:00 1833.00 1836.00 1833.00 1835.00 18630.00
20160122  22:40:00 1836.00 1836.00 1835.00 1835.00 15954.00
20160122  22:41:00 1835.00 1836.00 1834.00 1835.00 10546.00
20160122  22:42:00 1835.00 1836.00 1834.00 1835.00 4294.00
20160122  22:43:00 1835.00 1836.00 1835.00 1835.00 3382.00
20160122  22:44:00 1835.00 1837.00 1835.00 1836.00 9936.00
20160122  22:45:00 1837.00 1837.00 1835.00 1835.00 14354.00
20160122  22:46:00 1835.00 1835.00 1834.00 1835.00 3090.00
20160122  22:47:00 1835.00 1835.00 1834.00 1835.00 10042.00
20160122  22:48:00 1835.00 1835.00 1834.00 1834.00 1680.00
20160122  22:49:00 1834.00 1836.00 1834.00 1834.00 10812.00
20160122  22:50:00 1835.00 1836.00 1834.00 1835.00 9434.00
20160122  22:51:00 1835.00 1836.00 1835.00 1836.00 1512.00
20160122  22:52:00 1836.00 1836.00 1835.00 1835.00 7990.00
20160122  22:53:00 1835.00 1836.00 1834.00 1835.00 12824.00
20160122  22:54:00 1835.00 1836.00 1835.00 1836.00 3122.00
20160122  22:55:00 1836.00 1836.00 1834.00 1834.00 7400.00
20160122  22:56:00 1834.00 1836.00 1834.00 1835.00 10444.00
20160122  22:57:00 1836.00 1836.00 1834.00 1835.00 5704.00
20160122  22:58:00 1835.00 1836.00 1834.00 1836.00 2244.00
20160122  22:59:00 1836.00 1836.00 1835.00 1836.00 2744.00
20160122  23:00:00 1836.00 1836.00 1835.00 1835.00 2954.00
20160122  23:01:00 1835.00 1836.00 1835.00 1835.00 2134.00
20160122  23:02:00 1835.00 1836.00 1835.00 1836.00 820.00
20160122  23:03:00 1835.00 1836.00 1835.00 1836.00 958.00
20160122  23:04:00 1836.00 1836.00 1835.00 1835.00 300.00
20160122  23:05:00 1835.00 1836.00 1835.00 1835.00 1364.00
20160122  23:06:00 1835.00 1836.00 1834.00 1835.00 8572.00
20160122  23:07:00 1835.00 1836.00 1834.00 1835.00 3986.00
20160122  23:08:00 1835.00 1835.00 1834.00 1834.00 3390.00
20160122  23:09:00 1834.00 1834.00 1833.00 1833.00 6612.00
20160122  23:10:00 1833.00 1834.00 1832.00 1832.00 13208.00
20160122  23:11:00 1832.00 1834.00 1832.00 1833.00 24378.00
20160122  23:12:00 1834.00 1834.00 1833.00 1834.00 592.00
20160122  23:13:00 1834.00 1834.00 1833.00 1834.00 14318.00
20160122  23:14:00 1834.00 1835.00 1833.00 1835.00 3458.00
20160122  23:15:00 1835.00 1835.00 1834.00 1834.00 3094.00
20160122  23:16:00 1834.00 1835.00 1834.00 1834.00 402.00
20160122  23:17:00 1834.00 1835.00 1834.00 1835.00 232.00
20160122  23:18:00 1835.00 1835.00 1834.00 1834.00 396.00
20160122  23:19:00 1835.00 1836.00 1834.00 1835.00 21364.00
20160122  23:20:00 1835.00 1836.00 1835.00 1835.00 3458.00
20160122  23:21:00 1835.00 1837.00 1835.00 1837.00 14850.00
20160122  23:22:00 1837.00 1837.00 1836.00 1836.00 6358.00
20160122  23:23:00 1837.00 1837.00 1836.00 1836.00 7892.00
20160122  23:24:00 1836.00 1837.00 1835.00 1836.00 9792.00
20160122  23:25:00 1836.00 1836.00 1835.00 1836.00 1618.00
20160122  23:26:00 1836.00 1836.00 1835.00 1835.00 2156.00
20160122  23:27:00 1835.00 1836.00 1835.00 1835.00 2172.00
20160122  23:28:00 1835.00 1836.00 1835.00 1835.00 1444.00
20160122  23:29:00 1836.00 1838.00 1836.00 1838.00 25780.00
20160122  23:30:00 1838.00 1838.00 1836.00 1837.00 8820.00
20160122  23:31:00 1836.00 1837.00 1836.00 1836.00 4096.00
20160122  23:32:00 1836.00 1838.00 1836.00 1836.00 10832.00
20160122  23:33:00 1837.00 1837.00 1836.00 1837.00 2450.00
20160122  23:34:00 1836.00 1839.00 1836.00 1839.00 29670.00
20160122  23:35:00 1838.00 1840.00 1836.00 1836.00 37132.00
20160122  23:36:00 1837.00 1838.00 1836.00 1837.00 7178.00
20160122  23:37:00 1837.00 1838.00 1836.00 1837.00 12524.00
20160122  23:38:00 1837.00 1838.00 1836.00 1836.00 19212.00
20160122  23:39:00 1837.00 1837.00 1836.00 1836.00 1804.00
20160122  23:40:00 1836.00 1837.00 1836.00 1836.00 2984.00
20160122  23:41:00 1836.00 1837.00 1835.00 1836.00 10286.00
20160122  23:42:00 1835.00 1837.00 1835.00 1837.00 10714.00
20160122  23:43:00 1837.00 1837.00 1836.00 1836.00 2782.00
20160122  23:44:00 1836.00 1838.00 1836.00 1837.00 16048.00
20160122  23:45:00 1837.00 1838.00 1836.00 1837.00 6524.00
20160122  23:46:00 1837.00 1837.00 1836.00 1837.00 814.00
20160122  23:47:00 1837.00 1837.00 1836.00 1836.00 2180.00
20160122  23:48:00 1836.00 1837.00 1836.00 1837.00 578.00
20160122  23:49:00 1837.00 1837.00 1836.00 1837.00 3520.00
20160122  23:50:00 1837.00 1838.00 1836.00 1837.00 13046.00
20160122  23:51:00 1837.00 1838.00 1837.00 1837.00 1406.00
20160122  23:52:00 1837.00 1838.00 1835.00 1835.00 10178.00
20160122  23:53:00 1836.00 1837.00 1835.00 1836.00 8332.00
20160122  23:54:00 1835.00 1836.00 1835.00 1836.00 622.00
20160122  23:55:00 1836.00 1836.00 1835.00 1835.00 1040.00
20160122  23:56:00 1835.00 1836.00 1835.00 1836.00 606.00
20160122  23:57:00 1836.00 1836.00 1835.00 1835.00 1570.00
20160122  23:58:00 1835.00 1835.00 1834.00 1834.00 14544.00
20160122  23:59:00 1835.00 1835.00 1834.00 1835.00 4240.00
20160123  00:00:00 1834.00 1836.00 1834.00 1835.00 6542.00
20160123  00:01:00 1836.00 1836.00 1835.00 1835.00 662.00
20160123  00:02:00 1835.00 1836.00 1835.00 1835.00 732.00
20160123  00:03:00 1835.00 1836.00 1835.00 1835.00 412.00
20160123  00:04:00 1835.00 1836.00 1835.00 1835.00 206.00
20160123  00:05:00 1835.00 1836.00 1835.00 1836.00 206.00
20160123  00:06:00 1836.00 1836.00 1835.00 1836.00 2096.00
20160123  00:07:00 1836.00 1837.00 1835.00 1837.00 5102.00
20160123  00:08:00 1837.00 1837.00 1836.00 1836.00 2842.00
20160123  00:09:00 1836.00 1836.00 1835.00 1836.00 268.00
20160123  00:10:00 1835.00 1836.00 1835.00 1835.00 1890.00
20160123  00:11:00 1835.00 1836.00 1834.00 1834.00 9286.00
20160123  00:12:00 1835.00 1836.00 1834.00 1834.00 5366.00
20160123  00:13:00 1834.00 1836.00 1834.00 1835.00 2194.00
20160123  00:14:00 1835.00 1836.00 1834.00 1836.00 3502.00
20160123  00:15:00 1835.00 1836.00 1834.00 1834.00 5144.00
20160123  00:16:00 1834.00 1836.00 1834.00 1835.00 2424.00
20160123  00:17:00 1835.00 1836.00 1834.00 1835.00 3090.00
20160123  00:18:00 1835.00 1835.00 1833.00 1834.00 15014.00
20160123  00:19:00 1834.00 1834.00 1833.00 1834.00 3276.00
20160123  00:20:00 1834.00 1835.00 1833.00 1834.00 3392.00
20160123  00:21:00 1834.00 1834.00 1833.00 1833.00 720.00
20160123  00:22:00 1833.00 1834.00 1833.00 1833.00 1160.00
20160123  00:23:00 1834.00 1834.00 1833.00 1834.00 7946.00
20160123  00:24:00 1834.00 1834.00 1833.00 1834.00 4208.00
20160123  00:25:00 1834.00 1835.00 1834.00 1835.00 2478.00
20160123  00:26:00 1835.00 1835.00 1834.00 1835.00  70.00
20160123  00:27:00 1835.00 1835.00 1834.00 1835.00 110.00
20160123  00:28:00 1835.00 1835.00 1834.00 1835.00 348.00
20160123  00:29:00 1835.00 1835.00 1834.00 1835.00 216.00
20160123  00:30:00 1835.00 1835.00 1834.00 1835.00 1340.00
20160123  00:31:00 1835.00 1835.00 1834.00 1834.00 210.00
20160123  00:32:00 1834.00 1835.00 1834.00 1834.00 828.00
20160123  00:33:00 1834.00 1835.00 1834.00 1834.00 202.00
20160123  00:34:00 1834.00 1835.00 1834.00 1835.00 1376.00
20160123  00:35:00 1835.00 1835.00 1834.00 1835.00 1504.00
20160123  00:36:00 1835.00 1835.00 1833.00 1833.00 6716.00
20160123  00:37:00 1833.00 1834.00 1833.00 1834.00 436.00
20160123  00:38:00 1834.00 1834.00 1833.00 1833.00 438.00
20160123  00:39:00 1833.00 1834.00 1833.00 1834.00 1782.00
20160123  00:40:00 1834.00 1834.00 1833.00 1833.00 2730.00
20160123  00:41:00 1833.00 1834.00 1832.00 1833.00 6760.00
20160123  00:42:00 1833.00 1833.00 1832.00 1832.00 2444.00
20160123  00:43:00 1832.00 1834.00 1832.00 1833.00 3654.00
20160123  00:44:00 1833.00 1834.00 1833.00 1833.00 378.00
20160123  00:45:00 1833.00 1834.00 1833.00 1833.00 1946.00
20160123  00:46:00 1833.00 1834.00 1833.00 1833.00 696.00
20160123  00:47:00 1833.00 1834.00 1833.00 1833.00 300.00
20160123  00:48:00 1833.00 1834.00 1833.00 1833.00 278.00
20160123  00:49:00 1834.00 1834.00 1833.00 1833.00 428.00
20160123  00:50:00 1833.00 1834.00 1832.00 1832.00 4060.00
20160123  00:51:00 1833.00 1833.00 1832.00 1833.00 780.00
20160123  00:52:00 1833.00 1833.00 1832.00 1832.00 272.00
20160123  00:53:00 1833.00 1833.00 1832.00 1833.00 414.00
20160123  00:54:00 1832.00 1833.00 1832.00 1833.00 224.00
20160123  00:55:00 1832.00 1834.00 1832.00 1833.00 8138.00
20160123  00:56:00 1833.00 1833.00 1832.00 1833.00 1326.00
20160123  00:57:00 1833.00 1833.00 1832.00 1833.00 1548.00
20160123  00:58:00 1832.00 1833.00 1832.00 1833.00 2926.00
20160123  00:59:00 1832.00 1833.00 1830.00 1830.00 20262.00
20160123  01:00:00 1831.00 1831.00 1831.00 1831.00  14.00
20160125  09:02:00 1838.00 1838.00 1836.00 1837.00 165778.00
20160125  09:03:00 1837.00 1840.00 1837.00 1838.00 46352.00
20160125  09:04:00 1839.00 1845.00 1838.00 1844.00 92424.00
20160125  09:05:00 1844.00 1844.00 1841.00 1841.00 34462.00
20160125  09:06:00 1841.00 1843.00 1841.00 1842.00 17026.00
20160125  09:07:00 1842.00 1843.00 1841.00 1841.00 15694.00
20160125  09:08:00 1841.00 1842.00 1840.00 1842.00 28338.00
20160125  09:09:00 1841.00 1842.00 1840.00 1841.00 28634.00
20160125  09:10:00 1841.00 1841.00 1839.00 1839.00 49414.00
20160125  09:11:00 1839.00 1840.00 1838.00 1838.00 32980.00
20160125  09:12:00 1838.00 1839.00 1837.00 1837.00 25774.00
20160125  09:13:00 1837.00 1839.00 1837.00 1837.00 38956.00
20160125  09:14:00 1837.00 1838.00 1836.00 1837.00 27666.00
20160125  09:15:00 1838.00 1838.00 1836.00 1838.00 12842.00
20160125  09:16:00 1838.00 1838.00 1837.00 1837.00 11220.00
20160125  09:17:00 1837.00 1838.00 1836.00 1836.00 11728.00
20160125  09:18:00 1836.00 1837.00 1836.00 1837.00 9724.00
20160125  09:19:00 1837.00 1838.00 1836.00 1838.00 12392.00
20160125  09:20:00 1838.00 1839.00 1837.00 1838.00 10770.00
20160125  09:21:00 1839.00 1840.00 1838.00 1839.00 26050.00
20160125  09:22:00 1840.00 1842.00 1838.00 1842.00 32880.00
20160125  09:23:00 1842.00 1842.00 1840.00 1840.00 12844.00
20160125  09:24:00 1840.00 1843.00 1840.00 1842.00 42978.00
20160125  09:25:00 1842.00 1843.00 1840.00 1842.00 45168.00
20160125  09:26:00 1842.00 1845.00 1842.00 1844.00 66342.00
20160125  09:27:00 1844.00 1846.00 1844.00 1845.00 41890.00
20160125  09:28:00 1844.00 1845.00 1843.00 1843.00 48838.00
20160125  09:29:00 1844.00 1844.00 1842.00 1844.00 21054.00
20160125  09:30:00 1843.00 1845.00 1842.00 1843.00 45776.00
20160125  09:31:00 1843.00 1847.00 1843.00 1846.00 57436.00
20160125  09:32:00 1847.00 1847.00 1844.00 1845.00 40074.00
20160125  09:33:00 1845.00 1847.00 1844.00 1847.00 31792.00
20160125  09:34:00 1846.00 1847.00 1845.00 1845.00 23144.00
20160125  09:35:00 1845.00 1846.00 1844.00 1844.00 38708.00
20160125  09:36:00 1844.00 1845.00 1843.00 1843.00 29290.00
20160125  09:37:00 1843.00 1845.00 1843.00 1844.00 27610.00
20160125  09:38:00 1844.00 1846.00 1844.00 1845.00 36468.00
20160125  09:39:00 1845.00 1846.00 1845.00 1846.00 6028.00
20160125  09:40:00 1845.00 1846.00 1844.00 1844.00 19590.00
20160125  09:41:00 1845.00 1846.00 1844.00 1845.00 17204.00
20160125  09:42:00 1845.00 1845.00 1844.00 1844.00 9112.00
20160125  09:43:00 1844.00 1846.00 1844.00 1845.00 14918.00
20160125  09:44:00 1846.00 1846.00 1845.00 1845.00 21016.00
20160125  09:45:00 1845.00 1846.00 1845.00 1845.00 4844.00
20160125  09:46:00 1846.00 1846.00 1844.00 1844.00 3904.00
20160125  09:47:00 1844.00 1848.00 1844.00 1847.00 53836.00
20160125  09:48:00 1848.00 1848.00 1847.00 1847.00 23488.00
20160125  09:49:00 1847.00 1849.00 1847.00 1849.00 60972.00
20160125  09:50:00 1849.00 1850.00 1848.00 1849.00 40616.00
20160125  09:51:00 1849.00 1849.00 1848.00 1848.00 44662.00
20160125  09:52:00 1848.00 1849.00 1847.00 1848.00 22524.00
20160125  09:53:00 1849.00 1849.00 1847.00 1847.00 24816.00
20160125  09:54:00 1848.00 1848.00 1846.00 1847.00 14824.00
20160125  09:55:00 1846.00 1847.00 1846.00 1846.00 11220.00
20160125  09:56:00 1846.00 1847.00 1844.00 1844.00 18668.00
20160125  09:57:00 1844.00 1846.00 1844.00 1846.00 22980.00
20160125  09:58:00 1845.00 1846.00 1845.00 1846.00 7514.00
20160125  09:59:00 1846.00 1846.00 1845.00 1845.00 1722.00
20160125  10:00:00 1846.00 1846.00 1845.00 1845.00 6458.00
20160125  10:01:00 1846.00 1846.00 1845.00 1845.00 3010.00
20160125  10:02:00 1846.00 1847.00 1845.00 1847.00 12776.00
20160125  10:03:00 1847.00 1847.00 1845.00 1846.00 21756.00
20160125  10:04:00 1846.00 1846.00 1845.00 1846.00 27426.00
20160125  10:05:00 1846.00 1847.00 1844.00 1845.00 27292.00
20160125  10:06:00 1845.00 1845.00 1844.00 1844.00 10124.00
20160125  10:07:00 1844.00 1844.00 1842.00 1842.00 43262.00
20160125  10:08:00 1842.00 1845.00 1842.00 1844.00 32718.00
20160125  10:09:00 1844.00 1845.00 1843.00 1844.00 15414.00
20160125  10:10:00 1844.00 1846.00 1844.00 1845.00 10064.00
20160125  10:11:00 1845.00 1850.00 1845.00 1849.00 51308.00
20160125  10:12:00 1848.00 1849.00 1847.00 1848.00 15616.00
20160125  10:13:00 1848.00 1849.00 1847.00 1848.00 34856.00
20160125  10:14:00 1849.00 1849.00 1846.00 1846.00 32852.00
20160125  10:30:00 1846.00 1847.00 1845.00 1845.00 11074.00
20160125  10:31:00 1845.00 1846.00 1844.00 1844.00 23946.00
20160125  10:32:00 1844.00 1846.00 1844.00 1845.00 14428.00
20160125  10:33:00 1845.00 1846.00 1845.00 1845.00 1514.00
20160125  10:34:00 1845.00 1846.00 1844.00 1845.00 14968.00
20160125  10:35:00 1845.00 1846.00 1844.00 1844.00 9562.00
20160125  10:36:00 1844.00 1845.00 1844.00 1844.00 6152.00
20160125  10:37:00 1844.00 1845.00 1844.00 1845.00 9116.00
20160125  10:38:00 1845.00 1846.00 1845.00 1846.00 1236.00
20160125  10:39:00 1846.00 1846.00 1845.00 1845.00 3088.00
20160125  10:40:00 1845.00 1846.00 1845.00 1845.00 3736.00
20160125  10:41:00 1845.00 1847.00 1845.00 1846.00 16178.00
20160125  10:42:00 1847.00 1847.00 1845.00 1846.00 14254.00
20160125  10:43:00 1846.00 1847.00 1846.00 1846.00 7626.00
20160125  10:44:00 1847.00 1848.00 1846.00 1848.00 14942.00
20160125  10:45:00 1848.00 1848.00 1847.00 1848.00 9664.00
20160125  10:46:00 1847.00 1850.00 1847.00 1849.00 52914.00
20160125  10:47:00 1849.00 1850.00 1848.00 1850.00 46320.00
20160125  10:48:00 1850.00 1850.00 1848.00 1850.00 42340.00
20160125  10:49:00 1850.00 1850.00 1849.00 1849.00 19440.00
20160125  10:50:00 1850.00 1851.00 1849.00 1849.00 55554.00
20160125  10:51:00 1850.00 1850.00 1848.00 1849.00 15696.00
20160125  10:52:00 1848.00 1849.00 1844.00 1844.00 77000.00
20160125  10:53:00 1845.00 1847.00 1844.00 1846.00 43148.00
20160125  10:54:00 1846.00 1846.00 1845.00 1845.00 9450.00
20160125  10:55:00 1845.00 1846.00 1844.00 1845.00 33018.00
20160125  10:56:00 1845.00 1845.00 1844.00 1844.00 5490.00
20160125  10:57:00 1844.00 1845.00 1844.00 1844.00 11030.00
20160125  10:58:00 1845.00 1845.00 1844.00 1845.00 18744.00
20160125  10:59:00 1845.00 1846.00 1844.00 1845.00 7442.00
20160125  11:00:00 1845.00 1847.00 1844.00 1847.00 35816.00
20160125  11:01:00 1847.00 1847.00 1845.00 1847.00 12610.00
20160125  11:02:00 1847.00 1849.00 1846.00 1848.00 25360.00
20160125  11:03:00 1848.00 1849.00 1847.00 1847.00 29618.00
20160125  11:04:00 1847.00 1848.00 1847.00 1848.00 14570.00
20160125  11:05:00 1848.00 1849.00 1848.00 1848.00 9038.00
20160125  11:06:00 1849.00 1849.00 1848.00 1848.00 10226.00
20160125  11:07:00 1848.00 1852.00 1848.00 1851.00 45532.00
20160125  11:08:00 1851.00 1853.00 1850.00 1852.00 73634.00
20160125  11:09:00 1852.00 1854.00 1851.00 1852.00 81416.00
20160125  11:10:00 1852.00 1854.00 1851.00 1852.00 78218.00
20160125  11:11:00 1852.00 1853.00 1850.00 1851.00 26204.00
20160125  11:12:00 1852.00 1852.00 1850.00 1852.00 42496.00
20160125  11:13:00 1852.00 1853.00 1851.00 1852.00 23258.00
20160125  11:14:00 1852.00 1852.00 1851.00 1852.00 6972.00
20160125  11:15:00 1851.00 1854.00 1851.00 1854.00 24994.00
20160125  11:16:00 1854.00 1854.00 1853.00 1853.00 21346.00
20160125  11:17:00 1854.00 1854.00 1851.00 1851.00 28530.00
20160125  11:18:00 1851.00 1852.00 1850.00 1851.00 28792.00
20160125  11:19:00 1852.00 1852.00 1851.00 1852.00 12894.00
20160125  11:20:00 1852.00 1852.00 1850.00 1852.00 35946.00
20160125  11:21:00 1851.00 1852.00 1850.00 1851.00 25208.00
20160125  11:22:00 1851.00 1852.00 1851.00 1851.00 6150.00
20160125  11:23:00 1851.00 1853.00 1851.00 1853.00 17092.00
20160125  11:24:00 1852.00 1853.00 1852.00 1852.00 11970.00
20160125  11:25:00 1852.00 1855.00 1852.00 1854.00 73922.00
20160125  11:26:00 1853.00 1854.00 1852.00 1853.00 20328.00
20160125  11:27:00 1853.00 1855.00 1853.00 1853.00 14384.00
20160125  11:28:00 1853.00 1855.00 1853.00 1854.00 16090.00
20160125  11:29:00 1853.00 1855.00 1852.00 1852.00 36380.00
20160125  13:30:00 1852.00 1852.00 1849.00 1850.00 45156.00
20160125  13:31:00 1849.00 1850.00 1848.00 1849.00 36416.00
20160125  13:32:00 1849.00 1851.00 1849.00 1849.00 24054.00
20160125  13:33:00 1849.00 1849.00 1848.00 1848.00 14918.00
20160125  13:34:00 1849.00 1849.00 1848.00 1849.00 9766.00
20160125  13:35:00 1849.00 1849.00 1847.00 1847.00 11138.00
20160125  13:36:00 1847.00 1848.00 1846.00 1846.00 39108.00
20160125  13:37:00 1846.00 1848.00 1846.00 1847.00 19644.00
20160125  13:38:00 1848.00 1848.00 1847.00 1848.00 4324.00
20160125  13:39:00 1847.00 1848.00 1847.00 1848.00 5552.00
20160125  13:40:00 1847.00 1848.00 1847.00 1848.00 16590.00
20160125  13:41:00 1847.00 1848.00 1847.00 1847.00 2908.00
20160125  13:42:00 1847.00 1848.00 1847.00 1848.00 4772.00
20160125  13:43:00 1848.00 1848.00 1847.00 1847.00 7510.00
20160125  13:44:00 1847.00 1848.00 1847.00 1847.00 7780.00
20160125  13:45:00 1847.00 1848.00 1845.00 1845.00 33720.00
20160125  13:46:00 1846.00 1846.00 1844.00 1845.00 48964.00
20160125  13:47:00 1846.00 1846.00 1845.00 1845.00 18562.00
20160125  13:48:00 1845.00 1846.00 1844.00 1844.00 28508.00
20160125  13:49:00 1844.00 1847.00 1844.00 1847.00 27624.00
20160125  13:50:00 1847.00 1847.00 1845.00 1847.00 21656.00
20160125  13:51:00 1847.00 1847.00 1846.00 1846.00 3322.00
20160125  13:52:00 1846.00 1847.00 1846.00 1846.00 2872.00
20160125  13:53:00 1846.00 1847.00 1845.00 1845.00 15468.00
20160125  13:54:00 1845.00 1845.00 1844.00 1844.00 34354.00
20160125  13:55:00 1844.00 1844.00 1843.00 1843.00 30070.00
20160125  13:56:00 1843.00 1844.00 1843.00 1844.00 13746.00
20160125  13:57:00 1844.00 1845.00 1843.00 1844.00 27472.00
20160125  13:58:00 1844.00 1845.00 1843.00 1844.00 17018.00
20160125  13:59:00 1844.00 1846.00 1844.00 1845.00 12196.00
20160125  14:00:00 1846.00 1846.00 1843.00 1844.00 22146.00
20160125  14:01:00 1844.00 1844.00 1842.00 1843.00 37514.00
20160125  14:02:00 1843.00 1844.00 1842.00 1843.00 65646.00
20160125  14:03:00 1843.00 1844.00 1842.00 1843.00 32556.00
20160125  14:04:00 1843.00 1844.00 1842.00 1842.00 36134.00
20160125  14:05:00 1843.00 1844.00 1842.00 1844.00 30812.00
20160125  14:06:00 1843.00 1844.00 1842.00 1842.00 22080.00
20160125  14:07:00 1842.00 1843.00 1842.00 1842.00 36346.00
20160125  14:08:00 1842.00 1844.00 1842.00 1843.00 17044.00
20160125  14:09:00 1844.00 1845.00 1843.00 1845.00 26894.00
20160125  14:10:00 1845.00 1845.00 1843.00 1844.00 15194.00
20160125  14:11:00 1845.00 1845.00 1843.00 1845.00 18522.00
20160125  14:12:00 1845.00 1845.00 1844.00 1845.00 15108.00
20160125  14:13:00 1845.00 1845.00 1844.00 1844.00 8354.00
20160125  14:14:00 1844.00 1845.00 1844.00 1845.00 954.00
20160125  14:15:00 1845.00 1845.00 1843.00 1843.00 10220.00
20160125  14:16:00 1843.00 1845.00 1843.00 1844.00 13196.00
20160125  14:17:00 1844.00 1845.00 1843.00 1844.00 5350.00
20160125  14:18:00 1844.00 1845.00 1844.00 1844.00 1202.00
20160125  14:19:00 1844.00 1845.00 1843.00 1844.00 5996.00
20160125  14:20:00 1843.00 1844.00 1842.00 1843.00 14420.00
20160125  14:21:00 1842.00 1843.00 1841.00 1842.00 53908.00
20160125  14:22:00 1842.00 1842.00 1841.00 1841.00 15592.00
20160125  14:23:00 1841.00 1842.00 1841.00 1842.00 8820.00
20160125  14:24:00 1841.00 1842.00 1841.00 1842.00 3692.00
20160125  14:25:00 1841.00 1842.00 1840.00 1841.00 29640.00
20160125  14:26:00 1841.00 1842.00 1839.00 1839.00 57316.00
20160125  14:27:00 1839.00 1840.00 1839.00 1840.00 29984.00
20160125  14:28:00 1840.00 1840.00 1838.00 1838.00 35924.00
20160125  14:29:00 1839.00 1840.00 1838.00 1839.00 30882.00
20160125  14:30:00 1839.00 1840.00 1838.00 1840.00 21424.00
20160125  14:31:00 1840.00 1841.00 1839.00 1840.00 36300.00
20160125  14:32:00 1840.00 1840.00 1839.00 1839.00 23928.00
20160125  14:33:00 1840.00 1840.00 1839.00 1840.00 11200.00
20160125  14:34:00 1840.00 1840.00 1839.00 1840.00 10552.00
20160125  14:35:00 1840.00 1841.00 1839.00 1841.00 23102.00
20160125  14:36:00 1841.00 1841.00 1840.00 1840.00 10852.00
20160125  14:37:00 1840.00 1841.00 1840.00 1841.00 12904.00
20160125  14:38:00 1841.00 1841.00 1840.00 1841.00 7618.00
20160125  14:39:00 1841.00 1841.00 1840.00 1840.00 2014.00
20160125  14:40:00 1840.00 1841.00 1839.00 1840.00 28806.00
20160125  14:41:00 1840.00 1840.00 1838.00 1839.00 18396.00
20160125  14:42:00 1839.00 1839.00 1837.00 1837.00 51898.00
20160125  14:43:00 1837.00 1840.00 1837.00 1840.00 20422.00
20160125  14:44:00 1839.00 1840.00 1839.00 1839.00 3324.00
20160125  14:45:00 1839.00 1841.00 1839.00 1840.00 27204.00
20160125  14:46:00 1839.00 1840.00 1839.00 1840.00 1684.00
20160125  14:47:00 1840.00 1840.00 1839.00 1839.00 5808.00
20160125  14:48:00 1839.00 1840.00 1839.00 1840.00 3804.00
20160125  14:49:00 1840.00 1840.00 1839.00 1839.00 10654.00
20160125  14:50:00 1839.00 1840.00 1839.00 1840.00 2660.00
20160125  14:51:00 1840.00 1841.00 1839.00 1840.00 36524.00
20160125  14:52:00 1841.00 1842.00 1840.00 1842.00 42986.00
20160125  14:53:00 1842.00 1843.00 1841.00 1842.00 31826.00
20160125  14:54:00 1842.00 1842.00 1840.00 1840.00 16910.00
20160125  14:55:00 1841.00 1842.00 1841.00 1842.00 21718.00
20160125  14:56:00 1842.00 1842.00 1840.00 1841.00 27166.00
20160125  14:57:00 1841.00 1841.00 1840.00 1841.00 12026.00
20160125  14:58:00 1840.00 1841.00 1840.00 1840.00 29914.00
20160125  14:59:00 1841.00 1841.00 1839.00 1840.00 40806.00
20160125  15:00:00 1840.00 1840.00 1840.00 1840.00  76.00
