20160414  21:00:00 2319.00 2322.00 2315.00 2319.00 97646.00
20160414  21:01:00 2319.00 2322.00 2317.00 2322.00 34320.00
20160414  21:02:00 2324.00 2327.00 2324.00 2326.00 79328.00
20160414  21:03:00 2326.00 2327.00 2323.00 2323.00 43960.00
20160414  21:04:00 2323.00 2324.00 2322.00 2323.00 24530.00
20160414  21:05:00 2324.00 2325.00 2323.00 2325.00 16012.00
20160414  21:06:00 2325.00 2325.00 2323.00 2323.00 16348.00
20160414  21:07:00 2323.00 2325.00 2323.00 2325.00 15838.00
20160414  21:08:00 2325.00 2329.00 2325.00 2329.00 49044.00
20160414  21:09:00 2329.00 2329.00 2326.00 2328.00 47852.00
20160414  21:10:00 2327.00 2331.00 2327.00 2331.00 71338.00
20160414  21:11:00 2332.00 2332.00 2329.00 2330.00 55446.00
20160414  21:12:00 2331.00 2331.00 2328.00 2328.00 26670.00
20160414  21:13:00 2329.00 2330.00 2328.00 2329.00 24276.00
20160414  21:14:00 2330.00 2330.00 2328.00 2329.00 12364.00
20160414  21:15:00 2329.00 2330.00 2327.00 2327.00 29572.00
20160414  21:16:00 2327.00 2329.00 2327.00 2328.00 17440.00
20160414  21:17:00 2328.00 2329.00 2328.00 2328.00 10712.00
20160414  21:18:00 2328.00 2331.00 2328.00 2330.00 35866.00
20160414  21:19:00 2331.00 2331.00 2329.00 2329.00 17422.00
20160414  21:20:00 2329.00 2330.00 2329.00 2330.00 3206.00
20160414  21:21:00 2329.00 2330.00 2328.00 2328.00 19106.00
20160414  21:22:00 2328.00 2330.00 2328.00 2329.00 15966.00
20160414  21:23:00 2328.00 2329.00 2326.00 2326.00 31870.00
20160414  21:24:00 2326.00 2327.00 2325.00 2325.00 28492.00
20160414  21:25:00 2325.00 2326.00 2324.00 2325.00 46824.00
20160414  21:26:00 2325.00 2327.00 2325.00 2327.00 22834.00
20160414  21:27:00 2326.00 2327.00 2326.00 2327.00 17188.00
20160414  21:28:00 2327.00 2327.00 2325.00 2327.00 31166.00
20160414  21:29:00 2326.00 2330.00 2326.00 2329.00 43322.00
20160414  21:30:00 2328.00 2330.00 2328.00 2329.00 24460.00
20160414  21:31:00 2328.00 2330.00 2328.00 2329.00 9830.00
20160414  21:32:00 2329.00 2330.00 2328.00 2329.00 16804.00
20160414  21:33:00 2329.00 2329.00 2327.00 2328.00 8704.00
20160414  21:34:00 2327.00 2329.00 2327.00 2328.00 14996.00
20160414  21:35:00 2328.00 2328.00 2326.00 2327.00 15724.00
20160414  21:36:00 2327.00 2327.00 2325.00 2326.00 22464.00
20160414  21:37:00 2327.00 2327.00 2324.00 2325.00 28860.00
20160414  21:38:00 2325.00 2326.00 2325.00 2326.00 20380.00
20160414  21:39:00 2325.00 2326.00 2324.00 2325.00 9372.00
20160414  21:40:00 2325.00 2326.00 2324.00 2324.00 16598.00
20160414  21:41:00 2325.00 2325.00 2322.00 2322.00 41896.00
20160414  21:42:00 2323.00 2324.00 2322.00 2322.00 38032.00
20160414  21:43:00 2322.00 2322.00 2313.00 2313.00 115472.00
20160414  21:44:00 2312.00 2316.00 2311.00 2311.00 88812.00
20160414  21:45:00 2310.00 2313.00 2308.00 2310.00 91804.00
20160414  21:46:00 2309.00 2311.00 2307.00 2309.00 72170.00
20160414  21:47:00 2309.00 2312.00 2308.00 2312.00 54206.00
20160414  21:48:00 2312.00 2313.00 2311.00 2312.00 49072.00
20160414  21:49:00 2312.00 2312.00 2309.00 2309.00 43648.00
20160414  21:50:00 2309.00 2310.00 2306.00 2307.00 57130.00
20160414  21:51:00 2307.00 2310.00 2306.00 2309.00 50926.00
20160414  21:52:00 2309.00 2311.00 2308.00 2310.00 23378.00
20160414  21:53:00 2309.00 2312.00 2309.00 2310.00 21614.00
20160414  21:54:00 2310.00 2312.00 2309.00 2312.00 24316.00
20160414  21:55:00 2312.00 2312.00 2308.00 2309.00 24944.00
20160414  21:56:00 2309.00 2311.00 2308.00 2310.00 29550.00
20160414  21:57:00 2311.00 2312.00 2309.00 2310.00 25798.00
20160414  21:58:00 2309.00 2312.00 2308.00 2311.00 20426.00
20160414  21:59:00 2311.00 2314.00 2311.00 2312.00 40604.00
20160414  22:00:00 2313.00 2314.00 2311.00 2311.00 21704.00
20160414  22:01:00 2311.00 2313.00 2311.00 2311.00 19320.00
20160414  22:02:00 2311.00 2312.00 2309.00 2312.00 23434.00
20160414  22:03:00 2311.00 2312.00 2309.00 2311.00 16366.00
20160414  22:04:00 2311.00 2311.00 2308.00 2309.00 38122.00
20160414  22:05:00 2309.00 2311.00 2308.00 2311.00 18476.00
20160414  22:06:00 2311.00 2312.00 2309.00 2311.00 25762.00
20160414  22:07:00 2310.00 2312.00 2310.00 2311.00 14740.00
20160414  22:08:00 2310.00 2314.00 2310.00 2313.00 25508.00
20160414  22:09:00 2313.00 2315.00 2312.00 2314.00 43234.00
20160414  22:10:00 2314.00 2317.00 2314.00 2317.00 51854.00
20160414  22:11:00 2316.00 2321.00 2316.00 2319.00 79210.00
20160414  22:12:00 2319.00 2319.00 2317.00 2317.00 49294.00
20160414  22:13:00 2316.00 2317.00 2314.00 2315.00 57522.00
20160414  22:14:00 2315.00 2318.00 2315.00 2316.00 42128.00
20160414  22:15:00 2316.00 2319.00 2316.00 2318.00 36902.00
20160414  22:16:00 2318.00 2319.00 2317.00 2317.00 34714.00
20160414  22:17:00 2318.00 2318.00 2315.00 2316.00 37120.00
20160414  22:18:00 2316.00 2316.00 2315.00 2316.00 27016.00
20160414  22:19:00 2316.00 2317.00 2314.00 2316.00 20186.00
20160414  22:20:00 2315.00 2316.00 2314.00 2315.00 16980.00
20160414  22:21:00 2315.00 2315.00 2312.00 2312.00 27100.00
20160414  22:22:00 2312.00 2315.00 2312.00 2314.00 12190.00
20160414  22:23:00 2314.00 2315.00 2313.00 2314.00 12502.00
20160414  22:24:00 2314.00 2316.00 2314.00 2315.00 15126.00
20160414  22:25:00 2315.00 2315.00 2312.00 2313.00 23234.00
20160414  22:26:00 2312.00 2312.00 2311.00 2312.00 26614.00
20160414  22:27:00 2312.00 2313.00 2311.00 2313.00 16638.00
20160414  22:28:00 2313.00 2313.00 2312.00 2312.00 6920.00
20160414  22:29:00 2312.00 2313.00 2312.00 2312.00 1716.00
20160414  22:30:00 2312.00 2314.00 2312.00 2313.00 9412.00
20160414  22:31:00 2314.00 2314.00 2312.00 2313.00 5782.00
20160414  22:32:00 2313.00 2314.00 2312.00 2313.00 5646.00
20160414  22:33:00 2313.00 2315.00 2313.00 2315.00 7234.00
20160414  22:34:00 2315.00 2316.00 2314.00 2315.00 16862.00
20160414  22:35:00 2315.00 2315.00 2314.00 2315.00 10948.00
20160414  22:36:00 2315.00 2316.00 2313.00 2314.00 9234.00
20160414  22:37:00 2313.00 2314.00 2312.00 2313.00 9628.00
20160414  22:38:00 2313.00 2314.00 2313.00 2314.00 3052.00
20160414  22:39:00 2313.00 2314.00 2313.00 2313.00 4602.00
20160414  22:40:00 2313.00 2314.00 2310.00 2311.00 23134.00
20160414  22:41:00 2311.00 2314.00 2311.00 2313.00 12192.00
20160414  22:42:00 2313.00 2314.00 2311.00 2312.00 10482.00
20160414  22:43:00 2312.00 2313.00 2312.00 2313.00 1352.00
20160414  22:44:00 2313.00 2313.00 2312.00 2312.00 5148.00
20160414  22:45:00 2312.00 2313.00 2311.00 2313.00 4124.00
20160414  22:46:00 2313.00 2314.00 2312.00 2313.00 4566.00
20160414  22:47:00 2314.00 2314.00 2313.00 2314.00 4170.00
20160414  22:48:00 2314.00 2314.00 2311.00 2312.00 12456.00
20160414  22:49:00 2312.00 2312.00 2310.00 2311.00 20530.00
20160414  22:50:00 2311.00 2312.00 2310.00 2311.00 7120.00
20160414  22:51:00 2311.00 2312.00 2311.00 2312.00 4840.00
20160414  22:52:00 2311.00 2313.00 2311.00 2312.00 15562.00
20160414  22:53:00 2313.00 2316.00 2312.00 2315.00 31690.00
20160414  22:54:00 2316.00 2316.00 2314.00 2315.00 16316.00
20160414  22:55:00 2315.00 2316.00 2313.00 2314.00 16052.00
20160414  22:56:00 2313.00 2315.00 2313.00 2315.00 3576.00
20160414  22:57:00 2315.00 2315.00 2314.00 2314.00 4224.00
20160414  22:58:00 2314.00 2316.00 2313.00 2314.00 11416.00
20160414  22:59:00 2314.00 2315.00 2313.00 2315.00 8928.00
20160414  23:00:00 2315.00 2317.00 2315.00 2316.00 36784.00
20160414  23:01:00 2316.00 2318.00 2316.00 2317.00 22502.00
20160414  23:02:00 2317.00 2317.00 2315.00 2316.00 13420.00
20160414  23:03:00 2316.00 2319.00 2316.00 2318.00 16988.00
20160414  23:04:00 2317.00 2319.00 2316.00 2318.00 16472.00
20160414  23:05:00 2318.00 2319.00 2317.00 2317.00 14900.00
20160414  23:06:00 2318.00 2318.00 2316.00 2316.00 7476.00
20160414  23:07:00 2316.00 2319.00 2316.00 2319.00 12176.00
20160414  23:08:00 2318.00 2322.00 2318.00 2321.00 61200.00
20160414  23:09:00 2322.00 2322.00 2319.00 2320.00 21222.00
20160414  23:10:00 2320.00 2321.00 2319.00 2320.00 21042.00
20160414  23:11:00 2320.00 2321.00 2318.00 2319.00 14030.00
20160414  23:12:00 2319.00 2320.00 2318.00 2319.00 8138.00
20160414  23:13:00 2318.00 2319.00 2318.00 2319.00 6300.00
20160414  23:14:00 2319.00 2319.00 2317.00 2317.00 13124.00
20160414  23:15:00 2317.00 2320.00 2317.00 2319.00 17778.00
20160414  23:16:00 2320.00 2321.00 2318.00 2321.00 17116.00
20160414  23:17:00 2320.00 2322.00 2319.00 2320.00 24668.00
20160414  23:18:00 2321.00 2321.00 2319.00 2320.00 15126.00
20160414  23:19:00 2320.00 2322.00 2320.00 2321.00 22814.00
20160414  23:20:00 2321.00 2323.00 2321.00 2322.00 25754.00
20160414  23:21:00 2322.00 2323.00 2320.00 2320.00 23406.00
20160414  23:22:00 2320.00 2321.00 2319.00 2320.00 14554.00
20160414  23:23:00 2320.00 2322.00 2320.00 2321.00 7542.00
20160414  23:24:00 2322.00 2322.00 2319.00 2321.00 19792.00
20160414  23:25:00 2322.00 2323.00 2320.00 2322.00 24242.00
20160414  23:26:00 2322.00 2323.00 2321.00 2323.00 14310.00
20160414  23:27:00 2323.00 2324.00 2322.00 2324.00 37588.00
20160414  23:28:00 2324.00 2325.00 2322.00 2323.00 23968.00
20160414  23:29:00 2324.00 2325.00 2323.00 2325.00 24468.00
20160414  23:30:00 2325.00 2326.00 2323.00 2325.00 53924.00
20160414  23:31:00 2325.00 2327.00 2325.00 2326.00 38948.00
20160414  23:32:00 2325.00 2326.00 2324.00 2324.00 34880.00
20160414  23:33:00 2325.00 2326.00 2325.00 2325.00 10038.00
20160414  23:34:00 2326.00 2327.00 2325.00 2326.00 19310.00
20160414  23:35:00 2327.00 2328.00 2325.00 2328.00 35652.00
20160414  23:36:00 2328.00 2330.00 2327.00 2330.00 56344.00
20160414  23:37:00 2330.00 2331.00 2329.00 2329.00 50508.00
20160414  23:38:00 2329.00 2330.00 2328.00 2328.00 22876.00
20160414  23:39:00 2328.00 2330.00 2328.00 2330.00 17720.00
20160414  23:40:00 2330.00 2331.00 2328.00 2329.00 36252.00
20160414  23:41:00 2330.00 2330.00 2328.00 2328.00 17248.00
20160414  23:42:00 2328.00 2329.00 2327.00 2328.00 40708.00
20160414  23:43:00 2327.00 2328.00 2326.00 2327.00 25132.00
20160414  23:44:00 2327.00 2328.00 2326.00 2327.00 28084.00
20160414  23:45:00 2326.00 2327.00 2325.00 2325.00 35916.00
20160414  23:46:00 2326.00 2326.00 2325.00 2326.00 20168.00
20160414  23:47:00 2326.00 2327.00 2325.00 2327.00 24674.00
20160414  23:48:00 2327.00 2327.00 2326.00 2326.00 3994.00
20160414  23:49:00 2326.00 2328.00 2326.00 2327.00 6078.00
20160414  23:50:00 2328.00 2328.00 2327.00 2328.00 2434.00
20160414  23:51:00 2327.00 2329.00 2327.00 2329.00 20974.00
20160414  23:52:00 2329.00 2329.00 2327.00 2328.00 19056.00
20160414  23:53:00 2328.00 2329.00 2327.00 2327.00 7528.00
20160414  23:54:00 2327.00 2329.00 2327.00 2329.00 5668.00
20160414  23:55:00 2329.00 2330.00 2328.00 2328.00 12462.00
20160414  23:56:00 2328.00 2329.00 2326.00 2326.00 9896.00
20160414  23:57:00 2327.00 2328.00 2326.00 2327.00 10996.00
20160414  23:58:00 2327.00 2328.00 2327.00 2327.00 2686.00
20160414  23:59:00 2327.00 2328.00 2327.00 2328.00 5190.00
20160415  00:00:00 2327.00 2328.00 2327.00 2328.00 3158.00
20160415  00:01:00 2327.00 2328.00 2327.00 2327.00 1298.00
20160415  00:02:00 2327.00 2328.00 2326.00 2327.00 9126.00
20160415  00:03:00 2327.00 2328.00 2327.00 2327.00 2516.00
20160415  00:04:00 2327.00 2328.00 2326.00 2327.00 2404.00
20160415  00:05:00 2326.00 2327.00 2325.00 2326.00 11996.00
20160415  00:06:00 2326.00 2327.00 2326.00 2327.00 2294.00
20160415  00:07:00 2327.00 2327.00 2326.00 2326.00 4620.00
20160415  00:08:00 2327.00 2327.00 2326.00 2326.00 1724.00
20160415  00:09:00 2326.00 2327.00 2325.00 2326.00 7396.00
20160415  00:10:00 2326.00 2327.00 2326.00 2326.00 1664.00
20160415  00:11:00 2326.00 2328.00 2326.00 2328.00 12634.00
20160415  00:12:00 2328.00 2330.00 2327.00 2330.00 18378.00
20160415  00:13:00 2329.00 2330.00 2329.00 2329.00 4306.00
20160415  00:14:00 2330.00 2330.00 2328.00 2328.00 6936.00
20160415  00:15:00 2329.00 2330.00 2328.00 2329.00 9416.00
20160415  00:16:00 2329.00 2329.00 2327.00 2327.00 10468.00
20160415  00:17:00 2328.00 2328.00 2327.00 2327.00 1150.00
20160415  00:18:00 2327.00 2328.00 2327.00 2327.00 680.00
20160415  00:19:00 2327.00 2329.00 2327.00 2329.00 4260.00
20160415  00:20:00 2329.00 2329.00 2328.00 2328.00 282.00
20160415  00:21:00 2328.00 2329.00 2328.00 2329.00 988.00
20160415  00:22:00 2328.00 2329.00 2327.00 2328.00 3910.00
20160415  00:23:00 2327.00 2328.00 2327.00 2327.00 2990.00
20160415  00:24:00 2327.00 2327.00 2325.00 2325.00 14908.00
20160415  00:25:00 2325.00 2327.00 2325.00 2326.00 12764.00
20160415  00:26:00 2326.00 2328.00 2326.00 2328.00 13464.00
20160415  00:27:00 2328.00 2328.00 2327.00 2328.00 1354.00
20160415  00:28:00 2327.00 2328.00 2327.00 2328.00 1814.00
20160415  00:29:00 2327.00 2329.00 2327.00 2328.00 6538.00
20160415  00:30:00 2328.00 2328.00 2327.00 2328.00 2350.00
20160415  00:31:00 2328.00 2328.00 2327.00 2327.00 652.00
20160415  00:32:00 2327.00 2328.00 2327.00 2327.00 736.00
20160415  00:33:00 2327.00 2328.00 2327.00 2328.00 616.00
20160415  00:34:00 2328.00 2328.00 2327.00 2327.00 5506.00
20160415  00:35:00 2327.00 2328.00 2326.00 2326.00 3208.00
20160415  00:36:00 2326.00 2327.00 2325.00 2326.00 8476.00
20160415  00:37:00 2326.00 2327.00 2326.00 2327.00 3590.00
20160415  00:38:00 2326.00 2327.00 2326.00 2327.00 5092.00
20160415  00:39:00 2327.00 2327.00 2326.00 2327.00 992.00
20160415  00:40:00 2326.00 2328.00 2326.00 2328.00 4606.00
20160415  00:41:00 2327.00 2330.00 2327.00 2330.00 24288.00
20160415  00:42:00 2330.00 2333.00 2330.00 2332.00 36324.00
20160415  00:43:00 2332.00 2332.00 2330.00 2331.00 8846.00
20160415  00:44:00 2332.00 2332.00 2331.00 2332.00 3800.00
20160415  00:45:00 2331.00 2333.00 2331.00 2332.00 6766.00
20160415  00:46:00 2332.00 2332.00 2331.00 2331.00 852.00
20160415  00:47:00 2332.00 2332.00 2331.00 2331.00 5426.00
20160415  00:48:00 2332.00 2332.00 2330.00 2330.00 5004.00
20160415  00:49:00 2330.00 2331.00 2329.00 2330.00 8420.00
20160415  00:50:00 2330.00 2331.00 2329.00 2331.00 6600.00
20160415  00:51:00 2330.00 2331.00 2329.00 2330.00 4420.00
20160415  00:52:00 2330.00 2332.00 2330.00 2331.00 9082.00
20160415  00:53:00 2330.00 2332.00 2330.00 2330.00 2880.00
20160415  00:54:00 2331.00 2332.00 2330.00 2331.00 6354.00
20160415  00:55:00 2331.00 2333.00 2330.00 2333.00 12760.00
20160415  00:56:00 2332.00 2333.00 2331.00 2332.00 6778.00
20160415  00:57:00 2332.00 2332.00 2331.00 2331.00 5578.00
20160415  00:58:00 2331.00 2332.00 2330.00 2332.00 14666.00
20160415  00:59:00 2332.00 2333.00 2331.00 2333.00 18282.00
20160415  01:00:00 2333.00 2333.00 2333.00 2333.00   8.00
20160415  09:00:00 2332.00 2335.00 2326.00 2326.00 76464.00
20160415  09:01:00 2326.00 2329.00 2326.00 2328.00 26052.00
20160415  09:02:00 2329.00 2329.00 2327.00 2328.00 35998.00
20160415  09:03:00 2329.00 2330.00 2327.00 2328.00 17272.00
20160415  09:04:00 2328.00 2330.00 2327.00 2327.00 16144.00
20160415  09:05:00 2327.00 2328.00 2326.00 2327.00 20996.00
20160415  09:06:00 2326.00 2327.00 2323.00 2327.00 48924.00
20160415  09:07:00 2326.00 2327.00 2324.00 2325.00 13438.00
20160415  09:08:00 2325.00 2326.00 2323.00 2324.00 24518.00
20160415  09:09:00 2324.00 2325.00 2323.00 2324.00 13862.00
20160415  09:10:00 2325.00 2327.00 2324.00 2326.00 26630.00
20160415  09:11:00 2326.00 2326.00 2324.00 2326.00 13700.00
20160415  09:12:00 2326.00 2327.00 2324.00 2327.00 13500.00
20160415  09:13:00 2327.00 2328.00 2326.00 2327.00 18422.00
20160415  09:14:00 2327.00 2327.00 2325.00 2326.00 12470.00
20160415  09:15:00 2327.00 2328.00 2326.00 2327.00 5574.00
20160415  09:16:00 2328.00 2331.00 2327.00 2330.00 23064.00
20160415  09:17:00 2330.00 2332.00 2328.00 2329.00 26136.00
20160415  09:18:00 2330.00 2334.00 2329.00 2333.00 31134.00
20160415  09:19:00 2333.00 2333.00 2331.00 2332.00 31684.00
20160415  09:20:00 2332.00 2333.00 2330.00 2330.00 15786.00
20160415  09:21:00 2330.00 2333.00 2330.00 2331.00 21908.00
20160415  09:22:00 2331.00 2331.00 2330.00 2331.00 6590.00
20160415  09:23:00 2331.00 2334.00 2331.00 2334.00 11500.00
20160415  09:24:00 2334.00 2336.00 2333.00 2336.00 31110.00
20160415  09:25:00 2335.00 2340.00 2335.00 2338.00 70106.00
20160415  09:26:00 2338.00 2340.00 2338.00 2338.00 31462.00
20160415  09:27:00 2338.00 2340.00 2337.00 2338.00 37354.00
20160415  09:28:00 2338.00 2339.00 2335.00 2335.00 22492.00
20160415  09:29:00 2335.00 2337.00 2335.00 2337.00 17098.00
20160415  09:30:00 2337.00 2340.00 2337.00 2338.00 25374.00
20160415  09:31:00 2338.00 2339.00 2335.00 2336.00 18418.00
20160415  09:32:00 2336.00 2337.00 2335.00 2336.00 12376.00
20160415  09:33:00 2335.00 2337.00 2335.00 2335.00 21208.00
20160415  09:34:00 2336.00 2336.00 2333.00 2334.00 25360.00
20160415  09:35:00 2333.00 2335.00 2332.00 2334.00 32968.00
20160415  09:36:00 2334.00 2335.00 2333.00 2335.00 9952.00
20160415  09:37:00 2335.00 2335.00 2333.00 2333.00 11324.00
20160415  09:38:00 2333.00 2334.00 2330.00 2330.00 27864.00
20160415  09:39:00 2330.00 2332.00 2329.00 2331.00 26058.00
20160415  09:40:00 2331.00 2331.00 2330.00 2331.00 9504.00
20160415  09:41:00 2331.00 2332.00 2328.00 2329.00 19208.00
20160415  09:42:00 2328.00 2331.00 2328.00 2330.00 21994.00
20160415  09:43:00 2330.00 2331.00 2329.00 2330.00 12648.00
20160415  09:44:00 2330.00 2332.00 2329.00 2332.00 9722.00
20160415  09:45:00 2331.00 2333.00 2330.00 2331.00 13066.00
20160415  09:46:00 2331.00 2332.00 2331.00 2332.00 2064.00
20160415  09:47:00 2331.00 2332.00 2330.00 2331.00 6232.00
20160415  09:48:00 2330.00 2331.00 2327.00 2328.00 29480.00
20160415  09:49:00 2329.00 2330.00 2328.00 2328.00 6520.00
20160415  09:50:00 2329.00 2329.00 2326.00 2327.00 32836.00
20160415  09:51:00 2327.00 2328.00 2326.00 2327.00 12966.00
20160415  09:52:00 2327.00 2327.00 2326.00 2326.00 11044.00
20160415  09:53:00 2326.00 2328.00 2325.00 2328.00 16668.00
20160415  09:54:00 2327.00 2329.00 2327.00 2329.00 12820.00
20160415  09:55:00 2328.00 2329.00 2327.00 2329.00 8130.00
20160415  09:56:00 2329.00 2331.00 2328.00 2330.00 15704.00
20160415  09:57:00 2330.00 2330.00 2328.00 2329.00 5730.00
20160415  09:58:00 2329.00 2331.00 2328.00 2330.00 6314.00
20160415  09:59:00 2331.00 2331.00 2330.00 2330.00 1956.00
20160415  10:00:00 2331.00 2332.00 2330.00 2332.00 13510.00
20160415  10:01:00 2332.00 2332.00 2325.00 2326.00 37716.00
20160415  10:02:00 2326.00 2327.00 2323.00 2327.00 30632.00
20160415  10:03:00 2327.00 2328.00 2325.00 2325.00 14932.00
20160415  10:04:00 2326.00 2327.00 2325.00 2325.00 9850.00
20160415  10:05:00 2326.00 2326.00 2324.00 2324.00 17068.00
20160415  10:06:00 2324.00 2326.00 2323.00 2325.00 31180.00
20160415  10:07:00 2325.00 2327.00 2324.00 2327.00 19098.00
20160415  10:08:00 2327.00 2328.00 2327.00 2328.00 14380.00
20160415  10:09:00 2328.00 2329.00 2326.00 2327.00 15328.00
20160415  10:10:00 2327.00 2328.00 2325.00 2326.00 15448.00
20160415  10:11:00 2326.00 2327.00 2325.00 2327.00 8208.00
20160415  10:12:00 2327.00 2327.00 2326.00 2326.00 6222.00
20160415  10:13:00 2326.00 2327.00 2326.00 2326.00 8240.00
20160415  10:14:00 2326.00 2327.00 2326.00 2327.00 7014.00
20160415  10:30:00 2327.00 2327.00 2325.00 2325.00 9898.00
20160415  10:31:00 2326.00 2326.00 2324.00 2324.00 24348.00
20160415  10:32:00 2324.00 2325.00 2316.00 2317.00 97712.00
20160415  10:33:00 2317.00 2318.00 2316.00 2317.00 45564.00
20160415  10:34:00 2318.00 2319.00 2316.00 2318.00 45828.00
20160415  10:35:00 2319.00 2319.00 2315.00 2315.00 31426.00
20160415  10:36:00 2316.00 2320.00 2316.00 2318.00 27658.00
20160415  10:37:00 2318.00 2319.00 2317.00 2318.00 16460.00
20160415  10:38:00 2318.00 2319.00 2316.00 2317.00 15746.00
20160415  10:39:00 2317.00 2319.00 2317.00 2318.00 13200.00
20160415  10:40:00 2318.00 2318.00 2315.00 2316.00 16596.00
20160415  10:41:00 2317.00 2317.00 2314.00 2314.00 31676.00
20160415  10:42:00 2314.00 2318.00 2314.00 2318.00 24424.00
20160415  10:43:00 2317.00 2319.00 2317.00 2317.00 10358.00
20160415  10:44:00 2318.00 2319.00 2317.00 2319.00 9504.00
20160415  10:45:00 2319.00 2319.00 2316.00 2317.00 26556.00
20160415  10:46:00 2317.00 2319.00 2317.00 2319.00 5008.00
20160415  10:47:00 2319.00 2320.00 2317.00 2320.00 26000.00
20160415  10:48:00 2320.00 2320.00 2316.00 2317.00 27290.00
20160415  10:49:00 2316.00 2318.00 2316.00 2317.00 16312.00
20160415  10:50:00 2317.00 2320.00 2316.00 2319.00 15540.00
20160415  10:51:00 2319.00 2319.00 2317.00 2319.00 8726.00
20160415  10:52:00 2319.00 2319.00 2318.00 2319.00 3840.00
20160415  10:53:00 2319.00 2320.00 2318.00 2320.00 7708.00
20160415  10:54:00 2319.00 2321.00 2319.00 2320.00 24946.00
20160415  10:55:00 2319.00 2321.00 2319.00 2321.00 10114.00
20160415  10:56:00 2321.00 2323.00 2320.00 2323.00 19704.00
20160415  10:57:00 2322.00 2323.00 2321.00 2322.00 19256.00
20160415  10:58:00 2321.00 2322.00 2321.00 2321.00 7926.00
20160415  10:59:00 2321.00 2323.00 2321.00 2322.00 11934.00
20160415  11:00:00 2322.00 2326.00 2321.00 2326.00 27622.00
20160415  11:01:00 2325.00 2325.00 2322.00 2324.00 25366.00
20160415  11:02:00 2323.00 2324.00 2322.00 2323.00 6570.00
20160415  11:03:00 2324.00 2324.00 2322.00 2322.00 6860.00
20160415  11:04:00 2322.00 2323.00 2320.00 2320.00 12024.00
20160415  11:05:00 2320.00 2321.00 2319.00 2319.00 22046.00
20160415  11:06:00 2319.00 2320.00 2319.00 2319.00 13826.00
20160415  11:07:00 2319.00 2320.00 2316.00 2316.00 21486.00
20160415  11:08:00 2316.00 2318.00 2315.00 2316.00 33462.00
20160415  11:09:00 2317.00 2320.00 2316.00 2318.00 20438.00
20160415  11:10:00 2319.00 2319.00 2316.00 2318.00 15118.00
20160415  11:11:00 2317.00 2318.00 2315.00 2315.00 22158.00
20160415  11:12:00 2315.00 2319.00 2315.00 2319.00 19808.00
20160415  11:13:00 2319.00 2319.00 2316.00 2317.00 9382.00
20160415  11:14:00 2317.00 2320.00 2317.00 2319.00 14660.00
20160415  11:15:00 2319.00 2320.00 2316.00 2317.00 12868.00
20160415  11:16:00 2316.00 2318.00 2316.00 2317.00 10036.00
20160415  11:17:00 2317.00 2317.00 2315.00 2317.00 14998.00
20160415  11:18:00 2317.00 2319.00 2315.00 2318.00 17404.00
20160415  11:19:00 2318.00 2319.00 2316.00 2316.00 11856.00
20160415  11:20:00 2316.00 2317.00 2314.00 2315.00 28332.00
20160415  11:21:00 2315.00 2317.00 2315.00 2316.00 16734.00
20160415  11:22:00 2317.00 2319.00 2316.00 2319.00 9558.00
20160415  11:23:00 2319.00 2319.00 2316.00 2317.00 11932.00
20160415  11:24:00 2317.00 2320.00 2316.00 2319.00 14130.00
20160415  11:25:00 2319.00 2320.00 2317.00 2318.00 14784.00
20160415  11:26:00 2318.00 2319.00 2317.00 2317.00 17728.00
20160415  11:27:00 2318.00 2318.00 2316.00 2317.00 16808.00
20160415  11:28:00 2317.00 2318.00 2316.00 2317.00 12794.00
20160415  11:29:00 2316.00 2317.00 2315.00 2316.00 35378.00
20160415  13:30:00 2315.00 2317.00 2314.00 2315.00 79196.00
20160415  13:31:00 2315.00 2316.00 2311.00 2312.00 71240.00
20160415  13:32:00 2311.00 2314.00 2311.00 2313.00 42012.00
20160415  13:33:00 2313.00 2314.00 2309.00 2310.00 85916.00
20160415  13:34:00 2310.00 2311.00 2309.00 2309.00 54456.00
20160415  13:35:00 2309.00 2310.00 2307.00 2309.00 62382.00
20160415  13:36:00 2310.00 2310.00 2308.00 2310.00 24030.00
20160415  13:37:00 2310.00 2311.00 2307.00 2308.00 34554.00
20160415  13:38:00 2309.00 2309.00 2307.00 2308.00 29594.00
20160415  13:39:00 2309.00 2309.00 2306.00 2307.00 42020.00
20160415  13:40:00 2307.00 2311.00 2305.00 2310.00 72360.00
20160415  13:41:00 2311.00 2312.00 2310.00 2311.00 40536.00
20160415  13:42:00 2311.00 2313.00 2310.00 2311.00 33164.00
20160415  13:43:00 2311.00 2313.00 2310.00 2312.00 30440.00
20160415  13:44:00 2311.00 2312.00 2310.00 2312.00 13396.00
20160415  13:45:00 2311.00 2313.00 2311.00 2312.00 13608.00
20160415  13:46:00 2312.00 2312.00 2310.00 2311.00 14298.00
20160415  13:47:00 2311.00 2314.00 2311.00 2313.00 24116.00
20160415  13:48:00 2314.00 2315.00 2312.00 2314.00 29026.00
20160415  13:49:00 2314.00 2315.00 2313.00 2314.00 25876.00
20160415  13:50:00 2314.00 2315.00 2314.00 2314.00 13408.00
20160415  13:51:00 2314.00 2318.00 2313.00 2317.00 46942.00
20160415  13:52:00 2318.00 2318.00 2315.00 2316.00 40894.00
20160415  13:53:00 2316.00 2318.00 2315.00 2315.00 26828.00
20160415  13:54:00 2316.00 2317.00 2315.00 2316.00 12958.00
20160415  13:55:00 2316.00 2318.00 2315.00 2318.00 24472.00
20160415  13:56:00 2319.00 2319.00 2317.00 2317.00 19842.00
20160415  13:57:00 2317.00 2318.00 2317.00 2317.00 12910.00
20160415  13:58:00 2318.00 2318.00 2315.00 2315.00 13150.00
20160415  13:59:00 2315.00 2316.00 2314.00 2314.00 17744.00
20160415  14:00:00 2314.00 2315.00 2313.00 2313.00 24254.00
20160415  14:01:00 2313.00 2316.00 2313.00 2316.00 22872.00
20160415  14:02:00 2315.00 2316.00 2311.00 2312.00 32516.00
20160415  14:03:00 2311.00 2314.00 2311.00 2312.00 20750.00
20160415  14:04:00 2313.00 2313.00 2311.00 2312.00 20668.00
20160415  14:05:00 2312.00 2312.00 2310.00 2310.00 31976.00
20160415  14:06:00 2310.00 2313.00 2310.00 2313.00 14614.00
20160415  14:07:00 2312.00 2314.00 2312.00 2313.00 15644.00
20160415  14:08:00 2314.00 2314.00 2312.00 2313.00 17486.00
20160415  14:09:00 2313.00 2315.00 2312.00 2313.00 21812.00
20160415  14:10:00 2313.00 2314.00 2313.00 2314.00 8020.00
20160415  14:11:00 2314.00 2314.00 2311.00 2311.00 15162.00
20160415  14:12:00 2312.00 2313.00 2311.00 2312.00 20740.00
20160415  14:13:00 2312.00 2315.00 2312.00 2314.00 15666.00
20160415  14:14:00 2314.00 2315.00 2313.00 2315.00 5448.00
20160415  14:15:00 2315.00 2315.00 2312.00 2313.00 13244.00
20160415  14:16:00 2313.00 2314.00 2311.00 2312.00 7614.00
20160415  14:17:00 2313.00 2314.00 2312.00 2313.00 3628.00
20160415  14:18:00 2313.00 2318.00 2313.00 2318.00 36686.00
20160415  14:19:00 2317.00 2319.00 2317.00 2319.00 38434.00
20160415  14:20:00 2318.00 2319.00 2317.00 2319.00 19624.00
20160415  14:21:00 2319.00 2321.00 2316.00 2321.00 55198.00
20160415  14:22:00 2320.00 2321.00 2317.00 2317.00 21530.00
20160415  14:23:00 2317.00 2318.00 2317.00 2317.00 12762.00
20160415  14:24:00 2317.00 2317.00 2315.00 2316.00 14250.00
20160415  14:25:00 2315.00 2316.00 2313.00 2313.00 50926.00
20160415  14:26:00 2314.00 2314.00 2312.00 2312.00 16356.00
20160415  14:27:00 2312.00 2313.00 2309.00 2309.00 50490.00
20160415  14:28:00 2308.00 2311.00 2308.00 2310.00 57254.00
20160415  14:29:00 2310.00 2311.00 2309.00 2311.00 17404.00
20160415  14:30:00 2310.00 2311.00 2307.00 2308.00 75256.00
20160415  14:31:00 2307.00 2309.00 2307.00 2309.00 30686.00
20160415  14:32:00 2308.00 2310.00 2306.00 2306.00 31154.00
20160415  14:33:00 2306.00 2307.00 2304.00 2304.00 86476.00
20160415  14:34:00 2304.00 2308.00 2304.00 2306.00 45938.00
20160415  14:35:00 2306.00 2306.00 2303.00 2303.00 39764.00
20160415  14:36:00 2303.00 2307.00 2303.00 2305.00 45580.00
20160415  14:37:00 2305.00 2305.00 2301.00 2301.00 75586.00
20160415  14:38:00 2301.00 2306.00 2301.00 2304.00 45750.00
20160415  14:39:00 2303.00 2308.00 2303.00 2307.00 58178.00
20160415  14:40:00 2308.00 2313.00 2306.00 2310.00 86424.00
20160415  14:41:00 2310.00 2311.00 2309.00 2310.00 40686.00
20160415  14:42:00 2309.00 2314.00 2309.00 2312.00 44832.00
20160415  14:43:00 2311.00 2313.00 2309.00 2312.00 25010.00
20160415  14:44:00 2312.00 2313.00 2310.00 2310.00 26820.00
20160415  14:45:00 2311.00 2311.00 2309.00 2310.00 17430.00
20160415  14:46:00 2311.00 2312.00 2309.00 2312.00 21906.00
20160415  14:47:00 2311.00 2312.00 2310.00 2311.00 21696.00
20160415  14:48:00 2311.00 2313.00 2309.00 2309.00 36372.00
20160415  14:49:00 2309.00 2310.00 2308.00 2309.00 50366.00
20160415  14:50:00 2309.00 2310.00 2309.00 2310.00 22468.00
20160415  14:51:00 2310.00 2312.00 2309.00 2309.00 19610.00
20160415  14:52:00 2310.00 2310.00 2305.00 2306.00 34664.00
20160415  14:53:00 2306.00 2307.00 2299.00 2300.00 107834.00
20160415  14:54:00 2299.00 2301.00 2296.00 2298.00 140168.00
20160415  14:55:00 2298.00 2304.00 2297.00 2303.00 88286.00
20160415  14:56:00 2302.00 2303.00 2300.00 2300.00 49166.00
20160415  14:57:00 2300.00 2304.00 2299.00 2303.00 57570.00
20160415  14:58:00 2303.00 2304.00 2299.00 2300.00 53972.00
20160415  14:59:00 2300.00 2301.00 2298.00 2299.00 75410.00
20160415  15:00:00 2300.00 2300.00 2300.00 2300.00 808.00
