20170328  21:00:00 3062.00 3068.00 3061.00 3067.00 46588.00
20170328  21:01:00 3067.00 3072.00 3066.00 3068.00 32158.00
20170328  21:02:00 3068.00 3070.00 3066.00 3069.00 16052.00
20170328  21:03:00 3069.00 3078.00 3069.00 3077.00 39696.00
20170328  21:04:00 3076.00 3079.00 3076.00 3077.00 27402.00
20170328  21:05:00 3076.00 3081.00 3076.00 3081.00 29214.00
20170328  21:06:00 3081.00 3081.00 3077.00 3078.00 23872.00
20170328  21:07:00 3079.00 3080.00 3076.00 3079.00 14512.00
20170328  21:08:00 3078.00 3080.00 3074.00 3079.00 15442.00
20170328  21:09:00 3079.00 3079.00 3076.00 3077.00 10382.00
20170328  21:10:00 3076.00 3079.00 3075.00 3077.00 11512.00
20170328  21:11:00 3077.00 3078.00 3075.00 3076.00 9110.00
20170328  21:12:00 3076.00 3076.00 3071.00 3071.00 18378.00
20170328  21:13:00 3071.00 3075.00 3069.00 3070.00 21528.00
20170328  21:14:00 3070.00 3074.00 3069.00 3074.00 12764.00
20170328  21:15:00 3074.00 3077.00 3073.00 3077.00 14228.00
20170328  21:16:00 3076.00 3078.00 3076.00 3077.00 8134.00
20170328  21:17:00 3076.00 3077.00 3074.00 3075.00 4688.00
20170328  21:18:00 3075.00 3076.00 3072.00 3074.00 6722.00
20170328  21:19:00 3074.00 3076.00 3073.00 3076.00 7020.00
20170328  21:20:00 3075.00 3079.00 3075.00 3078.00 8300.00
20170328  21:21:00 3079.00 3081.00 3078.00 3080.00 18538.00
20170328  21:22:00 3080.00 3080.00 3077.00 3078.00 7272.00
20170328  21:23:00 3079.00 3080.00 3076.00 3079.00 4678.00
20170328  21:24:00 3079.00 3083.00 3078.00 3082.00 19890.00
20170328  21:25:00 3082.00 3082.00 3078.00 3079.00 10278.00
20170328  21:26:00 3079.00 3084.00 3079.00 3084.00 12694.00
20170328  21:27:00 3084.00 3084.00 3080.00 3080.00 9896.00
20170328  21:28:00 3080.00 3081.00 3077.00 3078.00 7768.00
20170328  21:29:00 3078.00 3082.00 3078.00 3082.00 5454.00
20170328  21:30:00 3082.00 3087.00 3079.00 3086.00 23480.00
20170328  21:31:00 3085.00 3085.00 3082.00 3085.00 14326.00
20170328  21:32:00 3085.00 3087.00 3082.00 3086.00 7800.00
20170328  21:33:00 3086.00 3087.00 3085.00 3086.00 13580.00
20170328  21:34:00 3086.00 3088.00 3083.00 3084.00 10752.00
20170328  21:35:00 3084.00 3087.00 3084.00 3086.00 5574.00
20170328  21:36:00 3086.00 3088.00 3084.00 3087.00 8938.00
20170328  21:37:00 3087.00 3088.00 3085.00 3086.00 7216.00
20170328  21:38:00 3087.00 3088.00 3085.00 3087.00 9714.00
20170328  21:39:00 3087.00 3089.00 3087.00 3089.00 12588.00
20170328  21:40:00 3090.00 3092.00 3088.00 3090.00 21198.00
20170328  21:41:00 3091.00 3091.00 3087.00 3087.00 8252.00
20170328  21:42:00 3087.00 3089.00 3085.00 3086.00 7098.00
20170328  21:43:00 3086.00 3089.00 3086.00 3089.00 7010.00
20170328  21:44:00 3088.00 3089.00 3084.00 3086.00 10264.00
20170328  21:45:00 3084.00 3086.00 3080.00 3081.00 18424.00
20170328  21:46:00 3081.00 3084.00 3081.00 3081.00 10094.00
20170328  21:47:00 3081.00 3083.00 3080.00 3083.00 11218.00
20170328  21:48:00 3082.00 3084.00 3080.00 3080.00 7632.00
20170328  21:49:00 3080.00 3081.00 3078.00 3079.00 15806.00
20170328  21:50:00 3079.00 3079.00 3076.00 3078.00 13866.00
20170328  21:51:00 3078.00 3078.00 3074.00 3075.00 13790.00
20170328  21:52:00 3076.00 3078.00 3075.00 3075.00 8278.00
20170328  21:53:00 3076.00 3078.00 3074.00 3077.00 8174.00
20170328  21:54:00 3077.00 3080.00 3077.00 3079.00 9146.00
20170328  21:55:00 3079.00 3079.00 3077.00 3078.00 6260.00
20170328  21:56:00 3078.00 3082.00 3078.00 3080.00 7778.00
20170328  21:57:00 3080.00 3082.00 3077.00 3078.00 7238.00
20170328  21:58:00 3078.00 3079.00 3077.00 3078.00 2956.00
20170328  21:59:00 3078.00 3082.00 3077.00 3082.00 8618.00
20170328  22:00:00 3083.00 3084.00 3081.00 3082.00 7826.00
20170328  22:01:00 3082.00 3083.00 3081.00 3081.00 3710.00
20170328  22:02:00 3081.00 3081.00 3079.00 3079.00 2388.00
20170328  22:03:00 3079.00 3083.00 3079.00 3082.00 5446.00
20170328  22:04:00 3082.00 3084.00 3081.00 3083.00 7332.00
20170328  22:05:00 3083.00 3086.00 3083.00 3085.00 12520.00
20170328  22:06:00 3086.00 3089.00 3085.00 3088.00 17214.00
20170328  22:07:00 3087.00 3089.00 3087.00 3088.00 13060.00
20170328  22:08:00 3089.00 3094.00 3088.00 3093.00 39814.00
20170328  22:09:00 3093.00 3094.00 3090.00 3093.00 18550.00
20170328  22:10:00 3092.00 3095.00 3091.00 3091.00 15890.00
20170328  22:11:00 3091.00 3095.00 3091.00 3095.00 12816.00
20170328  22:12:00 3096.00 3096.00 3090.00 3091.00 16614.00
20170328  22:13:00 3092.00 3093.00 3089.00 3091.00 13298.00
20170328  22:14:00 3091.00 3092.00 3088.00 3090.00 6284.00
20170328  22:15:00 3089.00 3090.00 3087.00 3089.00 8416.00
20170328  22:16:00 3088.00 3089.00 3086.00 3086.00 9072.00
20170328  22:17:00 3087.00 3089.00 3086.00 3089.00 9216.00
20170328  22:18:00 3089.00 3089.00 3088.00 3088.00 3580.00
20170328  22:19:00 3088.00 3089.00 3087.00 3089.00 3608.00
20170328  22:20:00 3089.00 3090.00 3088.00 3090.00 2060.00
20170328  22:21:00 3090.00 3091.00 3088.00 3089.00 3860.00
20170328  22:22:00 3089.00 3089.00 3086.00 3086.00 4696.00
20170328  22:23:00 3086.00 3089.00 3086.00 3089.00 4148.00
20170328  22:24:00 3089.00 3089.00 3086.00 3086.00 3218.00
20170328  22:25:00 3087.00 3087.00 3082.00 3082.00 17472.00
20170328  22:26:00 3082.00 3084.00 3080.00 3083.00 18460.00
20170328  22:27:00 3083.00 3084.00 3082.00 3083.00 5836.00
20170328  22:28:00 3083.00 3086.00 3083.00 3085.00 4532.00
20170328  22:29:00 3085.00 3086.00 3082.00 3084.00 7548.00
20170328  22:30:00 3084.00 3084.00 3080.00 3083.00 11614.00
20170328  22:31:00 3083.00 3089.00 3083.00 3088.00 12154.00
20170328  22:32:00 3089.00 3089.00 3086.00 3088.00 4912.00
20170328  22:33:00 3088.00 3088.00 3085.00 3086.00 4986.00
20170328  22:34:00 3086.00 3088.00 3086.00 3087.00 3434.00
20170328  22:35:00 3087.00 3089.00 3085.00 3086.00 9220.00
20170328  22:36:00 3085.00 3085.00 3081.00 3082.00 8592.00
20170328  22:37:00 3083.00 3085.00 3082.00 3085.00 3894.00
20170328  22:38:00 3085.00 3085.00 3082.00 3084.00 3306.00
20170328  22:39:00 3084.00 3085.00 3080.00 3082.00 8832.00
20170328  22:40:00 3081.00 3086.00 3081.00 3086.00 5462.00
20170328  22:41:00 3086.00 3093.00 3084.00 3091.00 18578.00
20170328  22:42:00 3091.00 3092.00 3089.00 3090.00 9408.00
20170328  22:43:00 3090.00 3091.00 3088.00 3090.00 5518.00
20170328  22:44:00 3089.00 3095.00 3089.00 3093.00 17960.00
20170328  22:45:00 3094.00 3094.00 3090.00 3090.00 7148.00
20170328  22:46:00 3090.00 3098.00 3090.00 3095.00 22750.00
20170328  22:47:00 3095.00 3097.00 3093.00 3097.00 8672.00
20170328  22:48:00 3097.00 3105.00 3096.00 3103.00 44358.00
20170328  22:49:00 3103.00 3106.00 3100.00 3105.00 33158.00
20170328  22:50:00 3105.00 3106.00 3101.00 3101.00 18108.00
20170328  22:51:00 3101.00 3120.00 3100.00 3114.00 86036.00
20170328  22:52:00 3115.00 3133.00 3114.00 3125.00 74272.00
20170328  22:53:00 3126.00 3130.00 3124.00 3127.00 30782.00
20170328  22:54:00 3126.00 3134.00 3126.00 3131.00 33026.00
20170328  22:55:00 3132.00 3136.00 3126.00 3126.00 32490.00
20170328  22:56:00 3127.00 3128.00 3124.00 3126.00 21560.00
20170328  22:57:00 3126.00 3130.00 3126.00 3128.00 22368.00
20170328  22:58:00 3128.00 3128.00 3117.00 3118.00 28280.00
20170328  22:59:00 3118.00 3144.00 3118.00 3139.00 52716.00
20170328  23:00:00 3140.00 3140.00 3140.00 3140.00 620.00
20170329  09:00:00 3164.00 3165.00 3154.00 3159.00 132418.00
20170329  09:01:00 3158.00 3162.00 3157.00 3157.00 36950.00
20170329  09:02:00 3157.00 3158.00 3154.00 3157.00 25812.00
20170329  09:03:00 3158.00 3160.00 3153.00 3153.00 20630.00
20170329  09:04:00 3154.00 3160.00 3154.00 3158.00 23106.00
20170329  09:05:00 3159.00 3161.00 3154.00 3155.00 28194.00
20170329  09:06:00 3155.00 3157.00 3153.00 3154.00 8532.00
20170329  09:07:00 3153.00 3154.00 3148.00 3150.00 22744.00
20170329  09:08:00 3149.00 3150.00 3146.00 3147.00 20376.00
20170329  09:09:00 3147.00 3148.00 3142.00 3142.00 26032.00
20170329  09:10:00 3142.00 3145.00 3140.00 3141.00 21878.00
20170329  09:11:00 3142.00 3146.00 3142.00 3145.00 18538.00
20170329  09:12:00 3144.00 3146.00 3139.00 3139.00 20188.00
20170329  09:13:00 3140.00 3140.00 3134.00 3135.00 29786.00
20170329  09:14:00 3135.00 3140.00 3134.00 3140.00 19010.00
20170329  09:15:00 3140.00 3141.00 3135.00 3136.00 16454.00
20170329  09:16:00 3136.00 3143.00 3136.00 3143.00 12700.00
20170329  09:17:00 3142.00 3143.00 3138.00 3139.00 10064.00
20170329  09:18:00 3139.00 3142.00 3138.00 3142.00 5414.00
20170329  09:19:00 3142.00 3143.00 3141.00 3142.00 9112.00
20170329  09:20:00 3142.00 3142.00 3138.00 3138.00 9746.00
20170329  09:21:00 3137.00 3142.00 3137.00 3142.00 9732.00
20170329  09:22:00 3142.00 3144.00 3140.00 3142.00 7842.00
20170329  09:23:00 3142.00 3145.00 3142.00 3142.00 9796.00
20170329  09:24:00 3141.00 3143.00 3135.00 3135.00 8904.00
20170329  09:25:00 3135.00 3139.00 3135.00 3136.00 9824.00
20170329  09:26:00 3137.00 3137.00 3133.00 3134.00 11606.00
20170329  09:27:00 3133.00 3134.00 3131.00 3132.00 16630.00
20170329  09:28:00 3131.00 3135.00 3129.00 3134.00 14552.00
20170329  09:29:00 3135.00 3136.00 3133.00 3134.00 10796.00
20170329  09:30:00 3135.00 3139.00 3134.00 3139.00 8822.00
20170329  09:31:00 3139.00 3139.00 3134.00 3135.00 8602.00
20170329  09:32:00 3135.00 3137.00 3134.00 3135.00 4412.00
20170329  09:33:00 3135.00 3137.00 3134.00 3134.00 5958.00
20170329  09:34:00 3135.00 3136.00 3133.00 3134.00 4370.00
20170329  09:35:00 3134.00 3139.00 3134.00 3138.00 5490.00
20170329  09:36:00 3138.00 3140.00 3138.00 3140.00 6468.00
20170329  09:37:00 3141.00 3143.00 3139.00 3141.00 7448.00
20170329  09:38:00 3141.00 3144.00 3140.00 3144.00 7390.00
20170329  09:39:00 3144.00 3144.00 3142.00 3143.00 8618.00
20170329  09:40:00 3142.00 3147.00 3142.00 3142.00 12360.00
20170329  09:41:00 3143.00 3144.00 3141.00 3142.00 4336.00
20170329  09:42:00 3143.00 3143.00 3139.00 3140.00 5788.00
20170329  09:43:00 3140.00 3142.00 3139.00 3142.00 3666.00
20170329  09:44:00 3142.00 3142.00 3136.00 3137.00 5784.00
20170329  09:45:00 3137.00 3142.00 3137.00 3142.00 4858.00
20170329  09:46:00 3141.00 3145.00 3141.00 3144.00 8000.00
20170329  09:47:00 3145.00 3147.00 3144.00 3144.00 8296.00
20170329  09:48:00 3145.00 3146.00 3144.00 3146.00 4960.00
20170329  09:49:00 3146.00 3146.00 3142.00 3143.00 6862.00
20170329  09:50:00 3143.00 3144.00 3141.00 3143.00 4550.00
20170329  09:51:00 3143.00 3145.00 3143.00 3145.00 4390.00
20170329  09:52:00 3145.00 3146.00 3142.00 3142.00 3400.00
20170329  09:53:00 3142.00 3142.00 3139.00 3140.00 6486.00
20170329  09:54:00 3139.00 3142.00 3139.00 3140.00 3116.00
20170329  09:55:00 3139.00 3141.00 3137.00 3140.00 8250.00
20170329  09:56:00 3141.00 3143.00 3141.00 3142.00 4764.00
20170329  09:57:00 3141.00 3145.00 3141.00 3144.00 6258.00
20170329  09:58:00 3143.00 3147.00 3143.00 3145.00 7240.00
20170329  09:59:00 3145.00 3146.00 3143.00 3146.00 5038.00
20170329  10:00:00 3145.00 3147.00 3142.00 3142.00 6334.00
20170329  10:01:00 3142.00 3143.00 3140.00 3140.00 5906.00
20170329  10:02:00 3141.00 3144.00 3140.00 3142.00 2934.00
20170329  10:03:00 3142.00 3143.00 3139.00 3140.00 5754.00
20170329  10:04:00 3140.00 3142.00 3138.00 3140.00 5222.00
20170329  10:05:00 3141.00 3143.00 3140.00 3142.00 3504.00
20170329  10:06:00 3141.00 3142.00 3136.00 3137.00 7364.00
20170329  10:07:00 3137.00 3140.00 3137.00 3138.00 4710.00
20170329  10:08:00 3138.00 3140.00 3137.00 3140.00 3752.00
20170329  10:09:00 3139.00 3140.00 3135.00 3135.00 6618.00
20170329  10:10:00 3135.00 3136.00 3133.00 3133.00 11136.00
20170329  10:11:00 3133.00 3134.00 3132.00 3132.00 10078.00
20170329  10:12:00 3132.00 3134.00 3131.00 3133.00 8400.00
20170329  10:13:00 3133.00 3134.00 3131.00 3131.00 7790.00
20170329  10:14:00 3131.00 3135.00 3130.00 3131.00 8146.00
20170329  10:30:00 3131.00 3133.00 3130.00 3130.00 8984.00
20170329  10:31:00 3131.00 3131.00 3123.00 3126.00 27758.00
20170329  10:32:00 3125.00 3125.00 3123.00 3124.00 11772.00
20170329  10:33:00 3124.00 3124.00 3121.00 3124.00 19000.00
20170329  10:34:00 3124.00 3126.00 3123.00 3125.00 14662.00
20170329  10:35:00 3124.00 3125.00 3118.00 3122.00 29748.00
20170329  10:36:00 3122.00 3122.00 3119.00 3120.00 13914.00
20170329  10:37:00 3120.00 3124.00 3119.00 3124.00 9016.00
20170329  10:38:00 3123.00 3124.00 3122.00 3122.00 8134.00
20170329  10:39:00 3123.00 3127.00 3122.00 3124.00 13542.00
20170329  10:40:00 3124.00 3130.00 3123.00 3129.00 14794.00
20170329  10:41:00 3129.00 3129.00 3126.00 3126.00 6660.00
20170329  10:42:00 3127.00 3127.00 3125.00 3126.00 4296.00
20170329  10:43:00 3126.00 3127.00 3125.00 3126.00 4338.00
20170329  10:44:00 3126.00 3126.00 3122.00 3124.00 7184.00
20170329  10:45:00 3124.00 3125.00 3123.00 3123.00 5250.00
20170329  10:46:00 3123.00 3124.00 3120.00 3124.00 11870.00
20170329  10:47:00 3123.00 3123.00 3115.00 3117.00 23366.00
20170329  10:48:00 3116.00 3119.00 3115.00 3119.00 18950.00
20170329  10:49:00 3118.00 3121.00 3113.00 3113.00 14560.00
20170329  10:50:00 3112.00 3116.00 3111.00 3114.00 34026.00
20170329  10:51:00 3114.00 3118.00 3112.00 3117.00 14488.00
20170329  10:52:00 3117.00 3118.00 3113.00 3115.00 12184.00
20170329  10:53:00 3114.00 3114.00 3111.00 3111.00 17948.00
20170329  10:54:00 3110.00 3113.00 3109.00 3111.00 16830.00
20170329  10:55:00 3111.00 3115.00 3109.00 3113.00 9272.00
20170329  10:56:00 3113.00 3114.00 3110.00 3112.00 11968.00
20170329  10:57:00 3112.00 3115.00 3110.00 3113.00 7244.00
20170329  10:58:00 3114.00 3116.00 3113.00 3116.00 12484.00
20170329  10:59:00 3116.00 3116.00 3112.00 3112.00 6438.00
20170329  11:00:00 3112.00 3117.00 3111.00 3116.00 16290.00
20170329  11:01:00 3117.00 3117.00 3115.00 3116.00 4666.00
20170329  11:02:00 3116.00 3117.00 3115.00 3116.00 5144.00
20170329  11:03:00 3117.00 3120.00 3117.00 3119.00 7308.00
20170329  11:04:00 3119.00 3122.00 3119.00 3120.00 15250.00
20170329  11:05:00 3120.00 3122.00 3119.00 3121.00 5968.00
20170329  11:06:00 3122.00 3125.00 3121.00 3124.00 12210.00
20170329  11:07:00 3124.00 3125.00 3121.00 3122.00 12012.00
20170329  11:08:00 3122.00 3122.00 3117.00 3119.00 8562.00
20170329  11:09:00 3120.00 3120.00 3116.00 3116.00 8146.00
20170329  11:10:00 3116.00 3119.00 3116.00 3117.00 6184.00
20170329  11:11:00 3116.00 3120.00 3116.00 3120.00 5134.00
20170329  11:12:00 3120.00 3124.00 3120.00 3124.00 7532.00
20170329  11:13:00 3124.00 3126.00 3122.00 3123.00 10014.00
20170329  11:14:00 3124.00 3125.00 3122.00 3124.00 4040.00
20170329  11:15:00 3123.00 3131.00 3123.00 3129.00 25646.00
20170329  11:16:00 3130.00 3134.00 3128.00 3133.00 22916.00
20170329  11:17:00 3133.00 3134.00 3128.00 3131.00 17494.00
20170329  11:18:00 3131.00 3132.00 3129.00 3130.00 5940.00
20170329  11:19:00 3129.00 3132.00 3129.00 3132.00 3880.00
20170329  11:20:00 3131.00 3132.00 3127.00 3129.00 6640.00
20170329  11:21:00 3129.00 3130.00 3125.00 3125.00 6384.00
20170329  11:22:00 3125.00 3127.00 3124.00 3126.00 8172.00
20170329  11:23:00 3125.00 3127.00 3125.00 3126.00 2618.00
20170329  11:24:00 3126.00 3126.00 3124.00 3124.00 5042.00
20170329  11:25:00 3124.00 3128.00 3123.00 3128.00 7102.00
20170329  11:26:00 3128.00 3136.00 3126.00 3135.00 15288.00
20170329  11:27:00 3135.00 3144.00 3134.00 3142.00 36404.00
20170329  11:28:00 3143.00 3151.00 3143.00 3148.00 53824.00
20170329  11:29:00 3148.00 3152.00 3147.00 3151.00 41864.00
20170329  13:30:00 3152.00 3154.00 3146.00 3147.00 30280.00
20170329  13:31:00 3147.00 3149.00 3144.00 3144.00 15746.00
20170329  13:32:00 3144.00 3147.00 3143.00 3145.00 11866.00
20170329  13:33:00 3146.00 3146.00 3141.00 3142.00 11948.00
20170329  13:34:00 3142.00 3144.00 3141.00 3143.00 5658.00
20170329  13:35:00 3142.00 3144.00 3138.00 3140.00 12486.00
20170329  13:36:00 3141.00 3141.00 3137.00 3137.00 15488.00
20170329  13:37:00 3137.00 3140.00 3137.00 3139.00 8062.00
20170329  13:38:00 3138.00 3141.00 3136.00 3140.00 9228.00
20170329  13:39:00 3141.00 3141.00 3138.00 3140.00 5946.00
20170329  13:40:00 3140.00 3140.00 3138.00 3138.00 3300.00
20170329  13:41:00 3138.00 3139.00 3137.00 3137.00 2656.00
20170329  13:42:00 3137.00 3140.00 3137.00 3140.00 5476.00
20170329  13:43:00 3140.00 3144.00 3140.00 3144.00 8658.00
20170329  13:44:00 3144.00 3144.00 3141.00 3142.00 7442.00
20170329  13:45:00 3142.00 3146.00 3142.00 3145.00 12070.00
20170329  13:46:00 3145.00 3146.00 3140.00 3141.00 7830.00
20170329  13:47:00 3141.00 3143.00 3141.00 3142.00 4296.00
20170329  13:48:00 3142.00 3143.00 3136.00 3137.00 14426.00
20170329  13:49:00 3136.00 3138.00 3133.00 3135.00 18400.00
20170329  13:50:00 3135.00 3135.00 3132.00 3135.00 12136.00
20170329  13:51:00 3134.00 3137.00 3134.00 3136.00 6440.00
20170329  13:52:00 3137.00 3138.00 3136.00 3138.00 5700.00
20170329  13:53:00 3138.00 3138.00 3136.00 3136.00 5188.00
20170329  13:54:00 3137.00 3140.00 3136.00 3140.00 5504.00
20170329  13:55:00 3139.00 3139.00 3136.00 3138.00 5462.00
20170329  13:56:00 3138.00 3138.00 3136.00 3137.00 2644.00
20170329  13:57:00 3137.00 3142.00 3136.00 3142.00 9870.00
20170329  13:58:00 3141.00 3149.00 3141.00 3147.00 19370.00
20170329  13:59:00 3146.00 3152.00 3146.00 3151.00 24712.00
20170329  14:00:00 3150.00 3152.00 3148.00 3149.00 14984.00
20170329  14:01:00 3149.00 3149.00 3146.00 3147.00 10902.00
20170329  14:02:00 3147.00 3150.00 3146.00 3148.00 8666.00
20170329  14:03:00 3149.00 3151.00 3145.00 3145.00 13644.00
20170329  14:04:00 3145.00 3150.00 3145.00 3150.00 11406.00
20170329  14:05:00 3150.00 3157.00 3150.00 3153.00 32796.00
20170329  14:06:00 3154.00 3156.00 3152.00 3152.00 11554.00
20170329  14:07:00 3153.00 3155.00 3152.00 3152.00 8602.00
20170329  14:08:00 3153.00 3153.00 3147.00 3147.00 14270.00
20170329  14:09:00 3146.00 3146.00 3143.00 3146.00 14380.00
20170329  14:10:00 3146.00 3147.00 3140.00 3141.00 15802.00
20170329  14:11:00 3140.00 3144.00 3140.00 3142.00 7254.00
20170329  14:12:00 3142.00 3144.00 3141.00 3144.00 4440.00
20170329  14:13:00 3144.00 3144.00 3140.00 3143.00 8110.00
20170329  14:14:00 3143.00 3147.00 3143.00 3146.00 10318.00
20170329  14:15:00 3146.00 3147.00 3144.00 3145.00 5440.00
20170329  14:16:00 3145.00 3147.00 3145.00 3146.00 5282.00
20170329  14:17:00 3146.00 3155.00 3145.00 3155.00 15438.00
20170329  14:18:00 3154.00 3156.00 3148.00 3148.00 17364.00
20170329  14:19:00 3149.00 3151.00 3147.00 3150.00 7974.00
20170329  14:20:00 3149.00 3150.00 3145.00 3148.00 8236.00
20170329  14:21:00 3149.00 3152.00 3147.00 3151.00 7322.00
20170329  14:22:00 3150.00 3156.00 3150.00 3152.00 15582.00
20170329  14:23:00 3153.00 3155.00 3151.00 3152.00 7562.00
20170329  14:24:00 3152.00 3153.00 3148.00 3149.00 7728.00
20170329  14:25:00 3149.00 3151.00 3148.00 3149.00 4984.00
20170329  14:26:00 3149.00 3154.00 3149.00 3152.00 5738.00
20170329  14:27:00 3152.00 3155.00 3151.00 3153.00 9640.00
20170329  14:28:00 3153.00 3154.00 3147.00 3147.00 9898.00
20170329  14:29:00 3147.00 3155.00 3147.00 3155.00 8664.00
20170329  14:30:00 3154.00 3156.00 3146.00 3146.00 15332.00
20170329  14:31:00 3146.00 3147.00 3143.00 3145.00 18254.00
20170329  14:32:00 3145.00 3145.00 3141.00 3144.00 15732.00
20170329  14:33:00 3143.00 3146.00 3142.00 3143.00 8774.00
20170329  14:34:00 3143.00 3145.00 3140.00 3144.00 16174.00
20170329  14:35:00 3144.00 3151.00 3144.00 3151.00 10722.00
20170329  14:36:00 3152.00 3158.00 3149.00 3151.00 24588.00
20170329  14:37:00 3151.00 3153.00 3148.00 3152.00 9182.00
20170329  14:38:00 3152.00 3152.00 3148.00 3152.00 4936.00
20170329  14:39:00 3151.00 3153.00 3150.00 3153.00 5738.00
20170329  14:40:00 3152.00 3153.00 3148.00 3151.00 8110.00
20170329  14:41:00 3151.00 3153.00 3150.00 3152.00 3878.00
20170329  14:42:00 3152.00 3159.00 3151.00 3156.00 24848.00
20170329  14:43:00 3156.00 3168.00 3156.00 3165.00 52460.00
20170329  14:44:00 3165.00 3170.00 3162.00 3166.00 59428.00
20170329  14:45:00 3167.00 3170.00 3159.00 3160.00 40594.00
20170329  14:46:00 3161.00 3163.00 3157.00 3162.00 17344.00
20170329  14:47:00 3162.00 3165.00 3161.00 3164.00 11182.00
20170329  14:48:00 3164.00 3169.00 3163.00 3164.00 17086.00
20170329  14:49:00 3164.00 3165.00 3158.00 3159.00 16330.00
20170329  14:50:00 3160.00 3165.00 3158.00 3165.00 11188.00
20170329  14:51:00 3164.00 3171.00 3164.00 3167.00 28902.00
20170329  14:52:00 3167.00 3171.00 3165.00 3169.00 18070.00
20170329  14:53:00 3168.00 3169.00 3164.00 3165.00 13290.00
20170329  14:54:00 3165.00 3174.00 3164.00 3173.00 33132.00
20170329  14:55:00 3172.00 3174.00 3168.00 3174.00 27348.00
20170329  14:56:00 3175.00 3175.00 3172.00 3172.00 26374.00
20170329  14:57:00 3174.00 3177.00 3172.00 3173.00 23058.00
20170329  14:58:00 3172.00 3177.00 3171.00 3174.00 32732.00
20170329  14:59:00 3174.00 3174.00 3168.00 3168.00 43406.00
20170329  15:00:00 3169.00 3169.00 3169.00 3169.00 280.00
