20170613  21:00:00 2932.00 2940.00 2932.00 2934.00 90746.00
20170613  21:01:00 2934.00 2939.00 2931.00 2937.00 47730.00
20170613  21:02:00 2937.00 2941.00 2936.00 2939.00 42590.00
20170613  21:03:00 2940.00 2942.00 2939.00 2942.00 27062.00
20170613  21:04:00 2942.00 2942.00 2937.00 2939.00 23272.00
20170613  21:05:00 2939.00 2942.00 2938.00 2940.00 21180.00
20170613  21:06:00 2941.00 2943.00 2940.00 2942.00 18390.00
20170613  21:07:00 2942.00 2945.00 2941.00 2944.00 35048.00
20170613  21:08:00 2944.00 2945.00 2943.00 2945.00 23254.00
20170613  21:09:00 2944.00 2945.00 2942.00 2942.00 21586.00
20170613  21:10:00 2943.00 2943.00 2940.00 2942.00 18344.00
20170613  21:11:00 2942.00 2943.00 2939.00 2939.00 17812.00
20170613  21:12:00 2940.00 2940.00 2937.00 2939.00 16782.00
20170613  21:13:00 2939.00 2940.00 2938.00 2940.00 15004.00
20170613  21:14:00 2941.00 2941.00 2938.00 2938.00 8176.00
20170613  21:15:00 2938.00 2940.00 2937.00 2939.00 13310.00
20170613  21:16:00 2938.00 2942.00 2937.00 2942.00 12472.00
20170613  21:17:00 2941.00 2944.00 2941.00 2943.00 16654.00
20170613  21:18:00 2942.00 2945.00 2941.00 2942.00 14894.00
20170613  21:19:00 2941.00 2944.00 2941.00 2943.00 12152.00
20170613  21:20:00 2943.00 2944.00 2942.00 2942.00 8810.00
20170613  21:21:00 2943.00 2943.00 2941.00 2942.00 9360.00
20170613  21:22:00 2941.00 2943.00 2941.00 2943.00 7894.00
20170613  21:23:00 2942.00 2944.00 2942.00 2943.00 6642.00
20170613  21:24:00 2944.00 2945.00 2943.00 2945.00 13036.00
20170613  21:25:00 2944.00 2945.00 2942.00 2943.00 12208.00
20170613  21:26:00 2943.00 2945.00 2942.00 2943.00 7344.00
20170613  21:27:00 2943.00 2945.00 2942.00 2944.00 6970.00
20170613  21:28:00 2944.00 2945.00 2942.00 2943.00 11264.00
20170613  21:29:00 2944.00 2945.00 2942.00 2942.00 13882.00
20170613  21:30:00 2942.00 2944.00 2941.00 2942.00 21542.00
20170613  21:31:00 2942.00 2943.00 2939.00 2939.00 16826.00
20170613  21:32:00 2939.00 2941.00 2938.00 2939.00 13166.00
20170613  21:33:00 2940.00 2942.00 2939.00 2941.00 8318.00
20170613  21:34:00 2942.00 2947.00 2941.00 2947.00 29782.00
20170613  21:35:00 2946.00 2948.00 2945.00 2946.00 30988.00
20170613  21:36:00 2946.00 2947.00 2946.00 2946.00 6904.00
20170613  21:37:00 2946.00 2950.00 2946.00 2949.00 29964.00
20170613  21:38:00 2949.00 2949.00 2946.00 2948.00 28674.00
20170613  21:39:00 2949.00 2950.00 2948.00 2949.00 22360.00
20170613  21:40:00 2948.00 2950.00 2947.00 2947.00 13234.00
20170613  21:41:00 2947.00 2948.00 2944.00 2944.00 20078.00
20170613  21:42:00 2945.00 2945.00 2943.00 2944.00 25876.00
20170613  21:43:00 2944.00 2945.00 2942.00 2944.00 18614.00
20170613  21:44:00 2943.00 2945.00 2943.00 2944.00 13172.00
20170613  21:45:00 2944.00 2945.00 2942.00 2944.00 12382.00
20170613  21:46:00 2944.00 2944.00 2939.00 2941.00 37690.00
20170613  21:47:00 2940.00 2942.00 2940.00 2940.00 23862.00
20170613  21:48:00 2940.00 2943.00 2940.00 2940.00 21526.00
20170613  21:49:00 2941.00 2942.00 2939.00 2939.00 20600.00
20170613  21:50:00 2940.00 2940.00 2937.00 2938.00 24718.00
20170613  21:51:00 2938.00 2939.00 2936.00 2939.00 33974.00
20170613  21:52:00 2939.00 2942.00 2939.00 2942.00 21792.00
20170613  21:53:00 2942.00 2944.00 2942.00 2943.00 12418.00
20170613  21:54:00 2943.00 2945.00 2942.00 2943.00 19892.00
20170613  21:55:00 2944.00 2945.00 2943.00 2944.00 6700.00
20170613  21:56:00 2944.00 2944.00 2943.00 2943.00 6090.00
20170613  21:57:00 2943.00 2944.00 2941.00 2942.00 10396.00
20170613  21:58:00 2942.00 2946.00 2942.00 2946.00 14020.00
20170613  21:59:00 2945.00 2946.00 2944.00 2945.00 12824.00
20170613  22:00:00 2945.00 2951.00 2944.00 2951.00 51854.00
20170613  22:01:00 2952.00 2957.00 2951.00 2957.00 73154.00
20170613  22:02:00 2956.00 2958.00 2954.00 2957.00 58130.00
20170613  22:03:00 2957.00 2966.00 2957.00 2962.00 93754.00
20170613  22:04:00 2963.00 2965.00 2961.00 2962.00 45164.00
20170613  22:05:00 2962.00 2969.00 2962.00 2968.00 69178.00
20170613  22:06:00 2967.00 2968.00 2965.00 2967.00 34222.00
20170613  22:07:00 2966.00 2967.00 2963.00 2964.00 28060.00
20170613  22:08:00 2963.00 2965.00 2963.00 2963.00 15586.00
20170613  22:09:00 2963.00 2968.00 2963.00 2968.00 27370.00
20170613  22:10:00 2967.00 2968.00 2964.00 2966.00 24712.00
20170613  22:11:00 2967.00 2967.00 2965.00 2966.00 13186.00
20170613  22:12:00 2966.00 2980.00 2966.00 2979.00 121194.00
20170613  22:13:00 2980.00 2980.00 2975.00 2977.00 71116.00
20170613  22:14:00 2977.00 2978.00 2974.00 2975.00 35848.00
20170613  22:15:00 2975.00 2976.00 2973.00 2975.00 29588.00
20170613  22:16:00 2974.00 2975.00 2972.00 2973.00 20496.00
20170613  22:17:00 2973.00 2974.00 2972.00 2973.00 21294.00
20170613  22:18:00 2973.00 2975.00 2972.00 2973.00 25790.00
20170613  22:19:00 2973.00 2974.00 2971.00 2971.00 14970.00
20170613  22:20:00 2971.00 2973.00 2968.00 2969.00 26932.00
20170613  22:21:00 2968.00 2971.00 2967.00 2967.00 23636.00
20170613  22:22:00 2967.00 2969.00 2966.00 2968.00 19338.00
20170613  22:23:00 2969.00 2970.00 2968.00 2969.00 16248.00
20170613  22:24:00 2968.00 2970.00 2967.00 2970.00 9196.00
20170613  22:25:00 2970.00 2972.00 2969.00 2969.00 13420.00
20170613  22:26:00 2969.00 2971.00 2969.00 2969.00 9166.00
20170613  22:27:00 2969.00 2970.00 2966.00 2967.00 15448.00
20170613  22:28:00 2968.00 2970.00 2967.00 2969.00 7946.00
20170613  22:29:00 2970.00 2970.00 2969.00 2969.00 5054.00
20170613  22:30:00 2970.00 2970.00 2968.00 2970.00 7776.00
20170613  22:31:00 2969.00 2971.00 2969.00 2969.00 7144.00
20170613  22:32:00 2968.00 2969.00 2968.00 2969.00 2644.00
20170613  22:33:00 2969.00 2970.00 2968.00 2969.00 4930.00
20170613  22:34:00 2969.00 2975.00 2969.00 2973.00 28450.00
20170613  22:35:00 2973.00 2974.00 2971.00 2971.00 10624.00
20170613  22:36:00 2971.00 2973.00 2971.00 2973.00 7080.00
20170613  22:37:00 2972.00 2973.00 2972.00 2972.00 4632.00
20170613  22:38:00 2972.00 2973.00 2970.00 2970.00 7158.00
20170613  22:39:00 2970.00 2971.00 2969.00 2969.00 6740.00
20170613  22:40:00 2969.00 2969.00 2968.00 2968.00 6410.00
20170613  22:41:00 2969.00 2972.00 2968.00 2972.00 9730.00
20170613  22:42:00 2971.00 2972.00 2970.00 2971.00 5094.00
20170613  22:43:00 2971.00 2971.00 2970.00 2971.00 6368.00
20170613  22:44:00 2971.00 2972.00 2968.00 2969.00 9710.00
20170613  22:45:00 2968.00 2970.00 2967.00 2967.00 9474.00
20170613  22:46:00 2967.00 2969.00 2967.00 2968.00 5432.00
20170613  22:47:00 2968.00 2969.00 2968.00 2968.00 4536.00
20170613  22:48:00 2968.00 2969.00 2968.00 2969.00 3104.00
20170613  22:49:00 2968.00 2970.00 2968.00 2969.00 3932.00
20170613  22:50:00 2969.00 2972.00 2969.00 2971.00 10092.00
20170613  22:51:00 2971.00 2974.00 2971.00 2972.00 20690.00
20170613  22:52:00 2972.00 2972.00 2969.00 2971.00 11316.00
20170613  22:53:00 2971.00 2972.00 2970.00 2971.00 4620.00
20170613  22:54:00 2971.00 2973.00 2971.00 2973.00 4780.00
20170613  22:55:00 2973.00 2974.00 2972.00 2973.00 14274.00
20170613  22:56:00 2973.00 2974.00 2972.00 2973.00 14636.00
20170613  22:57:00 2973.00 2974.00 2972.00 2973.00 14436.00
20170613  22:58:00 2973.00 2973.00 2968.00 2970.00 31342.00
20170613  22:59:00 2970.00 2970.00 2968.00 2969.00 35972.00
20170613  23:00:00 2968.00 2968.00 2968.00 2968.00 1096.00
20170614  09:00:00 2968.00 2971.00 2966.00 2970.00 42476.00
20170614  09:01:00 2970.00 2970.00 2963.00 2965.00 36358.00
20170614  09:02:00 2964.00 2966.00 2962.00 2963.00 24586.00
20170614  09:03:00 2962.00 2964.00 2961.00 2964.00 21018.00
20170614  09:04:00 2964.00 2964.00 2959.00 2960.00 25310.00
20170614  09:05:00 2960.00 2962.00 2958.00 2961.00 20374.00
20170614  09:06:00 2961.00 2962.00 2959.00 2960.00 14358.00
20170614  09:07:00 2960.00 2963.00 2959.00 2963.00 14988.00
20170614  09:08:00 2963.00 2965.00 2962.00 2963.00 18712.00
20170614  09:09:00 2963.00 2963.00 2959.00 2960.00 13630.00
20170614  09:10:00 2960.00 2961.00 2959.00 2959.00 18424.00
20170614  09:11:00 2959.00 2961.00 2958.00 2960.00 19796.00
20170614  09:12:00 2960.00 2964.00 2960.00 2964.00 11168.00
20170614  09:13:00 2963.00 2964.00 2959.00 2960.00 15384.00
20170614  09:14:00 2960.00 2960.00 2956.00 2956.00 23238.00
20170614  09:15:00 2956.00 2961.00 2956.00 2959.00 19820.00
20170614  09:16:00 2959.00 2960.00 2957.00 2959.00 10152.00
20170614  09:17:00 2958.00 2961.00 2958.00 2960.00 8894.00
20170614  09:18:00 2961.00 2964.00 2960.00 2963.00 14160.00
20170614  09:19:00 2963.00 2966.00 2963.00 2965.00 16602.00
20170614  09:20:00 2964.00 2968.00 2964.00 2966.00 22698.00
20170614  09:21:00 2966.00 2966.00 2963.00 2964.00 13244.00
20170614  09:22:00 2963.00 2964.00 2962.00 2962.00 5914.00
20170614  09:23:00 2962.00 2963.00 2961.00 2963.00 8758.00
20170614  09:24:00 2963.00 2963.00 2961.00 2961.00 4724.00
20170614  09:25:00 2962.00 2963.00 2960.00 2962.00 9944.00
20170614  09:26:00 2962.00 2963.00 2961.00 2963.00 4748.00
20170614  09:27:00 2963.00 2965.00 2961.00 2961.00 5998.00
20170614  09:28:00 2962.00 2963.00 2961.00 2962.00 3096.00
20170614  09:29:00 2962.00 2963.00 2960.00 2961.00 8392.00
20170614  09:30:00 2961.00 2965.00 2960.00 2964.00 8982.00
20170614  09:31:00 2965.00 2965.00 2962.00 2963.00 5758.00
20170614  09:32:00 2963.00 2967.00 2962.00 2965.00 11904.00
20170614  09:33:00 2966.00 2967.00 2962.00 2966.00 8566.00
20170614  09:34:00 2966.00 2966.00 2964.00 2965.00 4368.00
20170614  09:35:00 2965.00 2969.00 2965.00 2969.00 17224.00
20170614  09:36:00 2969.00 2969.00 2967.00 2969.00 10758.00
20170614  09:37:00 2969.00 2972.00 2969.00 2970.00 28010.00
20170614  09:38:00 2969.00 2971.00 2969.00 2969.00 6956.00
20170614  09:39:00 2969.00 2970.00 2967.00 2968.00 8796.00
20170614  09:40:00 2968.00 2970.00 2968.00 2969.00 4862.00
20170614  09:41:00 2969.00 2969.00 2968.00 2968.00 1484.00
20170614  09:42:00 2969.00 2970.00 2968.00 2970.00 5132.00
20170614  09:43:00 2970.00 2971.00 2967.00 2967.00 10764.00
20170614  09:44:00 2967.00 2968.00 2966.00 2968.00 4914.00
20170614  09:45:00 2967.00 2968.00 2967.00 2967.00 2484.00
20170614  09:46:00 2967.00 2968.00 2967.00 2967.00 3214.00
20170614  09:47:00 2968.00 2968.00 2966.00 2966.00 3892.00
20170614  09:48:00 2966.00 2967.00 2965.00 2965.00 5948.00
20170614  09:49:00 2965.00 2965.00 2964.00 2964.00 7442.00
20170614  09:50:00 2965.00 2967.00 2964.00 2967.00 5570.00
20170614  09:51:00 2967.00 2970.00 2966.00 2969.00 6882.00
20170614  09:52:00 2970.00 2970.00 2967.00 2968.00 7318.00
20170614  09:53:00 2969.00 2969.00 2967.00 2968.00 2300.00
20170614  09:54:00 2968.00 2969.00 2966.00 2966.00 2994.00
20170614  09:55:00 2966.00 2967.00 2964.00 2965.00 5942.00
20170614  09:56:00 2964.00 2965.00 2964.00 2964.00 3796.00
20170614  09:57:00 2964.00 2967.00 2964.00 2967.00 4860.00
20170614  09:58:00 2967.00 2967.00 2965.00 2965.00 3008.00
20170614  09:59:00 2965.00 2965.00 2964.00 2964.00 5296.00
20170614  10:00:00 2964.00 2964.00 2959.00 2959.00 31534.00
20170614  10:01:00 2959.00 2962.00 2959.00 2962.00 10316.00
20170614  10:02:00 2962.00 2962.00 2959.00 2959.00 12532.00
20170614  10:03:00 2959.00 2967.00 2959.00 2966.00 18226.00
20170614  10:04:00 2967.00 2977.00 2966.00 2974.00 64738.00
20170614  10:05:00 2975.00 2976.00 2972.00 2975.00 23616.00
20170614  10:06:00 2975.00 2976.00 2972.00 2975.00 21528.00
20170614  10:07:00 2975.00 2975.00 2971.00 2973.00 11438.00
20170614  10:08:00 2974.00 2976.00 2973.00 2975.00 12602.00
20170614  10:09:00 2975.00 2975.00 2970.00 2971.00 10916.00
20170614  10:10:00 2971.00 2972.00 2970.00 2970.00 7216.00
20170614  10:11:00 2971.00 2971.00 2969.00 2969.00 10686.00
20170614  10:12:00 2970.00 2971.00 2969.00 2969.00 7954.00
20170614  10:13:00 2970.00 2973.00 2969.00 2971.00 5290.00
20170614  10:14:00 2972.00 2972.00 2969.00 2970.00 6484.00
20170614  10:30:00 2970.00 2971.00 2968.00 2969.00 7256.00
20170614  10:31:00 2968.00 2970.00 2965.00 2969.00 19326.00
20170614  10:32:00 2969.00 2971.00 2968.00 2971.00 7538.00
20170614  10:33:00 2971.00 2972.00 2966.00 2967.00 10938.00
20170614  10:34:00 2967.00 2968.00 2962.00 2964.00 24320.00
20170614  10:35:00 2964.00 2965.00 2963.00 2964.00 8814.00
20170614  10:36:00 2963.00 2964.00 2961.00 2961.00 15132.00
20170614  10:37:00 2962.00 2964.00 2961.00 2964.00 5362.00
20170614  10:38:00 2964.00 2964.00 2961.00 2963.00 7284.00
20170614  10:39:00 2963.00 2965.00 2962.00 2964.00 6004.00
20170614  10:40:00 2963.00 2964.00 2963.00 2963.00 2134.00
20170614  10:41:00 2963.00 2965.00 2962.00 2964.00 4828.00
20170614  10:42:00 2964.00 2965.00 2963.00 2965.00 3896.00
20170614  10:43:00 2965.00 2966.00 2964.00 2965.00 5156.00
20170614  10:44:00 2964.00 2964.00 2962.00 2963.00 12140.00
20170614  10:45:00 2964.00 2968.00 2963.00 2968.00 11324.00
20170614  10:46:00 2967.00 2968.00 2964.00 2964.00 7834.00
20170614  10:47:00 2964.00 2968.00 2964.00 2967.00 6614.00
20170614  10:48:00 2967.00 2968.00 2966.00 2968.00 4064.00
20170614  10:49:00 2967.00 2969.00 2967.00 2969.00 3786.00
20170614  10:50:00 2970.00 2970.00 2967.00 2968.00 8126.00
20170614  10:51:00 2967.00 2968.00 2963.00 2964.00 7438.00
20170614  10:52:00 2965.00 2968.00 2964.00 2968.00 4782.00
20170614  10:53:00 2968.00 2969.00 2965.00 2966.00 5662.00
20170614  10:54:00 2966.00 2970.00 2966.00 2970.00 10004.00
20170614  10:55:00 2970.00 2971.00 2967.00 2968.00 8854.00
20170614  10:56:00 2968.00 2971.00 2968.00 2970.00 9074.00
20170614  10:57:00 2971.00 2971.00 2967.00 2971.00 9778.00
20170614  10:58:00 2971.00 2973.00 2970.00 2973.00 13654.00
20170614  10:59:00 2972.00 2973.00 2969.00 2972.00 14916.00
20170614  11:00:00 2971.00 2975.00 2969.00 2971.00 28546.00
20170614  11:01:00 2970.00 2974.00 2970.00 2973.00 11806.00
20170614  11:02:00 2973.00 2979.00 2973.00 2978.00 37404.00
20170614  11:03:00 2979.00 2979.00 2974.00 2975.00 22970.00
20170614  11:04:00 2975.00 2988.00 2975.00 2986.00 113740.00
20170614  11:05:00 2986.00 2988.00 2983.00 2985.00 35302.00
20170614  11:06:00 2984.00 2989.00 2984.00 2986.00 39010.00
20170614  11:07:00 2985.00 2986.00 2982.00 2982.00 23804.00
20170614  11:08:00 2982.00 2982.00 2969.00 2974.00 63788.00
20170614  11:09:00 2974.00 2976.00 2973.00 2975.00 19716.00
20170614  11:10:00 2974.00 2975.00 2972.00 2974.00 14058.00
20170614  11:11:00 2974.00 2979.00 2974.00 2976.00 15882.00
20170614  11:12:00 2976.00 2977.00 2974.00 2977.00 8820.00
20170614  11:13:00 2977.00 2980.00 2976.00 2978.00 16474.00
20170614  11:14:00 2979.00 2981.00 2977.00 2980.00 17820.00
20170614  11:15:00 2980.00 2986.00 2980.00 2986.00 42336.00
20170614  11:16:00 2986.00 2987.00 2982.00 2987.00 31928.00
20170614  11:17:00 2987.00 2994.00 2986.00 2993.00 81874.00
20170614  11:18:00 2993.00 2993.00 2988.00 2990.00 52092.00
20170614  11:19:00 2990.00 2991.00 2986.00 2988.00 25886.00
20170614  11:20:00 2988.00 2990.00 2984.00 2985.00 23492.00
20170614  11:21:00 2985.00 2993.00 2985.00 2990.00 26984.00
20170614  11:22:00 2989.00 2992.00 2988.00 2991.00 15844.00
20170614  11:23:00 2991.00 2996.00 2990.00 2995.00 42912.00
20170614  11:24:00 2995.00 2997.00 2991.00 2993.00 42552.00
20170614  11:25:00 2993.00 2998.00 2993.00 2998.00 54916.00
20170614  11:26:00 2999.00 3009.00 2999.00 3002.00 116468.00
20170614  11:27:00 3002.00 3004.00 2997.00 3001.00 52258.00
20170614  11:28:00 3000.00 3014.00 3000.00 3009.00 83726.00
20170614  11:29:00 3010.00 3015.00 3010.00 3014.00 80774.00
20170614  13:30:00 3012.00 3016.00 3007.00 3011.00 92648.00
20170614  13:31:00 3011.00 3016.00 3010.00 3016.00 40270.00
20170614  13:32:00 3015.00 3019.00 3013.00 3013.00 60238.00
20170614  13:33:00 3014.00 3016.00 3013.00 3014.00 19704.00
20170614  13:34:00 3015.00 3015.00 3011.00 3014.00 23902.00
20170614  13:35:00 3013.00 3014.00 3009.00 3010.00 31208.00
20170614  13:36:00 3010.00 3010.00 3007.00 3008.00 41488.00
20170614  13:37:00 3008.00 3012.00 3008.00 3011.00 21554.00
20170614  13:38:00 3011.00 3012.00 3009.00 3009.00 14564.00
20170614  13:39:00 3009.00 3013.00 3009.00 3013.00 16382.00
20170614  13:40:00 3013.00 3014.00 3012.00 3012.00 11196.00
20170614  13:41:00 3012.00 3014.00 3011.00 3013.00 16204.00
20170614  13:42:00 3014.00 3020.00 3013.00 3016.00 52340.00
20170614  13:43:00 3016.00 3021.00 3016.00 3020.00 34778.00
20170614  13:44:00 3020.00 3023.00 3020.00 3021.00 44642.00
20170614  13:45:00 3022.00 3025.00 3019.00 3022.00 41326.00
20170614  13:46:00 3023.00 3029.00 3018.00 3027.00 67508.00
20170614  13:47:00 3027.00 3029.00 3023.00 3025.00 38550.00
20170614  13:48:00 3025.00 3025.00 3023.00 3023.00 17836.00
20170614  13:49:00 3023.00 3025.00 3022.00 3025.00 17732.00
20170614  13:50:00 3024.00 3028.00 3024.00 3025.00 22726.00
20170614  13:51:00 3025.00 3025.00 3020.00 3020.00 20016.00
20170614  13:52:00 3020.00 3022.00 3020.00 3022.00 16976.00
20170614  13:53:00 3021.00 3022.00 3019.00 3020.00 20916.00
20170614  13:54:00 3021.00 3021.00 3018.00 3021.00 28936.00
20170614  13:55:00 3020.00 3023.00 3020.00 3023.00 15534.00
20170614  13:56:00 3022.00 3024.00 3021.00 3021.00 17970.00
20170614  13:57:00 3020.00 3021.00 3017.00 3017.00 25376.00
20170614  13:58:00 3017.00 3024.00 3017.00 3024.00 27184.00
20170614  13:59:00 3024.00 3027.00 3023.00 3026.00 43148.00
20170614  14:00:00 3025.00 3027.00 3023.00 3025.00 32388.00
20170614  14:01:00 3024.00 3025.00 3022.00 3025.00 10652.00
20170614  14:02:00 3024.00 3025.00 3023.00 3024.00 12582.00
20170614  14:03:00 3023.00 3024.00 3019.00 3020.00 18812.00
20170614  14:04:00 3021.00 3021.00 3018.00 3018.00 17016.00
20170614  14:05:00 3018.00 3019.00 3017.00 3019.00 19284.00
20170614  14:06:00 3018.00 3019.00 3016.00 3019.00 19932.00
20170614  14:07:00 3018.00 3019.00 3016.00 3016.00 9846.00
20170614  14:08:00 3017.00 3018.00 3015.00 3017.00 20438.00
20170614  14:09:00 3017.00 3018.00 3016.00 3018.00 12778.00
20170614  14:10:00 3018.00 3019.00 3018.00 3019.00 7272.00
20170614  14:11:00 3018.00 3019.00 3018.00 3019.00 5360.00
20170614  14:12:00 3019.00 3020.00 3018.00 3020.00 8418.00
20170614  14:13:00 3020.00 3020.00 3016.00 3016.00 15680.00
20170614  14:14:00 3016.00 3020.00 3014.00 3019.00 30148.00
20170614  14:15:00 3019.00 3022.00 3019.00 3022.00 24750.00
20170614  14:16:00 3021.00 3022.00 3020.00 3022.00 11244.00
20170614  14:17:00 3022.00 3026.00 3021.00 3025.00 32564.00
20170614  14:18:00 3026.00 3028.00 3024.00 3024.00 24364.00
20170614  14:19:00 3024.00 3026.00 3023.00 3025.00 14978.00
20170614  14:20:00 3025.00 3026.00 3020.00 3021.00 21550.00
20170614  14:21:00 3020.00 3026.00 3020.00 3025.00 20358.00
20170614  14:22:00 3025.00 3028.00 3024.00 3028.00 28896.00
20170614  14:23:00 3028.00 3028.00 3026.00 3027.00 8734.00
20170614  14:24:00 3026.00 3033.00 3026.00 3032.00 70104.00
20170614  14:25:00 3032.00 3036.00 3032.00 3035.00 68414.00
20170614  14:26:00 3034.00 3036.00 3034.00 3036.00 28626.00
20170614  14:27:00 3035.00 3041.00 3035.00 3041.00 72310.00
20170614  14:28:00 3040.00 3062.00 3038.00 3055.00 179610.00
20170614  14:29:00 3055.00 3061.00 3053.00 3058.00 148462.00
20170614  14:30:00 3058.00 3071.00 3058.00 3069.00 168124.00
20170614  14:31:00 3068.00 3068.00 3058.00 3059.00 85606.00
20170614  14:32:00 3059.00 3062.00 3058.00 3059.00 53256.00
20170614  14:33:00 3059.00 3061.00 3056.00 3060.00 44430.00
20170614  14:34:00 3059.00 3062.00 3054.00 3056.00 45286.00
20170614  14:35:00 3056.00 3060.00 3056.00 3056.00 33076.00
20170614  14:36:00 3057.00 3057.00 3054.00 3054.00 33698.00
20170614  14:37:00 3055.00 3056.00 3054.00 3056.00 26594.00
20170614  14:38:00 3056.00 3058.00 3055.00 3056.00 19588.00
20170614  14:39:00 3056.00 3057.00 3053.00 3053.00 30254.00
20170614  14:40:00 3053.00 3055.00 3052.00 3053.00 33948.00
20170614  14:41:00 3053.00 3057.00 3053.00 3057.00 27486.00
20170614  14:42:00 3057.00 3057.00 3055.00 3055.00 11440.00
20170614  14:43:00 3055.00 3059.00 3055.00 3058.00 21988.00
20170614  14:44:00 3059.00 3064.00 3058.00 3064.00 50322.00
20170614  14:45:00 3063.00 3067.00 3062.00 3067.00 49306.00
20170614  14:46:00 3066.00 3067.00 3064.00 3065.00 36042.00
20170614  14:47:00 3065.00 3068.00 3063.00 3067.00 35930.00
20170614  14:48:00 3067.00 3067.00 3063.00 3064.00 21420.00
20170614  14:49:00 3064.00 3071.00 3063.00 3069.00 60428.00
20170614  14:50:00 3069.00 3074.00 3068.00 3074.00 65516.00
20170614  14:51:00 3073.00 3078.00 3071.00 3071.00 60766.00
20170614  14:52:00 3072.00 3077.00 3072.00 3075.00 34276.00
20170614  14:53:00 3075.00 3080.00 3075.00 3079.00 48470.00
20170614  14:54:00 3080.00 3081.00 3076.00 3080.00 66442.00
20170614  14:55:00 3080.00 3081.00 3073.00 3073.00 60476.00
20170614  14:56:00 3073.00 3080.00 3071.00 3080.00 58468.00
20170614  14:57:00 3080.00 3080.00 3076.00 3079.00 40918.00
20170614  14:58:00 3078.00 3081.00 3077.00 3081.00 48078.00
20170614  14:59:00 3080.00 3086.00 3078.00 3086.00 111572.00
20170614  15:00:00 3084.00 3084.00 3084.00 3084.00 1012.00
