20170124  21:00:00 3302.00 3307.00 3301.00 3306.00 20162.00
20170124  21:01:00 3305.00 3306.00 3303.00 3305.00 10490.00
20170124  21:02:00 3304.00 3305.00 3296.00 3299.00 12364.00
20170124  21:03:00 3299.00 3303.00 3299.00 3303.00 5968.00
20170124  21:04:00 3303.00 3303.00 3293.00 3296.00 8702.00
20170124  21:05:00 3295.00 3297.00 3293.00 3297.00 5826.00
20170124  21:06:00 3297.00 3302.00 3296.00 3301.00 5266.00
20170124  21:07:00 3302.00 3303.00 3300.00 3302.00 4104.00
20170124  21:08:00 3302.00 3303.00 3301.00 3303.00 3942.00
20170124  21:09:00 3303.00 3305.00 3302.00 3303.00 5866.00
20170124  21:10:00 3303.00 3306.00 3300.00 3301.00 7480.00
20170124  21:11:00 3301.00 3301.00 3299.00 3300.00 2294.00
20170124  21:12:00 3300.00 3301.00 3293.00 3293.00 6960.00
20170124  21:13:00 3292.00 3298.00 3292.00 3297.00 3520.00
20170124  21:14:00 3297.00 3298.00 3294.00 3295.00 2486.00
20170124  21:15:00 3294.00 3295.00 3286.00 3287.00 10190.00
20170124  21:16:00 3287.00 3291.00 3287.00 3290.00 6682.00
20170124  21:17:00 3290.00 3291.00 3287.00 3288.00 4516.00
20170124  21:18:00 3287.00 3290.00 3287.00 3290.00 3552.00
20170124  21:19:00 3290.00 3292.00 3289.00 3290.00 3430.00
20170124  21:20:00 3289.00 3290.00 3285.00 3288.00 6716.00
20170124  21:21:00 3288.00 3290.00 3287.00 3288.00 3760.00
20170124  21:22:00 3289.00 3289.00 3287.00 3288.00 4802.00
20170124  21:23:00 3288.00 3293.00 3288.00 3293.00 3776.00
20170124  21:24:00 3292.00 3293.00 3290.00 3291.00 2914.00
20170124  21:25:00 3291.00 3293.00 3290.00 3292.00 1618.00
20170124  21:26:00 3291.00 3292.00 3291.00 3291.00 1258.00
20170124  21:27:00 3291.00 3293.00 3291.00 3292.00 1742.00
20170124  21:28:00 3292.00 3293.00 3290.00 3292.00 1328.00
20170124  21:29:00 3291.00 3292.00 3288.00 3288.00 2788.00
20170124  21:30:00 3288.00 3291.00 3288.00 3289.00 3024.00
20170124  21:31:00 3290.00 3295.00 3289.00 3295.00 3570.00
20170124  21:32:00 3294.00 3295.00 3289.00 3290.00 3834.00
20170124  21:33:00 3290.00 3291.00 3289.00 3290.00 2396.00
20170124  21:34:00 3290.00 3295.00 3290.00 3293.00 4614.00
20170124  21:35:00 3292.00 3293.00 3291.00 3291.00 1990.00
20170124  21:36:00 3291.00 3293.00 3291.00 3293.00 1178.00
20170124  21:37:00 3293.00 3294.00 3292.00 3293.00 702.00
20170124  21:38:00 3293.00 3293.00 3292.00 3293.00 590.00
20170124  21:39:00 3293.00 3294.00 3292.00 3293.00 1468.00
20170124  21:40:00 3292.00 3295.00 3292.00 3295.00 1772.00
20170124  21:41:00 3295.00 3299.00 3293.00 3298.00 6676.00
20170124  21:42:00 3298.00 3299.00 3296.00 3297.00 2672.00
20170124  21:43:00 3297.00 3299.00 3297.00 3299.00 1880.00
20170124  21:44:00 3299.00 3305.00 3298.00 3304.00 11664.00
20170124  21:45:00 3303.00 3305.00 3297.00 3299.00 7714.00
20170124  21:46:00 3299.00 3300.00 3298.00 3299.00 1774.00
20170124  21:47:00 3300.00 3300.00 3298.00 3298.00 2722.00
20170124  21:48:00 3298.00 3301.00 3298.00 3301.00 2062.00
20170124  21:49:00 3300.00 3302.00 3300.00 3300.00 1304.00
20170124  21:50:00 3300.00 3301.00 3298.00 3298.00 2330.00
20170124  21:51:00 3298.00 3299.00 3295.00 3296.00 4548.00
20170124  21:52:00 3296.00 3297.00 3291.00 3293.00 6484.00
20170124  21:53:00 3293.00 3295.00 3291.00 3292.00 3522.00
20170124  21:54:00 3291.00 3292.00 3287.00 3287.00 7910.00
20170124  21:55:00 3287.00 3289.00 3285.00 3286.00 8148.00
20170124  21:56:00 3286.00 3290.00 3286.00 3286.00 3636.00
20170124  21:57:00 3287.00 3287.00 3280.00 3284.00 15100.00
20170124  21:58:00 3283.00 3284.00 3276.00 3277.00 9986.00
20170124  21:59:00 3276.00 3276.00 3264.00 3265.00 46042.00
20170124  22:00:00 3265.00 3268.00 3259.00 3268.00 31016.00
20170124  22:01:00 3268.00 3272.00 3264.00 3271.00 12014.00
20170124  22:02:00 3271.00 3273.00 3268.00 3270.00 8986.00
20170124  22:03:00 3269.00 3271.00 3266.00 3270.00 4702.00
20170124  22:04:00 3271.00 3275.00 3270.00 3273.00 8972.00
20170124  22:05:00 3273.00 3275.00 3272.00 3273.00 5014.00
20170124  22:06:00 3272.00 3273.00 3269.00 3271.00 6470.00
20170124  22:07:00 3271.00 3272.00 3270.00 3272.00 3336.00
20170124  22:08:00 3272.00 3276.00 3271.00 3276.00 3932.00
20170124  22:09:00 3276.00 3276.00 3271.00 3271.00 4666.00
20170124  22:10:00 3271.00 3272.00 3270.00 3272.00 4786.00
20170124  22:11:00 3271.00 3274.00 3270.00 3274.00 2580.00
20170124  22:12:00 3274.00 3274.00 3268.00 3271.00 6700.00
20170124  22:13:00 3271.00 3271.00 3265.00 3269.00 8860.00
20170124  22:14:00 3268.00 3271.00 3268.00 3271.00 3312.00
20170124  22:15:00 3270.00 3270.00 3268.00 3269.00 3954.00
20170124  22:16:00 3269.00 3270.00 3268.00 3270.00 2700.00
20170124  22:17:00 3270.00 3270.00 3268.00 3269.00 2244.00
20170124  22:18:00 3269.00 3270.00 3268.00 3269.00 2336.00
20170124  22:19:00 3269.00 3273.00 3268.00 3273.00 6192.00
20170124  22:20:00 3273.00 3275.00 3273.00 3275.00 4686.00
20170124  22:21:00 3276.00 3278.00 3274.00 3275.00 6964.00
20170124  22:22:00 3275.00 3275.00 3272.00 3273.00 2736.00
20170124  22:23:00 3273.00 3273.00 3271.00 3272.00 1840.00
20170124  22:24:00 3272.00 3273.00 3272.00 3273.00 2580.00
20170124  22:25:00 3272.00 3273.00 3266.00 3267.00 7598.00
20170124  22:26:00 3267.00 3269.00 3266.00 3267.00 4110.00
20170124  22:27:00 3266.00 3272.00 3265.00 3271.00 4644.00
20170124  22:28:00 3272.00 3272.00 3270.00 3271.00 1908.00
20170124  22:29:00 3271.00 3277.00 3271.00 3275.00 5844.00
20170124  22:30:00 3275.00 3275.00 3271.00 3272.00 3672.00
20170124  22:31:00 3272.00 3273.00 3270.00 3273.00 2046.00
20170124  22:32:00 3272.00 3277.00 3272.00 3277.00 3488.00
20170124  22:33:00 3278.00 3278.00 3271.00 3275.00 5420.00
20170124  22:34:00 3273.00 3285.00 3273.00 3281.00 17354.00
20170124  22:35:00 3281.00 3283.00 3278.00 3280.00 8978.00
20170124  22:36:00 3281.00 3281.00 3278.00 3279.00 3436.00
20170124  22:37:00 3280.00 3282.00 3280.00 3282.00 3458.00
20170124  22:38:00 3281.00 3285.00 3281.00 3283.00 4962.00
20170124  22:39:00 3283.00 3284.00 3278.00 3281.00 3704.00
20170124  22:40:00 3281.00 3282.00 3278.00 3278.00 3532.00
20170124  22:41:00 3278.00 3280.00 3273.00 3274.00 5080.00
20170124  22:42:00 3274.00 3277.00 3270.00 3270.00 4600.00
20170124  22:43:00 3270.00 3272.00 3266.00 3272.00 10984.00
20170124  22:44:00 3272.00 3273.00 3259.00 3259.00 16924.00
20170124  22:45:00 3258.00 3266.00 3255.00 3264.00 17130.00
20170124  22:46:00 3264.00 3265.00 3262.00 3265.00 4596.00
20170124  22:47:00 3265.00 3267.00 3264.00 3265.00 3316.00
20170124  22:48:00 3266.00 3269.00 3265.00 3269.00 5748.00
20170124  22:49:00 3269.00 3272.00 3265.00 3266.00 5000.00
20170124  22:50:00 3267.00 3269.00 3265.00 3268.00 3926.00
20170124  22:51:00 3268.00 3271.00 3268.00 3270.00 3334.00
20170124  22:52:00 3270.00 3270.00 3265.00 3265.00 2948.00
20170124  22:53:00 3266.00 3270.00 3263.00 3269.00 2636.00
20170124  22:54:00 3269.00 3274.00 3269.00 3272.00 4636.00
20170124  22:55:00 3272.00 3279.00 3269.00 3279.00 6938.00
20170124  22:56:00 3278.00 3279.00 3272.00 3273.00 5266.00
20170124  22:57:00 3272.00 3276.00 3271.00 3275.00 2564.00
20170124  22:58:00 3275.00 3279.00 3273.00 3279.00 5324.00
20170124  22:59:00 3279.00 3282.00 3277.00 3281.00 12376.00
20170124  23:00:00 3281.00 3281.00 3281.00 3281.00 150.00
20170125  09:00:00 3278.00 3287.00 3278.00 3284.00 15242.00
20170125  09:01:00 3285.00 3287.00 3281.00 3281.00 7240.00
20170125  09:02:00 3280.00 3285.00 3280.00 3285.00 4258.00
20170125  09:03:00 3284.00 3288.00 3284.00 3288.00 3926.00
20170125  09:04:00 3287.00 3288.00 3282.00 3284.00 3246.00
20170125  09:05:00 3284.00 3284.00 3277.00 3277.00 6444.00
20170125  09:06:00 3277.00 3283.00 3277.00 3279.00 4554.00
20170125  09:07:00 3279.00 3280.00 3278.00 3278.00 1422.00
20170125  09:08:00 3278.00 3278.00 3275.00 3278.00 3444.00
20170125  09:09:00 3278.00 3280.00 3274.00 3277.00 4532.00
20170125  09:10:00 3277.00 3277.00 3268.00 3270.00 9510.00
20170125  09:11:00 3270.00 3274.00 3268.00 3273.00 6590.00
20170125  09:12:00 3274.00 3274.00 3267.00 3268.00 5634.00
20170125  09:13:00 3269.00 3270.00 3266.00 3267.00 4558.00
20170125  09:14:00 3267.00 3270.00 3263.00 3267.00 7792.00
20170125  09:15:00 3267.00 3270.00 3265.00 3269.00 5764.00
20170125  09:16:00 3269.00 3269.00 3267.00 3269.00 1664.00
20170125  09:17:00 3269.00 3273.00 3268.00 3272.00 3184.00
20170125  09:18:00 3272.00 3272.00 3270.00 3271.00 1458.00
20170125  09:19:00 3271.00 3271.00 3266.00 3267.00 2198.00
20170125  09:20:00 3267.00 3269.00 3265.00 3269.00 2036.00
20170125  09:21:00 3269.00 3270.00 3267.00 3269.00 1200.00
20170125  09:22:00 3269.00 3270.00 3266.00 3266.00 1524.00
20170125  09:23:00 3268.00 3269.00 3266.00 3269.00 1074.00
20170125  09:24:00 3269.00 3269.00 3268.00 3269.00 1100.00
20170125  09:25:00 3269.00 3273.00 3269.00 3272.00 2494.00
20170125  09:26:00 3272.00 3272.00 3270.00 3272.00 938.00
20170125  09:27:00 3272.00 3274.00 3270.00 3273.00 2080.00
20170125  09:28:00 3272.00 3275.00 3272.00 3274.00 2954.00
20170125  09:29:00 3273.00 3278.00 3273.00 3277.00 6442.00
20170125  09:30:00 3277.00 3277.00 3273.00 3273.00 3632.00
20170125  09:31:00 3273.00 3275.00 3272.00 3272.00 1520.00
20170125  09:32:00 3273.00 3273.00 3269.00 3271.00 1600.00
20170125  09:33:00 3270.00 3272.00 3269.00 3271.00 1376.00
20170125  09:34:00 3271.00 3272.00 3270.00 3270.00 1110.00
20170125  09:35:00 3271.00 3271.00 3267.00 3267.00 2556.00
20170125  09:36:00 3268.00 3271.00 3266.00 3271.00 2162.00
20170125  09:37:00 3271.00 3275.00 3270.00 3273.00 2038.00
20170125  09:38:00 3273.00 3276.00 3273.00 3276.00 2948.00
20170125  09:39:00 3276.00 3282.00 3276.00 3282.00 9502.00
20170125  09:40:00 3281.00 3282.00 3276.00 3277.00 5408.00
20170125  09:41:00 3277.00 3279.00 3276.00 3278.00 1294.00
20170125  09:42:00 3278.00 3279.00 3276.00 3278.00 1396.00
20170125  09:43:00 3278.00 3280.00 3278.00 3279.00 2166.00
20170125  09:44:00 3279.00 3280.00 3277.00 3280.00 2882.00
20170125  09:45:00 3280.00 3286.00 3279.00 3286.00 10196.00
20170125  09:46:00 3286.00 3286.00 3281.00 3284.00 6122.00
20170125  09:47:00 3285.00 3286.00 3282.00 3284.00 3226.00
20170125  09:48:00 3284.00 3284.00 3280.00 3280.00 2534.00
20170125  09:49:00 3281.00 3287.00 3280.00 3287.00 5520.00
20170125  09:50:00 3287.00 3288.00 3283.00 3285.00 5124.00
20170125  09:51:00 3284.00 3285.00 3283.00 3285.00 2896.00
20170125  09:52:00 3284.00 3286.00 3283.00 3286.00 1640.00
20170125  09:53:00 3285.00 3288.00 3285.00 3288.00 4120.00
20170125  09:54:00 3288.00 3288.00 3280.00 3282.00 4868.00
20170125  09:55:00 3281.00 3284.00 3281.00 3283.00 2494.00
20170125  09:56:00 3284.00 3284.00 3281.00 3283.00 1488.00
20170125  09:57:00 3283.00 3283.00 3281.00 3283.00 2316.00
20170125  09:58:00 3283.00 3285.00 3283.00 3285.00 1198.00
20170125  09:59:00 3284.00 3294.00 3284.00 3291.00 15722.00
20170125  10:00:00 3290.00 3295.00 3288.00 3290.00 10296.00
20170125  10:01:00 3291.00 3291.00 3288.00 3288.00 3486.00
20170125  10:02:00 3287.00 3289.00 3284.00 3285.00 5396.00
20170125  10:03:00 3285.00 3289.00 3285.00 3287.00 2486.00
20170125  10:04:00 3288.00 3291.00 3287.00 3291.00 1990.00
20170125  10:05:00 3291.00 3295.00 3290.00 3293.00 5322.00
20170125  10:06:00 3293.00 3294.00 3289.00 3289.00 4174.00
20170125  10:07:00 3289.00 3295.00 3289.00 3294.00 4134.00
20170125  10:08:00 3295.00 3299.00 3294.00 3299.00 9726.00
20170125  10:09:00 3299.00 3302.00 3294.00 3301.00 13642.00
20170125  10:10:00 3301.00 3302.00 3296.00 3299.00 8336.00
20170125  10:11:00 3299.00 3307.00 3298.00 3307.00 15952.00
20170125  10:12:00 3306.00 3312.00 3306.00 3308.00 23184.00
20170125  10:13:00 3307.00 3311.00 3305.00 3307.00 10054.00
20170125  10:14:00 3306.00 3308.00 3297.00 3298.00 11692.00
20170125  10:30:00 3296.00 3302.00 3296.00 3298.00 8038.00
20170125  10:31:00 3298.00 3299.00 3295.00 3295.00 4610.00
20170125  10:32:00 3296.00 3297.00 3293.00 3294.00 5174.00
20170125  10:33:00 3294.00 3298.00 3293.00 3297.00 3268.00
20170125  10:34:00 3297.00 3300.00 3295.00 3296.00 4130.00
20170125  10:35:00 3296.00 3297.00 3291.00 3292.00 5810.00
20170125  10:36:00 3291.00 3295.00 3288.00 3292.00 12470.00
20170125  10:37:00 3292.00 3293.00 3288.00 3288.00 3444.00
20170125  10:38:00 3288.00 3294.00 3288.00 3291.00 3096.00
20170125  10:39:00 3292.00 3295.00 3290.00 3290.00 4260.00
20170125  10:40:00 3291.00 3294.00 3290.00 3294.00 4948.00
20170125  10:41:00 3294.00 3294.00 3292.00 3292.00 1248.00
20170125  10:42:00 3291.00 3294.00 3290.00 3293.00 2196.00
20170125  10:43:00 3293.00 3295.00 3293.00 3294.00 962.00
20170125  10:44:00 3295.00 3297.00 3294.00 3294.00 2314.00
20170125  10:45:00 3295.00 3296.00 3290.00 3292.00 3142.00
20170125  10:46:00 3291.00 3295.00 3291.00 3295.00 1462.00
20170125  10:47:00 3295.00 3298.00 3294.00 3297.00 2356.00
20170125  10:48:00 3297.00 3297.00 3293.00 3293.00 1442.00
20170125  10:49:00 3293.00 3295.00 3292.00 3294.00 974.00
20170125  10:50:00 3296.00 3301.00 3295.00 3300.00 3620.00
20170125  10:51:00 3300.00 3300.00 3298.00 3299.00 1618.00
20170125  10:52:00 3298.00 3300.00 3297.00 3298.00 1866.00
20170125  10:53:00 3298.00 3303.00 3297.00 3303.00 3656.00
20170125  10:54:00 3302.00 3305.00 3301.00 3302.00 6010.00
20170125  10:55:00 3303.00 3305.00 3301.00 3305.00 3396.00
20170125  10:56:00 3304.00 3305.00 3298.00 3301.00 4442.00
20170125  10:57:00 3300.00 3303.00 3299.00 3301.00 1998.00
20170125  10:58:00 3302.00 3304.00 3300.00 3303.00 2350.00
20170125  10:59:00 3303.00 3304.00 3301.00 3301.00 2278.00
20170125  11:00:00 3301.00 3308.00 3301.00 3305.00 7824.00
20170125  11:01:00 3304.00 3306.00 3299.00 3302.00 3444.00
20170125  11:02:00 3300.00 3301.00 3293.00 3295.00 7612.00
20170125  11:03:00 3294.00 3299.00 3294.00 3298.00 3524.00
20170125  11:04:00 3298.00 3302.00 3298.00 3300.00 1830.00
20170125  11:05:00 3300.00 3320.00 3300.00 3314.00 34720.00
20170125  11:06:00 3314.00 3315.00 3307.00 3313.00 8510.00
20170125  11:07:00 3313.00 3313.00 3306.00 3307.00 5778.00
20170125  11:08:00 3308.00 3310.00 3307.00 3308.00 3730.00
20170125  11:09:00 3309.00 3312.00 3293.00 3297.00 17008.00
20170125  11:10:00 3297.00 3302.00 3296.00 3299.00 7230.00
20170125  11:11:00 3299.00 3301.00 3298.00 3301.00 3742.00
20170125  11:12:00 3302.00 3304.00 3301.00 3302.00 4012.00
20170125  11:13:00 3303.00 3303.00 3298.00 3300.00 3926.00
20170125  11:14:00 3300.00 3303.00 3298.00 3301.00 2186.00
20170125  11:15:00 3301.00 3307.00 3301.00 3305.00 6054.00
20170125  11:16:00 3306.00 3309.00 3303.00 3305.00 4706.00
20170125  11:17:00 3305.00 3309.00 3304.00 3308.00 1914.00
20170125  11:18:00 3308.00 3310.00 3306.00 3310.00 2208.00
20170125  11:19:00 3310.00 3310.00 3306.00 3306.00 3378.00
20170125  11:20:00 3306.00 3307.00 3305.00 3305.00 2714.00
20170125  11:21:00 3305.00 3309.00 3304.00 3308.00 2506.00
20170125  11:22:00 3308.00 3310.00 3307.00 3309.00 2198.00
20170125  11:23:00 3308.00 3309.00 3306.00 3308.00 1590.00
20170125  11:24:00 3308.00 3311.00 3307.00 3311.00 3790.00
20170125  11:25:00 3311.00 3312.00 3308.00 3309.00 4456.00
20170125  11:26:00 3308.00 3311.00 3305.00 3306.00 3496.00
20170125  11:27:00 3307.00 3310.00 3307.00 3308.00 2244.00
20170125  11:28:00 3308.00 3308.00 3299.00 3301.00 9440.00
20170125  11:29:00 3302.00 3305.00 3301.00 3304.00 6158.00
20170125  13:30:00 3304.00 3308.00 3302.00 3303.00 8720.00
20170125  13:31:00 3303.00 3305.00 3301.00 3302.00 4300.00
20170125  13:32:00 3303.00 3304.00 3301.00 3303.00 1816.00
20170125  13:33:00 3303.00 3304.00 3300.00 3300.00 3356.00
20170125  13:34:00 3300.00 3304.00 3300.00 3303.00 3240.00
20170125  13:35:00 3302.00 3304.00 3302.00 3303.00 1538.00
20170125  13:36:00 3304.00 3304.00 3302.00 3304.00 786.00
20170125  13:37:00 3303.00 3304.00 3302.00 3302.00 902.00
20170125  13:38:00 3302.00 3303.00 3300.00 3302.00 2060.00
20170125  13:39:00 3302.00 3302.00 3300.00 3300.00 3788.00
20170125  13:40:00 3300.00 3303.00 3300.00 3301.00 6642.00
20170125  13:41:00 3302.00 3302.00 3300.00 3301.00 1584.00
20170125  13:42:00 3301.00 3301.00 3300.00 3300.00 3310.00
20170125  13:43:00 3300.00 3306.00 3300.00 3304.00 5294.00
20170125  13:44:00 3305.00 3307.00 3304.00 3307.00 2202.00
20170125  13:45:00 3307.00 3308.00 3300.00 3302.00 3426.00
20170125  13:46:00 3302.00 3303.00 3299.00 3299.00 5796.00
20170125  13:47:00 3299.00 3303.00 3299.00 3301.00 2656.00
20170125  13:48:00 3301.00 3302.00 3298.00 3298.00 11128.00
20170125  13:49:00 3298.00 3302.00 3298.00 3300.00 10348.00
20170125  13:50:00 3299.00 3301.00 3299.00 3300.00 3502.00
20170125  13:51:00 3300.00 3301.00 3299.00 3299.00 2282.00
20170125  13:52:00 3299.00 3300.00 3299.00 3300.00 2452.00
20170125  13:53:00 3299.00 3303.00 3299.00 3301.00 3634.00
20170125  13:54:00 3301.00 3301.00 3299.00 3300.00 1840.00
20170125  13:55:00 3299.00 3300.00 3298.00 3298.00 2136.00
20170125  13:56:00 3298.00 3300.00 3298.00 3299.00 1560.00
20170125  13:57:00 3299.00 3300.00 3294.00 3295.00 13566.00
20170125  13:58:00 3295.00 3301.00 3295.00 3299.00 4218.00
20170125  13:59:00 3299.00 3306.00 3299.00 3304.00 8340.00
20170125  14:00:00 3304.00 3306.00 3302.00 3303.00 5468.00
20170125  14:01:00 3303.00 3306.00 3303.00 3304.00 3212.00
20170125  14:02:00 3304.00 3306.00 3303.00 3304.00 2524.00
20170125  14:03:00 3303.00 3304.00 3302.00 3303.00 3536.00
20170125  14:04:00 3303.00 3303.00 3301.00 3302.00 1768.00
20170125  14:05:00 3303.00 3304.00 3302.00 3304.00 1358.00
20170125  14:06:00 3303.00 3305.00 3301.00 3301.00 2194.00
20170125  14:07:00 3301.00 3302.00 3298.00 3298.00 2508.00
20170125  14:08:00 3299.00 3300.00 3298.00 3299.00 2324.00
20170125  14:09:00 3298.00 3300.00 3297.00 3299.00 2434.00
20170125  14:10:00 3299.00 3299.00 3295.00 3295.00 5674.00
20170125  14:11:00 3295.00 3299.00 3295.00 3298.00 2712.00
20170125  14:12:00 3297.00 3300.00 3296.00 3298.00 2556.00
20170125  14:13:00 3298.00 3300.00 3295.00 3295.00 2532.00
20170125  14:14:00 3295.00 3295.00 3291.00 3294.00 10532.00
20170125  14:15:00 3295.00 3295.00 3290.00 3290.00 10454.00
20170125  14:16:00 3290.00 3295.00 3290.00 3295.00 4402.00
20170125  14:17:00 3295.00 3295.00 3291.00 3292.00 3260.00
20170125  14:18:00 3293.00 3295.00 3290.00 3292.00 4236.00
20170125  14:19:00 3293.00 3294.00 3291.00 3293.00 2028.00
20170125  14:20:00 3293.00 3295.00 3292.00 3295.00 2186.00
20170125  14:21:00 3295.00 3297.00 3294.00 3295.00 3024.00
20170125  14:22:00 3296.00 3296.00 3293.00 3294.00 1822.00
20170125  14:23:00 3293.00 3296.00 3293.00 3294.00 1712.00
20170125  14:24:00 3294.00 3295.00 3293.00 3293.00 868.00
20170125  14:25:00 3293.00 3293.00 3289.00 3289.00 4226.00
20170125  14:26:00 3290.00 3290.00 3280.00 3281.00 31228.00
20170125  14:27:00 3281.00 3287.00 3281.00 3283.00 10248.00
20170125  14:28:00 3282.00 3285.00 3281.00 3284.00 3956.00
20170125  14:29:00 3284.00 3284.00 3270.00 3273.00 28610.00
20170125  14:30:00 3273.00 3276.00 3269.00 3275.00 16120.00
20170125  14:31:00 3276.00 3277.00 3271.00 3272.00 6932.00
20170125  14:32:00 3271.00 3281.00 3271.00 3278.00 6498.00
20170125  14:33:00 3278.00 3282.00 3276.00 3281.00 5696.00
20170125  14:34:00 3281.00 3284.00 3279.00 3279.00 6314.00
20170125  14:35:00 3280.00 3283.00 3279.00 3281.00 3966.00
20170125  14:36:00 3282.00 3285.00 3281.00 3283.00 4108.00
20170125  14:37:00 3283.00 3283.00 3280.00 3281.00 2112.00
20170125  14:38:00 3282.00 3285.00 3281.00 3285.00 3830.00
20170125  14:39:00 3284.00 3285.00 3282.00 3283.00 3718.00
20170125  14:40:00 3284.00 3284.00 3282.00 3282.00 2302.00
20170125  14:41:00 3283.00 3283.00 3281.00 3282.00 1640.00
20170125  14:42:00 3281.00 3284.00 3280.00 3283.00 2602.00
20170125  14:43:00 3283.00 3285.00 3282.00 3285.00 2426.00
20170125  14:44:00 3284.00 3286.00 3281.00 3281.00 3522.00
20170125  14:45:00 3281.00 3283.00 3278.00 3283.00 8256.00
20170125  14:46:00 3282.00 3282.00 3280.00 3281.00 1368.00
20170125  14:47:00 3281.00 3282.00 3278.00 3282.00 2936.00
20170125  14:48:00 3282.00 3285.00 3281.00 3284.00 4792.00
20170125  14:49:00 3284.00 3285.00 3282.00 3282.00 2924.00
20170125  14:50:00 3282.00 3287.00 3282.00 3287.00 4140.00
20170125  14:51:00 3287.00 3296.00 3287.00 3294.00 12900.00
20170125  14:52:00 3296.00 3296.00 3287.00 3293.00 6462.00
20170125  14:53:00 3292.00 3295.00 3291.00 3293.00 3902.00
20170125  14:54:00 3293.00 3294.00 3286.00 3286.00 6656.00
20170125  14:55:00 3286.00 3295.00 3286.00 3294.00 6546.00
20170125  14:56:00 3294.00 3295.00 3291.00 3292.00 5298.00
20170125  14:57:00 3292.00 3298.00 3290.00 3296.00 9016.00
20170125  14:58:00 3296.00 3298.00 3291.00 3298.00 9052.00
20170125  14:59:00 3298.00 3300.00 3296.00 3299.00 17854.00
20170125  15:00:00 3299.00 3299.00 3299.00 3299.00 210.00
