20170509  21:00:00 3008.00 3014.00 3006.00 3009.00 70756.00
20170509  21:01:00 3010.00 3014.00 3010.00 3010.00 25822.00
20170509  21:02:00 3010.00 3012.00 3008.00 3010.00 21430.00
20170509  21:03:00 3011.00 3011.00 3006.00 3007.00 27572.00
20170509  21:04:00 3007.00 3009.00 3006.00 3006.00 16408.00
20170509  21:05:00 3007.00 3010.00 3005.00 3010.00 18812.00
20170509  21:06:00 3009.00 3011.00 3009.00 3010.00 19656.00
20170509  21:07:00 3010.00 3011.00 3008.00 3010.00 10136.00
20170509  21:08:00 3010.00 3010.00 3008.00 3009.00 5760.00
20170509  21:09:00 3009.00 3011.00 3008.00 3008.00 11646.00
20170509  21:10:00 3009.00 3013.00 3009.00 3012.00 16758.00
20170509  21:11:00 3012.00 3015.00 3011.00 3015.00 19696.00
20170509  21:12:00 3014.00 3015.00 3012.00 3014.00 16172.00
20170509  21:13:00 3013.00 3019.00 3013.00 3017.00 32774.00
20170509  21:14:00 3016.00 3020.00 3016.00 3019.00 34008.00
20170509  21:15:00 3019.00 3024.00 3019.00 3023.00 60102.00
20170509  21:16:00 3023.00 3023.00 3020.00 3021.00 28628.00
20170509  21:17:00 3021.00 3023.00 3019.00 3019.00 16802.00
20170509  21:18:00 3019.00 3022.00 3019.00 3022.00 15500.00
20170509  21:19:00 3022.00 3027.00 3022.00 3025.00 42010.00
20170509  21:20:00 3026.00 3046.00 3026.00 3041.00 160038.00
20170509  21:21:00 3041.00 3042.00 3038.00 3041.00 48888.00
20170509  21:22:00 3041.00 3048.00 3041.00 3044.00 62726.00
20170509  21:23:00 3045.00 3045.00 3041.00 3043.00 29346.00
20170509  21:24:00 3044.00 3052.00 3043.00 3045.00 82988.00
20170509  21:25:00 3046.00 3049.00 3044.00 3045.00 36608.00
20170509  21:26:00 3045.00 3051.00 3045.00 3051.00 38610.00
20170509  21:27:00 3051.00 3051.00 3044.00 3045.00 40778.00
20170509  21:28:00 3045.00 3047.00 3042.00 3044.00 35796.00
20170509  21:29:00 3044.00 3050.00 3043.00 3049.00 27212.00
20170509  21:30:00 3048.00 3052.00 3045.00 3045.00 55158.00
20170509  21:31:00 3045.00 3047.00 3043.00 3045.00 22460.00
20170509  21:32:00 3045.00 3047.00 3044.00 3047.00 13436.00
20170509  21:33:00 3046.00 3048.00 3046.00 3047.00 14052.00
20170509  21:34:00 3047.00 3049.00 3047.00 3049.00 16000.00
20170509  21:35:00 3049.00 3051.00 3046.00 3047.00 21602.00
20170509  21:36:00 3046.00 3047.00 3044.00 3045.00 14016.00
20170509  21:37:00 3045.00 3048.00 3045.00 3046.00 8942.00
20170509  21:38:00 3048.00 3048.00 3045.00 3046.00 8390.00
20170509  21:39:00 3046.00 3051.00 3046.00 3051.00 20018.00
20170509  21:40:00 3050.00 3050.00 3046.00 3047.00 15772.00
20170509  21:41:00 3046.00 3047.00 3042.00 3043.00 31408.00
20170509  21:42:00 3043.00 3044.00 3039.00 3039.00 41980.00
20170509  21:43:00 3039.00 3042.00 3039.00 3041.00 21254.00
20170509  21:44:00 3040.00 3041.00 3038.00 3039.00 19032.00
20170509  21:45:00 3040.00 3043.00 3039.00 3040.00 18582.00
20170509  21:46:00 3041.00 3043.00 3040.00 3042.00 8446.00
20170509  21:47:00 3042.00 3044.00 3041.00 3043.00 10790.00
20170509  21:48:00 3044.00 3046.00 3043.00 3046.00 11250.00
20170509  21:49:00 3045.00 3046.00 3044.00 3044.00 12826.00
20170509  21:50:00 3044.00 3047.00 3044.00 3047.00 14228.00
20170509  21:51:00 3046.00 3047.00 3044.00 3045.00 11570.00
20170509  21:52:00 3046.00 3046.00 3045.00 3045.00 3166.00
20170509  21:53:00 3046.00 3046.00 3044.00 3044.00 4634.00
20170509  21:54:00 3045.00 3045.00 3043.00 3044.00 6734.00
20170509  21:55:00 3044.00 3044.00 3042.00 3043.00 13126.00
20170509  21:56:00 3044.00 3048.00 3043.00 3047.00 9478.00
20170509  21:57:00 3047.00 3047.00 3044.00 3046.00 9492.00
20170509  21:58:00 3046.00 3047.00 3045.00 3046.00 15336.00
20170509  21:59:00 3046.00 3052.00 3045.00 3052.00 42168.00
20170509  22:00:00 3052.00 3056.00 3048.00 3049.00 59344.00
20170509  22:01:00 3049.00 3050.00 3046.00 3047.00 17716.00
20170509  22:02:00 3048.00 3048.00 3046.00 3047.00 10448.00
20170509  22:03:00 3047.00 3047.00 3046.00 3047.00 3406.00
20170509  22:04:00 3046.00 3048.00 3046.00 3048.00 8608.00
20170509  22:05:00 3048.00 3049.00 3046.00 3046.00 7666.00
20170509  22:06:00 3047.00 3049.00 3046.00 3049.00 8092.00
20170509  22:07:00 3049.00 3052.00 3048.00 3051.00 21186.00
20170509  22:08:00 3051.00 3052.00 3048.00 3050.00 13428.00
20170509  22:09:00 3050.00 3050.00 3048.00 3049.00 4856.00
20170509  22:10:00 3049.00 3053.00 3049.00 3051.00 20812.00
20170509  22:11:00 3052.00 3052.00 3047.00 3048.00 12834.00
20170509  22:12:00 3048.00 3049.00 3047.00 3048.00 8002.00
20170509  22:13:00 3047.00 3048.00 3046.00 3047.00 7580.00
20170509  22:14:00 3047.00 3051.00 3047.00 3050.00 14880.00
20170509  22:15:00 3050.00 3050.00 3048.00 3048.00 9868.00
20170509  22:16:00 3049.00 3051.00 3049.00 3050.00 11814.00
20170509  22:17:00 3051.00 3054.00 3049.00 3053.00 14802.00
20170509  22:18:00 3054.00 3057.00 3053.00 3053.00 38404.00
20170509  22:19:00 3053.00 3054.00 3052.00 3052.00 14932.00
20170509  22:20:00 3053.00 3056.00 3052.00 3055.00 14236.00
20170509  22:21:00 3056.00 3056.00 3053.00 3054.00 15654.00
20170509  22:22:00 3054.00 3059.00 3054.00 3056.00 27298.00
20170509  22:23:00 3056.00 3059.00 3055.00 3057.00 19964.00
20170509  22:24:00 3057.00 3064.00 3057.00 3062.00 60462.00
20170509  22:25:00 3063.00 3063.00 3059.00 3059.00 30008.00
20170509  22:26:00 3059.00 3065.00 3059.00 3062.00 31026.00
20170509  22:27:00 3062.00 3064.00 3061.00 3064.00 14498.00
20170509  22:28:00 3064.00 3066.00 3063.00 3066.00 33362.00
20170509  22:29:00 3065.00 3070.00 3065.00 3068.00 51618.00
20170509  22:30:00 3068.00 3071.00 3066.00 3067.00 36490.00
20170509  22:31:00 3067.00 3068.00 3064.00 3064.00 23256.00
20170509  22:32:00 3064.00 3066.00 3061.00 3061.00 26562.00
20170509  22:33:00 3061.00 3065.00 3061.00 3063.00 19006.00
20170509  22:34:00 3062.00 3064.00 3060.00 3061.00 14514.00
20170509  22:35:00 3061.00 3068.00 3061.00 3065.00 18234.00
20170509  22:36:00 3065.00 3067.00 3065.00 3065.00 15022.00
20170509  22:37:00 3065.00 3070.00 3065.00 3068.00 22050.00
20170509  22:38:00 3068.00 3072.00 3068.00 3069.00 23312.00
20170509  22:39:00 3070.00 3074.00 3069.00 3073.00 34366.00
20170509  22:40:00 3073.00 3074.00 3069.00 3069.00 31940.00
20170509  22:41:00 3069.00 3069.00 3066.00 3067.00 22490.00
20170509  22:42:00 3066.00 3070.00 3066.00 3070.00 15306.00
20170509  22:43:00 3070.00 3070.00 3067.00 3067.00 11076.00
20170509  22:44:00 3068.00 3071.00 3067.00 3071.00 10516.00
20170509  22:45:00 3072.00 3072.00 3067.00 3067.00 12762.00
20170509  22:46:00 3068.00 3070.00 3067.00 3068.00 5658.00
20170509  22:47:00 3068.00 3069.00 3067.00 3069.00 9102.00
20170509  22:48:00 3068.00 3070.00 3068.00 3070.00 9560.00
20170509  22:49:00 3070.00 3071.00 3068.00 3068.00 11642.00
20170509  22:50:00 3068.00 3076.00 3068.00 3073.00 35524.00
20170509  22:51:00 3072.00 3073.00 3069.00 3069.00 13586.00
20170509  22:52:00 3070.00 3074.00 3069.00 3073.00 10302.00
20170509  22:53:00 3073.00 3076.00 3072.00 3074.00 19924.00
20170509  22:54:00 3074.00 3078.00 3074.00 3078.00 30530.00
20170509  22:55:00 3078.00 3079.00 3075.00 3075.00 40030.00
20170509  22:56:00 3075.00 3079.00 3075.00 3078.00 20554.00
20170509  22:57:00 3077.00 3078.00 3074.00 3075.00 21934.00
20170509  22:58:00 3074.00 3075.00 3066.00 3066.00 49398.00
20170509  22:59:00 3065.00 3070.00 3060.00 3070.00 67948.00
20170509  23:00:00 3066.00 3066.00 3066.00 3066.00 118.00
20170510  09:00:00 3053.00 3057.00 3052.00 3057.00 119034.00
20170510  09:01:00 3056.00 3059.00 3054.00 3056.00 34122.00
20170510  09:02:00 3056.00 3059.00 3055.00 3056.00 29430.00
20170510  09:03:00 3055.00 3057.00 3045.00 3045.00 82722.00
20170510  09:04:00 3046.00 3047.00 3042.00 3047.00 53894.00
20170510  09:05:00 3045.00 3050.00 3043.00 3050.00 43732.00
20170510  09:06:00 3050.00 3050.00 3048.00 3049.00 21374.00
20170510  09:07:00 3049.00 3050.00 3045.00 3046.00 20684.00
20170510  09:08:00 3046.00 3048.00 3044.00 3047.00 22022.00
20170510  09:09:00 3048.00 3048.00 3043.00 3043.00 24670.00
20170510  09:10:00 3044.00 3049.00 3043.00 3049.00 18774.00
20170510  09:11:00 3048.00 3049.00 3046.00 3046.00 11910.00
20170510  09:12:00 3046.00 3048.00 3044.00 3048.00 10928.00
20170510  09:13:00 3047.00 3049.00 3046.00 3048.00 8980.00
20170510  09:14:00 3048.00 3049.00 3047.00 3048.00 7808.00
20170510  09:15:00 3048.00 3049.00 3047.00 3049.00 9776.00
20170510  09:16:00 3048.00 3049.00 3046.00 3046.00 9218.00
20170510  09:17:00 3046.00 3048.00 3045.00 3048.00 7754.00
20170510  09:18:00 3047.00 3048.00 3046.00 3047.00 5962.00
20170510  09:19:00 3047.00 3048.00 3045.00 3045.00 9546.00
20170510  09:20:00 3046.00 3046.00 3042.00 3043.00 25434.00
20170510  09:21:00 3043.00 3045.00 3042.00 3044.00 15368.00
20170510  09:22:00 3044.00 3044.00 3040.00 3040.00 18190.00
20170510  09:23:00 3040.00 3048.00 3040.00 3048.00 33982.00
20170510  09:24:00 3048.00 3051.00 3046.00 3049.00 23766.00
20170510  09:25:00 3049.00 3051.00 3048.00 3048.00 11216.00
20170510  09:26:00 3049.00 3051.00 3048.00 3050.00 11656.00
20170510  09:27:00 3050.00 3053.00 3049.00 3052.00 13066.00
20170510  09:28:00 3052.00 3053.00 3050.00 3053.00 16346.00
20170510  09:29:00 3053.00 3053.00 3051.00 3051.00 8818.00
20170510  09:30:00 3052.00 3054.00 3051.00 3051.00 9000.00
20170510  09:31:00 3052.00 3052.00 3049.00 3049.00 12130.00
20170510  09:32:00 3050.00 3050.00 3046.00 3047.00 13374.00
20170510  09:33:00 3047.00 3047.00 3044.00 3045.00 11508.00
20170510  09:34:00 3044.00 3047.00 3044.00 3045.00 10314.00
20170510  09:35:00 3047.00 3048.00 3044.00 3048.00 15906.00
20170510  09:36:00 3047.00 3048.00 3046.00 3047.00 6450.00
20170510  09:37:00 3048.00 3048.00 3047.00 3048.00 3254.00
20170510  09:38:00 3048.00 3050.00 3047.00 3050.00 5174.00
20170510  09:39:00 3050.00 3050.00 3048.00 3048.00 4176.00
20170510  09:40:00 3049.00 3049.00 3047.00 3048.00 5500.00
20170510  09:41:00 3048.00 3052.00 3047.00 3050.00 8662.00
20170510  09:42:00 3051.00 3057.00 3050.00 3056.00 34354.00
20170510  09:43:00 3055.00 3060.00 3055.00 3058.00 39938.00
20170510  09:44:00 3058.00 3062.00 3057.00 3059.00 23390.00
20170510  09:45:00 3060.00 3064.00 3059.00 3062.00 31608.00
20170510  09:46:00 3061.00 3062.00 3058.00 3059.00 18392.00
20170510  09:47:00 3059.00 3061.00 3058.00 3059.00 11602.00
20170510  09:48:00 3060.00 3060.00 3059.00 3060.00 7552.00
20170510  09:49:00 3059.00 3060.00 3059.00 3060.00 5278.00
20170510  09:50:00 3060.00 3060.00 3058.00 3059.00 8618.00
20170510  09:51:00 3058.00 3059.00 3056.00 3056.00 9290.00
20170510  09:52:00 3057.00 3057.00 3053.00 3055.00 16342.00
20170510  09:53:00 3054.00 3056.00 3053.00 3054.00 8604.00
20170510  09:54:00 3054.00 3056.00 3054.00 3055.00 6994.00
20170510  09:55:00 3055.00 3055.00 3051.00 3051.00 16106.00
20170510  09:56:00 3051.00 3055.00 3050.00 3054.00 11294.00
20170510  09:57:00 3053.00 3054.00 3048.00 3049.00 21148.00
20170510  09:58:00 3050.00 3050.00 3042.00 3044.00 42908.00
20170510  09:59:00 3045.00 3045.00 3035.00 3037.00 95866.00
20170510  10:00:00 3037.00 3042.00 3037.00 3042.00 47838.00
20170510  10:01:00 3042.00 3042.00 3035.00 3036.00 29082.00
20170510  10:02:00 3036.00 3041.00 3036.00 3040.00 17102.00
20170510  10:03:00 3040.00 3043.00 3039.00 3043.00 18548.00
20170510  10:04:00 3043.00 3044.00 3040.00 3043.00 15642.00
20170510  10:05:00 3043.00 3043.00 3041.00 3042.00 9874.00
20170510  10:06:00 3042.00 3047.00 3042.00 3047.00 19740.00
20170510  10:07:00 3046.00 3049.00 3045.00 3049.00 25404.00
20170510  10:08:00 3049.00 3051.00 3047.00 3048.00 23906.00
20170510  10:09:00 3049.00 3052.00 3048.00 3051.00 23254.00
20170510  10:10:00 3051.00 3051.00 3048.00 3049.00 13744.00
20170510  10:11:00 3049.00 3050.00 3047.00 3048.00 8318.00
20170510  10:12:00 3047.00 3049.00 3046.00 3048.00 9746.00
20170510  10:13:00 3048.00 3049.00 3047.00 3049.00 7728.00
20170510  10:14:00 3048.00 3049.00 3045.00 3047.00 14504.00
20170510  10:30:00 3045.00 3047.00 3041.00 3042.00 18196.00
20170510  10:31:00 3043.00 3044.00 3042.00 3044.00 8170.00
20170510  10:32:00 3043.00 3049.00 3043.00 3049.00 10130.00
20170510  10:33:00 3049.00 3050.00 3049.00 3050.00 11186.00
20170510  10:34:00 3050.00 3050.00 3049.00 3050.00 5572.00
20170510  10:35:00 3049.00 3051.00 3047.00 3047.00 9620.00
20170510  10:36:00 3047.00 3052.00 3047.00 3051.00 14968.00
20170510  10:37:00 3051.00 3053.00 3050.00 3052.00 12494.00
20170510  10:38:00 3051.00 3058.00 3051.00 3055.00 38118.00
20170510  10:39:00 3055.00 3056.00 3053.00 3054.00 13964.00
20170510  10:40:00 3054.00 3056.00 3053.00 3054.00 7388.00
20170510  10:41:00 3054.00 3059.00 3054.00 3058.00 23382.00
20170510  10:42:00 3058.00 3062.00 3058.00 3060.00 40318.00
20170510  10:43:00 3060.00 3060.00 3057.00 3060.00 13938.00
20170510  10:44:00 3060.00 3066.00 3059.00 3063.00 43816.00
20170510  10:45:00 3062.00 3065.00 3061.00 3065.00 24466.00
20170510  10:46:00 3064.00 3068.00 3064.00 3065.00 31998.00
20170510  10:47:00 3064.00 3066.00 3062.00 3062.00 19526.00
20170510  10:48:00 3063.00 3066.00 3062.00 3066.00 11968.00
20170510  10:49:00 3065.00 3068.00 3062.00 3062.00 21258.00
20170510  10:50:00 3062.00 3072.00 3062.00 3070.00 45538.00
20170510  10:51:00 3072.00 3072.00 3066.00 3066.00 21722.00
20170510  10:52:00 3066.00 3069.00 3061.00 3062.00 17466.00
20170510  10:53:00 3062.00 3066.00 3062.00 3065.00 13166.00
20170510  10:54:00 3065.00 3066.00 3062.00 3065.00 12142.00
20170510  10:55:00 3065.00 3066.00 3063.00 3064.00 4534.00
20170510  10:56:00 3064.00 3070.00 3064.00 3066.00 16580.00
20170510  10:57:00 3066.00 3069.00 3066.00 3069.00 13570.00
20170510  10:58:00 3068.00 3073.00 3068.00 3072.00 28512.00
20170510  10:59:00 3071.00 3072.00 3065.00 3065.00 22510.00
20170510  11:00:00 3065.00 3068.00 3063.00 3064.00 16814.00
20170510  11:01:00 3064.00 3067.00 3064.00 3065.00 6282.00
20170510  11:02:00 3065.00 3066.00 3063.00 3064.00 5962.00
20170510  11:03:00 3065.00 3068.00 3064.00 3065.00 11696.00
20170510  11:04:00 3064.00 3066.00 3063.00 3064.00 7360.00
20170510  11:05:00 3065.00 3065.00 3062.00 3063.00 12610.00
20170510  11:06:00 3063.00 3070.00 3063.00 3065.00 14754.00
20170510  11:07:00 3065.00 3070.00 3065.00 3067.00 10246.00
20170510  11:08:00 3068.00 3069.00 3067.00 3068.00 5582.00
20170510  11:09:00 3068.00 3071.00 3067.00 3068.00 17472.00
20170510  11:10:00 3068.00 3072.00 3066.00 3066.00 15630.00
20170510  11:11:00 3066.00 3066.00 3063.00 3065.00 10500.00
20170510  11:12:00 3065.00 3068.00 3064.00 3065.00 5310.00
20170510  11:13:00 3065.00 3070.00 3065.00 3069.00 9306.00
20170510  11:14:00 3069.00 3072.00 3068.00 3070.00 18812.00
20170510  11:15:00 3070.00 3073.00 3067.00 3070.00 22358.00
20170510  11:16:00 3069.00 3073.00 3068.00 3069.00 15174.00
20170510  11:17:00 3069.00 3071.00 3066.00 3069.00 11960.00
20170510  11:18:00 3069.00 3072.00 3069.00 3071.00 9918.00
20170510  11:19:00 3072.00 3073.00 3070.00 3072.00 10678.00
20170510  11:20:00 3072.00 3072.00 3067.00 3069.00 12550.00
20170510  11:21:00 3068.00 3070.00 3064.00 3064.00 15804.00
20170510  11:22:00 3063.00 3067.00 3059.00 3064.00 38788.00
20170510  11:23:00 3064.00 3065.00 3063.00 3063.00 6764.00
20170510  11:24:00 3064.00 3064.00 3057.00 3060.00 32886.00
20170510  11:25:00 3060.00 3071.00 3060.00 3070.00 28534.00
20170510  11:26:00 3070.00 3072.00 3066.00 3068.00 28284.00
20170510  11:27:00 3068.00 3073.00 3066.00 3073.00 19752.00
20170510  11:28:00 3072.00 3073.00 3068.00 3069.00 18020.00
20170510  11:29:00 3069.00 3070.00 3065.00 3067.00 21102.00
20170510  13:30:00 3072.00 3078.00 3071.00 3075.00 72014.00
20170510  13:31:00 3075.00 3075.00 3072.00 3073.00 29130.00
20170510  13:32:00 3073.00 3079.00 3073.00 3079.00 38594.00
20170510  13:33:00 3080.00 3082.00 3076.00 3079.00 50924.00
20170510  13:34:00 3079.00 3080.00 3076.00 3077.00 28690.00
20170510  13:35:00 3077.00 3079.00 3076.00 3077.00 17686.00
20170510  13:36:00 3078.00 3079.00 3075.00 3077.00 18810.00
20170510  13:37:00 3077.00 3078.00 3074.00 3075.00 17018.00
20170510  13:38:00 3075.00 3075.00 3070.00 3071.00 30070.00
20170510  13:39:00 3071.00 3073.00 3071.00 3071.00 16562.00
20170510  13:40:00 3072.00 3073.00 3070.00 3072.00 14580.00
20170510  13:41:00 3072.00 3072.00 3068.00 3070.00 22250.00
20170510  13:42:00 3069.00 3072.00 3068.00 3069.00 17728.00
20170510  13:43:00 3069.00 3072.00 3069.00 3072.00 8542.00
20170510  13:44:00 3072.00 3072.00 3067.00 3069.00 17416.00
20170510  13:45:00 3068.00 3070.00 3066.00 3067.00 21340.00
20170510  13:46:00 3066.00 3069.00 3066.00 3068.00 14664.00
20170510  13:47:00 3069.00 3070.00 3067.00 3068.00 9318.00
20170510  13:48:00 3069.00 3069.00 3067.00 3068.00 4114.00
20170510  13:49:00 3069.00 3071.00 3068.00 3071.00 9998.00
20170510  13:50:00 3071.00 3073.00 3069.00 3073.00 17104.00
20170510  13:51:00 3074.00 3075.00 3071.00 3073.00 16704.00
20170510  13:52:00 3072.00 3074.00 3071.00 3071.00 9214.00
20170510  13:53:00 3071.00 3072.00 3070.00 3070.00 9710.00
20170510  13:54:00 3070.00 3075.00 3070.00 3074.00 15100.00
20170510  13:55:00 3074.00 3075.00 3071.00 3072.00 12738.00
20170510  13:56:00 3071.00 3072.00 3068.00 3068.00 14576.00
20170510  13:57:00 3069.00 3070.00 3065.00 3066.00 37454.00
20170510  13:58:00 3066.00 3067.00 3062.00 3062.00 32706.00
20170510  13:59:00 3063.00 3066.00 3063.00 3064.00 23762.00
20170510  14:00:00 3065.00 3067.00 3064.00 3066.00 18380.00
20170510  14:01:00 3066.00 3067.00 3065.00 3065.00 6098.00
20170510  14:02:00 3066.00 3066.00 3061.00 3062.00 24202.00
20170510  14:03:00 3062.00 3062.00 3054.00 3055.00 74548.00
20170510  14:04:00 3056.00 3056.00 3052.00 3055.00 45032.00
20170510  14:05:00 3055.00 3058.00 3054.00 3056.00 24810.00
20170510  14:06:00 3055.00 3059.00 3055.00 3059.00 20096.00
20170510  14:07:00 3059.00 3059.00 3057.00 3058.00 10682.00
20170510  14:08:00 3058.00 3064.00 3057.00 3062.00 24336.00
20170510  14:09:00 3062.00 3066.00 3061.00 3063.00 20938.00
20170510  14:10:00 3063.00 3063.00 3060.00 3060.00 12722.00
20170510  14:11:00 3061.00 3063.00 3060.00 3063.00 7136.00
20170510  14:12:00 3063.00 3064.00 3062.00 3063.00 7016.00
20170510  14:13:00 3063.00 3064.00 3061.00 3064.00 8942.00
20170510  14:14:00 3064.00 3064.00 3061.00 3062.00 10518.00
20170510  14:15:00 3062.00 3062.00 3058.00 3059.00 16008.00
20170510  14:16:00 3058.00 3065.00 3057.00 3064.00 27818.00
20170510  14:17:00 3064.00 3071.00 3063.00 3070.00 39128.00
20170510  14:18:00 3070.00 3070.00 3067.00 3068.00 13102.00
20170510  14:19:00 3069.00 3069.00 3065.00 3068.00 14664.00
20170510  14:20:00 3068.00 3070.00 3067.00 3069.00 11232.00
20170510  14:21:00 3069.00 3069.00 3066.00 3066.00 4630.00
20170510  14:22:00 3066.00 3068.00 3066.00 3068.00 4838.00
20170510  14:23:00 3068.00 3071.00 3068.00 3070.00 19656.00
20170510  14:24:00 3070.00 3073.00 3070.00 3071.00 18214.00
20170510  14:25:00 3070.00 3076.00 3070.00 3074.00 27830.00
20170510  14:26:00 3074.00 3076.00 3073.00 3076.00 14390.00
20170510  14:27:00 3076.00 3078.00 3074.00 3074.00 26238.00
20170510  14:28:00 3074.00 3077.00 3074.00 3075.00 11102.00
20170510  14:29:00 3075.00 3076.00 3074.00 3075.00 14382.00
20170510  14:30:00 3075.00 3079.00 3074.00 3078.00 27272.00
20170510  14:31:00 3077.00 3078.00 3072.00 3072.00 16056.00
20170510  14:32:00 3072.00 3074.00 3072.00 3073.00 12484.00
20170510  14:33:00 3072.00 3075.00 3071.00 3075.00 14390.00
20170510  14:34:00 3074.00 3074.00 3071.00 3073.00 11392.00
20170510  14:35:00 3073.00 3074.00 3072.00 3072.00 4802.00
20170510  14:36:00 3072.00 3078.00 3072.00 3077.00 15204.00
20170510  14:37:00 3078.00 3080.00 3077.00 3079.00 31938.00
20170510  14:38:00 3080.00 3081.00 3075.00 3076.00 25736.00
20170510  14:39:00 3076.00 3084.00 3076.00 3080.00 43120.00
20170510  14:40:00 3079.00 3080.00 3076.00 3077.00 20714.00
20170510  14:41:00 3077.00 3078.00 3068.00 3070.00 38664.00
20170510  14:42:00 3070.00 3071.00 3061.00 3063.00 51774.00
20170510  14:43:00 3064.00 3069.00 3063.00 3069.00 23848.00
20170510  14:44:00 3069.00 3071.00 3068.00 3070.00 14404.00
20170510  14:45:00 3070.00 3076.00 3068.00 3076.00 22782.00
20170510  14:46:00 3077.00 3081.00 3070.00 3071.00 46800.00
20170510  14:47:00 3071.00 3074.00 3068.00 3068.00 19228.00
20170510  14:48:00 3068.00 3073.00 3068.00 3072.00 12392.00
20170510  14:49:00 3073.00 3073.00 3068.00 3071.00 13012.00
20170510  14:50:00 3071.00 3075.00 3071.00 3072.00 12166.00
20170510  14:51:00 3073.00 3073.00 3068.00 3069.00 11056.00
20170510  14:52:00 3069.00 3073.00 3068.00 3072.00 9756.00
20170510  14:53:00 3071.00 3077.00 3071.00 3075.00 13224.00
20170510  14:54:00 3075.00 3077.00 3074.00 3075.00 18108.00
20170510  14:55:00 3075.00 3077.00 3072.00 3076.00 21618.00
20170510  14:56:00 3075.00 3079.00 3074.00 3078.00 21510.00
20170510  14:57:00 3079.00 3080.00 3076.00 3077.00 29548.00
20170510  14:58:00 3078.00 3081.00 3074.00 3075.00 43906.00
20170510  14:59:00 3075.00 3081.00 3074.00 3078.00 56146.00
20170510  15:00:00 3077.00 3077.00 3077.00 3077.00 388.00
