20170410  21:00:00 2985.00 2985.00 2966.00 2976.00 105634.00
20170410  21:01:00 2976.00 2981.00 2973.00 2978.00 41128.00
20170410  21:02:00 2977.00 2978.00 2973.00 2973.00 29440.00
20170410  21:03:00 2974.00 2982.00 2972.00 2979.00 27902.00
20170410  21:04:00 2980.00 2982.00 2976.00 2982.00 23628.00
20170410  21:05:00 2982.00 2984.00 2977.00 2977.00 22294.00
20170410  21:06:00 2977.00 2980.00 2974.00 2980.00 24944.00
20170410  21:07:00 2979.00 2981.00 2977.00 2977.00 15706.00
20170410  21:08:00 2976.00 2981.00 2976.00 2978.00 14596.00
20170410  21:09:00 2978.00 2981.00 2976.00 2976.00 11116.00
20170410  21:10:00 2976.00 2982.00 2975.00 2980.00 23680.00
20170410  21:11:00 2981.00 2981.00 2977.00 2979.00 9310.00
20170410  21:12:00 2979.00 2982.00 2979.00 2980.00 10014.00
20170410  21:13:00 2980.00 2981.00 2978.00 2980.00 7890.00
20170410  21:14:00 2980.00 2981.00 2977.00 2978.00 11716.00
20170410  21:15:00 2978.00 2983.00 2977.00 2980.00 19208.00
20170410  21:16:00 2980.00 2981.00 2974.00 2976.00 27188.00
20170410  21:17:00 2975.00 2977.00 2973.00 2973.00 23048.00
20170410  21:18:00 2972.00 2977.00 2972.00 2976.00 19572.00
20170410  21:19:00 2976.00 2977.00 2972.00 2974.00 13568.00
20170410  21:20:00 2974.00 2975.00 2971.00 2973.00 15158.00
20170410  21:21:00 2973.00 2975.00 2969.00 2970.00 20910.00
20170410  21:22:00 2970.00 2972.00 2969.00 2971.00 17444.00
20170410  21:23:00 2971.00 2971.00 2962.00 2967.00 40598.00
20170410  21:24:00 2966.00 2971.00 2966.00 2971.00 17270.00
20170410  21:25:00 2970.00 2975.00 2970.00 2973.00 20408.00
20170410  21:26:00 2973.00 2975.00 2972.00 2975.00 12858.00
20170410  21:27:00 2975.00 2975.00 2971.00 2974.00 11026.00
20170410  21:28:00 2974.00 2976.00 2972.00 2973.00 13712.00
20170410  21:29:00 2973.00 2975.00 2971.00 2975.00 7086.00
20170410  21:30:00 2975.00 2975.00 2970.00 2972.00 10660.00
20170410  21:31:00 2973.00 2974.00 2971.00 2973.00 5530.00
20170410  21:32:00 2974.00 2974.00 2970.00 2971.00 8050.00
20170410  21:33:00 2971.00 2973.00 2968.00 2973.00 13574.00
20170410  21:34:00 2973.00 2973.00 2970.00 2972.00 7940.00
20170410  21:35:00 2972.00 2973.00 2969.00 2970.00 9196.00
20170410  21:36:00 2970.00 2971.00 2967.00 2968.00 9878.00
20170410  21:37:00 2968.00 2972.00 2968.00 2970.00 5908.00
20170410  21:38:00 2971.00 2971.00 2966.00 2966.00 9762.00
20170410  21:39:00 2965.00 2967.00 2963.00 2967.00 16520.00
20170410  21:40:00 2967.00 2969.00 2964.00 2968.00 11542.00
20170410  21:41:00 2968.00 2975.00 2968.00 2974.00 19460.00
20170410  21:42:00 2975.00 2976.00 2973.00 2974.00 18838.00
20170410  21:43:00 2974.00 2975.00 2972.00 2974.00 11180.00
20170410  21:44:00 2974.00 2978.00 2973.00 2978.00 12976.00
20170410  21:45:00 2978.00 2980.00 2977.00 2978.00 27252.00
20170410  21:46:00 2978.00 2980.00 2978.00 2978.00 10364.00
20170410  21:47:00 2979.00 2979.00 2975.00 2976.00 12202.00
20170410  21:48:00 2976.00 2978.00 2976.00 2978.00 7114.00
20170410  21:49:00 2977.00 2978.00 2975.00 2976.00 6930.00
20170410  21:50:00 2976.00 2976.00 2974.00 2974.00 6540.00
20170410  21:51:00 2974.00 2975.00 2973.00 2974.00 5500.00
20170410  21:52:00 2974.00 2976.00 2974.00 2976.00 3336.00
20170410  21:53:00 2976.00 2977.00 2975.00 2977.00 4044.00
20170410  21:54:00 2977.00 2980.00 2976.00 2979.00 15048.00
20170410  21:55:00 2979.00 2988.00 2978.00 2985.00 35786.00
20170410  21:56:00 2985.00 3019.00 2985.00 3013.00 132780.00
20170410  21:57:00 3014.00 3028.00 3010.00 3021.00 99240.00
20170410  21:58:00 3022.00 3022.00 3017.00 3020.00 41428.00
20170410  21:59:00 3020.00 3024.00 3015.00 3024.00 36774.00
20170410  22:00:00 3024.00 3024.00 3013.00 3014.00 47106.00
20170410  22:01:00 3015.00 3017.00 3014.00 3015.00 20384.00
20170410  22:02:00 3015.00 3016.00 3010.00 3012.00 25936.00
20170410  22:03:00 3012.00 3013.00 3008.00 3009.00 25242.00
20170410  22:04:00 3009.00 3012.00 3008.00 3012.00 13472.00
20170410  22:05:00 3012.00 3013.00 3010.00 3010.00 12018.00
20170410  22:06:00 3010.00 3013.00 3009.00 3012.00 7492.00
20170410  22:07:00 3012.00 3015.00 3012.00 3014.00 13278.00
20170410  22:08:00 3014.00 3015.00 3012.00 3014.00 11246.00
20170410  22:09:00 3013.00 3018.00 3013.00 3018.00 16856.00
20170410  22:10:00 3018.00 3018.00 3014.00 3016.00 16154.00
20170410  22:11:00 3017.00 3017.00 3014.00 3015.00 8670.00
20170410  22:12:00 3016.00 3019.00 3015.00 3018.00 8546.00
20170410  22:13:00 3017.00 3018.00 3014.00 3014.00 8834.00
20170410  22:14:00 3015.00 3017.00 3014.00 3016.00 7394.00
20170410  22:15:00 3016.00 3020.00 3016.00 3018.00 18038.00
20170410  22:16:00 3018.00 3018.00 3015.00 3016.00 9304.00
20170410  22:17:00 3016.00 3017.00 3013.00 3015.00 10178.00
20170410  22:18:00 3015.00 3018.00 3015.00 3015.00 6230.00
20170410  22:19:00 3015.00 3016.00 3014.00 3016.00 5734.00
20170410  22:20:00 3016.00 3016.00 3014.00 3014.00 6652.00
20170410  22:21:00 3014.00 3016.00 3013.00 3014.00 8764.00
20170410  22:22:00 3014.00 3014.00 3009.00 3011.00 20226.00
20170410  22:23:00 3010.00 3013.00 3009.00 3012.00 10372.00
20170410  22:24:00 3012.00 3013.00 3008.00 3009.00 12102.00
20170410  22:25:00 3009.00 3011.00 3009.00 3010.00 5468.00
20170410  22:26:00 3011.00 3011.00 3008.00 3009.00 5490.00
20170410  22:27:00 3009.00 3010.00 3008.00 3009.00 5118.00
20170410  22:28:00 3009.00 3010.00 3008.00 3009.00 4894.00
20170410  22:29:00 3008.00 3008.00 3004.00 3007.00 23752.00
20170410  22:30:00 3007.00 3012.00 3006.00 3010.00 11414.00
20170410  22:31:00 3010.00 3013.00 3010.00 3013.00 10162.00
20170410  22:32:00 3013.00 3014.00 3009.00 3009.00 7686.00
20170410  22:33:00 3010.00 3011.00 3009.00 3011.00 2702.00
20170410  22:34:00 3011.00 3011.00 3007.00 3009.00 6340.00
20170410  22:35:00 3009.00 3016.00 3008.00 3016.00 14988.00
20170410  22:36:00 3016.00 3018.00 3013.00 3018.00 14530.00
20170410  22:37:00 3018.00 3018.00 3014.00 3014.00 8586.00
20170410  22:38:00 3014.00 3015.00 3012.00 3013.00 4850.00
20170410  22:39:00 3013.00 3017.00 3012.00 3015.00 6352.00
20170410  22:40:00 3015.00 3016.00 3014.00 3015.00 3694.00
20170410  22:41:00 3015.00 3015.00 3013.00 3014.00 3088.00
20170410  22:42:00 3014.00 3014.00 3012.00 3013.00 2446.00
20170410  22:43:00 3012.00 3014.00 3012.00 3013.00 4186.00
20170410  22:44:00 3013.00 3018.00 3013.00 3017.00 7532.00
20170410  22:45:00 3018.00 3018.00 3008.00 3012.00 17650.00
20170410  22:46:00 3013.00 3015.00 3011.00 3012.00 8194.00
20170410  22:47:00 3012.00 3015.00 3011.00 3013.00 3974.00
20170410  22:48:00 3013.00 3014.00 3012.00 3014.00 2064.00
20170410  22:49:00 3014.00 3017.00 3013.00 3017.00 6050.00
20170410  22:50:00 3016.00 3017.00 3012.00 3012.00 9772.00
20170410  22:51:00 3013.00 3015.00 3012.00 3013.00 3236.00
20170410  22:52:00 3013.00 3015.00 3011.00 3015.00 3886.00
20170410  22:53:00 3015.00 3015.00 3013.00 3014.00 1682.00
20170410  22:54:00 3014.00 3017.00 3014.00 3017.00 10368.00
20170410  22:55:00 3016.00 3025.00 3015.00 3015.00 34590.00
20170410  22:56:00 3015.00 3015.00 3008.00 3010.00 29246.00
20170410  22:57:00 3011.00 3012.00 3005.00 3009.00 20368.00
20170410  22:58:00 3010.00 3014.00 3009.00 3009.00 9598.00
20170410  22:59:00 3009.00 3013.00 3009.00 3011.00 20468.00
20170410  23:00:00 3011.00 3011.00 3011.00 3011.00 262.00
20170411  09:00:00 3008.00 3011.00 3002.00 3003.00 31988.00
20170411  09:01:00 3003.00 3007.00 3001.00 3007.00 24634.00
20170411  09:02:00 3007.00 3013.00 3006.00 3010.00 13652.00
20170411  09:03:00 3009.00 3012.00 3009.00 3010.00 6110.00
20170411  09:04:00 3010.00 3010.00 3005.00 3009.00 8592.00
20170411  09:05:00 3008.00 3009.00 3006.00 3009.00 7112.00
20170411  09:06:00 3008.00 3009.00 2998.00 2998.00 31568.00
20170411  09:07:00 2998.00 2999.00 2993.00 2994.00 29212.00
20170411  09:08:00 2994.00 2999.00 2993.00 2998.00 17810.00
20170411  09:09:00 2998.00 2998.00 2992.00 2994.00 18706.00
20170411  09:10:00 2994.00 2995.00 2990.00 2993.00 24740.00
20170411  09:11:00 2992.00 2993.00 2989.00 2989.00 21240.00
20170411  09:12:00 2989.00 2993.00 2989.00 2991.00 14208.00
20170411  09:13:00 2992.00 2992.00 2984.00 2986.00 38276.00
20170411  09:14:00 2986.00 2988.00 2983.00 2984.00 16582.00
20170411  09:15:00 2984.00 2989.00 2983.00 2987.00 19258.00
20170411  09:16:00 2987.00 2993.00 2986.00 2992.00 16444.00
20170411  09:17:00 2991.00 2992.00 2989.00 2989.00 9290.00
20170411  09:18:00 2988.00 2991.00 2987.00 2990.00 6946.00
20170411  09:19:00 2990.00 2990.00 2985.00 2988.00 8752.00
20170411  09:20:00 2988.00 2988.00 2985.00 2986.00 5138.00
20170411  09:21:00 2987.00 2991.00 2986.00 2991.00 7880.00
20170411  09:22:00 2991.00 2991.00 2989.00 2989.00 3850.00
20170411  09:23:00 2990.00 2993.00 2989.00 2989.00 14736.00
20170411  09:24:00 2990.00 2993.00 2989.00 2993.00 7574.00
20170411  09:25:00 2993.00 2996.00 2992.00 2996.00 13584.00
20170411  09:26:00 2995.00 2996.00 2991.00 2992.00 8720.00
20170411  09:27:00 2993.00 2995.00 2991.00 2995.00 6248.00
20170411  09:28:00 2996.00 3006.00 2996.00 3005.00 38646.00
20170411  09:29:00 3004.00 3011.00 3004.00 3010.00 28248.00
20170411  09:30:00 3010.00 3010.00 3002.00 3003.00 18524.00
20170411  09:31:00 3003.00 3003.00 2999.00 3001.00 10256.00
20170411  09:32:00 3001.00 3003.00 2999.00 2999.00 4746.00
20170411  09:33:00 2999.00 3002.00 2998.00 3000.00 10490.00
20170411  09:34:00 3000.00 3004.00 2999.00 3001.00 9342.00
20170411  09:35:00 3002.00 3002.00 2998.00 2999.00 5122.00
20170411  09:36:00 2999.00 3002.00 2999.00 3001.00 3206.00
20170411  09:37:00 3001.00 3001.00 2997.00 3000.00 7302.00
20170411  09:38:00 3000.00 3002.00 2999.00 3000.00 3558.00
20170411  09:39:00 2999.00 3001.00 2997.00 2997.00 4940.00
20170411  09:40:00 2998.00 2999.00 2995.00 2995.00 8514.00
20170411  09:41:00 2996.00 2998.00 2995.00 2998.00 4498.00
20170411  09:42:00 2998.00 2999.00 2997.00 2998.00 2322.00
20170411  09:43:00 2998.00 3001.00 2998.00 3000.00 6894.00
20170411  09:44:00 3000.00 3000.00 2991.00 2993.00 16148.00
20170411  09:45:00 2992.00 2993.00 2990.00 2992.00 18694.00
20170411  09:46:00 2992.00 2995.00 2991.00 2992.00 6822.00
20170411  09:47:00 2992.00 2993.00 2990.00 2993.00 7928.00
20170411  09:48:00 2993.00 2994.00 2991.00 2991.00 3062.00
20170411  09:49:00 2991.00 2994.00 2990.00 2993.00 4412.00
20170411  09:50:00 2994.00 2994.00 2993.00 2993.00 2172.00
20170411  09:51:00 2994.00 2998.00 2993.00 2997.00 7312.00
20170411  09:52:00 2997.00 3003.00 2996.00 3001.00 15666.00
20170411  09:53:00 3002.00 3004.00 2999.00 3000.00 8592.00
20170411  09:54:00 3000.00 3003.00 3000.00 3001.00 6612.00
20170411  09:55:00 3001.00 3003.00 3000.00 3000.00 4924.00
20170411  09:56:00 3001.00 3005.00 2999.00 3005.00 12872.00
20170411  09:57:00 3005.00 3006.00 3001.00 3003.00 11254.00
20170411  09:58:00 3003.00 3003.00 2998.00 2999.00 9426.00
20170411  09:59:00 2999.00 3000.00 2996.00 2997.00 11286.00
20170411  10:00:00 2997.00 2998.00 2992.00 2994.00 12286.00
20170411  10:01:00 2995.00 2995.00 2990.00 2991.00 10940.00
20170411  10:02:00 2991.00 2995.00 2991.00 2995.00 8672.00
20170411  10:03:00 2994.00 2999.00 2992.00 2998.00 11700.00
20170411  10:04:00 2998.00 3003.00 2997.00 3001.00 13366.00
20170411  10:05:00 3001.00 3002.00 2998.00 2999.00 4646.00
20170411  10:06:00 3000.00 3003.00 2999.00 3002.00 9824.00
20170411  10:07:00 3001.00 3005.00 3001.00 3005.00 12630.00
20170411  10:08:00 3004.00 3005.00 3003.00 3004.00 7734.00
20170411  10:09:00 3005.00 3005.00 3001.00 3005.00 7120.00
20170411  10:10:00 3004.00 3004.00 3001.00 3001.00 5424.00
20170411  10:11:00 3001.00 3004.00 3001.00 3003.00 6008.00
20170411  10:12:00 3003.00 3005.00 3002.00 3004.00 4620.00
20170411  10:13:00 3004.00 3009.00 3004.00 3006.00 17416.00
20170411  10:14:00 3005.00 3006.00 3001.00 3001.00 7834.00
20170411  10:30:00 3002.00 3004.00 3000.00 3001.00 5600.00
20170411  10:31:00 3000.00 3002.00 2999.00 2999.00 3828.00
20170411  10:32:00 2999.00 3000.00 2997.00 2998.00 6328.00
20170411  10:33:00 2997.00 2999.00 2997.00 2999.00 3150.00
20170411  10:34:00 2999.00 2999.00 2996.00 2998.00 5156.00
20170411  10:35:00 2997.00 2997.00 2994.00 2996.00 10110.00
20170411  10:36:00 2996.00 3000.00 2995.00 3000.00 7280.00
20170411  10:37:00 3000.00 3002.00 2999.00 3000.00 4978.00
20170411  10:38:00 3000.00 3002.00 3000.00 3001.00 2056.00
20170411  10:39:00 3001.00 3002.00 2996.00 3000.00 5760.00
20170411  10:40:00 3000.00 3001.00 2998.00 3000.00 2852.00
20170411  10:41:00 3001.00 3004.00 3000.00 3002.00 6364.00
20170411  10:42:00 3002.00 3005.00 3002.00 3003.00 5236.00
20170411  10:43:00 3003.00 3004.00 3001.00 3002.00 3958.00
20170411  10:44:00 3002.00 3003.00 3000.00 3001.00 1770.00
20170411  10:45:00 3001.00 3002.00 2999.00 2999.00 3354.00
20170411  10:46:00 2999.00 3000.00 2997.00 2997.00 5718.00
20170411  10:47:00 2997.00 2999.00 2997.00 2997.00 3852.00
20170411  10:48:00 2998.00 2998.00 2994.00 2997.00 10242.00
20170411  10:49:00 2997.00 2998.00 2996.00 2998.00 3336.00
20170411  10:50:00 2997.00 2998.00 2995.00 2995.00 5280.00
20170411  10:51:00 2995.00 2997.00 2994.00 2996.00 5780.00
20170411  10:52:00 2997.00 2999.00 2996.00 2998.00 3790.00
20170411  10:53:00 2998.00 2998.00 2994.00 2995.00 6612.00
20170411  10:54:00 2994.00 2996.00 2992.00 2995.00 11210.00
20170411  10:55:00 2995.00 2997.00 2994.00 2995.00 4484.00
20170411  10:56:00 2996.00 2996.00 2993.00 2994.00 4022.00
20170411  10:57:00 2994.00 2995.00 2993.00 2993.00 5450.00
20170411  10:58:00 2993.00 2997.00 2992.00 2996.00 7104.00
20170411  10:59:00 2995.00 2996.00 2993.00 2993.00 4562.00
20170411  11:00:00 2993.00 2994.00 2991.00 2994.00 9828.00
20170411  11:01:00 2994.00 2996.00 2994.00 2995.00 5572.00
20170411  11:02:00 2994.00 2995.00 2993.00 2995.00 4904.00
20170411  11:03:00 2995.00 2995.00 2991.00 2992.00 6348.00
20170411  11:04:00 2992.00 2993.00 2990.00 2992.00 10388.00
20170411  11:05:00 2993.00 2999.00 2992.00 2999.00 10730.00
20170411  11:06:00 2999.00 2999.00 2996.00 2997.00 6226.00
20170411  11:07:00 2996.00 2997.00 2994.00 2997.00 7550.00
20170411  11:08:00 2997.00 2998.00 2995.00 2995.00 3546.00
20170411  11:09:00 2996.00 2999.00 2994.00 2998.00 7874.00
20170411  11:10:00 2997.00 3009.00 2997.00 3007.00 37272.00
20170411  11:11:00 3007.00 3010.00 3005.00 3010.00 27796.00
20170411  11:12:00 3010.00 3010.00 3005.00 3006.00 16866.00
20170411  11:13:00 3006.00 3006.00 3002.00 3003.00 15720.00
20170411  11:14:00 3003.00 3004.00 2990.00 2992.00 45124.00
20170411  11:15:00 2992.00 2992.00 2983.00 2987.00 58392.00
20170411  11:16:00 2988.00 2993.00 2988.00 2993.00 24220.00
20170411  11:17:00 2992.00 2995.00 2990.00 2995.00 19582.00
20170411  11:18:00 2996.00 3027.00 2996.00 3018.00 124742.00
20170411  11:19:00 3017.00 3021.00 3014.00 3016.00 35214.00
20170411  11:20:00 3016.00 3018.00 3011.00 3014.00 23920.00
20170411  11:21:00 3012.00 3014.00 3009.00 3012.00 18958.00
20170411  11:22:00 3013.00 3018.00 3009.00 3015.00 20414.00
20170411  11:23:00 3014.00 3015.00 3008.00 3011.00 14092.00
20170411  11:24:00 3011.00 3014.00 3011.00 3013.00 7134.00
20170411  11:25:00 3013.00 3016.00 3011.00 3015.00 10566.00
20170411  11:26:00 3015.00 3016.00 3012.00 3016.00 12286.00
20170411  11:27:00 3016.00 3016.00 3012.00 3015.00 8242.00
20170411  11:28:00 3015.00 3016.00 3012.00 3013.00 8150.00
20170411  11:29:00 3013.00 3014.00 3009.00 3010.00 17026.00
20170411  13:30:00 3008.00 3014.00 3008.00 3011.00 20892.00
20170411  13:31:00 3011.00 3012.00 3009.00 3010.00 7632.00
20170411  13:32:00 3010.00 3011.00 3008.00 3010.00 7670.00
20170411  13:33:00 3011.00 3011.00 3006.00 3008.00 10134.00
20170411  13:34:00 3008.00 3009.00 3006.00 3008.00 8420.00
20170411  13:35:00 3009.00 3009.00 3004.00 3005.00 13344.00
20170411  13:36:00 3006.00 3007.00 3005.00 3006.00 6836.00
20170411  13:37:00 3005.00 3006.00 3003.00 3003.00 10138.00
20170411  13:38:00 3003.00 3003.00 2999.00 3001.00 23088.00
20170411  13:39:00 3001.00 3004.00 2999.00 3002.00 12032.00
20170411  13:40:00 3002.00 3004.00 3002.00 3003.00 6460.00
20170411  13:41:00 3003.00 3004.00 2999.00 3001.00 10398.00
20170411  13:42:00 3001.00 3005.00 3000.00 3005.00 4872.00
20170411  13:43:00 3004.00 3006.00 3001.00 3003.00 10824.00
20170411  13:44:00 3002.00 3003.00 2998.00 2999.00 16654.00
20170411  13:45:00 2999.00 3003.00 2999.00 3002.00 9072.00
20170411  13:46:00 3002.00 3002.00 2998.00 3002.00 7728.00
20170411  13:47:00 3003.00 3003.00 3000.00 3002.00 3040.00
20170411  13:48:00 3001.00 3002.00 2999.00 3001.00 3626.00
20170411  13:49:00 3001.00 3001.00 2999.00 3001.00 4498.00
20170411  13:50:00 3000.00 3000.00 2996.00 2996.00 12484.00
20170411  13:51:00 2996.00 2999.00 2996.00 2998.00 8812.00
20170411  13:52:00 2998.00 3003.00 2997.00 3003.00 9578.00
20170411  13:53:00 3003.00 3003.00 3000.00 3002.00 4236.00
20170411  13:54:00 3002.00 3002.00 2999.00 3002.00 2962.00
20170411  13:55:00 3002.00 3005.00 3001.00 3004.00 7572.00
20170411  13:56:00 3004.00 3005.00 3002.00 3003.00 4176.00
20170411  13:57:00 3003.00 3006.00 3001.00 3005.00 6920.00
20170411  13:58:00 3005.00 3006.00 3002.00 3002.00 4434.00
20170411  13:59:00 3003.00 3003.00 3001.00 3003.00 2296.00
20170411  14:00:00 3003.00 3006.00 3002.00 3004.00 6472.00
20170411  14:01:00 3004.00 3007.00 3003.00 3006.00 5870.00
20170411  14:02:00 3006.00 3007.00 3005.00 3006.00 6414.00
20170411  14:03:00 3007.00 3007.00 3004.00 3004.00 3070.00
20170411  14:04:00 3004.00 3006.00 3004.00 3005.00 3484.00
20170411  14:05:00 3006.00 3006.00 3002.00 3005.00 5330.00
20170411  14:06:00 3005.00 3005.00 3002.00 3003.00 5818.00
20170411  14:07:00 3004.00 3004.00 3000.00 3001.00 9220.00
20170411  14:08:00 3002.00 3002.00 2998.00 3000.00 8514.00
20170411  14:09:00 3000.00 3001.00 2999.00 3000.00 5344.00
20170411  14:10:00 3000.00 3001.00 2998.00 2999.00 5032.00
20170411  14:11:00 2999.00 3002.00 2999.00 3001.00 4210.00
20170411  14:12:00 3001.00 3002.00 2999.00 3002.00 4850.00
20170411  14:13:00 3003.00 3005.00 3002.00 3004.00 9698.00
20170411  14:14:00 3004.00 3004.00 3002.00 3003.00 4566.00
20170411  14:15:00 3002.00 3003.00 2998.00 2999.00 10334.00
20170411  14:16:00 2998.00 3001.00 2996.00 2999.00 16658.00
20170411  14:17:00 3000.00 3004.00 2998.00 3003.00 13560.00
20170411  14:18:00 3002.00 3007.00 3002.00 3005.00 15468.00
20170411  14:19:00 3005.00 3006.00 3003.00 3005.00 7274.00
20170411  14:20:00 3005.00 3007.00 3004.00 3007.00 4628.00
20170411  14:21:00 3006.00 3007.00 3004.00 3004.00 3216.00
20170411  14:22:00 3004.00 3005.00 3003.00 3003.00 2426.00
20170411  14:23:00 3003.00 3013.00 3003.00 3011.00 26394.00
20170411  14:24:00 3012.00 3012.00 3008.00 3008.00 10414.00
20170411  14:25:00 3008.00 3012.00 3008.00 3009.00 6476.00
20170411  14:26:00 3008.00 3010.00 3002.00 3002.00 12268.00
20170411  14:27:00 3003.00 3007.00 3002.00 3005.00 8100.00
20170411  14:28:00 3004.00 3008.00 3004.00 3007.00 6516.00
20170411  14:29:00 3007.00 3007.00 3004.00 3006.00 4184.00
20170411  14:30:00 3005.00 3009.00 3005.00 3009.00 6272.00
20170411  14:31:00 3008.00 3009.00 3006.00 3007.00 3330.00
20170411  14:32:00 3007.00 3008.00 3001.00 3003.00 13128.00
20170411  14:33:00 3003.00 3008.00 3003.00 3007.00 3422.00
20170411  14:34:00 3008.00 3008.00 3005.00 3007.00 4302.00
20170411  14:35:00 3007.00 3007.00 3004.00 3005.00 5260.00
20170411  14:36:00 3005.00 3005.00 3003.00 3005.00 5030.00
20170411  14:37:00 3005.00 3005.00 3001.00 3001.00 8928.00
20170411  14:38:00 3002.00 3005.00 3001.00 3004.00 7500.00
20170411  14:39:00 3004.00 3005.00 3001.00 3002.00 4622.00
20170411  14:40:00 3001.00 3004.00 3001.00 3003.00 5326.00
20170411  14:41:00 3003.00 3004.00 3001.00 3002.00 5588.00
20170411  14:42:00 3002.00 3006.00 3001.00 3006.00 5400.00
20170411  14:43:00 3005.00 3007.00 3004.00 3005.00 4732.00
20170411  14:44:00 3005.00 3005.00 3002.00 3003.00 3764.00
20170411  14:45:00 3002.00 3007.00 3002.00 3006.00 10308.00
20170411  14:46:00 3006.00 3009.00 3005.00 3007.00 7884.00
20170411  14:47:00 3007.00 3007.00 3005.00 3007.00 3348.00
20170411  14:48:00 3006.00 3008.00 3004.00 3005.00 6524.00
20170411  14:49:00 3005.00 3006.00 3004.00 3005.00 3810.00
20170411  14:50:00 3005.00 3006.00 3003.00 3005.00 9530.00
20170411  14:51:00 3005.00 3014.00 3005.00 3011.00 25324.00
20170411  14:52:00 3011.00 3014.00 3010.00 3013.00 19018.00
20170411  14:53:00 3014.00 3014.00 3009.00 3011.00 10372.00
20170411  14:54:00 3011.00 3012.00 3006.00 3007.00 14208.00
20170411  14:55:00 3007.00 3009.00 3006.00 3008.00 7894.00
20170411  14:56:00 3007.00 3009.00 3002.00 3003.00 19200.00
20170411  14:57:00 3003.00 3004.00 2999.00 3000.00 37188.00
20170411  14:58:00 3000.00 3001.00 2993.00 2994.00 35868.00
20170411  14:59:00 2993.00 2997.00 2980.00 2981.00 77612.00
20170411  15:00:00 2982.00 2982.00 2982.00 2982.00 960.00
